235.86 -4.0 -4.0 0.0 -3.0 -2.0 -1.0 -1.0 -3.0 -4.0 -3.0 0.0 -2.0 -3.0 -3.0 -4.0 -2.0 -4.0 -2.0 -2.0 -3.0 -3.0 -2.0 -2.0 0.0 0.0 -2.0 0.0 -2.0 -1.0 -4.0 -4.0 -1.0 0.0 -2.0 -3.0 -4.0 -1.0 -1.0 -3.0 -4.0 0.0 0.0 -4.0 -4.0 -4.0 -1.0 -1.0 -3.0 -2.0 -2.0 -4.0 -1.0 0.0 0.0 -1.0 -3.0 -4.0 0.0 -4.0 -4.0 0.0 -2.0 -3.0 -3.0 -4.0 0.0 -1.0 -1.0 -2.0 -1.0 -4.0 -3.0 -2.0 -1.0 -3.0 -3.0 -1.0 -2.0 -1.0 -3.0 -3.0 -1.0 0.0 -3.0 -2.0 0.0 0.0 -4.0 -1.0 -2.0 -1.0 -2.0 -1.0 -1.0 -2.0 -3.0 -4.0 0.0 -2.0 -2.0 -4.0 -2.0 -1.0 -4.0 0.0 -2.0 -3.0 -4.0 -2.0 -1.0 -4.0 -2.0 -3.0 0.0 
-1.0 250.0 -2.0 0.0 -1.0 0.0 -2.0 0.0 0.0 -2.0 -2.0 -4.0 0.0 -3.0 -4.0 -3.0 -2.0 -3.0 0.0 -4.0 0.0 -2.0 0.0 0.0 -4.0 -4.0 -3.0 -4.0 -1.0 0.0 -4.0 -4.0 0.0 0.0 -4.0 0.0 -2.0 -3.0 -2.0 -4.0 -3.0 -4.0 0.0 -4.0 -4.0 -1.0 -4.0 -4.0 -4.0 -3.0 -3.0 -1.0 -3.0 0.0 -1.0 -3.0 -4.0 -1.0 -2.0 -1.0 -2.0 -1.0 -4.0 0.0 -3.0 -4.0 -4.0 -4.0 -2.0 -4.0 0.0 -4.0 0.0 -3.0 -1.0 -3.0 -3.0 0.0 -2.0 0.0 -4.0 -4.0 -3.0 -3.0 -4.0 -2.0 -2.0 -2.0 -2.0 -4.0 -4.0 -4.0 0.0 0.0 -4.0 0.0 -4.0 -2.0 -2.0 -2.0 -3.0 -4.0 -2.0 0.0 0.0 -1.0 -1.0 0.0 -1.0 0.0 -4.0 -4.0 -4.0 -2.0 -4.0 
0.0 0.0 231.0 -3.0 -1.0 -2.0 -2.0 -2.0 -1.0 -4.0 -2.0 -2.0 0.0 -3.0 -3.0 0.0 -2.0 -3.0 0.0 -3.0 -2.0 -2.0 -2.0 -1.0 -1.0 -1.0 -4.0 -1.0 0.0 0.0 -4.0 -2.0 -1.0 -3.0 -2.0 -1.0 -3.0 -4.0 0.0 -3.0 -1.0 -2.0 -4.0 -3.0 -4.0 -1.0 -4.0 -2.0 -2.0 0.0 -4.0 -4.0 -2.0 0.0 0.0 -4.0 -2.0 -4.0 -1.0 -4.0 -4.0 0.0 -3.0 -3.0 -2.0 0.0 0.0 -1.0 -4.0 -2.0 0.0 -4.0 -1.0 -2.0 -1.0 -1.0 -3.0 -3.0 -3.0 -1.0 -2.0 -4.0 -1.0 0.0 -4.0 0.0 -4.0 -2.0 0.0 -4.0 -3.0 -3.0 -4.0 -2.0 -1.0 -3.0 -2.0 -3.0 -1.0 -3.0 -3.0 -1.0 -2.0 -1.0 -3.0 -2.0 -2.0 -2.0 -2.0 -2.0 -1.0 -4.0 -2.0 -2.0 0.0 
-3.0 -2.0 0.0 242.0 -2.0 -3.0 -2.0 0.0 -3.0 -2.0 0.0 -4.0 -3.0 -2.0 0.0 -1.0 -4.0 -4.0 -3.0 -1.0 -2.0 -3.0 -3.0 -4.0 0.0 -4.0 -2.0 -3.0 -1.0 0.0 -2.0 -3.0 -2.0 -4.0 -4.0 -2.0 -1.0 -2.0 -2.0 -2.0 0.0 0.0 -4.0 -3.0 -4.0 -3.0 -4.0 -1.0 -2.0 -3.0 -1.0 -1.0 0.0 -3.0 -1.0 -2.0 -2.0 -4.0 -2.0 -2.0 0.0 -2.0 -3.0 0.0 0.0 -1.0 -2.0 -2.0 -4.0 -4.0 -4.0 -3.0 -3.0 -3.0 -3.0 0.0 -2.0 -1.0 -4.0 -2.0 0.0 -4.0 -2.0 -4.0 -3.0 -2.0 0.0 -4.0 -2.0 0.0 0.0 -1.0 -4.0 -1.0 0.0 -3.0 -4.0 -4.0 -3.0 -4.0 -2.0 -1.0 -1.0 -3.0 -3.0 -4.0 0.0 -1.0 -1.0 -1.0 -2.0 -1.0 -3.0 0.0 -4.0 
0.0 -3.0 -3.0 -3.0 235.0 -4.0 -3.0 0.0 -3.0 -3.0 -1.0 0.0 -1.0 -3.0 -2.0 -1.0 -3.0 -4.0 -4.0 -4.0 -2.0 -1.0 -3.0 -2.0 -3.0 -2.0 -1.0 -1.0 -4.0 -4.0 -2.0 0.0 0.0 -3.0 -2.0 0.0 0.0 -2.0 0.0 -3.0 -3.0 -4.0 0.0 -1.0 -2.0 -2.0 0.0 -1.0 -4.0 -4.0 -3.0 -2.0 -4.0 0.0 0.0 0.0 -2.0 -3.0 0.0 0.0 -2.0 -1.0 0.0 -3.0 -3.0 -3.0 -2.0 -2.0 -4.0 -2.0 -2.0 0.0 -2.0 -4.0 -1.0 -4.0 -2.0 -3.0 -4.0 -2.0 -3.0 -3.0 -1.0 -1.0 -2.0 -1.0 -3.0 -3.0 -1.0 -2.0 -4.0 -3.0 -2.0 -1.0 -1.0 0.0 -1.0 -2.0 -3.0 0.0 -4.0 -1.0 -4.0 -4.0 -4.0 0.0 -1.0 0.0 -2.0 -2.0 0.0 -4.0 -4.0 -4.0 -3.0 
-1.0 -3.0 -3.0 -2.0 -3.0 227.0 -4.0 -3.0 0.0 -3.0 -4.0 -2.0 -2.0 0.0 -4.0 0.0 -2.0 0.0 0.0 -2.0 -1.0 -3.0 -1.0 -4.0 -3.0 -1.0 -2.0 -3.0 -2.0 -3.0 -3.0 -4.0 -4.0 -1.0 0.0 -3.0 -4.0 -3.0 -3.0 -1.0 0.0 -2.0 -3.0 -1.0 -1.0 0.0 -4.0 -4.0 -2.0 -4.0 -2.0 0.0 0.0 -2.0 -2.0 -1.0 -2.0 0.0 -2.0 -2.0 -1.0 -4.0 -1.0 -4.0 -1.0 -4.0 -1.0 -4.0 -2.0 -2.0 -2.0 0.0 -2.0 -4.0 -1.0 -2.0 -1.0 -1.0 -1.0 -1.0 -3.0 -1.0 0.0 0.0 -3.0 -4.0 -3.0 0.0 -1.0 -4.0 -3.0 0.0 0.0 -1.0 -2.0 -1.0 -4.0 -1.0 -2.0 -2.0 -2.0 -1.0 -2.0 -4.0 -2.0 -3.0 0.0 -1.0 -2.0 -4.0 -4.0 -2.0 -2.0 0.0 -3.0 
0.0 -4.0 0.0 -1.0 -2.0 -2.0 213.0 -1.0 0.0 -3.0 -1.0 -3.0 -3.0 -2.0 -2.0 -1.0 -1.0 -4.0 -3.0 -3.0 -1.0 0.0 -4.0 -1.0 0.0 -2.0 0.0 -3.0 -4.0 -4.0 0.0 0.0 -4.0 -1.0 -3.0 -3.0 -3.0 -2.0 -1.0 -3.0 0.0 0.0 -4.0 -4.0 -2.0 0.0 -2.0 -2.0 0.0 -2.0 -2.0 0.0 -3.0 -1.0 -3.0 -3.0 -4.0 0.0 -2.0 -1.0 -4.0 -2.0 -1.0 -1.0 0.0 -2.0 0.0 -1.0 -4.0 -1.0 -1.0 0.0 -4.0 -2.0 -3.0 0.0 0.0 0.0 0.0 -2.0 0.0 -4.0 0.0 -3.0 -1.0 -4.0 -3.0 -3.0 -4.0 0.0 -3.0 -2.0 -1.0 -4.0 -3.0 -2.0 -1.0 0.0 0.0 -2.0 -3.0 -3.0 -1.0 -4.0 -4.0 -2.0 -1.0 -1.0 -4.0 0.0 -4.0 -3.0 -2.0 0.0 -3.0 
-3.0 -1.0 -3.0 -3.0 0.0 -4.0 0.0 228.0 -4.0 0.0 -2.0 -1.0 0.0 -4.0 -2.0 -2.0 -1.0 -3.0 -4.0 -4.0 -4.0 -3.0 -3.0 -4.0 0.0 -4.0 -2.0 -1.0 -3.0 -4.0 -1.0 -1.0 -4.0 -3.0 -1.0 -1.0 0.0 0.0 -2.0 0.0 -3.0 0.0 -2.0 -2.0 -2.0 -2.0 -1.0 -1.0 -1.0 -4.0 -3.0 -3.0 -2.0 -1.0 0.0 -2.0 -4.0 -1.0 -2.0 -3.0 -2.0 0.0 -4.0 -1.0 -2.0 0.0 -2.0 0.0 -2.0 -4.0 0.0 -2.0 -3.0 -3.0 -3.0 -1.0 -2.0 -3.0 -2.0 -1.0 -3.0 -1.0 -1.0 -1.0 -1.0 0.0 -1.0 -2.0 -1.0 -4.0 -4.0 -1.0 -2.0 -3.0 -4.0 0.0 -3.0 -2.0 -3.0 -3.0 -2.0 -3.0 -3.0 0.0 -3.0 -2.0 -4.0 -4.0 0.0 -1.0 -3.0 -1.0 -4.0 0.0 0.0 
-3.0 -1.0 0.0 -1.0 -4.0 -3.0 -3.0 0.0 226.0 0.0 -4.0 -3.0 -3.0 -4.0 -2.0 -3.0 -2.0 -4.0 -3.0 -2.0 0.0 -3.0 -3.0 -2.0 0.0 -3.0 -2.0 -1.0 -1.0 -1.0 -1.0 -1.0 0.0 -1.0 -3.0 0.0 -1.0 -3.0 -2.0 -4.0 -3.0 -1.0 -2.0 -4.0 0.0 -4.0 -1.0 -2.0 -3.0 -4.0 -3.0 -3.0 -1.0 0.0 -3.0 -3.0 -4.0 -3.0 -1.0 -3.0 -1.0 -4.0 -1.0 -4.0 -4.0 0.0 -2.0 -4.0 0.0 0.0 -2.0 -1.0 -4.0 -4.0 -3.0 -3.0 -3.0 -3.0 -1.0 -3.0 -1.0 -2.0 -3.0 -3.0 -1.0 -3.0 -2.0 0.0 -1.0 -1.0 -3.0 -3.0 -1.0 0.0 -1.0 -2.0 0.0 0.0 -2.0 -4.0 0.0 -3.0 -1.0 -2.0 -3.0 -1.0 -4.0 0.0 -2.0 0.0 -2.0 0.0 0.0 -1.0 -2.0 
-3.0 -3.0 -4.0 -3.0 0.0 -2.0 0.0 -4.0 0.0 224.0 -4.0 -2.0 0.0 -3.0 -3.0 -3.0 -2.0 -3.0 -3.0 -1.0 0.0 -3.0 -4.0 -4.0 -3.0 -4.0 -1.0 -4.0 -4.0 0.0 0.0 -4.0 0.0 -3.0 0.0 -3.0 -1.0 -2.0 -3.0 -4.0 -4.0 0.0 -1.0 -1.0 0.0 -2.0 -2.0 -1.0 -2.0 -1.0 -3.0 -3.0 -4.0 -1.0 -1.0 -3.0 -3.0 -3.0 -4.0 -3.0 0.0 -2.0 0.0 -4.0 0.0 -1.0 -2.0 0.0 -4.0 -3.0 -1.0 -1.0 -1.0 -1.0 -4.0 -1.0 -2.0 -2.0 -2.0 0.0 -2.0 -4.0 -4.0 0.0 -4.0 -3.0 -1.0 -2.0 -2.0 0.0 -1.0 -1.0 -3.0 -2.0 -2.0 -2.0 -1.0 -4.0 0.0 0.0 -1.0 -1.0 -4.0 -2.0 -1.0 0.0 -1.0 0.0 -2.0 0.0 -2.0 -3.0 0.0 -4.0 -2.0 
-4.0 -2.0 -3.0 -1.0 -1.0 -3.0 -2.0 -1.0 -4.0 -4.0 218.0 -2.0 -4.0 -3.0 -4.0 -1.0 0.0 -3.0 -4.0 -1.0 -3.0 -1.0 -4.0 -4.0 0.0 -3.0 -1.0 -3.0 -2.0 -3.0 -3.0 -2.0 -1.0 0.0 -3.0 -2.0 -1.0 0.0 -4.0 0.0 0.0 -2.0 -1.0 -3.0 0.0 -4.0 0.0 -3.0 -3.0 -2.0 -3.0 -1.0 -1.0 -3.0 -3.0 0.0 -1.0 0.0 0.0 -3.0 0.0 -1.0 -4.0 -1.0 -2.0 0.0 -4.0 0.0 -4.0 -2.0 -3.0 -2.0 -2.0 0.0 0.0 -1.0 -3.0 0.0 -1.0 0.0 -3.0 -1.0 0.0 -2.0 0.0 -4.0 -2.0 -1.0 -3.0 -2.0 -2.0 -4.0 -4.0 -2.0 -1.0 -3.0 -4.0 -1.0 -2.0 0.0 0.0 -1.0 -4.0 -1.0 0.0 0.0 -4.0 0.0 -4.0 -1.0 -4.0 -3.0 -4.0 -1.0 0.0 
0.0 -4.0 -3.0 -4.0 -1.0 -2.0 -1.0 -3.0 -2.0 -3.0 0.0 251.0 -3.0 0.0 -3.0 -3.0 -2.0 -3.0 -2.0 -4.0 -1.0 -1.0 -4.0 -3.0 -1.0 0.0 -3.0 -1.0 -3.0 -2.0 -1.0 -4.0 -4.0 -1.0 -1.0 -4.0 -4.0 -1.0 -1.0 -3.0 -3.0 0.0 0.0 0.0 -4.0 -3.0 -3.0 0.0 -4.0 -3.0 -3.0 -2.0 0.0 0.0 -4.0 0.0 -2.0 -1.0 -3.0 -3.0 -1.0 -2.0 -2.0 -4.0 -3.0 -4.0 0.0 -3.0 -3.0 -1.0 -1.0 0.0 0.0 0.0 -3.0 -3.0 -4.0 -4.0 -4.0 -1.0 -3.0 -3.0 -2.0 -2.0 -4.0 0.0 -2.0 -2.0 -3.0 -1.0 -4.0 -1.0 -1.0 -3.0 -2.0 -2.0 -1.0 -2.0 -1.0 -3.0 -1.0 -3.0 -4.0 -4.0 -4.0 -3.0 -2.0 -3.0 -1.0 -1.0 -2.0 -4.0 -3.0 -4.0 -3.0 
-2.0 -3.0 -3.0 -1.0 -2.0 -1.0 -1.0 -4.0 -2.0 -3.0 0.0 -1.0 251.0 -4.0 -2.0 -1.0 -4.0 -4.0 -1.0 -2.0 0.0 -3.0 -2.0 0.0 0.0 -2.0 -4.0 -1.0 -2.0 0.0 -1.0 0.0 0.0 0.0 -4.0 0.0 -3.0 -2.0 -1.0 -4.0 0.0 -4.0 0.0 -1.0 -1.0 -4.0 -4.0 -1.0 -3.0 -3.0 -3.0 -4.0 -3.0 -1.0 -3.0 0.0 -3.0 -4.0 -3.0 -2.0 0.0 -3.0 -4.0 -1.0 0.0 -1.0 -4.0 -3.0 -2.0 -4.0 -2.0 -3.0 -3.0 -1.0 0.0 -3.0 -3.0 -3.0 -4.0 -1.0 -4.0 -2.0 -2.0 -2.0 -3.0 0.0 -4.0 -2.0 -2.0 -4.0 -2.0 -4.0 -2.0 -3.0 -2.0 -1.0 -1.0 -3.0 -4.0 -3.0 -3.0 -3.0 -4.0 -3.0 -1.0 0.0 -4.0 -1.0 -4.0 0.0 -2.0 -4.0 -4.0 -2.0 -4.0 
-1.0 -3.0 0.0 -3.0 -1.0 -1.0 -1.0 -4.0 -1.0 -1.0 -1.0 0.0 -4.0 205.0 0.0 -2.0 -4.0 0.0 -1.0 0.0 -1.0 -3.0 -1.0 -3.0 -1.0 -4.0 -3.0 -2.0 -4.0 -2.0 0.0 -2.0 -1.0 -4.0 -1.0 -3.0 -2.0 -2.0 0.0 -3.0 -1.0 -1.0 -3.0 0.0 0.0 -4.0 -3.0 -2.0 0.0 -3.0 -1.0 -1.0 -3.0 -3.0 -4.0 -2.0 -4.0 -4.0 -4.0 -4.0 -1.0 0.0 0.0 0.0 -1.0 0.0 -3.0 -3.0 -2.0 -4.0 -1.0 -1.0 -1.0 -2.0 -4.0 -4.0 -1.0 -3.0 0.0 0.0 -1.0 -3.0 -1.0 -4.0 -1.0 -3.0 -3.0 -2.0 -1.0 -4.0 -2.0 -1.0 -1.0 0.0 0.0 -3.0 -2.0 0.0 -1.0 -1.0 -3.0 -2.0 0.0 -2.0 -1.0 -1.0 -4.0 0.0 -2.0 0.0 -2.0 -1.0 0.0 -4.0 -1.0 
-4.0 -2.0 -2.0 -3.0 -2.0 -3.0 -3.0 -2.0 -3.0 0.0 -3.0 0.0 -4.0 -3.0 236.0 -1.0 0.0 0.0 -2.0 0.0 -1.0 -3.0 -2.0 -3.0 -1.0 0.0 -1.0 -3.0 -3.0 -4.0 -4.0 -4.0 -2.0 -4.0 -4.0 -4.0 -4.0 -4.0 -1.0 -2.0 -2.0 -1.0 -4.0 -2.0 0.0 -1.0 -1.0 -3.0 0.0 -4.0 -2.0 -2.0 -4.0 0.0 -2.0 -2.0 0.0 -2.0 -1.0 -2.0 -4.0 -1.0 -1.0 -2.0 -4.0 -4.0 -1.0 -3.0 -4.0 -3.0 -2.0 -4.0 -2.0 -3.0 0.0 -2.0 -4.0 -2.0 0.0 -3.0 -3.0 -4.0 -3.0 -1.0 0.0 0.0 -1.0 -3.0 -3.0 0.0 -3.0 -2.0 -2.0 -1.0 -1.0 0.0 -3.0 -4.0 -1.0 0.0 0.0 -3.0 -3.0 -3.0 0.0 0.0 -3.0 -3.0 -3.0 -2.0 0.0 -1.0 -4.0 0.0 -1.0 
-3.0 -3.0 -2.0 -2.0 0.0 0.0 0.0 -2.0 -4.0 -2.0 0.0 -1.0 -1.0 -1.0 0.0 258.0 -4.0 -1.0 -4.0 0.0 -3.0 -2.0 -3.0 -4.0 -1.0 0.0 -3.0 0.0 -2.0 -1.0 -3.0 -2.0 -2.0 -3.0 -3.0 -1.0 -2.0 -2.0 -4.0 -4.0 0.0 -3.0 -1.0 -2.0 -3.0 -2.0 -1.0 -1.0 -1.0 -2.0 -1.0 -2.0 -1.0 -4.0 -2.0 -2.0 -4.0 -4.0 -3.0 -3.0 -2.0 -1.0 -1.0 -1.0 -4.0 -4.0 -3.0 -3.0 0.0 -1.0 -3.0 -3.0 0.0 -3.0 -3.0 -1.0 -4.0 -1.0 -4.0 -1.0 -2.0 -1.0 -1.0 -4.0 -2.0 -1.0 -4.0 -4.0 -4.0 -2.0 -3.0 -3.0 -4.0 -4.0 -4.0 -3.0 -4.0 0.0 -1.0 -3.0 -1.0 -4.0 -4.0 -4.0 -2.0 -2.0 -4.0 -4.0 -4.0 -1.0 0.0 -4.0 -3.0 -3.0 -4.0 
-4.0 -4.0 -3.0 -3.0 -4.0 -1.0 -1.0 -4.0 -1.0 -2.0 -4.0 0.0 0.0 -1.0 -1.0 0.0 248.0 0.0 0.0 -1.0 -4.0 -3.0 -4.0 -4.0 -4.0 0.0 -4.0 -1.0 -2.0 -4.0 -1.0 -2.0 -3.0 -2.0 -4.0 -4.0 -1.0 -3.0 -4.0 -4.0 -3.0 -2.0 -3.0 -2.0 -2.0 -3.0 -4.0 -2.0 -1.0 -1.0 -1.0 -3.0 0.0 -3.0 -1.0 -4.0 -2.0 -4.0 -2.0 -1.0 -4.0 -4.0 -3.0 -2.0 -4.0 -2.0 0.0 -2.0 -1.0 0.0 0.0 -1.0 0.0 -3.0 -2.0 0.0 -3.0 0.0 -4.0 -1.0 -4.0 -3.0 0.0 0.0 -2.0 -3.0 -2.0 -4.0 -2.0 -1.0 -2.0 -3.0 -4.0 -2.0 -1.0 0.0 0.0 -1.0 -4.0 -1.0 -3.0 -4.0 -3.0 -1.0 -2.0 -4.0 -2.0 -2.0 -1.0 -2.0 -4.0 -3.0 -1.0 -1.0 -4.0 
-3.0 0.0 -2.0 -4.0 -3.0 -4.0 0.0 0.0 0.0 -3.0 0.0 -3.0 0.0 -4.0 -2.0 -4.0 0.0 207.0 -2.0 0.0 0.0 -1.0 -2.0 0.0 -3.0 -4.0 -2.0 -2.0 -1.0 -1.0 0.0 -1.0 0.0 -3.0 -2.0 -3.0 -4.0 -4.0 -1.0 -3.0 -2.0 0.0 -4.0 -1.0 -1.0 -1.0 -1.0 -3.0 -2.0 -3.0 -2.0 -2.0 -2.0 -2.0 -4.0 -4.0 -1.0 -1.0 -1.0 -1.0 -3.0 -2.0 -4.0 0.0 0.0 -3.0 -3.0 -3.0 -4.0 -4.0 -1.0 0.0 -3.0 -3.0 0.0 -2.0 -3.0 0.0 -1.0 -3.0 -1.0 -3.0 -2.0 -1.0 -2.0 0.0 -2.0 -4.0 0.0 -1.0 -4.0 -3.0 -4.0 0.0 -4.0 0.0 -3.0 0.0 -1.0 -4.0 -2.0 -4.0 0.0 -1.0 0.0 0.0 -4.0 0.0 -1.0 0.0 -3.0 0.0 -1.0 -1.0 0.0 
-2.0 0.0 -3.0 -1.0 -1.0 0.0 -3.0 0.0 0.0 -1.0 -3.0 -1.0 -1.0 -4.0 -3.0 -2.0 -1.0 -2.0 240.0 0.0 -3.0 0.0 -3.0 -4.0 -2.0 -4.0 -1.0 -1.0 -2.0 -3.0 -3.0 -4.0 -3.0 0.0 -1.0 0.0 -1.0 0.0 -4.0 -4.0 -3.0 -2.0 -4.0 -2.0 -4.0 0.0 0.0 -2.0 -1.0 0.0 -2.0 -3.0 -3.0 -1.0 -3.0 -3.0 -3.0 -4.0 -1.0 -3.0 -4.0 0.0 0.0 -3.0 -3.0 -1.0 -4.0 0.0 -4.0 -4.0 -2.0 0.0 -3.0 -2.0 -2.0 -4.0 -1.0 -3.0 -4.0 -3.0 -2.0 -4.0 -4.0 -4.0 -3.0 -4.0 -1.0 -3.0 -3.0 -2.0 -3.0 0.0 -3.0 -1.0 -4.0 -3.0 -2.0 0.0 -1.0 -2.0 0.0 0.0 -4.0 -3.0 -4.0 0.0 0.0 -1.0 -3.0 -2.0 0.0 -4.0 -1.0 -4.0 -3.0 
-3.0 0.0 0.0 -2.0 -4.0 0.0 -3.0 -1.0 -1.0 0.0 0.0 0.0 -1.0 -3.0 -2.0 -4.0 -4.0 -1.0 -2.0 216.0 -4.0 -4.0 -2.0 -4.0 -3.0 -2.0 0.0 -1.0 -4.0 -4.0 -2.0 -4.0 -2.0 0.0 0.0 0.0 0.0 0.0 -3.0 -3.0 -2.0 -3.0 -3.0 -4.0 -1.0 -3.0 -3.0 -2.0 -3.0 -3.0 -3.0 -4.0 -4.0 -3.0 -1.0 -3.0 0.0 -1.0 0.0 -2.0 0.0 -1.0 -2.0 -4.0 -1.0 0.0 -4.0 -2.0 -4.0 -1.0 -2.0 -1.0 -2.0 -1.0 -4.0 -3.0 -4.0 -2.0 -3.0 0.0 0.0 -4.0 -2.0 -1.0 0.0 -3.0 0.0 0.0 -4.0 -1.0 0.0 -1.0 -1.0 -2.0 -3.0 0.0 -3.0 0.0 -2.0 -1.0 0.0 -1.0 -2.0 -4.0 -4.0 -1.0 0.0 0.0 -3.0 -4.0 0.0 -3.0 -2.0 -1.0 -1.0 
0.0 -2.0 -3.0 -2.0 -1.0 -4.0 -1.0 -4.0 -2.0 0.0 -3.0 -1.0 0.0 -4.0 0.0 0.0 -3.0 -1.0 -2.0 0.0 217.0 -1.0 -4.0 -1.0 -1.0 -4.0 -2.0 -1.0 0.0 -2.0 -2.0 0.0 -3.0 0.0 0.0 -2.0 -4.0 0.0 -2.0 -1.0 -4.0 0.0 0.0 -1.0 -3.0 -2.0 -3.0 -4.0 -3.0 -2.0 -2.0 0.0 -4.0 0.0 -4.0 -1.0 -3.0 -2.0 -3.0 0.0 -3.0 -2.0 0.0 -1.0 -3.0 -1.0 -1.0 -1.0 -3.0 -3.0 -1.0 -3.0 -3.0 0.0 0.0 -4.0 0.0 -2.0 0.0 -3.0 0.0 -4.0 0.0 0.0 -1.0 -4.0 -3.0 -2.0 -3.0 -4.0 -4.0 -1.0 -2.0 -4.0 -1.0 -1.0 -1.0 -1.0 -3.0 -3.0 -2.0 -3.0 -1.0 -3.0 -3.0 -4.0 -4.0 0.0 -3.0 -3.0 -1.0 -4.0 -3.0 -2.0 -1.0 
-3.0 -4.0 0.0 -2.0 -4.0 -2.0 -1.0 -4.0 0.0 -1.0 -4.0 -3.0 -1.0 -2.0 -1.0 -3.0 -2.0 0.0 -3.0 -3.0 -1.0 210.0 -2.0 -4.0 -1.0 0.0 0.0 -1.0 -2.0 -4.0 -2.0 -4.0 -3.0 -3.0 -4.0 -3.0 0.0 -3.0 -3.0 -1.0 -2.0 -4.0 -1.0 -2.0 0.0 -3.0 -1.0 -3.0 -1.0 -3.0 -2.0 -2.0 -3.0 0.0 -3.0 -1.0 -1.0 -2.0 -2.0 -2.0 -3.0 -2.0 0.0 -4.0 0.0 -2.0 -3.0 -1.0 -3.0 -2.0 0.0 0.0 0.0 0.0 0.0 -3.0 -3.0 -2.0 0.0 0.0 0.0 -4.0 -3.0 0.0 -3.0 0.0 -4.0 -1.0 0.0 -3.0 -2.0 -4.0 -1.0 -4.0 -2.0 -4.0 -2.0 0.0 -2.0 0.0 0.0 0.0 -3.0 -2.0 -3.0 0.0 0.0 0.0 -3.0 -2.0 -4.0 0.0 -2.0 0.0 -2.0 
-3.0 -3.0 -2.0 0.0 -3.0 0.0 -1.0 0.0 -2.0 -1.0 0.0 -2.0 -4.0 -3.0 -3.0 -2.0 -2.0 -3.0 -2.0 0.0 -4.0 -3.0 237.0 -2.0 -1.0 0.0 -4.0 -4.0 -1.0 -3.0 -2.0 0.0 -1.0 -4.0 0.0 0.0 -3.0 -4.0 -3.0 -1.0 -2.0 -4.0 -3.0 -2.0 0.0 -2.0 -1.0 -1.0 -4.0 -3.0 0.0 0.0 0.0 -2.0 0.0 -4.0 -3.0 -3.0 -4.0 -3.0 0.0 0.0 -1.0 -3.0 -1.0 -4.0 0.0 -4.0 -3.0 -2.0 -3.0 0.0 -4.0 -2.0 -2.0 -2.0 0.0 -2.0 -2.0 -3.0 0.0 -4.0 0.0 -2.0 -2.0 -1.0 -4.0 -3.0 -1.0 -2.0 -3.0 0.0 0.0 -3.0 -2.0 -3.0 -4.0 -4.0 -4.0 -2.0 -4.0 -4.0 -3.0 -4.0 -4.0 -4.0 -3.0 -3.0 -3.0 -1.0 0.0 -2.0 -2.0 -1.0 0.0 
-2.0 -3.0 -4.0 -1.0 -1.0 -1.0 -3.0 0.0 0.0 -3.0 -3.0 0.0 -4.0 -1.0 -3.0 0.0 -3.0 0.0 -2.0 -3.0 -1.0 -1.0 -3.0 207.0 0.0 -1.0 -4.0 0.0 -3.0 0.0 -3.0 0.0 -2.0 0.0 -1.0 -2.0 -4.0 -4.0 -2.0 -3.0 -2.0 -3.0 -3.0 -1.0 -1.0 0.0 0.0 -4.0 -1.0 -3.0 0.0 -2.0 -1.0 0.0 -3.0 -4.0 -4.0 -4.0 0.0 -4.0 -3.0 -1.0 -3.0 -4.0 0.0 -3.0 0.0 -3.0 0.0 -2.0 -3.0 -1.0 -4.0 -2.0 -3.0 -1.0 -2.0 -4.0 -1.0 -1.0 -2.0 -1.0 -2.0 -1.0 -4.0 -1.0 -1.0 0.0 -4.0 0.0 -1.0 -4.0 -2.0 -1.0 -1.0 0.0 -1.0 -2.0 -2.0 -2.0 -1.0 -1.0 -3.0 0.0 -2.0 0.0 -4.0 -2.0 -1.0 -2.0 -4.0 -1.0 0.0 -1.0 -1.0 
-4.0 -2.0 -4.0 -1.0 -4.0 -4.0 0.0 0.0 -1.0 -1.0 -3.0 -3.0 -3.0 -1.0 -3.0 -2.0 0.0 0.0 -2.0 -4.0 0.0 -2.0 -3.0 -4.0 237.0 -2.0 0.0 -1.0 -3.0 -4.0 0.0 -4.0 0.0 -2.0 -4.0 0.0 -4.0 -1.0 -2.0 -3.0 -1.0 0.0 -4.0 -4.0 -3.0 -2.0 -4.0 -4.0 -3.0 0.0 -4.0 0.0 0.0 -1.0 0.0 -2.0 -3.0 -2.0 -2.0 -3.0 -3.0 -4.0 -2.0 -2.0 -4.0 -1.0 -3.0 -3.0 0.0 -2.0 -4.0 -1.0 -1.0 -2.0 -2.0 -4.0 -4.0 -4.0 -3.0 0.0 0.0 -3.0 -3.0 -2.0 -4.0 -4.0 -1.0 -3.0 0.0 -1.0 -4.0 -1.0 -3.0 -1.0 -1.0 0.0 0.0 0.0 -4.0 -1.0 -3.0 -1.0 0.0 0.0 -3.0 -1.0 0.0 -2.0 -3.0 -2.0 -2.0 -2.0 -3.0 -4.0 -3.0 
-4.0 -3.0 -4.0 -1.0 -4.0 -1.0 -4.0 -2.0 -1.0 0.0 -3.0 -3.0 -1.0 -3.0 0.0 -3.0 -3.0 -3.0 -2.0 -2.0 -3.0 -1.0 -3.0 0.0 -2.0 237.0 -4.0 -2.0 0.0 -2.0 0.0 -1.0 -2.0 -1.0 -4.0 -3.0 0.0 -2.0 -1.0 -2.0 -2.0 -1.0 0.0 -2.0 -1.0 0.0 -3.0 0.0 -1.0 -2.0 0.0 -3.0 -4.0 0.0 -3.0 -1.0 0.0 -4.0 -1.0 -4.0 -3.0 -2.0 -1.0 -1.0 0.0 -4.0 0.0 -2.0 -2.0 -3.0 -2.0 -3.0 -4.0 0.0 -1.0 -1.0 -2.0 -4.0 0.0 -4.0 -1.0 -4.0 -4.0 -1.0 -4.0 -1.0 0.0 -2.0 -4.0 -3.0 -2.0 0.0 -2.0 -3.0 -4.0 -3.0 -3.0 -2.0 -4.0 -3.0 0.0 -1.0 -3.0 -3.0 -2.0 0.0 -4.0 -4.0 -3.0 -4.0 0.0 -2.0 -4.0 -3.0 -3.0 
-1.0 -3.0 -1.0 -1.0 -4.0 -4.0 -3.0 -3.0 -1.0 -2.0 -4.0 -2.0 -3.0 -3.0 -3.0 -4.0 0.0 -3.0 -2.0 -4.0 -4.0 -2.0 -2.0 -3.0 -3.0 -2.0 260.0 -4.0 -4.0 -2.0 -2.0 0.0 -3.0 0.0 0.0 -3.0 -2.0 -4.0 -3.0 -4.0 -2.0 -3.0 -3.0 -4.0 -2.0 -1.0 -2.0 0.0 -3.0 -3.0 -3.0 -1.0 -4.0 -3.0 -1.0 -3.0 -2.0 -2.0 0.0 -3.0 -2.0 -1.0 -1.0 0.0 0.0 -2.0 -1.0 -4.0 -3.0 -4.0 -1.0 -4.0 0.0 -1.0 -4.0 -2.0 -3.0 -1.0 -3.0 -3.0 -2.0 -1.0 -2.0 -3.0 -3.0 -4.0 -1.0 0.0 0.0 -1.0 -3.0 0.0 -1.0 0.0 -4.0 -4.0 -4.0 -2.0 -1.0 -2.0 -4.0 -4.0 -4.0 -2.0 -1.0 -4.0 -2.0 0.0 0.0 -4.0 -4.0 -4.0 -4.0 0.0 -2.0 
-1.0 -2.0 -1.0 -2.0 -1.0 0.0 -3.0 0.0 0.0 -2.0 -4.0 -2.0 -1.0 -4.0 0.0 -4.0 -4.0 -4.0 0.0 0.0 -4.0 -1.0 -1.0 0.0 -3.0 -2.0 -1.0 238.0 -3.0 0.0 -2.0 0.0 0.0 -3.0 -2.0 -3.0 0.0 -4.0 -3.0 -4.0 -3.0 -2.0 -4.0 -4.0 0.0 -4.0 -3.0 -4.0 -3.0 -2.0 0.0 -2.0 0.0 -3.0 -3.0 -4.0 -4.0 -2.0 -4.0 -3.0 0.0 -1.0 -3.0 -3.0 -1.0 -2.0 -1.0 -1.0 -1.0 -3.0 0.0 -2.0 0.0 0.0 -3.0 -3.0 -4.0 0.0 -3.0 -3.0 -2.0 -4.0 -2.0 -4.0 -4.0 0.0 -1.0 -1.0 -4.0 -1.0 -3.0 -3.0 -1.0 -4.0 0.0 -1.0 -2.0 -1.0 -3.0 -2.0 -1.0 -3.0 -1.0 -2.0 0.0 -4.0 -2.0 -3.0 -1.0 -3.0 -2.0 -2.0 -4.0 -4.0 -4.0 
-1.0 -3.0 -4.0 -1.0 -3.0 -1.0 -3.0 -2.0 -4.0 -3.0 -1.0 -1.0 0.0 -2.0 -3.0 -4.0 -4.0 0.0 -4.0 0.0 0.0 -4.0 -3.0 -4.0 -1.0 -3.0 -4.0 -2.0 243.0 0.0 0.0 -3.0 -2.0 -2.0 -3.0 -1.0 -2.0 0.0 -1.0 0.0 -1.0 -1.0 -1.0 -2.0 -1.0 0.0 -4.0 -4.0 -1.0 0.0 -3.0 -2.0 0.0 0.0 0.0 -2.0 -3.0 -2.0 -4.0 -3.0 -2.0 -2.0 -4.0 -4.0 -3.0 0.0 -4.0 -1.0 -2.0 -3.0 0.0 -4.0 -2.0 -4.0 -1.0 -2.0 -1.0 -2.0 -3.0 0.0 -4.0 -1.0 0.0 -4.0 -2.0 -3.0 -4.0 -3.0 -4.0 -1.0 -3.0 -3.0 -2.0 -2.0 -4.0 -1.0 -3.0 -4.0 -2.0 -4.0 -4.0 0.0 -3.0 -3.0 -1.0 0.0 -3.0 0.0 -4.0 -3.0 -4.0 -2.0 -2.0 0.0 -3.0 
-3.0 -3.0 -2.0 0.0 -3.0 0.0 0.0 -4.0 0.0 0.0 -3.0 -1.0 -4.0 -4.0 -4.0 -4.0 0.0 -4.0 -2.0 -1.0 -3.0 -1.0 -4.0 -2.0 -1.0 -2.0 -3.0 -2.0 -2.0 239.0 -1.0 0.0 0.0 -4.0 -4.0 -3.0 -1.0 -4.0 -4.0 -1.0 -2.0 -1.0 -4.0 -2.0 -1.0 -3.0 -3.0 -1.0 -4.0 -4.0 -2.0 -4.0 -3.0 -1.0 -3.0 -3.0 -2.0 0.0 -2.0 -1.0 -4.0 -3.0 -2.0 -4.0 0.0 -2.0 -3.0 -1.0 -1.0 -2.0 -4.0 0.0 -2.0 0.0 -4.0 -1.0 -2.0 -2.0 -2.0 -1.0 -4.0 -1.0 -4.0 -1.0 -2.0 -2.0 -3.0 -2.0 -2.0 0.0 -1.0 0.0 0.0 -3.0 -3.0 -1.0 -4.0 -1.0 0.0 -3.0 -2.0 -3.0 -4.0 -1.0 -3.0 -3.0 -3.0 -3.0 0.0 -1.0 -2.0 -2.0 0.0 -1.0 -4.0 
-3.0 -3.0 -4.0 -1.0 -1.0 -4.0 0.0 -2.0 0.0 -1.0 -4.0 -4.0 -4.0 -2.0 -1.0 -1.0 -4.0 -4.0 -3.0 -1.0 -2.0 -4.0 -3.0 -1.0 -1.0 -3.0 -3.0 0.0 -3.0 -2.0 260.0 -1.0 -2.0 -2.0 -3.0 -2.0 -2.0 0.0 -2.0 -4.0 -1.0 -4.0 -4.0 0.0 -1.0 -2.0 -2.0 -2.0 -4.0 -4.0 0.0 -4.0 0.0 -4.0 -4.0 -4.0 -1.0 -1.0 -4.0 -3.0 -4.0 -3.0 0.0 -3.0 -4.0 -2.0 0.0 -1.0 -2.0 -2.0 -3.0 -3.0 0.0 -3.0 -4.0 0.0 -2.0 -3.0 -4.0 0.0 -3.0 -1.0 -4.0 -1.0 -2.0 -3.0 -4.0 -4.0 -4.0 -4.0 -1.0 -4.0 -2.0 -3.0 -3.0 -4.0 -1.0 -2.0 -3.0 -1.0 -1.0 0.0 -1.0 -2.0 -2.0 -2.0 0.0 0.0 -4.0 -4.0 -1.0 -3.0 -2.0 -1.0 -4.0 
0.0 0.0 -3.0 0.0 0.0 -4.0 -1.0 -4.0 -3.0 -3.0 -4.0 -2.0 -3.0 -1.0 -2.0 -1.0 -3.0 -3.0 -4.0 -1.0 -3.0 -1.0 -2.0 -4.0 0.0 0.0 -2.0 -2.0 -3.0 -3.0 -3.0 200.0 -3.0 -2.0 -2.0 -3.0 0.0 -1.0 -2.0 -4.0 0.0 0.0 -4.0 -2.0 -3.0 -3.0 -1.0 -3.0 0.0 0.0 0.0 -1.0 -3.0 0.0 -2.0 -2.0 -1.0 -1.0 0.0 0.0 -2.0 -1.0 0.0 -1.0 0.0 -1.0 0.0 -2.0 0.0 -3.0 -4.0 0.0 -3.0 0.0 -4.0 -4.0 -3.0 0.0 0.0 -2.0 -4.0 -1.0 0.0 0.0 0.0 -3.0 -1.0 -3.0 -1.0 0.0 0.0 0.0 -3.0 -3.0 0.0 -1.0 -3.0 -4.0 -2.0 -3.0 -4.0 -4.0 -2.0 -4.0 0.0 0.0 -3.0 -3.0 0.0 -3.0 0.0 0.0 0.0 -4.0 -3.0 
0.0 -4.0 -4.0 -2.0 -1.0 -3.0 0.0 0.0 -1.0 -3.0 -4.0 -2.0 -4.0 -4.0 -3.0 -1.0 -2.0 0.0 -2.0 0.0 -3.0 0.0 -4.0 -3.0 0.0 -2.0 -2.0 -3.0 -3.0 0.0 -1.0 -1.0 238.0 -2.0 0.0 -2.0 -4.0 -2.0 -2.0 -4.0 -2.0 -2.0 -3.0 -4.0 0.0 -1.0 0.0 -1.0 -2.0 -1.0 -3.0 -4.0 -3.0 0.0 -4.0 -3.0 -2.0 -1.0 0.0 -4.0 0.0 -1.0 -1.0 0.0 -4.0 0.0 -3.0 0.0 -3.0 -3.0 0.0 -3.0 0.0 -4.0 -3.0 -2.0 -4.0 -1.0 -4.0 -4.0 -4.0 -4.0 0.0 -3.0 -4.0 -4.0 -1.0 -1.0 -2.0 -4.0 -4.0 -2.0 0.0 -1.0 -2.0 -1.0 -1.0 -2.0 -1.0 -3.0 -4.0 -2.0 -1.0 -2.0 -4.0 -3.0 -1.0 -2.0 -3.0 -4.0 -2.0 -4.0 -2.0 -2.0 0.0 
-4.0 0.0 -1.0 -2.0 0.0 -4.0 0.0 -4.0 -1.0 -4.0 -2.0 0.0 0.0 -3.0 -3.0 -2.0 -1.0 -1.0 0.0 -4.0 -3.0 -3.0 -4.0 -1.0 -3.0 -2.0 -4.0 -4.0 -2.0 -3.0 -2.0 -2.0 -4.0 239.0 -1.0 -3.0 -3.0 0.0 -2.0 -3.0 -2.0 -2.0 -3.0 -2.0 -1.0 0.0 -1.0 0.0 -1.0 -3.0 -2.0 0.0 -3.0 0.0 -4.0 -2.0 0.0 -4.0 0.0 -4.0 -1.0 -4.0 0.0 -1.0 -1.0 -4.0 0.0 -2.0 -3.0 -4.0 -1.0 0.0 -3.0 -3.0 -3.0 -3.0 -4.0 -1.0 -4.0 -1.0 -2.0 -1.0 -4.0 -4.0 -4.0 -2.0 -2.0 -4.0 0.0 -1.0 -4.0 -3.0 -3.0 -1.0 -4.0 -1.0 -2.0 -2.0 -4.0 0.0 -3.0 0.0 -2.0 -3.0 -2.0 -1.0 0.0 -1.0 -3.0 -2.0 -2.0 -4.0 -2.0 -1.0 -3.0 
-4.0 -2.0 0.0 0.0 -3.0 -4.0 0.0 -3.0 -4.0 0.0 -3.0 -3.0 -3.0 -1.0 -3.0 -1.0 -3.0 -4.0 -2.0 -1.0 -1.0 -3.0 -4.0 -1.0 -4.0 -2.0 0.0 -1.0 0.0 -4.0 0.0 -1.0 -3.0 -2.0 272.0 -3.0 -4.0 0.0 -2.0 -2.0 -3.0 -3.0 -2.0 -4.0 -4.0 -4.0 -3.0 -4.0 -4.0 0.0 -3.0 -4.0 -3.0 -2.0 -2.0 -3.0 -3.0 -1.0 0.0 -4.0 -3.0 -3.0 -4.0 -3.0 0.0 -2.0 0.0 -4.0 -2.0 -4.0 -4.0 -1.0 -3.0 -1.0 0.0 0.0 0.0 -4.0 -2.0 -2.0 -2.0 -1.0 -1.0 -3.0 -2.0 -4.0 -4.0 -2.0 -4.0 -4.0 -4.0 -3.0 -4.0 -4.0 0.0 -4.0 -3.0 -3.0 -1.0 -4.0 -3.0 -2.0 -4.0 -1.0 -1.0 0.0 -4.0 -3.0 -2.0 -3.0 -2.0 -3.0 0.0 -4.0 -4.0 
-3.0 -4.0 -2.0 -1.0 -4.0 0.0 -2.0 -1.0 0.0 -3.0 -2.0 -3.0 -3.0 0.0 -1.0 -4.0 -4.0 -4.0 -1.0 -4.0 -4.0 -1.0 0.0 0.0 -1.0 -3.0 -2.0 -4.0 -4.0 -2.0 -1.0 -4.0 -1.0 -2.0 0.0 224.0 -2.0 -2.0 -1.0 0.0 -2.0 -3.0 -2.0 0.0 -4.0 -2.0 0.0 -2.0 0.0 0.0 -1.0 -4.0 -4.0 0.0 -3.0 -1.0 -3.0 -2.0 -4.0 -1.0 -1.0 -1.0 -1.0 -2.0 -1.0 0.0 -4.0 -2.0 -3.0 -1.0 -2.0 -1.0 -3.0 0.0 -2.0 0.0 0.0 -3.0 -4.0 -4.0 -2.0 -2.0 -2.0 -3.0 -4.0 -2.0 -4.0 -4.0 -2.0 -3.0 0.0 -1.0 0.0 -4.0 -2.0 -4.0 -1.0 0.0 -3.0 -2.0 -1.0 0.0 -2.0 -2.0 -2.0 -1.0 -3.0 -1.0 -1.0 -3.0 -1.0 -4.0 -1.0 -2.0 -2.0 
-4.0 -1.0 -2.0 0.0 -2.0 0.0 -4.0 -2.0 -4.0 -4.0 -2.0 -4.0 -3.0 0.0 -3.0 -2.0 -3.0 -4.0 -4.0 0.0 -3.0 0.0 -4.0 -2.0 0.0 -1.0 -4.0 0.0 -2.0 -2.0 -2.0 -1.0 -2.0 -1.0 0.0 -4.0 252.0 0.0 -3.0 -4.0 -2.0 -3.0 0.0 -2.0 -1.0 -1.0 0.0 -3.0 -2.0 -4.0 -4.0 -4.0 -2.0 -4.0 -1.0 -3.0 -2.0 -1.0 0.0 -2.0 -2.0 -2.0 -2.0 -4.0 -3.0 -4.0 -2.0 -4.0 -4.0 -3.0 -2.0 -2.0 -1.0 -2.0 -2.0 -1.0 -4.0 -3.0 -4.0 -3.0 -1.0 -3.0 -3.0 -3.0 -3.0 -2.0 0.0 -4.0 0.0 -2.0 -2.0 0.0 -3.0 -3.0 -4.0 -4.0 -4.0 -1.0 -3.0 -4.0 -3.0 0.0 -2.0 -3.0 0.0 -1.0 -1.0 0.0 -1.0 -4.0 0.0 -4.0 -3.0 0.0 -3.0 
-4.0 0.0 0.0 0.0 0.0 0.0 -1.0 -4.0 -2.0 0.0 -3.0 -3.0 -3.0 -4.0 -4.0 -3.0 0.0 -2.0 0.0 0.0 -2.0 0.0 -4.0 0.0 -3.0 -1.0 -3.0 0.0 -3.0 -1.0 0.0 -1.0 0.0 -2.0 -4.0 -3.0 0.0 221.0 -2.0 -4.0 0.0 -2.0 0.0 -3.0 -3.0 -3.0 -1.0 -1.0 -3.0 -2.0 -2.0 -2.0 -4.0 -1.0 -4.0 -2.0 -1.0 -2.0 0.0 -3.0 -4.0 -3.0 -1.0 -2.0 -4.0 -4.0 0.0 -3.0 -3.0 -2.0 -2.0 -2.0 0.0 0.0 -3.0 -2.0 -4.0 -2.0 -2.0 -1.0 -2.0 -4.0 0.0 0.0 -2.0 -2.0 -3.0 0.0 0.0 -3.0 -4.0 -4.0 -3.0 -2.0 -2.0 0.0 -3.0 0.0 -1.0 -1.0 -2.0 -4.0 -1.0 -4.0 -2.0 -3.0 -4.0 -4.0 -4.0 -3.0 0.0 -2.0 -1.0 0.0 -2.0 
0.0 0.0 -1.0 -1.0 -1.0 0.0 -1.0 -3.0 -4.0 -1.0 -1.0 -3.0 -2.0 -3.0 -3.0 -3.0 -1.0 0.0 -1.0 -4.0 -4.0 -4.0 -1.0 -4.0 -1.0 -3.0 -3.0 -1.0 -3.0 -3.0 -2.0 -4.0 -4.0 -1.0 -4.0 -1.0 -2.0 0.0 238.0 -1.0 -2.0 -2.0 -3.0 -2.0 -2.0 -4.0 -2.0 0.0 -2.0 -2.0 -2.0 -4.0 -4.0 -2.0 -4.0 0.0 -1.0 -3.0 -4.0 0.0 -2.0 -3.0 -2.0 -3.0 -1.0 -2.0 -1.0 -3.0 -3.0 -2.0 -1.0 -1.0 -2.0 -3.0 0.0 -3.0 -1.0 -1.0 0.0 0.0 -3.0 -2.0 -1.0 -2.0 -4.0 -3.0 -3.0 -4.0 0.0 0.0 -3.0 -4.0 -3.0 -4.0 -2.0 -1.0 -4.0 -2.0 -2.0 0.0 -1.0 0.0 -3.0 -4.0 -2.0 -1.0 -2.0 -4.0 -3.0 -4.0 -1.0 0.0 -2.0 -3.0 -3.0 
-2.0 -2.0 -2.0 -1.0 -1.0 -3.0 -2.0 -3.0 -2.0 -1.0 -3.0 -4.0 -2.0 -4.0 -1.0 -3.0 -1.0 0.0 -1.0 -1.0 0.0 -2.0 -1.0 -4.0 -1.0 -1.0 -3.0 0.0 -3.0 -2.0 -1.0 -2.0 0.0 -2.0 -2.0 0.0 -3.0 -1.0 -1.0 213.0 -4.0 -2.0 0.0 -3.0 -4.0 -2.0 -2.0 -4.0 -1.0 -4.0 -4.0 -1.0 -2.0 -4.0 0.0 0.0 -4.0 -4.0 -1.0 -1.0 0.0 -3.0 0.0 -4.0 -2.0 0.0 -1.0 -1.0 -2.0 -3.0 0.0 -3.0 -4.0 -2.0 -3.0 0.0 -4.0 -4.0 -3.0 -3.0 0.0 -3.0 -4.0 -1.0 0.0 -1.0 -4.0 -4.0 -2.0 -4.0 -2.0 0.0 -1.0 -3.0 -1.0 -2.0 0.0 -2.0 0.0 0.0 -1.0 0.0 -2.0 -2.0 -3.0 0.0 -1.0 -4.0 -1.0 -2.0 0.0 -1.0 -1.0 -3.0 -1.0 
-3.0 0.0 -1.0 -2.0 -4.0 -2.0 -1.0 -3.0 -2.0 -1.0 -4.0 -3.0 0.0 -1.0 0.0 -4.0 -2.0 -1.0 -4.0 0.0 -3.0 -1.0 -4.0 -2.0 -4.0 0.0 -4.0 -2.0 -3.0 -2.0 -3.0 -3.0 -3.0 -1.0 -2.0 -1.0 -2.0 -4.0 -1.0 -1.0 226.0 -4.0 -1.0 0.0 -2.0 -2.0 -3.0 -2.0 -3.0 -2.0 0.0 -1.0 -4.0 -1.0 -1.0 -1.0 -2.0 0.0 0.0 -2.0 -4.0 -3.0 0.0 -1.0 -1.0 0.0 -4.0 -2.0 -3.0 -4.0 -3.0 -1.0 -2.0 -3.0 -4.0 0.0 -3.0 -2.0 -3.0 -3.0 -2.0 -1.0 -4.0 -2.0 -2.0 -2.0 -4.0 -2.0 -1.0 -1.0 -3.0 0.0 -4.0 0.0 -2.0 0.0 -1.0 -3.0 -4.0 0.0 -3.0 -3.0 -2.0 -4.0 0.0 -1.0 -3.0 -1.0 -1.0 0.0 -4.0 0.0 0.0 -3.0 -2.0 
-3.0 -3.0 -3.0 -3.0 -2.0 -4.0 -4.0 -1.0 0.0 -1.0 -2.0 -3.0 -3.0 -1.0 -3.0 -1.0 0.0 0.0 -4.0 -2.0 -1.0 -3.0 0.0 -2.0 -1.0 -3.0 -2.0 -2.0 0.0 -4.0 -2.0 -3.0 -1.0 -1.0 -2.0 -3.0 -4.0 0.0 -2.0 -1.0 -2.0 222.0 -1.0 -4.0 -1.0 0.0 0.0 -2.0 0.0 0.0 -3.0 -3.0 0.0 -3.0 -4.0 -3.0 -2.0 -4.0 0.0 -1.0 -4.0 0.0 0.0 -1.0 -1.0 -1.0 -3.0 -2.0 -3.0 0.0 0.0 -3.0 -1.0 0.0 -3.0 0.0 -1.0 -2.0 -3.0 -1.0 -4.0 -3.0 0.0 -3.0 -1.0 -4.0 -4.0 -4.0 -3.0 -4.0 0.0 0.0 -3.0 -4.0 -3.0 -4.0 -1.0 -2.0 -2.0 -1.0 0.0 -4.0 0.0 -3.0 -1.0 0.0 -3.0 -1.0 -2.0 0.0 -3.0 -3.0 -4.0 -4.0 -2.0 
-3.0 -3.0 -4.0 -1.0 -3.0 -3.0 -2.0 -3.0 -3.0 -1.0 0.0 -1.0 -1.0 -1.0 -1.0 -1.0 -1.0 -1.0 -2.0 0.0 -2.0 -2.0 -2.0 0.0 -3.0 0.0 0.0 -3.0 -1.0 -3.0 -4.0 0.0 -3.0 -2.0 -4.0 0.0 -1.0 -1.0 -3.0 -4.0 -2.0 -3.0 232.0 -3.0 -3.0 -2.0 -4.0 -3.0 -3.0 -4.0 -4.0 -2.0 -3.0 -2.0 -3.0 -2.0 -1.0 -2.0 -3.0 -4.0 -4.0 0.0 -2.0 -3.0 -1.0 -3.0 -2.0 -3.0 -2.0 -2.0 0.0 0.0 -4.0 -2.0 -1.0 -2.0 0.0 0.0 0.0 -1.0 -1.0 -3.0 0.0 -1.0 -3.0 -4.0 -3.0 -3.0 -1.0 -1.0 -4.0 -1.0 -2.0 0.0 0.0 -3.0 -4.0 -1.0 -4.0 0.0 -1.0 -4.0 0.0 -3.0 -4.0 -4.0 -1.0 -2.0 -3.0 0.0 -2.0 -3.0 -2.0 -2.0 -4.0 
-4.0 0.0 -4.0 -1.0 -4.0 -1.0 -2.0 -2.0 -1.0 -4.0 -2.0 -2.0 -1.0 -3.0 -2.0 -1.0 -4.0 -4.0 0.0 -2.0 -2.0 -3.0 -1.0 -1.0 0.0 -3.0 -2.0 0.0 -4.0 -2.0 -3.0 -2.0 -1.0 0.0 -3.0 0.0 -4.0 0.0 -4.0 -1.0 -1.0 -4.0 -1.0 236.0 0.0 -2.0 0.0 -1.0 -1.0 -3.0 -3.0 -2.0 -1.0 -1.0 -4.0 -3.0 -2.0 -3.0 -3.0 -1.0 -3.0 0.0 -2.0 0.0 -3.0 -2.0 -4.0 -3.0 0.0 -4.0 -1.0 0.0 -4.0 0.0 -4.0 -2.0 0.0 0.0 -4.0 -4.0 -2.0 -4.0 -3.0 -1.0 -4.0 0.0 -2.0 -1.0 -1.0 -3.0 -1.0 -1.0 -1.0 -3.0 -3.0 -2.0 -4.0 0.0 -4.0 -3.0 0.0 0.0 -4.0 -4.0 -1.0 -4.0 -4.0 -1.0 -3.0 -2.0 -4.0 -2.0 -3.0 -3.0 -2.0 
0.0 -1.0 0.0 0.0 -2.0 -1.0 -4.0 -2.0 -3.0 0.0 -4.0 0.0 -1.0 0.0 -1.0 -3.0 -3.0 -1.0 0.0 -4.0 -4.0 -1.0 -4.0 -4.0 -3.0 -3.0 -2.0 -1.0 -4.0 -2.0 -1.0 -4.0 -3.0 -3.0 -3.0 -2.0 -1.0 -3.0 -2.0 -2.0 -3.0 -1.0 -2.0 -1.0 247.0 -1.0 -2.0 -2.0 -4.0 -4.0 0.0 -3.0 -3.0 -3.0 -4.0 -3.0 -4.0 -3.0 -3.0 0.0 -4.0 -3.0 -4.0 0.0 -4.0 -2.0 0.0 -3.0 -3.0 -3.0 -1.0 0.0 -1.0 -1.0 -1.0 -2.0 0.0 -4.0 -3.0 -2.0 -2.0 -1.0 -4.0 0.0 0.0 -2.0 -1.0 -4.0 -3.0 -2.0 0.0 -2.0 -4.0 -4.0 -3.0 -1.0 -4.0 -3.0 -4.0 -3.0 -1.0 -3.0 -1.0 -2.0 0.0 0.0 -4.0 -3.0 -1.0 -3.0 -1.0 -4.0 -2.0 -4.0 -2.0 
0.0 -3.0 -1.0 -2.0 -1.0 -3.0 -3.0 -1.0 -2.0 -1.0 -3.0 0.0 -2.0 -2.0 0.0 -1.0 -3.0 -1.0 -1.0 -1.0 -2.0 0.0 -2.0 -4.0 -3.0 -2.0 -3.0 -1.0 -3.0 -3.0 -3.0 -1.0 0.0 -1.0 -1.0 -1.0 0.0 -1.0 -3.0 -1.0 -2.0 -1.0 -4.0 -1.0 0.0 214.0 -3.0 -1.0 -2.0 0.0 -1.0 -3.0 0.0 -2.0 -2.0 -4.0 0.0 -1.0 -3.0 -3.0 -1.0 -1.0 -4.0 -2.0 0.0 0.0 -4.0 0.0 -1.0 -3.0 -1.0 -1.0 -2.0 0.0 -4.0 -3.0 -2.0 -2.0 -1.0 -3.0 -3.0 -3.0 -3.0 -3.0 -4.0 -2.0 -4.0 -4.0 -3.0 -2.0 -3.0 -1.0 -3.0 -4.0 -3.0 -1.0 -3.0 -2.0 -2.0 -4.0 -1.0 -4.0 -1.0 -4.0 -1.0 -1.0 0.0 -4.0 0.0 -1.0 -1.0 0.0 -2.0 0.0 -3.0 
-2.0 0.0 -4.0 -3.0 -2.0 -3.0 -3.0 -4.0 -4.0 -4.0 -3.0 -3.0 -2.0 -4.0 -3.0 -1.0 0.0 0.0 -4.0 0.0 -3.0 0.0 -4.0 -3.0 -1.0 0.0 -3.0 0.0 -2.0 0.0 -4.0 -3.0 -4.0 -2.0 -4.0 -4.0 -3.0 -2.0 -4.0 -1.0 0.0 -1.0 -2.0 -1.0 -2.0 -3.0 249.0 -2.0 -4.0 -2.0 -4.0 -1.0 -1.0 -2.0 -2.0 -1.0 -3.0 -2.0 -2.0 -1.0 -4.0 -3.0 -3.0 -3.0 -4.0 0.0 -3.0 -4.0 0.0 -3.0 -1.0 -4.0 -1.0 -3.0 -2.0 -1.0 -1.0 -3.0 0.0 -1.0 -1.0 -4.0 -1.0 -1.0 -4.0 -2.0 -2.0 0.0 -3.0 0.0 0.0 0.0 -4.0 -1.0 -3.0 -2.0 -3.0 -1.0 -1.0 -4.0 0.0 -4.0 -2.0 -4.0 -2.0 -1.0 -4.0 -3.0 -3.0 -4.0 -2.0 0.0 -2.0 -4.0 -1.0 
-2.0 -4.0 -2.0 -1.0 -4.0 0.0 -1.0 -1.0 -3.0 -2.0 -2.0 -3.0 -1.0 -1.0 -2.0 -2.0 -4.0 -4.0 -1.0 0.0 0.0 0.0 -1.0 -2.0 -1.0 -4.0 -4.0 0.0 -3.0 0.0 -3.0 -1.0 -3.0 -1.0 -3.0 -3.0 -2.0 0.0 -3.0 -4.0 -1.0 -3.0 -2.0 0.0 -3.0 -4.0 -2.0 242.0 -3.0 -2.0 -1.0 -1.0 0.0 -4.0 0.0 -2.0 -4.0 -4.0 -3.0 0.0 -2.0 -3.0 -4.0 -4.0 -1.0 -3.0 -1.0 -3.0 -3.0 -3.0 -4.0 -2.0 -4.0 -3.0 -3.0 -2.0 0.0 0.0 -3.0 -4.0 0.0 -3.0 -3.0 -1.0 0.0 -2.0 -2.0 -2.0 -3.0 -1.0 -4.0 -3.0 -4.0 -2.0 0.0 -2.0 -4.0 -2.0 -3.0 -2.0 -2.0 0.0 -2.0 -4.0 -2.0 -3.0 -2.0 -4.0 -1.0 0.0 -4.0 -1.0 -4.0 0.0 -1.0 
0.0 -3.0 -1.0 0.0 -3.0 -3.0 -4.0 -4.0 0.0 -2.0 -3.0 -2.0 -3.0 -3.0 -1.0 -3.0 0.0 -3.0 -3.0 0.0 -2.0 0.0 -3.0 -3.0 -3.0 0.0 -3.0 -1.0 -1.0 -2.0 -3.0 -3.0 -2.0 -2.0 -4.0 -1.0 -1.0 -3.0 -4.0 -4.0 0.0 -4.0 -3.0 -3.0 0.0 -1.0 0.0 -2.0 224.0 -3.0 0.0 0.0 0.0 -2.0 -2.0 -4.0 -4.0 -1.0 -3.0 0.0 -1.0 -4.0 0.0 -3.0 -2.0 -1.0 -2.0 0.0 0.0 -3.0 0.0 -4.0 0.0 -1.0 -3.0 -1.0 0.0 -3.0 0.0 -1.0 -2.0 -4.0 0.0 0.0 -2.0 -1.0 0.0 -1.0 -4.0 -1.0 -2.0 -4.0 -1.0 -1.0 -4.0 -2.0 -3.0 -4.0 -3.0 -4.0 -2.0 -4.0 -1.0 -3.0 -4.0 -2.0 -1.0 -4.0 -1.0 0.0 -3.0 -1.0 -3.0 -2.0 -3.0 
-2.0 -3.0 -1.0 -3.0 -1.0 -1.0 -2.0 -4.0 -2.0 -4.0 -3.0 -3.0 0.0 -4.0 0.0 -4.0 -1.0 0.0 -2.0 -4.0 -2.0 -4.0 -1.0 -4.0 -1.0 -4.0 0.0 0.0 -4.0 0.0 -4.0 0.0 0.0 0.0 -2.0 -1.0 -4.0 0.0 -4.0 -4.0 -4.0 0.0 -3.0 -1.0 -1.0 -1.0 -4.0 -1.0 -3.0 219.0 -2.0 0.0 -2.0 -1.0 -3.0 0.0 0.0 -3.0 0.0 -1.0 -1.0 0.0 -3.0 -1.0 -3.0 0.0 -1.0 -4.0 -3.0 -3.0 -2.0 -3.0 -4.0 -1.0 -2.0 -4.0 0.0 0.0 -3.0 0.0 -4.0 -3.0 -1.0 -2.0 -2.0 -1.0 -1.0 -3.0 0.0 -1.0 -2.0 -4.0 -1.0 -2.0 -2.0 -1.0 -3.0 -2.0 -3.0 0.0 -2.0 -2.0 -3.0 -3.0 -1.0 -1.0 -4.0 -3.0 -1.0 0.0 -3.0 -3.0 0.0 -4.0 0.0 
-1.0 0.0 0.0 0.0 -3.0 -4.0 -2.0 -4.0 -2.0 -1.0 0.0 -2.0 -2.0 -1.0 -2.0 -1.0 -3.0 -3.0 -3.0 0.0 -2.0 -4.0 -1.0 -2.0 -1.0 0.0 -1.0 -4.0 0.0 -1.0 -4.0 -2.0 -2.0 0.0 0.0 -3.0 -4.0 -1.0 -1.0 0.0 -3.0 0.0 -2.0 0.0 -2.0 -2.0 -3.0 -3.0 -1.0 -3.0 218.0 -2.0 0.0 0.0 -2.0 -2.0 0.0 0.0 -1.0 0.0 0.0 -2.0 -1.0 -3.0 0.0 -4.0 -1.0 -3.0 -3.0 -3.0 -4.0 -1.0 -2.0 -1.0 -3.0 0.0 -4.0 -1.0 -2.0 -3.0 0.0 -3.0 -2.0 -4.0 0.0 0.0 -3.0 -1.0 -4.0 -3.0 -3.0 -4.0 -3.0 -4.0 -1.0 -1.0 -4.0 -1.0 -2.0 -3.0 0.0 -3.0 -3.0 -4.0 -4.0 -3.0 -4.0 -4.0 -1.0 -1.0 -2.0 -4.0 -2.0 -2.0 -1.0 
-2.0 -2.0 -2.0 0.0 -4.0 0.0 -4.0 0.0 -4.0 -3.0 0.0 0.0 -2.0 -1.0 -2.0 -3.0 -1.0 0.0 -3.0 -4.0 -1.0 0.0 0.0 -4.0 -4.0 -4.0 -2.0 -3.0 -4.0 -3.0 -3.0 -3.0 -1.0 -2.0 -2.0 -1.0 -2.0 -4.0 -2.0 0.0 -4.0 -2.0 -2.0 -3.0 -3.0 0.0 -1.0 -2.0 -4.0 0.0 -4.0 227.0 -3.0 -2.0 0.0 -3.0 -2.0 -3.0 -4.0 -4.0 -1.0 -3.0 -3.0 -2.0 0.0 0.0 0.0 -1.0 -4.0 -1.0 -2.0 -4.0 0.0 -3.0 -1.0 -3.0 -2.0 -4.0 -2.0 -1.0 -4.0 0.0 -4.0 -1.0 -2.0 0.0 -2.0 -4.0 -1.0 -3.0 -1.0 -1.0 -3.0 0.0 0.0 -2.0 0.0 -4.0 -2.0 0.0 -2.0 -2.0 -1.0 -2.0 0.0 -4.0 -3.0 -4.0 0.0 -2.0 -3.0 -1.0 0.0 -3.0 -1.0 
-4.0 -3.0 -4.0 -3.0 -1.0 0.0 -3.0 -1.0 -4.0 -1.0 -1.0 -4.0 -2.0 -4.0 -2.0 -3.0 -1.0 -4.0 -2.0 -1.0 -4.0 -3.0 -4.0 -1.0 -1.0 0.0 -3.0 -1.0 0.0 -2.0 0.0 -1.0 -1.0 -2.0 -2.0 0.0 -2.0 -3.0 -4.0 -4.0 -2.0 -1.0 -4.0 -2.0 -3.0 -3.0 -2.0 0.0 0.0 0.0 -3.0 -1.0 239.0 -3.0 -2.0 -2.0 -3.0 -3.0 -2.0 -3.0 0.0 0.0 -2.0 0.0 -1.0 -1.0 0.0 -3.0 -2.0 -1.0 -2.0 -4.0 -4.0 -2.0 -1.0 -4.0 -2.0 -1.0 -3.0 -3.0 -4.0 -3.0 0.0 -1.0 -2.0 -2.0 -1.0 -4.0 -3.0 -4.0 -1.0 -3.0 -3.0 -3.0 -4.0 -4.0 -2.0 -1.0 0.0 -3.0 -1.0 -3.0 -4.0 -3.0 0.0 -3.0 -1.0 0.0 -1.0 -2.0 -2.0 -1.0 -3.0 -2.0 -4.0 
-4.0 -1.0 -1.0 0.0 -4.0 -4.0 -3.0 -1.0 -2.0 -1.0 -2.0 -1.0 -1.0 0.0 -2.0 -4.0 -2.0 -1.0 -1.0 -1.0 -4.0 -4.0 0.0 -3.0 -1.0 -3.0 0.0 0.0 -1.0 -3.0 -3.0 -3.0 -4.0 -4.0 -4.0 -1.0 -4.0 -2.0 0.0 0.0 -4.0 -3.0 -4.0 0.0 -2.0 -4.0 0.0 -4.0 -4.0 -2.0 -2.0 0.0 -3.0 238.0 -2.0 -2.0 -3.0 -3.0 -4.0 0.0 -2.0 -2.0 -3.0 -3.0 -4.0 -1.0 -2.0 -2.0 0.0 -4.0 0.0 -3.0 -3.0 0.0 -2.0 -1.0 -3.0 -3.0 -2.0 -3.0 -2.0 -2.0 -3.0 -2.0 -1.0 0.0 -4.0 -2.0 -3.0 -3.0 0.0 0.0 -3.0 -1.0 -1.0 0.0 -3.0 -4.0 -2.0 0.0 -3.0 -2.0 -3.0 -3.0 -3.0 -2.0 -1.0 -1.0 0.0 -4.0 -4.0 0.0 -1.0 -3.0 -3.0 
-2.0 -1.0 -3.0 -1.0 0.0 -2.0 -4.0 -1.0 -1.0 0.0 0.0 -1.0 -1.0 0.0 -2.0 0.0 -4.0 0.0 0.0 -3.0 -2.0 -3.0 -1.0 -1.0 0.0 -2.0 -2.0 -3.0 -3.0 -3.0 -3.0 -1.0 -4.0 -2.0 -2.0 -2.0 -3.0 -1.0 -2.0 -1.0 -4.0 -3.0 -1.0 -2.0 -2.0 -3.0 -4.0 0.0 -1.0 -3.0 -2.0 -2.0 -2.0 -4.0 225.0 -1.0 -2.0 -3.0 -4.0 0.0 -3.0 0.0 -2.0 -2.0 -4.0 -2.0 -1.0 0.0 -2.0 -4.0 -2.0 -4.0 -1.0 -4.0 -1.0 -1.0 -4.0 -1.0 0.0 0.0 -3.0 -2.0 -3.0 -4.0 -1.0 -2.0 -3.0 -3.0 -1.0 -4.0 -3.0 -3.0 -3.0 0.0 -3.0 -1.0 0.0 -4.0 0.0 -3.0 -2.0 -3.0 -3.0 -3.0 0.0 -3.0 -3.0 0.0 0.0 -3.0 -4.0 0.0 -1.0 -4.0 -2.0 
-1.0 -1.0 -3.0 -1.0 0.0 0.0 0.0 -4.0 0.0 -2.0 0.0 -2.0 -2.0 0.0 0.0 -4.0 -3.0 -4.0 0.0 -4.0 -1.0 -4.0 -3.0 -1.0 -4.0 -2.0 0.0 -3.0 0.0 -2.0 -4.0 -3.0 0.0 -3.0 -1.0 0.0 -2.0 -1.0 -2.0 -4.0 -1.0 -4.0 -1.0 0.0 0.0 -1.0 -4.0 0.0 -3.0 -1.0 -2.0 -2.0 -2.0 -4.0 -2.0 216.0 -3.0 -3.0 0.0 -1.0 -2.0 0.0 -1.0 -1.0 -2.0 -4.0 -2.0 -4.0 -4.0 -2.0 -2.0 -3.0 -2.0 -4.0 -1.0 -1.0 -3.0 -1.0 -2.0 -2.0 -1.0 -1.0 -1.0 -1.0 -3.0 -1.0 -3.0 0.0 -3.0 -4.0 -4.0 -3.0 -4.0 -2.0 -1.0 -2.0 0.0 -1.0 -1.0 -2.0 -4.0 -2.0 -2.0 -1.0 -2.0 -2.0 0.0 -4.0 0.0 -3.0 -3.0 0.0 -1.0 -4.0 -2.0 
-3.0 -3.0 -2.0 0.0 -3.0 -2.0 -1.0 -1.0 -3.0 -1.0 -2.0 -2.0 -3.0 -4.0 -1.0 -1.0 -4.0 -4.0 -3.0 -2.0 -3.0 0.0 -4.0 -3.0 -1.0 -2.0 0.0 -2.0 -1.0 -4.0 0.0 -4.0 -3.0 -3.0 0.0 0.0 0.0 -3.0 0.0 0.0 0.0 -3.0 -4.0 -1.0 -1.0 -3.0 -4.0 -4.0 0.0 -3.0 -4.0 -2.0 -1.0 -3.0 -1.0 0.0 229.0 -2.0 -3.0 -1.0 -2.0 -1.0 -3.0 -4.0 -2.0 -2.0 -3.0 0.0 -1.0 -3.0 -1.0 0.0 0.0 -3.0 -2.0 -4.0 -3.0 -1.0 -4.0 0.0 -4.0 -2.0 -3.0 -1.0 -2.0 0.0 -2.0 -4.0 -1.0 -4.0 -1.0 -3.0 0.0 -4.0 -3.0 -1.0 -1.0 -2.0 0.0 -4.0 -2.0 -1.0 -2.0 -1.0 -2.0 -4.0 -1.0 -2.0 0.0 -3.0 0.0 -3.0 -4.0 -3.0 -2.0 
0.0 -2.0 -3.0 -2.0 -1.0 0.0 -3.0 -3.0 -4.0 -2.0 -1.0 0.0 -2.0 -2.0 -3.0 -2.0 -2.0 -2.0 0.0 -4.0 -1.0 -2.0 -4.0 -3.0 0.0 0.0 -4.0 0.0 -4.0 0.0 -1.0 0.0 -4.0 -2.0 -1.0 0.0 -2.0 -1.0 -2.0 -1.0 -1.0 -2.0 0.0 -1.0 0.0 0.0 -3.0 -4.0 -1.0 0.0 0.0 -4.0 -3.0 -2.0 -2.0 -1.0 0.0 209.0 0.0 -3.0 -3.0 -1.0 0.0 0.0 -2.0 -4.0 -4.0 -4.0 -1.0 -3.0 -1.0 0.0 -1.0 -4.0 -2.0 -1.0 -1.0 -2.0 -2.0 -3.0 -2.0 -4.0 -4.0 -3.0 -1.0 -3.0 0.0 -3.0 -2.0 -2.0 -2.0 -4.0 -3.0 0.0 -4.0 -4.0 -2.0 -1.0 -3.0 -3.0 0.0 0.0 -4.0 0.0 0.0 0.0 -2.0 -3.0 0.0 -4.0 0.0 -4.0 -4.0 -1.0 -1.0 
-1.0 -2.0 -2.0 -3.0 -3.0 -2.0 -2.0 -3.0 -1.0 -3.0 0.0 -4.0 -2.0 0.0 -1.0 0.0 -1.0 0.0 -4.0 -1.0 -4.0 -4.0 0.0 -2.0 -2.0 -4.0 -4.0 -2.0 -4.0 -4.0 -2.0 -2.0 -2.0 -2.0 -2.0 -3.0 -1.0 -1.0 -1.0 -4.0 0.0 -4.0 -1.0 0.0 -4.0 -4.0 -4.0 0.0 0.0 -3.0 -3.0 -4.0 -2.0 -4.0 -3.0 -1.0 -1.0 -3.0 242.0 -4.0 -3.0 0.0 -4.0 -2.0 -1.0 -3.0 -2.0 -2.0 -2.0 0.0 -3.0 -4.0 -2.0 -2.0 -2.0 -1.0 -4.0 -3.0 -2.0 0.0 0.0 0.0 -3.0 -4.0 -2.0 -2.0 0.0 -2.0 0.0 -3.0 -2.0 -1.0 -4.0 0.0 -3.0 -4.0 -2.0 -2.0 -2.0 -3.0 0.0 -3.0 -3.0 -4.0 -4.0 -2.0 -1.0 0.0 -1.0 -4.0 -2.0 -3.0 -1.0 0.0 -3.0 
-2.0 -3.0 -2.0 0.0 -3.0 -3.0 -3.0 -3.0 -2.0 -3.0 -3.0 -4.0 0.0 -1.0 -2.0 -3.0 -2.0 -2.0 -2.0 -4.0 -4.0 -3.0 -2.0 -4.0 -3.0 0.0 -2.0 -1.0 -1.0 -3.0 0.0 -4.0 -3.0 -1.0 -2.0 -3.0 0.0 -4.0 -3.0 -1.0 -1.0 -2.0 -2.0 -4.0 -4.0 -4.0 -4.0 -1.0 0.0 -2.0 -2.0 -4.0 -1.0 -1.0 -1.0 -3.0 -3.0 -1.0 -1.0 253.0 -4.0 -2.0 -4.0 -3.0 -1.0 -2.0 -1.0 -2.0 -1.0 -4.0 -3.0 -4.0 -4.0 -1.0 -1.0 0.0 -3.0 0.0 -3.0 -4.0 -1.0 -3.0 -3.0 -3.0 0.0 -3.0 -3.0 -4.0 -2.0 -3.0 -2.0 -4.0 -1.0 -4.0 0.0 0.0 -3.0 -4.0 0.0 -1.0 -2.0 -3.0 -2.0 -1.0 0.0 -4.0 -1.0 -3.0 -2.0 -2.0 0.0 0.0 -3.0 -4.0 -3.0 
-2.0 -4.0 0.0 0.0 -3.0 -4.0 -3.0 -4.0 -3.0 -1.0 -2.0 -2.0 -1.0 -4.0 -2.0 0.0 -2.0 -2.0 -2.0 -1.0 -3.0 -4.0 -4.0 -1.0 -4.0 -4.0 0.0 0.0 -2.0 -4.0 -1.0 -4.0 0.0 -3.0 -2.0 -3.0 -4.0 -4.0 -4.0 -4.0 -4.0 -4.0 0.0 -1.0 -2.0 0.0 -4.0 -2.0 -4.0 -4.0 -1.0 -3.0 -1.0 -2.0 0.0 -4.0 0.0 -3.0 -2.0 0.0 252.0 -2.0 -2.0 -1.0 -3.0 -4.0 -2.0 -2.0 -4.0 0.0 -3.0 -3.0 -3.0 -3.0 -2.0 -4.0 -3.0 -3.0 -2.0 0.0 -1.0 -4.0 0.0 -4.0 -3.0 -3.0 -1.0 -1.0 -2.0 -3.0 0.0 0.0 -4.0 -2.0 -2.0 -3.0 0.0 -1.0 -4.0 -3.0 -4.0 -2.0 -1.0 0.0 -2.0 -2.0 -3.0 -1.0 -2.0 -2.0 0.0 -2.0 -2.0 -1.0 -3.0 
-1.0 -1.0 0.0 0.0 0.0 -3.0 -2.0 -4.0 -4.0 0.0 -4.0 -1.0 -3.0 -2.0 -4.0 -2.0 -2.0 -4.0 -2.0 -2.0 -2.0 -2.0 -2.0 -4.0 -4.0 -3.0 -4.0 0.0 0.0 -1.0 -4.0 -1.0 -1.0 -2.0 -3.0 0.0 -1.0 -2.0 -1.0 -4.0 -3.0 -3.0 -1.0 0.0 0.0 -1.0 0.0 -2.0 -1.0 -3.0 0.0 -3.0 -4.0 -3.0 -2.0 -1.0 -2.0 -1.0 0.0 -3.0 -3.0 221.0 -3.0 -4.0 -1.0 -4.0 -3.0 0.0 -1.0 -3.0 -3.0 -2.0 -4.0 0.0 -1.0 -2.0 -1.0 -2.0 -4.0 0.0 0.0 -3.0 0.0 -4.0 -4.0 -3.0 0.0 -4.0 -3.0 -1.0 -1.0 -2.0 -3.0 -1.0 -1.0 -4.0 -1.0 0.0 -4.0 -1.0 0.0 -2.0 0.0 -2.0 -2.0 -4.0 -1.0 -3.0 0.0 0.0 0.0 -1.0 -4.0 -3.0 -3.0 
-4.0 -4.0 -3.0 0.0 -1.0 -3.0 -4.0 -2.0 -4.0 0.0 -2.0 -1.0 -1.0 0.0 -4.0 -1.0 -3.0 -1.0 -3.0 0.0 -3.0 -2.0 -2.0 -2.0 -2.0 -3.0 -4.0 -1.0 -2.0 -1.0 -4.0 -4.0 -1.0 -1.0 -3.0 -4.0 0.0 -4.0 -2.0 -3.0 0.0 -3.0 -3.0 0.0 -1.0 -4.0 -1.0 -2.0 -2.0 -3.0 -4.0 -4.0 0.0 -2.0 0.0 -1.0 -3.0 -4.0 -4.0 -4.0 -4.0 -3.0 229.0 -2.0 -1.0 0.0 -4.0 -4.0 -2.0 -2.0 -2.0 0.0 -4.0 -1.0 0.0 0.0 -1.0 -2.0 -3.0 -3.0 -3.0 0.0 0.0 -3.0 -1.0 -4.0 0.0 0.0 -4.0 0.0 0.0 -1.0 -1.0 0.0 -2.0 -4.0 -2.0 -3.0 -1.0 -1.0 -3.0 -3.0 0.0 -2.0 0.0 0.0 -2.0 -2.0 -4.0 0.0 -3.0 -4.0 0.0 0.0 -4.0 
-1.0 -3.0 0.0 -4.0 -4.0 -2.0 -2.0 -4.0 -2.0 -3.0 -2.0 0.0 0.0 -4.0 -3.0 -1.0 -4.0 0.0 -3.0 -1.0 -1.0 -2.0 -3.0 -3.0 0.0 0.0 -4.0 0.0 -2.0 -2.0 -2.0 -2.0 -4.0 -3.0 -1.0 -4.0 -2.0 -3.0 -4.0 0.0 -1.0 -3.0 -4.0 -2.0 -3.0 -4.0 -4.0 -4.0 -1.0 -1.0 -2.0 -2.0 -2.0 -3.0 -2.0 -3.0 -1.0 -1.0 -4.0 0.0 -2.0 -2.0 -4.0 249.0 -2.0 -4.0 -1.0 -4.0 -2.0 -1.0 -3.0 0.0 -2.0 -2.0 -3.0 -3.0 -1.0 -1.0 -2.0 -3.0 -2.0 -4.0 0.0 -4.0 0.0 -3.0 -1.0 0.0 0.0 -3.0 -3.0 -1.0 -2.0 -3.0 0.0 -1.0 -2.0 -4.0 -2.0 0.0 0.0 -2.0 -3.0 -3.0 -3.0 -4.0 -3.0 -3.0 -3.0 -3.0 -1.0 -2.0 -2.0 -4.0 -4.0 
-3.0 -1.0 -1.0 -3.0 -4.0 -1.0 -3.0 -3.0 0.0 -4.0 0.0 -1.0 -2.0 -4.0 -1.0 0.0 -2.0 -2.0 -3.0 -3.0 -3.0 -2.0 -3.0 0.0 -2.0 -3.0 -2.0 -1.0 0.0 0.0 -4.0 -4.0 -1.0 0.0 -3.0 0.0 0.0 0.0 -3.0 0.0 0.0 -1.0 0.0 0.0 0.0 0.0 -4.0 -4.0 -2.0 -4.0 -1.0 -2.0 -4.0 -2.0 -4.0 0.0 0.0 -1.0 0.0 -4.0 -4.0 -4.0 -3.0 -4.0 201.0 -1.0 0.0 -4.0 -4.0 -1.0 -4.0 -1.0 -2.0 -2.0 0.0 -1.0 -2.0 0.0 0.0 -2.0 0.0 -4.0 -2.0 0.0 0.0 -4.0 -1.0 -2.0 -1.0 -1.0 -4.0 0.0 0.0 -1.0 -2.0 0.0 -4.0 -1.0 -2.0 -2.0 -4.0 -2.0 -1.0 -4.0 0.0 0.0 -1.0 -3.0 0.0 -1.0 -4.0 0.0 -4.0 -2.0 0.0 
-3.0 -2.0 -4.0 -1.0 -1.0 -1.0 -1.0 -3.0 -2.0 0.0 0.0 0.0 -3.0 -4.0 -1.0 0.0 -1.0 0.0 -1.0 -3.0 0.0 0.0 -3.0 0.0 -1.0 0.0 -2.0 -2.0 -3.0 -4.0 -4.0 -4.0 -2.0 0.0 -2.0 -1.0 -2.0 0.0 -3.0 0.0 -3.0 0.0 0.0 -3.0 -1.0 -4.0 -2.0 -4.0 -3.0 -1.0 -2.0 0.0 0.0 -2.0 -2.0 -4.0 -4.0 -1.0 -1.0 -3.0 -3.0 0.0 0.0 -2.0 -1.0 211.0 -3.0 0.0 -4.0 -2.0 -2.0 -3.0 -4.0 0.0 -3.0 -3.0 -3.0 -4.0 0.0 -4.0 -3.0 -2.0 -4.0 -1.0 -2.0 -1.0 -4.0 -3.0 0.0 0.0 -1.0 -1.0 -3.0 -4.0 -3.0 -2.0 -1.0 -3.0 0.0 -3.0 -3.0 -1.0 0.0 0.0 -1.0 -2.0 0.0 -4.0 -4.0 -4.0 0.0 -3.0 -2.0 -1.0 0.0 
-1.0 -4.0 -1.0 -3.0 -1.0 -2.0 0.0 -1.0 -4.0 -2.0 -1.0 -2.0 -4.0 -1.0 -3.0 -4.0 0.0 0.0 0.0 -4.0 -4.0 -2.0 -3.0 0.0 -1.0 -3.0 -4.0 -1.0 -4.0 0.0 0.0 0.0 -3.0 -4.0 -1.0 -1.0 -3.0 -3.0 -1.0 -4.0 -3.0 0.0 -2.0 0.0 -4.0 -3.0 -1.0 -4.0 0.0 -3.0 -3.0 -3.0 -1.0 -1.0 -2.0 -2.0 0.0 -4.0 -4.0 0.0 -2.0 -1.0 -1.0 -1.0 -1.0 -1.0 231.0 -2.0 -2.0 -2.0 0.0 -2.0 -3.0 0.0 -3.0 -4.0 -1.0 -4.0 0.0 -4.0 -3.0 -1.0 -4.0 -2.0 -4.0 -1.0 -4.0 -3.0 -3.0 -3.0 -4.0 -3.0 0.0 -2.0 -4.0 -1.0 -3.0 0.0 -3.0 -3.0 -1.0 -2.0 -4.0 -2.0 0.0 0.0 -4.0 -2.0 -3.0 -3.0 0.0 0.0 -2.0 0.0 -3.0 
-3.0 -2.0 -4.0 -1.0 -3.0 -3.0 -1.0 -2.0 0.0 -1.0 -3.0 0.0 0.0 0.0 -3.0 -1.0 -3.0 0.0 -2.0 0.0 -1.0 -1.0 -1.0 -3.0 -2.0 0.0 -3.0 0.0 0.0 -2.0 -4.0 -1.0 0.0 -2.0 -2.0 -1.0 -3.0 -2.0 -3.0 0.0 -3.0 -4.0 -1.0 -3.0 -1.0 0.0 -3.0 -2.0 -1.0 -2.0 0.0 -1.0 -1.0 -4.0 -3.0 -3.0 0.0 -2.0 -1.0 0.0 -4.0 -1.0 -1.0 0.0 -1.0 0.0 0.0 206.0 -1.0 -4.0 0.0 -1.0 0.0 -2.0 -4.0 -2.0 -4.0 0.0 -4.0 -4.0 -1.0 -1.0 -3.0 -1.0 -4.0 -3.0 -3.0 -4.0 0.0 -4.0 0.0 -3.0 -4.0 -1.0 0.0 -1.0 -2.0 -2.0 -1.0 -4.0 0.0 -1.0 -1.0 -4.0 -4.0 0.0 -3.0 -2.0 -3.0 -2.0 -1.0 -2.0 -3.0 -4.0 -3.0 
-2.0 -1.0 -4.0 -3.0 -4.0 -2.0 -1.0 0.0 -4.0 -3.0 -2.0 -4.0 0.0 -3.0 -1.0 0.0 -3.0 -2.0 -2.0 -3.0 -4.0 -1.0 0.0 -1.0 -2.0 -3.0 -2.0 -2.0 -2.0 0.0 -1.0 -1.0 -3.0 -2.0 -1.0 -1.0 -4.0 -1.0 -3.0 -2.0 0.0 -1.0 -4.0 0.0 -2.0 -3.0 0.0 -4.0 -2.0 -4.0 -1.0 -3.0 -4.0 -2.0 -4.0 0.0 -1.0 0.0 -2.0 0.0 0.0 -3.0 -3.0 0.0 -1.0 -4.0 0.0 -4.0 231.0 0.0 -2.0 -3.0 -1.0 0.0 -3.0 -1.0 -4.0 0.0 -1.0 -4.0 -2.0 -4.0 -2.0 -4.0 0.0 -2.0 -4.0 -4.0 -4.0 -4.0 -4.0 -2.0 -4.0 -2.0 -3.0 -4.0 -4.0 -3.0 -1.0 -1.0 -2.0 -1.0 0.0 -2.0 -2.0 -2.0 -4.0 0.0 -4.0 0.0 -3.0 0.0 -1.0 0.0 -1.0 
-3.0 -3.0 -3.0 -2.0 -3.0 -1.0 -1.0 -1.0 0.0 -1.0 -3.0 -4.0 -2.0 -4.0 0.0 -4.0 -2.0 -1.0 -4.0 0.0 -4.0 0.0 -4.0 -2.0 -3.0 -3.0 0.0 -4.0 -2.0 -1.0 0.0 -1.0 0.0 -1.0 -3.0 -4.0 0.0 -1.0 -3.0 -1.0 0.0 -1.0 -3.0 0.0 -2.0 -4.0 -2.0 -2.0 -2.0 -4.0 -2.0 -4.0 -3.0 -1.0 -4.0 -2.0 -4.0 -2.0 -2.0 0.0 -3.0 0.0 -4.0 -1.0 -1.0 0.0 -2.0 -1.0 -2.0 219.0 0.0 -4.0 -2.0 0.0 0.0 0.0 -1.0 -4.0 -1.0 -1.0 0.0 -4.0 -4.0 0.0 -4.0 -4.0 -2.0 -3.0 -3.0 0.0 -4.0 0.0 -1.0 -1.0 0.0 -3.0 -1.0 -2.0 -4.0 -2.0 0.0 -3.0 0.0 0.0 -3.0 -4.0 -4.0 -1.0 -3.0 -3.0 -4.0 -1.0 0.0 -1.0 0.0 
-1.0 -3.0 0.0 0.0 0.0 -1.0 -3.0 -1.0 -2.0 -2.0 -4.0 0.0 -3.0 -3.0 0.0 -3.0 0.0 -4.0 -1.0 0.0 -4.0 -2.0 -3.0 -2.0 -1.0 -3.0 -4.0 -2.0 -1.0 -3.0 -4.0 -1.0 -4.0 -3.0 -3.0 0.0 0.0 -4.0 -1.0 -2.0 0.0 -4.0 0.0 -4.0 -1.0 -3.0 -4.0 -2.0 -1.0 -4.0 0.0 0.0 -3.0 -2.0 -1.0 -3.0 0.0 0.0 0.0 -1.0 -1.0 0.0 -1.0 -2.0 -3.0 -4.0 -1.0 -4.0 -3.0 0.0 227.0 -3.0 -4.0 -3.0 -2.0 -1.0 -4.0 -2.0 -3.0 -1.0 -2.0 -4.0 -2.0 -3.0 -2.0 -1.0 -2.0 -4.0 -4.0 -3.0 0.0 -2.0 -4.0 -3.0 0.0 -3.0 -3.0 0.0 -3.0 -1.0 -1.0 0.0 -2.0 0.0 -3.0 -4.0 -3.0 -2.0 -1.0 0.0 -2.0 -4.0 0.0 -4.0 -2.0 
-3.0 0.0 -2.0 -3.0 -3.0 -3.0 -3.0 -3.0 -2.0 -4.0 -1.0 -4.0 -1.0 -1.0 0.0 -2.0 -4.0 -3.0 -2.0 -4.0 -4.0 0.0 -1.0 -2.0 0.0 -4.0 0.0 -2.0 0.0 0.0 0.0 -3.0 -1.0 -4.0 -3.0 0.0 -3.0 -2.0 -2.0 0.0 0.0 0.0 -4.0 -1.0 -1.0 0.0 -2.0 -3.0 -3.0 -4.0 0.0 -1.0 -2.0 -3.0 -3.0 0.0 -3.0 -2.0 -1.0 -2.0 -1.0 -4.0 -2.0 0.0 0.0 -2.0 -2.0 -1.0 -2.0 -1.0 -2.0 212.0 -2.0 -1.0 -2.0 -2.0 0.0 0.0 -3.0 -4.0 -4.0 -2.0 -1.0 -4.0 -4.0 -1.0 0.0 -2.0 -4.0 -2.0 -1.0 -4.0 0.0 0.0 -2.0 0.0 0.0 -3.0 -4.0 -4.0 0.0 -2.0 -1.0 -2.0 -4.0 -3.0 0.0 -4.0 -4.0 -1.0 0.0 0.0 0.0 -1.0 -3.0 
-1.0 0.0 -3.0 -1.0 -3.0 -2.0 -1.0 -1.0 -3.0 -1.0 -1.0 0.0 0.0 -4.0 -3.0 -3.0 -4.0 -4.0 0.0 -2.0 -3.0 -3.0 -2.0 -4.0 -4.0 -2.0 -3.0 -3.0 -1.0 -3.0 -2.0 0.0 -3.0 -1.0 -2.0 -3.0 -4.0 0.0 0.0 -4.0 -3.0 0.0 -1.0 -2.0 -3.0 -3.0 -1.0 -3.0 -1.0 0.0 -1.0 0.0 -2.0 -1.0 -2.0 -3.0 -3.0 -1.0 -3.0 -3.0 -4.0 -2.0 0.0 0.0 -1.0 0.0 -3.0 0.0 -3.0 -2.0 -4.0 -4.0 227.0 -1.0 -1.0 -2.0 -1.0 -4.0 -3.0 0.0 0.0 -2.0 -2.0 0.0 -1.0 -4.0 -4.0 -1.0 -1.0 -2.0 0.0 0.0 -3.0 -3.0 -3.0 -3.0 -4.0 0.0 -4.0 -2.0 0.0 -4.0 0.0 -3.0 -3.0 -4.0 -3.0 -3.0 -3.0 0.0 -3.0 0.0 -1.0 -4.0 -2.0 
-3.0 -4.0 -1.0 -4.0 -2.0 -4.0 -3.0 0.0 -1.0 -2.0 0.0 0.0 -2.0 -2.0 -2.0 -3.0 -4.0 -4.0 0.0 0.0 -1.0 -2.0 -2.0 0.0 0.0 -2.0 -1.0 -2.0 -2.0 -3.0 -3.0 -1.0 -1.0 0.0 -3.0 -4.0 0.0 -4.0 -1.0 -2.0 0.0 -4.0 -2.0 -2.0 0.0 -4.0 -3.0 -1.0 -2.0 -4.0 -1.0 0.0 0.0 -4.0 -3.0 -1.0 -4.0 -4.0 -2.0 0.0 -2.0 -3.0 -2.0 -2.0 -3.0 -2.0 0.0 -3.0 -1.0 -1.0 -4.0 -2.0 -3.0 218.0 0.0 0.0 0.0 -3.0 0.0 0.0 -1.0 -3.0 -2.0 -3.0 -2.0 -2.0 0.0 -2.0 -3.0 0.0 -2.0 -1.0 0.0 -3.0 -2.0 -3.0 -3.0 -1.0 -3.0 -4.0 -3.0 -4.0 -1.0 -2.0 -3.0 -1.0 -2.0 -4.0 -2.0 -4.0 -2.0 -1.0 -1.0 -1.0 0.0 
0.0 0.0 -4.0 -1.0 -4.0 -2.0 -2.0 -4.0 0.0 -4.0 -4.0 0.0 -1.0 -1.0 -4.0 0.0 0.0 -1.0 -2.0 0.0 -3.0 -4.0 0.0 -4.0 -4.0 -4.0 -3.0 -4.0 -3.0 -2.0 -3.0 -1.0 -3.0 -3.0 -3.0 -3.0 -3.0 -2.0 -3.0 -1.0 -3.0 -1.0 -2.0 -1.0 -2.0 0.0 0.0 -1.0 -3.0 -4.0 -4.0 -4.0 -2.0 -4.0 -4.0 -2.0 0.0 -2.0 0.0 0.0 -2.0 -1.0 -1.0 -4.0 -2.0 -1.0 0.0 -2.0 0.0 -3.0 0.0 -3.0 -2.0 -3.0 234.0 -2.0 0.0 -2.0 -3.0 -2.0 -3.0 -1.0 0.0 -3.0 -4.0 -4.0 -4.0 -1.0 -3.0 -3.0 -2.0 -4.0 -1.0 -2.0 -2.0 -1.0 -1.0 -4.0 -1.0 0.0 -3.0 0.0 -2.0 -2.0 -2.0 -1.0 -4.0 -2.0 -3.0 -3.0 -1.0 0.0 -3.0 -1.0 -1.0 
0.0 -1.0 -3.0 -2.0 -3.0 -1.0 -3.0 -1.0 -2.0 -2.0 -2.0 -2.0 -2.0 -3.0 -2.0 0.0 -3.0 -2.0 -4.0 -2.0 -2.0 -1.0 -4.0 -1.0 0.0 -2.0 -2.0 -2.0 0.0 0.0 -4.0 -1.0 -1.0 -2.0 -1.0 -4.0 -4.0 -4.0 -1.0 0.0 0.0 -1.0 -2.0 -3.0 -4.0 -3.0 -4.0 -1.0 -2.0 -4.0 -2.0 -1.0 -2.0 -1.0 0.0 0.0 -3.0 -4.0 0.0 -3.0 -2.0 -3.0 -4.0 -1.0 0.0 -1.0 -1.0 -1.0 -4.0 -1.0 0.0 -4.0 -2.0 -2.0 0.0 214.0 -2.0 -2.0 -4.0 -2.0 -1.0 -1.0 0.0 -3.0 -1.0 -1.0 0.0 -4.0 0.0 0.0 -1.0 0.0 -1.0 -2.0 -3.0 -1.0 0.0 -4.0 -2.0 -4.0 0.0 -3.0 -1.0 -4.0 -2.0 -4.0 -2.0 0.0 -2.0 -3.0 -3.0 -2.0 -4.0 0.0 -3.0 
0.0 -4.0 -2.0 -2.0 -2.0 0.0 -3.0 -2.0 -3.0 0.0 -2.0 -1.0 -4.0 -2.0 -4.0 -1.0 -3.0 -3.0 0.0 -1.0 -1.0 0.0 -4.0 0.0 -4.0 -4.0 0.0 -3.0 -4.0 -2.0 0.0 -1.0 0.0 -4.0 -2.0 -4.0 -4.0 -4.0 0.0 -3.0 -2.0 -2.0 -2.0 -2.0 -1.0 -3.0 -2.0 -4.0 -4.0 -3.0 -3.0 -3.0 -3.0 -4.0 -3.0 -1.0 -4.0 -4.0 0.0 -2.0 0.0 -2.0 0.0 -1.0 -3.0 -3.0 0.0 0.0 0.0 -3.0 -2.0 0.0 -2.0 -2.0 -1.0 0.0 231.0 -2.0 0.0 -3.0 -3.0 -2.0 -3.0 -2.0 -3.0 -2.0 -1.0 -4.0 -2.0 -2.0 -2.0 -2.0 -3.0 -2.0 -3.0 -3.0 0.0 -1.0 -2.0 0.0 0.0 -4.0 -1.0 -2.0 0.0 -4.0 -3.0 0.0 0.0 -2.0 -3.0 -3.0 -3.0 -2.0 -3.0 
-3.0 -2.0 -1.0 -3.0 -3.0 -1.0 0.0 -2.0 -2.0 -2.0 -4.0 -1.0 -3.0 -1.0 0.0 0.0 -4.0 -2.0 0.0 -4.0 -2.0 -1.0 -1.0 -3.0 0.0 -2.0 -2.0 -4.0 -1.0 -3.0 -2.0 -2.0 0.0 -3.0 -2.0 -1.0 -4.0 0.0 0.0 -1.0 0.0 -1.0 -1.0 0.0 -1.0 -2.0 -2.0 -3.0 0.0 -4.0 -2.0 -4.0 -2.0 0.0 -2.0 -2.0 -4.0 0.0 -3.0 0.0 -1.0 -4.0 -1.0 -2.0 0.0 -2.0 -3.0 0.0 -1.0 -4.0 -4.0 -2.0 0.0 -3.0 0.0 -4.0 -3.0 206.0 -4.0 -1.0 -1.0 0.0 -4.0 -3.0 -4.0 -4.0 -1.0 -2.0 -4.0 0.0 0.0 -2.0 -1.0 -1.0 -3.0 -3.0 0.0 -1.0 -2.0 -4.0 -1.0 -3.0 0.0 0.0 -4.0 -1.0 0.0 -2.0 -3.0 -1.0 -2.0 -1.0 -1.0 0.0 -3.0 
-1.0 -1.0 -4.0 0.0 -1.0 -4.0 -3.0 -1.0 -1.0 -3.0 -1.0 -2.0 0.0 -4.0 -3.0 -2.0 -4.0 -1.0 -4.0 0.0 -1.0 -3.0 -1.0 -3.0 -3.0 -2.0 0.0 -1.0 -2.0 0.0 -2.0 -3.0 -4.0 -2.0 -3.0 -3.0 -4.0 -1.0 0.0 -2.0 -2.0 0.0 -3.0 -3.0 -3.0 -4.0 -1.0 -2.0 0.0 -3.0 -4.0 -3.0 -3.0 -3.0 -1.0 -1.0 -4.0 -3.0 -1.0 -2.0 -1.0 -1.0 -3.0 -3.0 0.0 -1.0 0.0 -2.0 -3.0 -2.0 -3.0 -1.0 0.0 0.0 0.0 -1.0 -1.0 0.0 202.0 -4.0 -1.0 -3.0 -2.0 0.0 -1.0 -4.0 -1.0 -1.0 -1.0 -1.0 0.0 -1.0 0.0 -1.0 -1.0 -2.0 -3.0 -3.0 -1.0 -1.0 -3.0 0.0 -1.0 -3.0 -2.0 -3.0 -2.0 0.0 -1.0 -1.0 -2.0 -1.0 -2.0 0.0 -1.0 
-3.0 0.0 -4.0 -4.0 -4.0 -3.0 -1.0 -3.0 -3.0 0.0 0.0 -2.0 0.0 -1.0 -4.0 -3.0 0.0 -4.0 -2.0 -3.0 0.0 -2.0 -3.0 -3.0 -2.0 -2.0 -4.0 0.0 -2.0 -4.0 -3.0 -1.0 -3.0 -1.0 0.0 0.0 -1.0 -3.0 -4.0 -1.0 -1.0 0.0 -3.0 -2.0 0.0 -2.0 -1.0 -4.0 -2.0 -1.0 -1.0 -2.0 -4.0 -2.0 -4.0 -4.0 -3.0 -1.0 0.0 -1.0 -1.0 -1.0 -3.0 -3.0 0.0 -1.0 -3.0 0.0 -4.0 -1.0 0.0 0.0 -4.0 -4.0 -4.0 -3.0 -4.0 -4.0 -3.0 235.0 -2.0 0.0 -4.0 -1.0 0.0 -4.0 -2.0 -1.0 -3.0 -1.0 -1.0 -4.0 -2.0 -1.0 -2.0 -3.0 -4.0 -2.0 -3.0 -3.0 0.0 0.0 -2.0 0.0 -4.0 -2.0 0.0 -2.0 0.0 -4.0 -2.0 -3.0 -4.0 -2.0 -3.0 
0.0 -2.0 -1.0 -2.0 -2.0 -1.0 -1.0 -1.0 0.0 -4.0 0.0 0.0 -4.0 0.0 -1.0 -1.0 -3.0 -1.0 -2.0 -4.0 -3.0 -2.0 0.0 -4.0 0.0 -3.0 -1.0 -3.0 -4.0 -4.0 -2.0 -2.0 -2.0 0.0 -3.0 -3.0 -3.0 -1.0 -1.0 -3.0 -1.0 -3.0 -4.0 -1.0 -3.0 -3.0 -4.0 -1.0 -2.0 -3.0 -3.0 -4.0 -4.0 -3.0 -4.0 -2.0 -1.0 -4.0 -4.0 -3.0 -4.0 -3.0 -3.0 -4.0 -4.0 -3.0 0.0 -4.0 -1.0 -2.0 -2.0 -4.0 -4.0 -1.0 -1.0 -4.0 -2.0 -2.0 -1.0 -4.0 261.0 -3.0 -1.0 -4.0 -2.0 -4.0 -3.0 0.0 -4.0 -1.0 0.0 -3.0 -4.0 -2.0 -3.0 -2.0 -2.0 -4.0 -1.0 -1.0 -1.0 -4.0 -2.0 -2.0 -4.0 0.0 0.0 -2.0 -3.0 -4.0 0.0 -4.0 -4.0 0.0 -3.0 
-2.0 0.0 -1.0 0.0 -2.0 0.0 0.0 -3.0 -1.0 0.0 -3.0 -2.0 0.0 0.0 -3.0 -3.0 -2.0 -2.0 -4.0 -1.0 0.0 -1.0 -4.0 -3.0 -2.0 -3.0 -3.0 0.0 -4.0 0.0 -4.0 -3.0 -1.0 0.0 -4.0 -1.0 -4.0 0.0 0.0 -3.0 -4.0 -4.0 -1.0 -1.0 -3.0 0.0 -2.0 -2.0 -2.0 -3.0 -3.0 -4.0 -4.0 0.0 -3.0 -2.0 -1.0 0.0 -3.0 -1.0 -3.0 -1.0 -1.0 -1.0 -4.0 0.0 0.0 -2.0 -4.0 0.0 -2.0 -1.0 -3.0 0.0 -3.0 -4.0 -3.0 -4.0 -4.0 -2.0 0.0 217.0 -3.0 -4.0 0.0 0.0 -2.0 -3.0 -3.0 0.0 -3.0 -2.0 -2.0 -1.0 -1.0 -2.0 -1.0 0.0 -4.0 -1.0 -4.0 -3.0 -2.0 -2.0 -3.0 0.0 -4.0 -2.0 -4.0 0.0 -1.0 -1.0 -1.0 0.0 -4.0 
-1.0 0.0 -4.0 0.0 0.0 -2.0 -2.0 0.0 0.0 -2.0 0.0 -4.0 -1.0 -3.0 -2.0 -4.0 -3.0 -3.0 -1.0 -3.0 -2.0 -3.0 -2.0 -1.0 -1.0 0.0 -3.0 0.0 0.0 -1.0 -2.0 -2.0 -2.0 -3.0 -3.0 -1.0 0.0 -3.0 -1.0 -3.0 0.0 -1.0 -4.0 -2.0 0.0 -1.0 -1.0 -3.0 0.0 -3.0 -4.0 0.0 0.0 -2.0 0.0 -4.0 -2.0 -4.0 -2.0 -3.0 -4.0 -1.0 -3.0 -4.0 -4.0 -2.0 -3.0 -2.0 0.0 -3.0 0.0 -2.0 0.0 -1.0 -3.0 -2.0 -2.0 -2.0 -4.0 -2.0 -1.0 0.0 208.0 -2.0 -4.0 -1.0 -4.0 -3.0 0.0 0.0 -2.0 -1.0 -4.0 -2.0 -1.0 -1.0 0.0 -4.0 -2.0 -2.0 -1.0 -1.0 0.0 -2.0 -4.0 -3.0 -4.0 -2.0 0.0 0.0 -2.0 -4.0 -3.0 0.0 0.0 
-2.0 -2.0 0.0 -3.0 0.0 -1.0 -3.0 -1.0 -2.0 0.0 0.0 -1.0 0.0 -2.0 -1.0 0.0 -2.0 -1.0 -2.0 -4.0 -4.0 -1.0 0.0 -2.0 -4.0 -2.0 -1.0 -1.0 -2.0 -2.0 -1.0 -3.0 -2.0 0.0 -4.0 -3.0 -4.0 -2.0 -1.0 -3.0 -4.0 0.0 -1.0 -3.0 -2.0 -1.0 -3.0 -4.0 -3.0 -2.0 -3.0 -1.0 -2.0 -1.0 -4.0 0.0 -4.0 -1.0 -4.0 -1.0 0.0 -2.0 0.0 -1.0 -2.0 -4.0 -3.0 -3.0 -3.0 -4.0 -1.0 -3.0 -3.0 -2.0 -1.0 0.0 -1.0 -3.0 -1.0 -4.0 -2.0 -1.0 -3.0 230.0 -3.0 -1.0 -4.0 -4.0 -2.0 -3.0 -4.0 -4.0 -4.0 0.0 -2.0 0.0 -3.0 -4.0 -2.0 -1.0 0.0 -1.0 -3.0 -3.0 -4.0 -1.0 -1.0 0.0 -1.0 -4.0 -3.0 -2.0 -2.0 0.0 -4.0 
-1.0 0.0 0.0 -4.0 -2.0 0.0 -1.0 0.0 0.0 -1.0 0.0 0.0 -4.0 0.0 -4.0 -3.0 -4.0 0.0 0.0 -2.0 -4.0 -2.0 -4.0 -3.0 -2.0 -4.0 -1.0 -4.0 -2.0 -2.0 -2.0 0.0 -1.0 -1.0 -1.0 -3.0 -3.0 0.0 -3.0 -2.0 -4.0 -3.0 -4.0 -2.0 -2.0 -1.0 -1.0 0.0 -1.0 -2.0 -1.0 -2.0 -3.0 -3.0 -2.0 -4.0 0.0 -4.0 -1.0 -1.0 -4.0 -2.0 0.0 0.0 -2.0 0.0 -2.0 0.0 -2.0 -3.0 -4.0 0.0 -4.0 -1.0 -1.0 -2.0 -3.0 -2.0 -1.0 -3.0 -3.0 -2.0 -2.0 0.0 219.0 -2.0 -3.0 -3.0 -4.0 -4.0 -2.0 -3.0 -1.0 -3.0 -2.0 -4.0 0.0 0.0 0.0 -4.0 -2.0 -1.0 -1.0 -1.0 -2.0 -1.0 -1.0 0.0 -4.0 -4.0 -3.0 -2.0 -1.0 -4.0 -3.0 
-4.0 -2.0 -2.0 -3.0 -4.0 -1.0 -2.0 -3.0 -1.0 -2.0 0.0 -4.0 -2.0 -2.0 -1.0 -1.0 -1.0 -2.0 -3.0 -3.0 -4.0 -2.0 -3.0 0.0 -3.0 -4.0 -2.0 0.0 -3.0 -2.0 0.0 -1.0 -4.0 -2.0 -3.0 -3.0 -2.0 -1.0 -1.0 -3.0 -3.0 -2.0 -3.0 -2.0 -4.0 -1.0 -3.0 0.0 -4.0 -4.0 -1.0 -4.0 -4.0 -1.0 0.0 -4.0 -3.0 -2.0 -1.0 -3.0 -3.0 0.0 -4.0 -3.0 -1.0 -1.0 0.0 0.0 -3.0 -1.0 -1.0 -3.0 -1.0 -4.0 -2.0 0.0 0.0 -3.0 -1.0 -4.0 0.0 -1.0 0.0 -2.0 0.0 219.0 -2.0 -1.0 -3.0 -3.0 -1.0 0.0 0.0 -3.0 0.0 0.0 -1.0 -4.0 -1.0 -1.0 -1.0 0.0 -3.0 -1.0 -2.0 0.0 -1.0 -2.0 -4.0 0.0 -4.0 -3.0 -4.0 -1.0 0.0 
0.0 0.0 -2.0 -4.0 -2.0 -1.0 -1.0 0.0 -1.0 -1.0 -2.0 -3.0 -2.0 -4.0 -2.0 -1.0 -3.0 -3.0 0.0 -4.0 -3.0 0.0 0.0 -4.0 -2.0 0.0 -4.0 -4.0 -1.0 -4.0 -2.0 -1.0 0.0 0.0 -3.0 -2.0 -2.0 0.0 -1.0 -3.0 -3.0 -4.0 -2.0 0.0 0.0 -3.0 -2.0 -3.0 0.0 -1.0 -3.0 -1.0 0.0 -4.0 -1.0 -4.0 -3.0 0.0 0.0 -2.0 -3.0 -3.0 0.0 -2.0 -1.0 -4.0 -2.0 -4.0 -3.0 0.0 -1.0 -4.0 -2.0 -3.0 -2.0 -4.0 -2.0 -3.0 -4.0 0.0 0.0 -1.0 -2.0 -1.0 -2.0 -1.0 203.0 -4.0 -1.0 0.0 -2.0 0.0 0.0 0.0 0.0 -3.0 -1.0 -2.0 -3.0 0.0 -3.0 -1.0 -2.0 0.0 -3.0 0.0 -3.0 0.0 -3.0 -3.0 0.0 0.0 -2.0 -1.0 -4.0 
-3.0 -1.0 -4.0 0.0 -2.0 -3.0 -3.0 0.0 -2.0 -1.0 0.0 -3.0 -1.0 0.0 0.0 -1.0 0.0 -2.0 0.0 0.0 -1.0 0.0 0.0 -1.0 -1.0 0.0 -4.0 -2.0 0.0 0.0 0.0 -4.0 -4.0 0.0 -2.0 -4.0 -2.0 -2.0 -1.0 -2.0 -1.0 0.0 -4.0 0.0 -3.0 -2.0 0.0 -2.0 -2.0 0.0 -4.0 0.0 -3.0 -3.0 -2.0 0.0 -1.0 -2.0 0.0 0.0 -1.0 -2.0 -2.0 -3.0 -1.0 -3.0 0.0 -1.0 -3.0 -1.0 -3.0 -1.0 -1.0 -2.0 -4.0 -4.0 0.0 -2.0 0.0 -2.0 -3.0 -1.0 -1.0 0.0 -3.0 -4.0 -1.0 198.0 -1.0 -4.0 -3.0 -1.0 -1.0 -3.0 -3.0 -4.0 0.0 -1.0 -1.0 -2.0 -4.0 -1.0 -2.0 -3.0 -2.0 -1.0 -3.0 -4.0 -4.0 -2.0 -2.0 -3.0 -4.0 -2.0 -3.0 
-2.0 -3.0 -1.0 0.0 -4.0 -3.0 -3.0 -3.0 0.0 -4.0 -3.0 -4.0 0.0 -1.0 0.0 -2.0 0.0 -2.0 -2.0 -3.0 0.0 -1.0 -1.0 0.0 -1.0 -4.0 -3.0 -2.0 -4.0 -3.0 -3.0 -2.0 -3.0 -1.0 -1.0 -3.0 0.0 -1.0 -4.0 -1.0 -4.0 -2.0 -4.0 0.0 -2.0 -4.0 -4.0 -2.0 -2.0 -2.0 0.0 -2.0 -1.0 -4.0 -3.0 0.0 0.0 0.0 -2.0 -1.0 -1.0 0.0 0.0 -1.0 0.0 -3.0 0.0 -1.0 -4.0 0.0 -4.0 -4.0 0.0 0.0 -1.0 -3.0 -1.0 0.0 -1.0 0.0 0.0 -1.0 0.0 -1.0 -4.0 -1.0 -4.0 -1.0 215.0 -3.0 0.0 -2.0 -2.0 -4.0 -3.0 -1.0 -4.0 0.0 -1.0 -4.0 -3.0 -3.0 -1.0 -4.0 -4.0 -4.0 -1.0 -1.0 -2.0 -3.0 -3.0 -3.0 -2.0 -2.0 -2.0 
-3.0 -3.0 -4.0 -1.0 -1.0 -4.0 -3.0 0.0 -2.0 -1.0 -1.0 -2.0 -3.0 0.0 0.0 -2.0 -4.0 -4.0 -2.0 -4.0 -3.0 -2.0 -1.0 -3.0 -2.0 -1.0 0.0 0.0 0.0 0.0 -4.0 -1.0 -4.0 -2.0 -3.0 -1.0 -2.0 -4.0 -1.0 0.0 -4.0 -2.0 -2.0 -4.0 -2.0 -3.0 -4.0 -2.0 -3.0 -2.0 -1.0 -1.0 -4.0 -4.0 0.0 -2.0 -3.0 -3.0 -1.0 -4.0 -1.0 -1.0 -3.0 -2.0 -4.0 -2.0 -3.0 -2.0 -2.0 0.0 -4.0 -3.0 -1.0 0.0 -1.0 -4.0 0.0 -1.0 -4.0 0.0 -2.0 0.0 0.0 -3.0 -2.0 -3.0 -2.0 -4.0 0.0 218.0 -2.0 0.0 0.0 -4.0 -4.0 -1.0 -2.0 0.0 0.0 0.0 -1.0 -1.0 0.0 -3.0 -2.0 -1.0 -3.0 -1.0 -3.0 0.0 -2.0 0.0 0.0 -3.0 -2.0 
-2.0 -1.0 0.0 -4.0 -4.0 -1.0 -4.0 -1.0 -2.0 -1.0 -1.0 -3.0 0.0 -2.0 0.0 -3.0 -3.0 -2.0 -4.0 -4.0 -1.0 -1.0 0.0 -3.0 -1.0 0.0 -4.0 -4.0 -1.0 0.0 -4.0 -4.0 -3.0 -1.0 -1.0 -4.0 -1.0 -4.0 -2.0 -1.0 0.0 -3.0 -2.0 -1.0 0.0 -2.0 -4.0 0.0 -1.0 0.0 0.0 0.0 -4.0 -1.0 -3.0 -4.0 -3.0 -3.0 -1.0 -3.0 0.0 -2.0 -1.0 -1.0 0.0 -3.0 -1.0 -2.0 -3.0 -3.0 0.0 -2.0 0.0 0.0 0.0 -3.0 -1.0 -2.0 -1.0 -3.0 -1.0 0.0 -2.0 -2.0 0.0 -4.0 -1.0 -4.0 -1.0 0.0 202.0 -4.0 -1.0 0.0 0.0 -2.0 0.0 0.0 -2.0 0.0 -3.0 -2.0 -3.0 -3.0 -4.0 0.0 -3.0 -2.0 0.0 0.0 0.0 -2.0 -3.0 -4.0 -4.0 
-3.0 -3.0 -3.0 -4.0 -2.0 0.0 -2.0 0.0 -4.0 -4.0 -2.0 -3.0 -2.0 0.0 -4.0 -2.0 0.0 -4.0 -1.0 -4.0 -1.0 -1.0 0.0 -2.0 -2.0 0.0 0.0 0.0 -2.0 -3.0 -3.0 -4.0 -3.0 0.0 -1.0 -2.0 -4.0 -4.0 -1.0 -4.0 -2.0 0.0 -4.0 -3.0 0.0 -2.0 -2.0 -1.0 -2.0 -3.0 -2.0 -4.0 -1.0 -2.0 -2.0 -3.0 -2.0 -1.0 -2.0 -1.0 -2.0 -2.0 -2.0 -2.0 0.0 -1.0 -1.0 -1.0 -3.0 -3.0 0.0 -1.0 -4.0 -4.0 -4.0 -2.0 0.0 -4.0 -3.0 0.0 -4.0 -4.0 -3.0 0.0 0.0 -1.0 -4.0 -3.0 0.0 -1.0 -3.0 232.0 -2.0 -4.0 -4.0 -4.0 0.0 -2.0 0.0 -3.0 -2.0 -1.0 -1.0 -3.0 -4.0 -4.0 0.0 -1.0 -1.0 0.0 0.0 -4.0 -4.0 0.0 -3.0 
0.0 -3.0 -1.0 -1.0 -2.0 -4.0 -4.0 -1.0 -3.0 -4.0 -1.0 -4.0 -2.0 -2.0 -3.0 -4.0 -2.0 -2.0 -3.0 -4.0 -2.0 -4.0 0.0 0.0 -2.0 -3.0 -3.0 -3.0 -1.0 -1.0 -2.0 -2.0 -2.0 -2.0 -2.0 -4.0 -2.0 -1.0 -4.0 -1.0 -2.0 -4.0 -2.0 -4.0 -3.0 0.0 -3.0 0.0 -2.0 0.0 -3.0 -3.0 -3.0 0.0 -4.0 -2.0 -4.0 -3.0 -1.0 -1.0 -2.0 -1.0 -1.0 -3.0 0.0 -2.0 -2.0 -4.0 -1.0 -3.0 -3.0 -4.0 -4.0 -2.0 0.0 -4.0 -2.0 -1.0 -3.0 0.0 0.0 -1.0 0.0 -4.0 -4.0 -4.0 -3.0 -3.0 -3.0 -4.0 -2.0 -2.0 250.0 0.0 -4.0 -2.0 -1.0 -3.0 -2.0 -2.0 -1.0 -3.0 -2.0 0.0 0.0 -3.0 -1.0 0.0 -1.0 -3.0 -2.0 -4.0 -4.0 -4.0 -1.0 
-3.0 -1.0 -1.0 -1.0 -4.0 -1.0 -4.0 0.0 -2.0 -2.0 0.0 -1.0 -2.0 -2.0 -3.0 -2.0 -2.0 -1.0 -2.0 -1.0 -4.0 -3.0 -2.0 0.0 -1.0 -1.0 -4.0 -4.0 0.0 -2.0 -1.0 -2.0 -2.0 0.0 -1.0 -1.0 -4.0 -2.0 -3.0 0.0 0.0 0.0 -1.0 0.0 -2.0 -3.0 -3.0 -3.0 -4.0 -3.0 -3.0 -4.0 -1.0 -4.0 -3.0 -1.0 0.0 -2.0 -2.0 0.0 -1.0 -2.0 -4.0 -3.0 -3.0 -3.0 -3.0 -3.0 0.0 -3.0 0.0 -1.0 -2.0 -2.0 -2.0 -3.0 -2.0 0.0 -3.0 -2.0 -1.0 -3.0 -4.0 -1.0 -3.0 0.0 -2.0 -2.0 -1.0 -3.0 0.0 -2.0 0.0 222.0 -3.0 -1.0 -2.0 -2.0 -3.0 -3.0 -2.0 -2.0 -2.0 -3.0 0.0 -3.0 -2.0 -4.0 -4.0 -3.0 0.0 -1.0 -3.0 -1.0 -3.0 
-1.0 -2.0 -1.0 -3.0 0.0 -3.0 0.0 -3.0 -4.0 0.0 -2.0 -1.0 -2.0 -1.0 -4.0 -2.0 -4.0 -4.0 -4.0 -1.0 -1.0 -2.0 -4.0 -1.0 -4.0 -4.0 0.0 -2.0 -2.0 -1.0 -1.0 -1.0 0.0 -3.0 -3.0 0.0 -2.0 -1.0 -4.0 0.0 -4.0 -1.0 0.0 -1.0 -4.0 -3.0 -1.0 -1.0 -4.0 -1.0 -4.0 -4.0 -1.0 -2.0 -3.0 -3.0 0.0 -4.0 0.0 -3.0 0.0 -2.0 -3.0 -1.0 -4.0 -1.0 -3.0 -2.0 -4.0 -3.0 -3.0 -2.0 -2.0 -3.0 0.0 -3.0 -2.0 -2.0 -2.0 -2.0 -2.0 -3.0 -1.0 -1.0 -3.0 -3.0 -2.0 0.0 0.0 -4.0 0.0 0.0 -2.0 -4.0 223.0 -1.0 -3.0 -2.0 0.0 -1.0 -4.0 -2.0 0.0 -3.0 0.0 -2.0 -3.0 -2.0 -1.0 0.0 0.0 -1.0 -1.0 -4.0 -2.0 
0.0 0.0 -1.0 -3.0 -3.0 -1.0 -4.0 -1.0 -4.0 -2.0 -3.0 -4.0 -3.0 -4.0 -3.0 -4.0 0.0 0.0 -4.0 -2.0 -1.0 -3.0 -4.0 -4.0 -4.0 0.0 -4.0 -3.0 -2.0 -4.0 -4.0 -4.0 -2.0 -4.0 -4.0 -1.0 -4.0 0.0 -2.0 -2.0 0.0 -4.0 -3.0 -1.0 -2.0 -4.0 0.0 -2.0 -4.0 -3.0 -4.0 -4.0 -1.0 -2.0 -4.0 -1.0 -2.0 -3.0 0.0 0.0 -4.0 -3.0 -2.0 -1.0 0.0 -4.0 0.0 -3.0 -3.0 -2.0 -1.0 -4.0 -3.0 -3.0 -1.0 -2.0 -4.0 -3.0 -4.0 -1.0 -4.0 -1.0 -4.0 0.0 0.0 -1.0 -3.0 -4.0 -4.0 -1.0 -3.0 -4.0 -1.0 -1.0 -1.0 275.0 -3.0 -4.0 0.0 -2.0 -1.0 -1.0 -4.0 -4.0 -3.0 -3.0 -4.0 0.0 -3.0 -4.0 -2.0 -4.0 -3.0 -4.0 0.0 
-4.0 -3.0 -4.0 0.0 -2.0 0.0 0.0 -1.0 -3.0 -4.0 -4.0 0.0 0.0 -4.0 0.0 0.0 -2.0 -2.0 -2.0 -1.0 -2.0 -1.0 -1.0 -1.0 0.0 -1.0 -3.0 -3.0 0.0 -4.0 -4.0 -4.0 -3.0 0.0 -2.0 -2.0 -4.0 0.0 -2.0 -1.0 -1.0 0.0 -3.0 -4.0 -3.0 -3.0 0.0 -2.0 -2.0 -3.0 -2.0 -1.0 0.0 -4.0 0.0 -3.0 -2.0 -4.0 -1.0 0.0 -3.0 0.0 -4.0 -3.0 -1.0 -1.0 -4.0 -1.0 -4.0 0.0 0.0 -1.0 -3.0 -3.0 -3.0 0.0 0.0 -3.0 -1.0 -3.0 -4.0 -4.0 0.0 -3.0 -1.0 -2.0 -3.0 -2.0 -3.0 -4.0 -1.0 0.0 0.0 -4.0 -1.0 -3.0 226.0 -3.0 -3.0 -1.0 0.0 -3.0 -2.0 -1.0 0.0 -2.0 -4.0 -4.0 -1.0 -1.0 -4.0 -2.0 -4.0 -3.0 -3.0 
-2.0 -4.0 -1.0 -1.0 0.0 -1.0 -1.0 -4.0 -3.0 -2.0 -1.0 -2.0 -3.0 -1.0 -2.0 0.0 0.0 -4.0 -4.0 -1.0 -2.0 -4.0 -4.0 -1.0 -2.0 -2.0 -2.0 -2.0 0.0 0.0 -3.0 0.0 -4.0 -1.0 0.0 -2.0 0.0 -4.0 0.0 -4.0 -2.0 -4.0 -4.0 -3.0 -1.0 -1.0 0.0 -2.0 -4.0 -1.0 -1.0 -2.0 -3.0 -3.0 -4.0 -1.0 0.0 0.0 -1.0 -2.0 -1.0 -3.0 0.0 0.0 0.0 -3.0 -4.0 -4.0 -1.0 -4.0 -1.0 -2.0 -1.0 -4.0 -2.0 -2.0 -3.0 0.0 -2.0 -4.0 -2.0 -2.0 -1.0 -2.0 -2.0 -4.0 -3.0 -1.0 -4.0 -3.0 0.0 -1.0 -2.0 -4.0 -2.0 -1.0 -1.0 222.0 0.0 -2.0 0.0 -3.0 -3.0 0.0 -2.0 -1.0 -4.0 -1.0 -4.0 -3.0 -4.0 -2.0 -4.0 0.0 0.0 
-3.0 -4.0 -1.0 -2.0 -4.0 -3.0 -4.0 -2.0 -2.0 -2.0 -1.0 -2.0 0.0 0.0 -3.0 -1.0 -4.0 -4.0 0.0 -4.0 0.0 -2.0 -4.0 -1.0 -2.0 0.0 -1.0 -3.0 -4.0 -1.0 0.0 -2.0 -4.0 0.0 -4.0 -4.0 0.0 -1.0 -2.0 0.0 0.0 -4.0 -1.0 -2.0 -3.0 -2.0 -3.0 -2.0 -4.0 -3.0 -1.0 -1.0 -1.0 0.0 -2.0 -4.0 -1.0 -3.0 0.0 -3.0 -3.0 -3.0 -2.0 -1.0 0.0 0.0 -2.0 -3.0 -3.0 -4.0 -2.0 -1.0 -3.0 -1.0 0.0 -2.0 -3.0 0.0 0.0 -1.0 -3.0 -1.0 -3.0 0.0 -1.0 -2.0 -3.0 -4.0 0.0 -3.0 -2.0 -3.0 -3.0 -1.0 -4.0 0.0 -4.0 -2.0 231.0 -2.0 -3.0 -1.0 -4.0 0.0 -3.0 -2.0 -2.0 -1.0 -3.0 -2.0 -4.0 -3.0 -3.0 -2.0 -2.0 
-4.0 -2.0 -4.0 0.0 0.0 -3.0 -2.0 0.0 -4.0 -2.0 -2.0 0.0 -1.0 -2.0 -4.0 -3.0 -1.0 -4.0 -3.0 0.0 -3.0 0.0 -1.0 -3.0 -1.0 0.0 -2.0 -4.0 0.0 -2.0 0.0 -3.0 -3.0 0.0 -2.0 -2.0 -1.0 -2.0 0.0 -2.0 -4.0 0.0 -3.0 -2.0 -1.0 -3.0 -4.0 0.0 -4.0 -3.0 0.0 -3.0 -1.0 -1.0 -1.0 -2.0 -1.0 -2.0 -4.0 -4.0 -2.0 -2.0 0.0 -2.0 -2.0 -2.0 0.0 -1.0 0.0 -4.0 -1.0 -2.0 -1.0 -3.0 -2.0 -1.0 -3.0 -1.0 -3.0 -2.0 -3.0 -3.0 -3.0 0.0 0.0 -1.0 -1.0 -4.0 0.0 -3.0 -2.0 0.0 -3.0 0.0 -3.0 0.0 -3.0 -4.0 -2.0 217.0 -1.0 -1.0 -1.0 -1.0 -1.0 -2.0 -3.0 -2.0 -4.0 -3.0 -2.0 -4.0 -4.0 -4.0 0.0 
-3.0 -3.0 -3.0 -2.0 -4.0 -1.0 -1.0 -1.0 -2.0 -2.0 -3.0 -4.0 -4.0 0.0 -3.0 0.0 -1.0 -4.0 -4.0 -2.0 -3.0 -3.0 0.0 -3.0 -4.0 -3.0 -1.0 -3.0 -1.0 -3.0 -4.0 -3.0 -3.0 -4.0 0.0 -1.0 0.0 -1.0 -1.0 0.0 -4.0 0.0 -2.0 -4.0 -4.0 -4.0 -4.0 0.0 0.0 -3.0 0.0 0.0 -4.0 -4.0 0.0 -2.0 -1.0 -4.0 -4.0 -2.0 -1.0 -1.0 -3.0 -4.0 -1.0 -1.0 -3.0 -1.0 -4.0 -2.0 0.0 -3.0 0.0 0.0 0.0 -2.0 0.0 -3.0 -3.0 0.0 -1.0 -4.0 -3.0 -1.0 -2.0 -2.0 -2.0 0.0 -2.0 -2.0 -1.0 -1.0 -1.0 0.0 0.0 -1.0 -2.0 -3.0 -3.0 -1.0 224.0 -4.0 -2.0 -2.0 -2.0 -1.0 -3.0 -2.0 -1.0 -2.0 -4.0 0.0 -1.0 -2.0 0.0 
-3.0 -2.0 -2.0 -1.0 -2.0 -2.0 -2.0 -3.0 0.0 -3.0 -3.0 -2.0 -4.0 -2.0 -3.0 -3.0 -3.0 0.0 0.0 -3.0 -4.0 -2.0 -1.0 0.0 -4.0 -3.0 0.0 -3.0 -4.0 -4.0 -2.0 0.0 0.0 0.0 -2.0 -3.0 -1.0 0.0 -4.0 0.0 -3.0 -1.0 -3.0 -4.0 0.0 -2.0 -2.0 -4.0 0.0 0.0 -1.0 -1.0 0.0 -2.0 -1.0 -2.0 -1.0 -1.0 -3.0 0.0 -4.0 -1.0 0.0 -1.0 -3.0 -3.0 -3.0 -4.0 -4.0 -1.0 -1.0 0.0 -1.0 -4.0 0.0 -2.0 0.0 -4.0 -4.0 -3.0 -1.0 -1.0 0.0 -4.0 -2.0 0.0 0.0 -3.0 0.0 -4.0 -1.0 -1.0 0.0 0.0 -3.0 -3.0 0.0 0.0 0.0 0.0 -3.0 210.0 -2.0 -2.0 -3.0 0.0 -2.0 -3.0 -3.0 -4.0 -1.0 -4.0 -3.0 -1.0 -2.0 
0.0 0.0 -1.0 -4.0 -2.0 -2.0 -4.0 -1.0 -1.0 -3.0 0.0 -3.0 -1.0 -2.0 -1.0 -1.0 0.0 -4.0 -1.0 -2.0 -4.0 -3.0 -1.0 -3.0 -3.0 -1.0 0.0 -4.0 -2.0 -1.0 -3.0 -1.0 -4.0 -3.0 -2.0 -4.0 -1.0 -3.0 0.0 -1.0 -2.0 -1.0 -2.0 -2.0 0.0 -4.0 -1.0 -4.0 -4.0 -2.0 0.0 -2.0 -4.0 -4.0 -4.0 -1.0 -2.0 -2.0 0.0 -4.0 -2.0 -2.0 -3.0 -3.0 -3.0 -2.0 -4.0 -2.0 -3.0 0.0 -3.0 -1.0 -4.0 -4.0 -4.0 -1.0 0.0 -2.0 -4.0 -3.0 -2.0 -1.0 0.0 -3.0 0.0 -1.0 -2.0 -2.0 -1.0 0.0 -3.0 -4.0 -2.0 0.0 -4.0 -2.0 -2.0 -1.0 -2.0 -3.0 0.0 0.0 232.0 0.0 -3.0 -3.0 -2.0 0.0 -4.0 0.0 -2.0 -3.0 -1.0 -4.0 -3.0 
-3.0 -2.0 -2.0 -2.0 -1.0 -1.0 -1.0 -3.0 -3.0 -3.0 -3.0 -2.0 -4.0 -2.0 -3.0 -4.0 -3.0 0.0 -1.0 -1.0 -1.0 -1.0 -1.0 -2.0 -2.0 0.0 -2.0 -3.0 -4.0 -3.0 -2.0 -2.0 -3.0 0.0 -1.0 -3.0 -4.0 -3.0 -3.0 0.0 -2.0 -4.0 -3.0 -1.0 -3.0 -2.0 0.0 -3.0 0.0 0.0 -4.0 0.0 -3.0 -3.0 0.0 -3.0 0.0 -2.0 -4.0 -2.0 0.0 -2.0 -3.0 -1.0 -3.0 0.0 -2.0 -4.0 0.0 -2.0 0.0 0.0 -2.0 -1.0 0.0 0.0 -1.0 -2.0 -1.0 -1.0 -2.0 -2.0 -4.0 -2.0 -4.0 -4.0 0.0 0.0 -1.0 -4.0 0.0 0.0 -3.0 -2.0 -1.0 -2.0 -1.0 -1.0 -1.0 -2.0 0.0 -1.0 -4.0 224.0 -4.0 -4.0 -1.0 -3.0 -3.0 -3.0 -3.0 -4.0 -3.0 -4.0 -3.0 
-2.0 -2.0 0.0 -4.0 0.0 -1.0 0.0 0.0 -2.0 -2.0 -1.0 -4.0 -2.0 -1.0 -1.0 0.0 -3.0 -2.0 -2.0 -4.0 0.0 0.0 -2.0 -2.0 -3.0 -3.0 0.0 -1.0 -4.0 0.0 -1.0 -1.0 -1.0 -1.0 -4.0 -1.0 -4.0 0.0 -1.0 -3.0 -4.0 -2.0 -4.0 0.0 -4.0 -1.0 -2.0 -1.0 -1.0 -2.0 0.0 -1.0 -2.0 -2.0 -2.0 -1.0 -2.0 0.0 0.0 -1.0 -4.0 -4.0 -4.0 -3.0 -2.0 -4.0 -1.0 -2.0 -4.0 -1.0 -2.0 -1.0 0.0 0.0 0.0 -1.0 -3.0 -1.0 0.0 -1.0 -4.0 -3.0 -3.0 -4.0 -1.0 -1.0 0.0 0.0 -3.0 -2.0 -2.0 0.0 -2.0 -2.0 -3.0 -1.0 -2.0 -4.0 0.0 -2.0 -3.0 -4.0 0.0 -3.0 209.0 -4.0 -1.0 -3.0 0.0 -4.0 -1.0 -4.0 -3.0 -1.0 -4.0 
-4.0 -2.0 -3.0 -2.0 -3.0 -2.0 0.0 -2.0 -3.0 -1.0 -3.0 0.0 -4.0 -4.0 -2.0 -2.0 -1.0 -2.0 -3.0 -4.0 -3.0 0.0 0.0 -1.0 -4.0 -3.0 0.0 0.0 -1.0 -1.0 0.0 0.0 -3.0 -3.0 0.0 -1.0 0.0 -1.0 -4.0 -3.0 0.0 -3.0 -3.0 -4.0 0.0 0.0 -1.0 -2.0 -2.0 -4.0 0.0 -2.0 -4.0 -3.0 0.0 0.0 0.0 -1.0 -2.0 -1.0 -4.0 -2.0 0.0 -2.0 -2.0 -1.0 -3.0 -3.0 -4.0 0.0 -2.0 -3.0 -3.0 -3.0 -4.0 -2.0 -2.0 -4.0 -3.0 0.0 -1.0 -3.0 -4.0 -4.0 -3.0 -2.0 -3.0 0.0 -4.0 -1.0 -4.0 0.0 -4.0 -1.0 -4.0 -1.0 -2.0 -1.0 0.0 0.0 0.0 -2.0 -1.0 -1.0 -1.0 222.0 0.0 -2.0 -1.0 -2.0 -2.0 -4.0 -2.0 -4.0 -4.0 
-2.0 -3.0 -3.0 -3.0 -2.0 -4.0 -3.0 0.0 0.0 0.0 -4.0 -2.0 -2.0 0.0 0.0 0.0 0.0 -4.0 -4.0 0.0 -3.0 0.0 -4.0 -4.0 -2.0 -3.0 -2.0 -4.0 -1.0 -2.0 -1.0 -1.0 -3.0 -4.0 -4.0 -2.0 -3.0 -2.0 -4.0 -4.0 -3.0 -1.0 -1.0 -2.0 0.0 -1.0 0.0 0.0 -2.0 -3.0 0.0 -2.0 0.0 -4.0 0.0 -4.0 -4.0 -2.0 -4.0 -4.0 -1.0 -3.0 -1.0 -1.0 -3.0 -4.0 -1.0 -4.0 -1.0 -4.0 -3.0 -3.0 -1.0 -4.0 -4.0 -3.0 0.0 -3.0 -4.0 0.0 -2.0 -4.0 -4.0 -3.0 -3.0 -4.0 0.0 -1.0 0.0 -3.0 0.0 0.0 -1.0 0.0 0.0 -3.0 -3.0 0.0 -2.0 0.0 -2.0 -1.0 -2.0 -4.0 0.0 -2.0 228.0 0.0 -2.0 0.0 -2.0 -3.0 -1.0 0.0 -2.0 
-4.0 0.0 -4.0 0.0 0.0 -3.0 -3.0 -3.0 -2.0 -4.0 -3.0 -4.0 -4.0 -4.0 -1.0 -2.0 -4.0 -2.0 -4.0 -2.0 -3.0 -2.0 -1.0 -2.0 -1.0 -3.0 -1.0 -3.0 0.0 -3.0 -1.0 -1.0 -4.0 -3.0 -2.0 -1.0 0.0 -2.0 -1.0 -3.0 -2.0 -4.0 -4.0 -3.0 -3.0 -4.0 -4.0 -3.0 -3.0 -3.0 -4.0 0.0 -4.0 -3.0 -3.0 -2.0 -1.0 -4.0 -4.0 -4.0 -4.0 0.0 0.0 -3.0 0.0 -4.0 -2.0 -1.0 -2.0 -1.0 -1.0 -1.0 -2.0 -3.0 -1.0 -1.0 -4.0 -1.0 -1.0 -3.0 -1.0 -4.0 -4.0 -2.0 -3.0 0.0 -1.0 -2.0 -2.0 0.0 -3.0 -3.0 -2.0 -4.0 -2.0 -2.0 -3.0 -2.0 -3.0 -4.0 -3.0 0.0 -3.0 -4.0 -3.0 -4.0 0.0 265.0 -2.0 -3.0 -1.0 -3.0 -1.0 -2.0 -2.0 
-1.0 -3.0 -3.0 0.0 -3.0 -3.0 -3.0 -2.0 0.0 -1.0 -4.0 -4.0 -3.0 0.0 0.0 -1.0 -1.0 -4.0 -4.0 -3.0 0.0 -1.0 0.0 -4.0 -4.0 -1.0 0.0 -3.0 0.0 -1.0 -3.0 -2.0 -4.0 -3.0 -1.0 -2.0 -1.0 -1.0 0.0 0.0 -2.0 0.0 0.0 -4.0 0.0 -3.0 0.0 0.0 -3.0 0.0 -2.0 -3.0 -3.0 -2.0 -1.0 -2.0 -4.0 0.0 -4.0 -1.0 -1.0 -4.0 -2.0 -3.0 0.0 -3.0 -3.0 -4.0 -1.0 0.0 -3.0 -2.0 0.0 -2.0 -4.0 -4.0 -4.0 -2.0 -1.0 0.0 -4.0 0.0 -4.0 0.0 -2.0 -2.0 -2.0 -2.0 -4.0 -1.0 0.0 -2.0 -4.0 -2.0 -3.0 -1.0 -4.0 -1.0 -2.0 -4.0 -2.0 -4.0 -3.0 -3.0 -1.0 -4.0 -4.0 -2.0 232.0 -2.0 -2.0 -3.0 -3.0 -2.0 -2.0 
0.0 0.0 -3.0 -3.0 -1.0 -4.0 -3.0 0.0 -3.0 -4.0 -1.0 -4.0 -4.0 -3.0 0.0 -1.0 -2.0 -3.0 0.0 -3.0 -2.0 -1.0 -4.0 -2.0 0.0 -1.0 -1.0 -2.0 0.0 -2.0 -2.0 -1.0 -2.0 -2.0 0.0 -4.0 -2.0 -3.0 -1.0 0.0 -2.0 -1.0 -4.0 -4.0 0.0 -3.0 -1.0 -4.0 0.0 0.0 -3.0 0.0 0.0 -3.0 0.0 -1.0 -2.0 -2.0 -2.0 -1.0 -4.0 -1.0 -3.0 -3.0 -4.0 -2.0 0.0 -4.0 -4.0 -4.0 -2.0 0.0 -4.0 -2.0 -2.0 0.0 -1.0 -4.0 0.0 0.0 -2.0 0.0 -1.0 -2.0 -3.0 0.0 -2.0 -1.0 0.0 0.0 0.0 0.0 -4.0 -3.0 -1.0 -1.0 -3.0 0.0 -1.0 -3.0 -3.0 -2.0 -1.0 -3.0 0.0 -4.0 0.0 -1.0 -4.0 213.0 -4.0 -4.0 -4.0 -2.0 -3.0 
-2.0 -2.0 -2.0 -4.0 0.0 -1.0 -4.0 -4.0 0.0 -1.0 -1.0 0.0 -4.0 -3.0 -4.0 -1.0 0.0 -3.0 0.0 -2.0 -4.0 -1.0 0.0 -4.0 -4.0 -3.0 -1.0 -2.0 0.0 -1.0 -4.0 -1.0 -3.0 -1.0 -2.0 -2.0 0.0 -3.0 -4.0 -2.0 -4.0 -2.0 0.0 0.0 -4.0 -1.0 -3.0 -3.0 -1.0 0.0 0.0 -1.0 -2.0 -4.0 -2.0 -3.0 -3.0 0.0 -3.0 -4.0 -2.0 0.0 -1.0 -3.0 -1.0 -1.0 0.0 0.0 -2.0 -3.0 0.0 -4.0 0.0 0.0 -2.0 -4.0 -2.0 -2.0 -4.0 -4.0 0.0 0.0 -2.0 0.0 -2.0 -3.0 -2.0 -2.0 0.0 0.0 0.0 -1.0 -4.0 -4.0 0.0 -3.0 -2.0 -3.0 -4.0 -3.0 -1.0 -2.0 -4.0 -3.0 -2.0 -3.0 -3.0 -2.0 -1.0 -4.0 218.0 -1.0 -1.0 0.0 -1.0 
-2.0 -2.0 -3.0 -4.0 -3.0 -3.0 -2.0 -4.0 -2.0 -2.0 -4.0 -3.0 -2.0 -3.0 0.0 -4.0 -2.0 -4.0 0.0 -2.0 0.0 0.0 -4.0 -1.0 -2.0 0.0 -4.0 -1.0 0.0 -1.0 -4.0 -2.0 0.0 -3.0 0.0 -3.0 -4.0 -1.0 -3.0 0.0 -2.0 0.0 0.0 -3.0 -1.0 0.0 -2.0 -1.0 0.0 -4.0 -2.0 -2.0 -4.0 -2.0 0.0 0.0 -2.0 -4.0 -1.0 -3.0 -1.0 -4.0 0.0 0.0 0.0 0.0 -3.0 -1.0 -1.0 -2.0 -2.0 -1.0 -1.0 -4.0 -3.0 -2.0 -1.0 0.0 0.0 -2.0 0.0 -1.0 -1.0 -4.0 -3.0 -3.0 -3.0 -1.0 -4.0 -1.0 -4.0 -4.0 -2.0 0.0 0.0 -1.0 -1.0 -4.0 0.0 -1.0 -2.0 -1.0 -2.0 -4.0 -1.0 -3.0 0.0 -3.0 -2.0 -1.0 -3.0 211.0 -1.0 -3.0 -2.0 
-3.0 -3.0 -1.0 -4.0 -4.0 0.0 -1.0 0.0 -3.0 0.0 -2.0 -1.0 -1.0 -3.0 -4.0 -2.0 -2.0 0.0 -1.0 -4.0 -3.0 -1.0 -1.0 -2.0 -2.0 -1.0 0.0 -3.0 0.0 -3.0 -2.0 -1.0 -2.0 0.0 -4.0 0.0 0.0 0.0 -4.0 -3.0 -4.0 -2.0 -3.0 -3.0 -2.0 -2.0 -3.0 -1.0 -3.0 -2.0 -2.0 -3.0 0.0 -1.0 -2.0 -1.0 -4.0 -1.0 -2.0 0.0 0.0 -2.0 -3.0 -3.0 -2.0 -3.0 -1.0 -3.0 -4.0 0.0 -3.0 -3.0 -3.0 -3.0 -2.0 -1.0 -1.0 -2.0 -2.0 0.0 -4.0 -1.0 -4.0 0.0 0.0 0.0 -3.0 -2.0 -2.0 -1.0 0.0 -3.0 -4.0 -3.0 0.0 -4.0 -2.0 -3.0 -1.0 -2.0 -3.0 -2.0 -1.0 -3.0 -2.0 -1.0 -1.0 -1.0 -2.0 -2.0 -1.0 0.0 216.0 -3.0 -2.0 
0.0 -1.0 -3.0 -2.0 0.0 0.0 0.0 -4.0 -3.0 -4.0 -4.0 -2.0 -1.0 -2.0 -2.0 -2.0 -2.0 -2.0 0.0 0.0 -1.0 -1.0 -3.0 -1.0 -2.0 -2.0 -4.0 -2.0 -4.0 -4.0 -2.0 -1.0 -2.0 -4.0 -1.0 -1.0 -2.0 -4.0 -4.0 0.0 -2.0 0.0 -3.0 -4.0 -4.0 -3.0 -2.0 -4.0 0.0 -1.0 0.0 -2.0 -4.0 0.0 0.0 -3.0 -2.0 -2.0 -4.0 0.0 -2.0 0.0 -1.0 -1.0 -3.0 -4.0 -2.0 0.0 -2.0 0.0 -2.0 -3.0 -1.0 -4.0 -4.0 -2.0 -4.0 -2.0 -3.0 -1.0 -3.0 -4.0 -3.0 -1.0 -3.0 -4.0 -4.0 0.0 -1.0 -4.0 0.0 -1.0 -2.0 -1.0 -2.0 0.0 -4.0 -4.0 -2.0 -2.0 -1.0 0.0 -1.0 -3.0 -2.0 0.0 -4.0 0.0 -3.0 -1.0 -3.0 -2.0 -4.0 232.0 -3.0 
-3.0 -2.0 -2.0 -4.0 0.0 -2.0 0.0 -2.0 -4.0 -1.0 -3.0 -4.0 -3.0 -2.0 -1.0 -2.0 0.0 0.0 -1.0 0.0 -3.0 -4.0 -1.0 -4.0 -3.0 -1.0 0.0 -4.0 0.0 0.0 -1.0 -3.0 0.0 -4.0 -4.0 -4.0 -4.0 -1.0 -1.0 -2.0 0.0 0.0 0.0 -1.0 0.0 0.0 0.0 -2.0 0.0 0.0 0.0 -4.0 -1.0 -4.0 -4.0 -4.0 -3.0 0.0 0.0 0.0 0.0 -2.0 -1.0 -4.0 0.0 0.0 -1.0 -1.0 0.0 0.0 -1.0 -3.0 -2.0 -3.0 -2.0 -4.0 -1.0 0.0 0.0 -4.0 0.0 -2.0 -4.0 -3.0 -1.0 0.0 -3.0 -4.0 -3.0 0.0 -2.0 0.0 -2.0 0.0 -1.0 -4.0 -4.0 -1.0 0.0 -3.0 -3.0 -4.0 -1.0 -4.0 -4.0 -1.0 -1.0 0.0 -3.0 -4.0 0.0 -1.0 -1.0 -3.0 199.0 

-13272.14 -14665.0 -13255.0 -13092.0 -12685.0 -11531.0 -11252.0 -11303.0 -10472.0 -9892.0 -9656.0 -12088.0 -12450.0 -8873.0 -9586.0 -12462.0 -9936.0 -7993.0 -10140.0 -7845.0 -8935.0 -6753.0 -9022.0 -6822.0 -7620.0 -8214.0 -7743.0 -7839.0 -7592.0 -6423.0 -6995.0 -4907.0 -6453.0 -5973.0 -6851.0 -4763.0 -5353.0 -5131.0 -4870.0 -3513.0 -3603.0 -3737.0 -3682.0 -3799.0 -3719.0 -3271.0 -2355.0 -2794.0 -2155.0 -1495.0 -2707.0 -994.0 -1182.0 -920.0 -1397.0 -940.0 -175.0 -413.0 309.0 857.0 1338.0 1102.0 1944.0 1411.0 1767.0 1213.0 1932.0 1254.0 2518.0 2995.0 2594.0 3330.0 3283.0 3524.0 4307.0 3889.0 4644.0 4208.0 5258.0 5128.0 5279.0 4839.0 4958.0 5181.0 5340.0 7244.0 6233.0 4592.0 6566.0 7927.0 7127.0 8093.0 9079.0 7669.0 8728.0 10583.0 8359.0 8757.0 9485.0 8965.0 10761.0 9702.0 10445.0 10322.0 9169.0 10646.0 11914.0 13693.0 11129.0 11075.0 11714.0 11966.0 12036.0 12786.0 11374.0 