26.86 -2.0 -2.0 -4.0 -3.0 -2.0 -1.0 0.0 -2.0 -3.0 -2.0 -2.0 -3.0 -1.0 0.0 
-3.0 29.0 0.0 -2.0 0.0 -2.0 -2.0 -4.0 0.0 -1.0 -2.0 -3.0 -3.0 -3.0 -4.0 
0.0 -3.0 30.0 -1.0 -3.0 -3.0 0.0 -2.0 -2.0 -3.0 -3.0 -4.0 -2.0 -2.0 -2.0 
-3.0 -2.0 -2.0 27.0 -4.0 -1.0 -1.0 -2.0 0.0 -1.0 -3.0 0.0 -3.0 -1.0 -4.0 
-2.0 -2.0 -3.0 -4.0 29.0 -2.0 -2.0 -2.0 -3.0 0.0 0.0 0.0 -2.0 -3.0 -4.0 
-4.0 -1.0 -4.0 -1.0 -2.0 27.0 -1.0 0.0 -3.0 -1.0 -2.0 -2.0 -2.0 -1.0 -3.0 
-4.0 -4.0 -2.0 -1.0 -3.0 -1.0 26.0 -1.0 0.0 0.0 -2.0 -2.0 -3.0 0.0 -3.0 
-3.0 -4.0 -3.0 -3.0 -3.0 0.0 -4.0 28.0 0.0 0.0 -4.0 -1.0 0.0 -1.0 -2.0 
-4.0 -2.0 -4.0 -1.0 0.0 -4.0 -4.0 -1.0 28.0 0.0 -2.0 -1.0 -4.0 0.0 -1.0 
-2.0 -3.0 -4.0 -4.0 -2.0 -4.0 -1.0 -2.0 -1.0 33.0 -4.0 -1.0 -1.0 -1.0 -3.0 
-2.0 -1.0 0.0 0.0 0.0 -4.0 -4.0 0.0 -2.0 -4.0 31.0 -3.0 -4.0 -4.0 -3.0 
-4.0 -4.0 0.0 -3.0 -4.0 -3.0 -2.0 -2.0 -3.0 -4.0 0.0 33.0 -2.0 -1.0 -1.0 
-2.0 -4.0 0.0 -2.0 0.0 0.0 -2.0 -4.0 -3.0 0.0 -1.0 -1.0 21.0 -1.0 -1.0 
-3.0 -2.0 -4.0 -4.0 -4.0 -1.0 -3.0 -2.0 -2.0 -3.0 -1.0 -4.0 -2.0 38.0 -3.0 
-3.0 -4.0 -4.0 -3.0 -2.0 -2.0 0.0 -2.0 -1.0 -3.0 0.0 -2.0 0.0 -3.0 29.0 

-180.14 -220.0 -182.0 -110.0 -83.0 -45.0 1.0 49.0 67.0 100.0 38.0 182.0 130.0 256.0 257.0 