121.36 -1.0 -1.0 0.0 -3.0 -2.0 -2.0 -2.0 -2.0 -2.0 -4.0 -3.0 -3.0 -4.0 -2.0 -1.0 0.0 -4.0 0.0 -1.0 -4.0 -4.0 -3.0 -3.0 -1.0 -3.0 0.0 -4.0 -1.0 -3.0 -2.0 -2.0 -1.0 0.0 -1.0 -3.0 -1.0 0.0 -4.0 -2.0 0.0 0.0 0.0 0.0 0.0 0.0 -2.0 -1.0 -4.0 -4.0 -3.0 -4.0 -3.0 -1.0 0.0 -4.0 -2.0 -3.0 -1.0 -3.0 -3.0 -4.0 0.0 -1.0 0.0 
-3.0 133.0 -4.0 -2.0 -2.0 -3.0 -2.0 0.0 0.0 -2.0 -3.0 -2.0 0.0 -1.0 -1.0 -2.0 -3.0 -1.0 -4.0 -4.0 -2.0 -4.0 0.0 0.0 -1.0 -4.0 0.0 -4.0 -2.0 -2.0 0.0 -3.0 -2.0 -3.0 -4.0 -3.0 -4.0 0.0 -4.0 0.0 -2.0 -2.0 -4.0 0.0 -1.0 -3.0 -1.0 -3.0 -3.0 -3.0 -1.0 -3.0 -2.0 0.0 -4.0 -3.0 -4.0 -2.0 -1.0 -4.0 -1.0 -1.0 -1.0 -1.0 -2.0 
-3.0 -4.0 139.0 -2.0 -1.0 -4.0 -3.0 -2.0 0.0 -2.0 -4.0 -4.0 -1.0 0.0 -4.0 -1.0 0.0 -1.0 -1.0 -4.0 -3.0 -3.0 0.0 0.0 -2.0 -2.0 -4.0 -2.0 -1.0 -1.0 -4.0 -2.0 -2.0 0.0 -1.0 -3.0 -2.0 -2.0 -4.0 -4.0 -3.0 -2.0 -2.0 -2.0 -4.0 -2.0 -3.0 -4.0 -2.0 -3.0 -4.0 0.0 -4.0 -4.0 0.0 -3.0 -2.0 -2.0 -2.0 -1.0 0.0 -1.0 0.0 -2.0 -4.0 
-4.0 -3.0 -2.0 120.0 0.0 -3.0 -4.0 0.0 -3.0 0.0 -2.0 0.0 -4.0 -4.0 -3.0 -2.0 -1.0 -4.0 -3.0 -2.0 -1.0 0.0 -1.0 0.0 -2.0 -2.0 -1.0 -2.0 0.0 0.0 -3.0 0.0 -1.0 -3.0 0.0 -1.0 -2.0 -3.0 -1.0 -2.0 -1.0 -2.0 -4.0 0.0 -1.0 0.0 0.0 -3.0 -3.0 0.0 -2.0 -2.0 -3.0 -4.0 -4.0 0.0 -3.0 -3.0 -3.0 -1.0 -3.0 -4.0 -1.0 -1.0 -3.0 
-4.0 0.0 -1.0 -4.0 124.0 -4.0 0.0 -3.0 -4.0 -3.0 -1.0 -1.0 -3.0 -2.0 0.0 -4.0 -1.0 -4.0 -1.0 -4.0 0.0 -4.0 -3.0 -2.0 -1.0 -4.0 0.0 -2.0 -2.0 -4.0 -2.0 -3.0 0.0 -2.0 -2.0 -4.0 -3.0 -4.0 0.0 0.0 -1.0 -1.0 -4.0 0.0 -2.0 -3.0 -2.0 -1.0 -1.0 -2.0 -3.0 0.0 -1.0 -3.0 -3.0 -3.0 -4.0 -1.0 -1.0 -1.0 0.0 0.0 0.0 0.0 -1.0 
-4.0 -2.0 -4.0 -2.0 -2.0 137.0 -3.0 -4.0 -1.0 -1.0 -4.0 -1.0 0.0 -2.0 -1.0 -3.0 -4.0 0.0 -1.0 0.0 -3.0 -4.0 -2.0 -1.0 -1.0 -4.0 -3.0 -2.0 -1.0 -4.0 -3.0 -1.0 -2.0 -1.0 -4.0 -3.0 -3.0 -1.0 0.0 -1.0 -1.0 -4.0 -2.0 -2.0 -4.0 -4.0 -4.0 -1.0 -2.0 0.0 0.0 -4.0 -4.0 -2.0 -3.0 -1.0 -3.0 -2.0 -1.0 -2.0 0.0 -3.0 -1.0 -4.0 0.0 
-3.0 0.0 -1.0 -3.0 -3.0 -2.0 117.0 -4.0 0.0 0.0 -3.0 -4.0 -1.0 -1.0 -3.0 -1.0 -4.0 0.0 -1.0 0.0 -4.0 -4.0 -4.0 -4.0 -1.0 -2.0 -3.0 -2.0 -4.0 -3.0 -2.0 0.0 0.0 -2.0 0.0 0.0 -1.0 -4.0 -1.0 -1.0 0.0 -2.0 -2.0 -3.0 -4.0 -1.0 0.0 0.0 -2.0 -3.0 -1.0 -4.0 -4.0 0.0 0.0 -3.0 0.0 -1.0 0.0 -3.0 -2.0 -1.0 0.0 -4.0 -1.0 
-1.0 -4.0 -4.0 -4.0 0.0 -3.0 -4.0 128.0 -1.0 -2.0 -1.0 0.0 -2.0 -2.0 -2.0 -4.0 -4.0 -2.0 -3.0 -2.0 0.0 0.0 0.0 -2.0 -3.0 -1.0 -4.0 0.0 -4.0 -4.0 -2.0 -4.0 -3.0 -1.0 -1.0 -1.0 -1.0 -2.0 -1.0 -4.0 0.0 -4.0 -3.0 -2.0 -4.0 0.0 -3.0 0.0 -3.0 -2.0 -4.0 0.0 0.0 0.0 0.0 -2.0 0.0 -1.0 -3.0 -2.0 -3.0 -3.0 0.0 -2.0 -4.0 
0.0 -4.0 -2.0 0.0 -1.0 -3.0 -4.0 0.0 134.0 -1.0 -4.0 -1.0 -2.0 -4.0 -3.0 -1.0 -2.0 -3.0 -4.0 0.0 -1.0 -3.0 -2.0 -1.0 -4.0 -3.0 0.0 0.0 -1.0 -4.0 0.0 0.0 -3.0 -4.0 -3.0 0.0 -2.0 0.0 -4.0 -1.0 -3.0 -4.0 -4.0 -3.0 0.0 0.0 -4.0 -4.0 -4.0 -3.0 0.0 0.0 -4.0 -3.0 -4.0 -2.0 -3.0 -1.0 0.0 -1.0 -2.0 0.0 -4.0 -4.0 -2.0 
-3.0 -2.0 0.0 -4.0 -3.0 -4.0 0.0 -3.0 -3.0 136.0 -4.0 0.0 -3.0 -3.0 -4.0 -1.0 0.0 -2.0 -4.0 -4.0 -4.0 -1.0 -4.0 -4.0 -1.0 -3.0 -3.0 -2.0 0.0 0.0 0.0 -4.0 -1.0 -1.0 0.0 -4.0 -3.0 -3.0 -1.0 -3.0 -4.0 -1.0 0.0 -3.0 0.0 -3.0 -4.0 -3.0 -2.0 0.0 -1.0 -4.0 -3.0 -1.0 -2.0 -3.0 -3.0 -2.0 0.0 -2.0 0.0 -1.0 -1.0 -1.0 -3.0 
-4.0 -2.0 -3.0 -2.0 -3.0 -4.0 -4.0 0.0 -2.0 -2.0 134.0 0.0 -3.0 -3.0 -3.0 0.0 0.0 -4.0 -3.0 -4.0 -2.0 -4.0 0.0 0.0 0.0 -2.0 -4.0 -2.0 -4.0 0.0 -4.0 -3.0 -3.0 -4.0 -1.0 0.0 -4.0 -4.0 -3.0 -2.0 0.0 0.0 -3.0 -2.0 0.0 -3.0 -1.0 -1.0 -2.0 -4.0 -1.0 -1.0 -3.0 -2.0 -1.0 0.0 0.0 0.0 -2.0 0.0 -3.0 -3.0 -4.0 -2.0 -4.0 
-3.0 -4.0 -2.0 -3.0 -1.0 -2.0 0.0 0.0 -2.0 0.0 -1.0 148.0 -2.0 -4.0 -4.0 -1.0 -2.0 -3.0 -1.0 0.0 -4.0 -4.0 -2.0 0.0 -2.0 -1.0 -1.0 0.0 -2.0 -2.0 -4.0 -2.0 -3.0 -1.0 -4.0 -4.0 -3.0 -4.0 -1.0 0.0 -4.0 -4.0 -3.0 -2.0 -3.0 -4.0 -4.0 -3.0 -3.0 -2.0 -1.0 -3.0 -2.0 -3.0 -1.0 0.0 -4.0 -2.0 -3.0 -4.0 -2.0 -4.0 -3.0 -1.0 -4.0 
-4.0 -3.0 -2.0 -4.0 -1.0 -2.0 -3.0 0.0 -2.0 -4.0 0.0 -3.0 129.0 -2.0 -4.0 -1.0 -3.0 -3.0 -2.0 -2.0 -3.0 -4.0 -1.0 0.0 -1.0 -4.0 -4.0 -1.0 0.0 0.0 -1.0 -4.0 0.0 -1.0 -4.0 -1.0 -1.0 -4.0 -2.0 -3.0 -1.0 -2.0 -2.0 -4.0 0.0 -4.0 -3.0 -2.0 -1.0 -4.0 0.0 0.0 -2.0 -3.0 0.0 -4.0 -2.0 0.0 0.0 -3.0 -2.0 0.0 -1.0 -3.0 -2.0 
-4.0 -3.0 0.0 0.0 -1.0 -3.0 -1.0 -1.0 -2.0 -3.0 0.0 -4.0 -1.0 131.0 0.0 -3.0 -1.0 -2.0 -3.0 -3.0 -4.0 -4.0 -3.0 -2.0 -3.0 -1.0 -2.0 0.0 -3.0 0.0 -3.0 0.0 -1.0 -3.0 -2.0 -3.0 -3.0 -3.0 -3.0 -4.0 -3.0 -1.0 -3.0 -1.0 -3.0 -4.0 -1.0 -4.0 0.0 -4.0 -4.0 -2.0 -1.0 0.0 0.0 0.0 0.0 -1.0 -1.0 -3.0 -2.0 -4.0 0.0 -3.0 -4.0 
-2.0 -2.0 0.0 -4.0 -3.0 -2.0 -3.0 -3.0 -1.0 -3.0 -4.0 -3.0 -1.0 0.0 153.0 -3.0 0.0 -1.0 -2.0 0.0 -3.0 -4.0 -2.0 -3.0 -4.0 -2.0 0.0 -4.0 0.0 -3.0 -3.0 -4.0 -4.0 -4.0 -3.0 -4.0 -1.0 -4.0 -3.0 -4.0 -4.0 -4.0 -2.0 -3.0 -3.0 0.0 -3.0 -2.0 -4.0 -1.0 -3.0 -3.0 0.0 -4.0 0.0 -4.0 -2.0 -4.0 -3.0 -2.0 0.0 -1.0 -3.0 0.0 -2.0 
0.0 0.0 -4.0 -2.0 0.0 -2.0 -1.0 0.0 -2.0 -4.0 -4.0 -3.0 -3.0 -2.0 -4.0 136.0 -3.0 0.0 -3.0 -4.0 -3.0 -4.0 -1.0 0.0 0.0 -3.0 0.0 -4.0 -1.0 -4.0 -1.0 0.0 -4.0 -3.0 0.0 -3.0 0.0 -3.0 -3.0 -4.0 -1.0 0.0 -3.0 0.0 -3.0 0.0 -3.0 -2.0 -1.0 -4.0 -2.0 -3.0 -4.0 -1.0 -2.0 -1.0 -2.0 -4.0 -3.0 -1.0 -2.0 -3.0 -2.0 -3.0 -4.0 
0.0 -4.0 -1.0 -1.0 -3.0 -1.0 -3.0 -3.0 -2.0 -4.0 0.0 -2.0 0.0 -2.0 -4.0 -2.0 117.0 -1.0 -4.0 0.0 -3.0 -2.0 0.0 0.0 -1.0 -3.0 -4.0 0.0 -3.0 0.0 -2.0 0.0 -4.0 -2.0 -4.0 -2.0 0.0 0.0 0.0 -1.0 -3.0 -3.0 -3.0 0.0 -1.0 -1.0 -1.0 -2.0 -1.0 0.0 -1.0 -1.0 -4.0 -4.0 -1.0 -2.0 -3.0 -4.0 -4.0 -4.0 -1.0 -1.0 -1.0 0.0 -3.0 
-2.0 -4.0 0.0 -3.0 -2.0 -4.0 -2.0 -3.0 -1.0 -2.0 0.0 -3.0 -4.0 -1.0 -1.0 -2.0 0.0 133.0 -3.0 -1.0 -4.0 -2.0 0.0 -4.0 -3.0 0.0 -3.0 -2.0 -1.0 -1.0 -3.0 -1.0 -4.0 -4.0 -2.0 0.0 -3.0 -3.0 -3.0 -4.0 -1.0 -4.0 -2.0 0.0 -4.0 -1.0 -3.0 -3.0 -3.0 -2.0 -4.0 -2.0 -2.0 -2.0 -3.0 0.0 0.0 -1.0 -1.0 -2.0 -2.0 -2.0 0.0 -4.0 0.0 
-3.0 0.0 -3.0 -1.0 -1.0 -3.0 -1.0 -4.0 -2.0 -1.0 -1.0 0.0 -2.0 0.0 -1.0 -4.0 -1.0 -2.0 122.0 -1.0 -1.0 -1.0 -4.0 -4.0 -1.0 -4.0 -3.0 -2.0 0.0 -3.0 -2.0 -1.0 0.0 -4.0 -2.0 0.0 -3.0 -2.0 -1.0 0.0 -3.0 0.0 -1.0 -2.0 -2.0 -3.0 -2.0 -3.0 -1.0 -1.0 0.0 -1.0 -2.0 -4.0 -2.0 -3.0 -2.0 -4.0 -3.0 0.0 -4.0 -4.0 0.0 -4.0 -2.0 
-2.0 -1.0 -2.0 -1.0 -4.0 -4.0 -4.0 -2.0 -4.0 -2.0 -2.0 0.0 -2.0 -3.0 -1.0 -1.0 -2.0 -4.0 -2.0 117.0 -2.0 -4.0 0.0 0.0 -2.0 0.0 0.0 -1.0 -4.0 0.0 -1.0 -3.0 -4.0 0.0 0.0 -1.0 -3.0 -2.0 0.0 -1.0 -1.0 -4.0 0.0 0.0 -3.0 0.0 -2.0 -3.0 0.0 -4.0 0.0 -1.0 -1.0 -4.0 -2.0 -1.0 -4.0 -1.0 -3.0 0.0 -4.0 -4.0 -1.0 -3.0 0.0 
-4.0 0.0 -2.0 -3.0 0.0 -3.0 -3.0 0.0 -1.0 -2.0 -1.0 -2.0 -2.0 -2.0 0.0 -1.0 -3.0 0.0 -3.0 0.0 115.0 -4.0 -2.0 -2.0 0.0 -4.0 -3.0 -2.0 -2.0 0.0 -4.0 0.0 -3.0 -3.0 -3.0 -2.0 0.0 -4.0 -1.0 -4.0 -1.0 -1.0 -4.0 -3.0 -3.0 -2.0 0.0 -3.0 -1.0 0.0 -1.0 -1.0 -4.0 -2.0 0.0 -2.0 -1.0 0.0 -1.0 -2.0 -1.0 0.0 -2.0 -3.0 -2.0 
0.0 -1.0 -3.0 -1.0 -2.0 0.0 0.0 0.0 -4.0 -2.0 -4.0 -3.0 -1.0 -2.0 0.0 0.0 0.0 -3.0 -2.0 -1.0 -4.0 109.0 -1.0 -2.0 -4.0 0.0 -4.0 -1.0 0.0 -2.0 -2.0 0.0 -1.0 0.0 -2.0 0.0 -2.0 -1.0 -1.0 -3.0 0.0 -2.0 -3.0 -1.0 -1.0 -1.0 -4.0 -4.0 -3.0 -1.0 -1.0 -2.0 -1.0 -3.0 0.0 -3.0 0.0 -4.0 -3.0 -2.0 -4.0 -3.0 -1.0 -1.0 -2.0 
-3.0 -3.0 -3.0 0.0 -2.0 -3.0 -3.0 0.0 -3.0 0.0 -3.0 -3.0 -2.0 -2.0 0.0 -3.0 -3.0 -3.0 -1.0 -3.0 -2.0 -1.0 129.0 -1.0 -1.0 -4.0 -2.0 -2.0 -2.0 -2.0 -3.0 -2.0 0.0 -1.0 -4.0 -2.0 0.0 -4.0 -2.0 -2.0 -1.0 -2.0 -4.0 -2.0 -1.0 -3.0 -2.0 -1.0 0.0 -2.0 -4.0 -2.0 0.0 -4.0 -1.0 0.0 -2.0 -4.0 -2.0 -3.0 -2.0 -1.0 -3.0 -1.0 -2.0 
-1.0 0.0 -1.0 0.0 -4.0 0.0 -1.0 0.0 -1.0 -2.0 -4.0 -2.0 -2.0 -3.0 -3.0 -4.0 -3.0 0.0 -4.0 0.0 0.0 -1.0 -1.0 111.0 -4.0 -4.0 0.0 -1.0 -3.0 -4.0 -4.0 -1.0 0.0 -1.0 0.0 -4.0 -4.0 -2.0 -1.0 -4.0 -1.0 0.0 -4.0 -1.0 -4.0 0.0 0.0 0.0 -4.0 0.0 -2.0 -3.0 -4.0 -1.0 -2.0 -1.0 0.0 -2.0 -1.0 -4.0 0.0 0.0 -1.0 0.0 -2.0 
-4.0 0.0 -2.0 -1.0 -1.0 0.0 -2.0 -4.0 -4.0 -4.0 0.0 -4.0 -3.0 0.0 -4.0 -1.0 -4.0 -1.0 -1.0 -2.0 -2.0 -3.0 -1.0 -1.0 131.0 0.0 -3.0 -1.0 -2.0 -1.0 -1.0 -3.0 -2.0 -1.0 -1.0 -3.0 0.0 0.0 -4.0 0.0 -4.0 -3.0 -1.0 0.0 -4.0 0.0 -2.0 -1.0 -2.0 -3.0 0.0 -3.0 -4.0 -4.0 -3.0 -2.0 0.0 -2.0 0.0 -4.0 -3.0 -4.0 -3.0 -4.0 -4.0 
-4.0 -2.0 -4.0 -1.0 -4.0 -1.0 -4.0 -4.0 -4.0 -3.0 -2.0 0.0 -4.0 -1.0 0.0 -1.0 -4.0 0.0 0.0 -2.0 0.0 -4.0 -3.0 -2.0 -3.0 133.0 -3.0 -3.0 -3.0 0.0 -1.0 -2.0 0.0 -4.0 -4.0 -2.0 -4.0 -1.0 -4.0 -2.0 -2.0 -3.0 -3.0 0.0 -3.0 -2.0 -3.0 -4.0 0.0 -2.0 -2.0 -1.0 -3.0 -1.0 -2.0 0.0 0.0 0.0 0.0 -4.0 -2.0 0.0 -3.0 -2.0 -1.0 
-1.0 0.0 -2.0 -4.0 -4.0 -2.0 -4.0 -3.0 0.0 -4.0 -4.0 -1.0 0.0 -1.0 -4.0 -1.0 -3.0 -4.0 -1.0 0.0 -4.0 -4.0 -3.0 -4.0 -1.0 -2.0 132.0 -2.0 -2.0 -2.0 -1.0 -1.0 -3.0 0.0 0.0 -3.0 -3.0 -4.0 -1.0 -1.0 -3.0 0.0 -4.0 -4.0 -4.0 -2.0 0.0 -2.0 -2.0 -1.0 0.0 -3.0 -2.0 -1.0 -4.0 -1.0 -1.0 -3.0 -1.0 -1.0 0.0 -3.0 -2.0 0.0 -4.0 
-2.0 -4.0 0.0 0.0 -4.0 -4.0 -2.0 -1.0 -2.0 -4.0 0.0 -4.0 -1.0 -3.0 -1.0 -2.0 -4.0 -4.0 -1.0 0.0 -1.0 -3.0 -3.0 0.0 -4.0 -2.0 -2.0 121.0 -1.0 -3.0 -4.0 0.0 0.0 -4.0 -2.0 -4.0 0.0 -3.0 -1.0 -3.0 -1.0 -1.0 0.0 -3.0 -3.0 -1.0 -2.0 0.0 -2.0 -1.0 -1.0 -4.0 0.0 -2.0 -1.0 -3.0 -4.0 -2.0 -3.0 -1.0 0.0 0.0 -1.0 -1.0 -1.0 
-4.0 -4.0 -2.0 0.0 -2.0 -1.0 -2.0 -1.0 -4.0 -4.0 -4.0 -4.0 -3.0 -4.0 0.0 -4.0 -1.0 -4.0 -2.0 -1.0 -3.0 0.0 -1.0 0.0 -1.0 -4.0 0.0 -1.0 130.0 0.0 -2.0 -2.0 -2.0 0.0 -3.0 -3.0 -4.0 -1.0 0.0 0.0 -4.0 -1.0 -4.0 -1.0 -1.0 0.0 -2.0 -4.0 -3.0 -1.0 -3.0 -1.0 0.0 -3.0 -3.0 -4.0 -1.0 -1.0 -3.0 -4.0 -3.0 0.0 0.0 -4.0 -1.0 
-4.0 -3.0 -2.0 -4.0 -4.0 -1.0 -3.0 -4.0 -3.0 -1.0 -3.0 -1.0 -2.0 -3.0 0.0 -2.0 -3.0 -3.0 -3.0 -4.0 0.0 0.0 -3.0 -3.0 -1.0 -2.0 -4.0 -2.0 -4.0 143.0 -4.0 -2.0 -4.0 -2.0 -1.0 0.0 -4.0 0.0 -4.0 -2.0 0.0 -4.0 -3.0 -2.0 0.0 -2.0 -2.0 0.0 0.0 -2.0 0.0 -4.0 -3.0 -3.0 0.0 -4.0 -3.0 -1.0 -1.0 -4.0 -2.0 -2.0 -2.0 -4.0 0.0 
-1.0 0.0 -1.0 -3.0 -3.0 -2.0 0.0 -4.0 -3.0 -3.0 -3.0 -4.0 -1.0 -1.0 0.0 0.0 0.0 -2.0 -3.0 -1.0 -4.0 -1.0 -4.0 -1.0 -1.0 0.0 0.0 0.0 -3.0 -4.0 119.0 -1.0 -4.0 -3.0 0.0 -3.0 -2.0 -1.0 -2.0 -2.0 -1.0 -1.0 -2.0 -1.0 -1.0 -1.0 -2.0 -4.0 -4.0 -1.0 -2.0 -4.0 0.0 -2.0 -3.0 -3.0 -4.0 -1.0 0.0 -4.0 0.0 0.0 -2.0 -1.0 -4.0 
-4.0 -3.0 -4.0 -4.0 -3.0 -1.0 -1.0 -1.0 -4.0 -3.0 -3.0 -3.0 -4.0 -3.0 -4.0 0.0 -3.0 -4.0 -3.0 -2.0 -2.0 -2.0 0.0 -1.0 -3.0 -3.0 -2.0 0.0 -2.0 -3.0 -1.0 141.0 -2.0 -2.0 -1.0 -1.0 -2.0 -3.0 0.0 -1.0 -2.0 -2.0 -3.0 0.0 -4.0 -3.0 -1.0 -3.0 -4.0 -4.0 -2.0 -2.0 -2.0 -3.0 -1.0 -2.0 -1.0 -2.0 -4.0 -4.0 -1.0 -2.0 0.0 0.0 -1.0 
-2.0 -4.0 -4.0 -2.0 -2.0 0.0 -3.0 -3.0 -2.0 -4.0 -3.0 -4.0 -2.0 -2.0 -3.0 -1.0 -2.0 -3.0 -2.0 -4.0 0.0 0.0 -1.0 0.0 -4.0 0.0 -2.0 0.0 0.0 -2.0 -1.0 -2.0 122.0 -4.0 0.0 -2.0 -2.0 -1.0 0.0 0.0 -3.0 -3.0 -1.0 -4.0 -3.0 -1.0 -1.0 0.0 0.0 -2.0 -4.0 -1.0 -2.0 -2.0 -1.0 0.0 -4.0 -1.0 -2.0 -3.0 -2.0 -2.0 -2.0 -2.0 -3.0 
0.0 -4.0 -3.0 -4.0 0.0 -4.0 0.0 -2.0 0.0 -4.0 0.0 0.0 0.0 -1.0 -2.0 -1.0 -3.0 -3.0 -2.0 -2.0 -3.0 -4.0 -3.0 -2.0 -2.0 0.0 -3.0 -1.0 -1.0 0.0 -3.0 -2.0 -4.0 121.0 -4.0 -4.0 -4.0 -3.0 -1.0 -3.0 -3.0 -2.0 0.0 -1.0 -4.0 0.0 -2.0 -1.0 0.0 0.0 -3.0 -4.0 0.0 -3.0 -4.0 0.0 -2.0 -2.0 -1.0 0.0 -1.0 -4.0 -1.0 -1.0 0.0 
-4.0 -2.0 -2.0 -4.0 -3.0 -1.0 -1.0 -2.0 -4.0 -2.0 -2.0 -3.0 -1.0 -4.0 -4.0 -3.0 -2.0 0.0 -4.0 0.0 -1.0 -3.0 -3.0 -3.0 -3.0 -2.0 -2.0 -4.0 -4.0 -4.0 0.0 -1.0 -4.0 -3.0 144.0 -3.0 -1.0 0.0 -3.0 -4.0 0.0 0.0 -4.0 -3.0 -4.0 -4.0 -3.0 -2.0 -2.0 -2.0 -1.0 -2.0 -2.0 -1.0 -1.0 0.0 -2.0 -2.0 -1.0 -2.0 -1.0 -2.0 -4.0 -2.0 -1.0 
-1.0 0.0 0.0 -1.0 -2.0 -4.0 -4.0 -3.0 -3.0 -3.0 -2.0 -3.0 -3.0 -3.0 -2.0 -4.0 -1.0 -4.0 -4.0 -4.0 -3.0 -2.0 0.0 0.0 -4.0 -4.0 -1.0 -3.0 -2.0 -3.0 -3.0 -2.0 -2.0 0.0 -4.0 130.0 -1.0 -1.0 0.0 -2.0 -3.0 0.0 -2.0 -1.0 -2.0 -3.0 -2.0 -2.0 0.0 -4.0 -1.0 0.0 -1.0 -3.0 0.0 -2.0 0.0 -1.0 -2.0 0.0 -3.0 -2.0 -4.0 -2.0 -2.0 
-2.0 0.0 -1.0 -2.0 -1.0 -4.0 -3.0 0.0 -1.0 -3.0 -3.0 -4.0 -1.0 -3.0 -3.0 -2.0 -3.0 0.0 -4.0 0.0 -2.0 -2.0 -3.0 -1.0 0.0 0.0 -2.0 -3.0 -1.0 -2.0 -2.0 0.0 0.0 -2.0 -2.0 -2.0 116.0 -3.0 0.0 0.0 -4.0 -4.0 0.0 0.0 -2.0 -4.0 -3.0 -1.0 -4.0 -4.0 -3.0 0.0 -1.0 -4.0 -2.0 -1.0 -1.0 -2.0 -4.0 0.0 0.0 -3.0 -2.0 0.0 0.0 
-3.0 -2.0 0.0 -1.0 0.0 -1.0 -3.0 -4.0 0.0 -2.0 -1.0 -1.0 -2.0 -1.0 0.0 -3.0 -1.0 -1.0 -2.0 -2.0 -2.0 -1.0 -4.0 -1.0 -2.0 -1.0 -4.0 -3.0 -1.0 -3.0 -1.0 -3.0 0.0 -3.0 -1.0 -4.0 -3.0 123.0 -4.0 0.0 -1.0 -3.0 0.0 0.0 0.0 0.0 -1.0 0.0 -4.0 -2.0 -2.0 -4.0 -3.0 -2.0 -1.0 -4.0 -3.0 -2.0 -3.0 -2.0 -4.0 -4.0 -3.0 -3.0 -1.0 
-4.0 0.0 -1.0 -4.0 -1.0 -2.0 0.0 -2.0 -3.0 0.0 -4.0 0.0 -2.0 -1.0 0.0 0.0 -4.0 0.0 -3.0 -4.0 -2.0 -1.0 -3.0 -3.0 -1.0 -2.0 0.0 -4.0 -3.0 0.0 -1.0 -2.0 -4.0 -3.0 -4.0 -1.0 -3.0 0.0 134.0 -1.0 -1.0 -4.0 -3.0 -4.0 -2.0 -4.0 -1.0 -4.0 -3.0 -2.0 -4.0 0.0 -2.0 -1.0 -3.0 -3.0 -3.0 -2.0 -4.0 -2.0 -4.0 0.0 -1.0 -1.0 -3.0 
-3.0 -4.0 -4.0 0.0 -2.0 -2.0 -3.0 -3.0 -1.0 -4.0 -1.0 -3.0 0.0 0.0 -2.0 -4.0 -4.0 -1.0 0.0 -4.0 -2.0 0.0 -1.0 -3.0 -3.0 -1.0 -3.0 -4.0 -1.0 -2.0 -1.0 -2.0 -1.0 -2.0 -2.0 -2.0 -1.0 -4.0 0.0 136.0 0.0 -3.0 -4.0 -4.0 -3.0 -4.0 -4.0 -1.0 -3.0 0.0 -4.0 0.0 -4.0 0.0 -2.0 -1.0 0.0 -1.0 0.0 0.0 -2.0 -4.0 -4.0 -4.0 -4.0 
0.0 -1.0 -4.0 0.0 0.0 -2.0 -4.0 -4.0 -2.0 -3.0 -2.0 -1.0 -2.0 -1.0 -4.0 -4.0 -3.0 -3.0 -3.0 0.0 -2.0 0.0 -3.0 0.0 -3.0 -3.0 -3.0 -4.0 0.0 -4.0 -4.0 -2.0 -4.0 0.0 -4.0 -3.0 -3.0 -3.0 -1.0 -3.0 144.0 0.0 0.0 0.0 -3.0 -4.0 -3.0 -2.0 -2.0 -2.0 0.0 -4.0 -1.0 -3.0 -4.0 -1.0 -3.0 -1.0 -4.0 -2.0 -3.0 -2.0 -2.0 -3.0 -3.0 
0.0 -4.0 0.0 -2.0 -3.0 -1.0 -3.0 0.0 -4.0 -2.0 -1.0 -2.0 -3.0 -1.0 -4.0 -1.0 0.0 -4.0 -3.0 -1.0 -2.0 -4.0 -3.0 -4.0 -1.0 -2.0 -1.0 -3.0 -4.0 -1.0 0.0 -3.0 -3.0 -4.0 -2.0 -2.0 -1.0 -4.0 0.0 -2.0 -2.0 134.0 -1.0 -3.0 0.0 -2.0 -2.0 -3.0 -3.0 -2.0 -1.0 -3.0 0.0 -1.0 -3.0 -4.0 -2.0 0.0 -3.0 -2.0 -1.0 -4.0 -3.0 0.0 -4.0 
-4.0 -3.0 0.0 -2.0 -2.0 -1.0 -1.0 -4.0 -2.0 -2.0 0.0 -4.0 -4.0 -1.0 -3.0 0.0 -3.0 -2.0 0.0 0.0 -2.0 -4.0 -3.0 -3.0 -3.0 -3.0 -4.0 0.0 -2.0 -4.0 -3.0 -3.0 -3.0 -2.0 -4.0 0.0 -1.0 -3.0 -1.0 -4.0 -4.0 -2.0 129.0 0.0 -2.0 -2.0 -1.0 0.0 -2.0 0.0 0.0 -2.0 -2.0 -1.0 -3.0 -2.0 -3.0 0.0 0.0 -2.0 -4.0 -2.0 -1.0 -4.0 0.0 
-1.0 -3.0 0.0 -1.0 -3.0 0.0 -4.0 -3.0 -4.0 -2.0 -4.0 0.0 -4.0 -4.0 -1.0 -4.0 -4.0 0.0 -4.0 0.0 -3.0 0.0 0.0 -2.0 -4.0 -4.0 -4.0 -3.0 0.0 -4.0 -2.0 -4.0 -1.0 -1.0 -1.0 -2.0 -4.0 -1.0 -4.0 -3.0 -3.0 -4.0 -1.0 151.0 -1.0 0.0 -1.0 -3.0 -2.0 -1.0 -3.0 -4.0 -1.0 -4.0 -4.0 -1.0 -4.0 -2.0 -2.0 -2.0 -3.0 -4.0 -2.0 -4.0 -2.0 
-4.0 -2.0 -4.0 -1.0 0.0 0.0 -2.0 0.0 0.0 -4.0 0.0 -4.0 0.0 0.0 -1.0 0.0 -3.0 0.0 -2.0 0.0 -4.0 0.0 -4.0 -1.0 0.0 -1.0 -2.0 -3.0 -3.0 -2.0 0.0 0.0 -4.0 -4.0 -1.0 -4.0 -1.0 -4.0 -4.0 -3.0 -2.0 -1.0 -1.0 -3.0 124.0 -3.0 -2.0 0.0 -1.0 -4.0 -3.0 -2.0 -3.0 -3.0 -4.0 -1.0 -4.0 -4.0 -3.0 -1.0 -1.0 -2.0 -3.0 0.0 -1.0 
-3.0 -4.0 -4.0 -3.0 -1.0 -4.0 0.0 -4.0 -3.0 -1.0 -2.0 0.0 -4.0 -3.0 -4.0 -4.0 -1.0 -1.0 0.0 -3.0 -4.0 -2.0 -1.0 -3.0 -2.0 -3.0 -4.0 0.0 -3.0 0.0 -4.0 -1.0 -4.0 -1.0 -2.0 -4.0 -2.0 -2.0 -3.0 -4.0 -1.0 -1.0 -1.0 -2.0 -3.0 152.0 0.0 0.0 -2.0 -3.0 -4.0 -1.0 -1.0 -3.0 -3.0 -4.0 -4.0 -3.0 -4.0 -3.0 -2.0 -3.0 -2.0 -4.0 0.0 
-4.0 -3.0 -3.0 -4.0 -2.0 -2.0 -1.0 -2.0 -2.0 -4.0 -4.0 -1.0 -3.0 -4.0 -1.0 -3.0 -1.0 -2.0 -4.0 -4.0 -1.0 -3.0 -3.0 -1.0 -3.0 -1.0 -3.0 0.0 -2.0 -1.0 -3.0 0.0 -2.0 -4.0 -1.0 -4.0 -4.0 -1.0 -4.0 -1.0 -4.0 -1.0 -3.0 -4.0 -4.0 -1.0 148.0 -3.0 -4.0 -1.0 -1.0 -2.0 -4.0 0.0 -3.0 -3.0 0.0 -3.0 -1.0 0.0 -2.0 -3.0 -3.0 -2.0 0.0 
0.0 -4.0 -1.0 -2.0 -3.0 0.0 0.0 -4.0 -2.0 0.0 -4.0 -3.0 -3.0 -2.0 -1.0 0.0 -1.0 -4.0 -2.0 -2.0 0.0 0.0 -1.0 -3.0 0.0 -3.0 -2.0 -3.0 -2.0 -4.0 0.0 -3.0 -1.0 -3.0 -3.0 -1.0 0.0 0.0 -2.0 -2.0 -2.0 -2.0 -3.0 0.0 -2.0 0.0 -3.0 116.0 -2.0 -4.0 -3.0 -2.0 -3.0 -3.0 -1.0 0.0 -1.0 -2.0 -3.0 -1.0 0.0 -1.0 -2.0 -1.0 -4.0 
0.0 -2.0 -4.0 -4.0 -4.0 -4.0 -3.0 0.0 -2.0 -3.0 -1.0 -4.0 -4.0 0.0 -4.0 -4.0 -4.0 -1.0 -2.0 -3.0 -2.0 -4.0 -3.0 -3.0 0.0 0.0 0.0 -2.0 0.0 0.0 -4.0 -3.0 -1.0 -3.0 -2.0 -3.0 -1.0 -3.0 -3.0 -3.0 -1.0 0.0 0.0 -1.0 0.0 0.0 -3.0 -3.0 142.0 -4.0 -1.0 -3.0 -1.0 -3.0 -4.0 -2.0 -2.0 -4.0 0.0 0.0 -3.0 -4.0 -3.0 -3.0 -4.0 
-4.0 -2.0 -3.0 -4.0 0.0 -1.0 -3.0 -2.0 -4.0 0.0 -3.0 -4.0 -1.0 0.0 -1.0 -3.0 -3.0 -1.0 -1.0 -3.0 -1.0 -3.0 -4.0 -2.0 -4.0 -4.0 0.0 -2.0 -1.0 -3.0 -1.0 -3.0 -4.0 -3.0 -4.0 0.0 0.0 -3.0 -3.0 -1.0 -2.0 -1.0 0.0 0.0 -3.0 -2.0 -1.0 0.0 -1.0 129.0 -2.0 0.0 -3.0 -4.0 -1.0 -1.0 -1.0 0.0 -3.0 -4.0 -3.0 -3.0 0.0 -2.0 -3.0 
0.0 0.0 0.0 -3.0 -4.0 -2.0 0.0 -1.0 -1.0 0.0 -2.0 -2.0 -3.0 0.0 -2.0 -1.0 -2.0 0.0 0.0 -3.0 -1.0 0.0 -4.0 -1.0 -2.0 -1.0 -1.0 -1.0 -4.0 -3.0 -1.0 -3.0 -2.0 -2.0 -3.0 0.0 -3.0 0.0 -2.0 -1.0 -1.0 -4.0 -4.0 -3.0 -4.0 -1.0 -2.0 0.0 -2.0 -3.0 118.0 -4.0 -4.0 -3.0 0.0 0.0 -4.0 -3.0 -4.0 -1.0 -2.0 -1.0 -4.0 -2.0 -1.0 
-3.0 -2.0 -1.0 0.0 -2.0 -3.0 -1.0 -1.0 -2.0 -1.0 -1.0 -3.0 -4.0 -4.0 -2.0 -4.0 -3.0 -2.0 -4.0 0.0 -4.0 0.0 -1.0 -2.0 0.0 0.0 -1.0 -2.0 -4.0 -4.0 -4.0 -2.0 -3.0 -4.0 0.0 -4.0 -4.0 -3.0 -3.0 -4.0 -1.0 -4.0 -2.0 0.0 0.0 0.0 -3.0 0.0 -2.0 -2.0 -3.0 141.0 -2.0 -3.0 -1.0 -2.0 -4.0 -1.0 0.0 -1.0 -3.0 -3.0 -4.0 -4.0 -4.0 
-3.0 -2.0 0.0 -4.0 -2.0 -2.0 -2.0 -2.0 -2.0 0.0 -1.0 -1.0 -3.0 0.0 -1.0 -2.0 -4.0 -2.0 -1.0 -4.0 -1.0 -4.0 -1.0 -2.0 0.0 -2.0 -4.0 0.0 -3.0 -2.0 -1.0 0.0 0.0 -4.0 -2.0 -1.0 0.0 -1.0 -3.0 -1.0 -3.0 -3.0 -2.0 -2.0 0.0 -3.0 -1.0 -4.0 -3.0 -2.0 -2.0 0.0 125.0 -2.0 -1.0 -4.0 -4.0 -4.0 -3.0 -2.0 0.0 -2.0 -4.0 -3.0 -1.0 
0.0 -3.0 -2.0 -1.0 -3.0 0.0 -2.0 -2.0 -4.0 -3.0 -2.0 0.0 -4.0 -3.0 -2.0 0.0 0.0 -3.0 -2.0 -3.0 -1.0 -3.0 -3.0 0.0 0.0 -2.0 -4.0 -3.0 -1.0 -1.0 -4.0 -3.0 0.0 0.0 0.0 -2.0 -3.0 -4.0 -2.0 -1.0 -2.0 -4.0 -4.0 -4.0 -3.0 -3.0 -1.0 -3.0 -2.0 -1.0 0.0 0.0 -1.0 124.0 -2.0 -1.0 -1.0 -3.0 -2.0 -2.0 -1.0 -4.0 0.0 0.0 -4.0 
-1.0 -4.0 -4.0 0.0 0.0 0.0 -4.0 -3.0 -2.0 -2.0 -3.0 0.0 -1.0 -4.0 -2.0 0.0 -1.0 0.0 -1.0 -3.0 0.0 0.0 -1.0 -3.0 -4.0 -2.0 -4.0 -4.0 0.0 -3.0 -3.0 -2.0 -1.0 -2.0 -1.0 -2.0 -4.0 -1.0 0.0 -3.0 -2.0 -4.0 -2.0 -4.0 0.0 0.0 -3.0 -1.0 -4.0 -2.0 0.0 -1.0 0.0 -2.0 122.0 0.0 -2.0 0.0 -4.0 -4.0 -3.0 -3.0 0.0 -4.0 -2.0 
-3.0 0.0 -1.0 0.0 -4.0 -2.0 0.0 -1.0 -2.0 -4.0 -4.0 -4.0 -2.0 -4.0 -3.0 -4.0 -2.0 -3.0 0.0 -2.0 -2.0 -2.0 -3.0 0.0 -2.0 -4.0 -3.0 -4.0 -1.0 -1.0 -2.0 0.0 -2.0 0.0 0.0 0.0 -2.0 -2.0 -2.0 -1.0 -1.0 -2.0 0.0 0.0 0.0 0.0 -1.0 -4.0 -2.0 -2.0 -1.0 -3.0 -2.0 -3.0 -4.0 124.0 -2.0 -4.0 -4.0 -3.0 -2.0 0.0 -2.0 -4.0 0.0 
-1.0 -4.0 -3.0 0.0 -3.0 -1.0 -2.0 -3.0 -4.0 0.0 -1.0 0.0 -4.0 -4.0 -4.0 -1.0 -3.0 -4.0 -3.0 -1.0 -2.0 -4.0 -1.0 -2.0 -1.0 -3.0 -2.0 0.0 0.0 -1.0 -4.0 0.0 -2.0 -2.0 -3.0 -3.0 -4.0 0.0 -2.0 -2.0 -1.0 0.0 0.0 -1.0 -3.0 -2.0 0.0 -1.0 -2.0 -2.0 -2.0 -4.0 -2.0 0.0 -1.0 -1.0 123.0 -2.0 0.0 -4.0 -1.0 -2.0 -2.0 -4.0 -2.0 
0.0 0.0 -1.0 -1.0 -1.0 0.0 -4.0 -1.0 0.0 -1.0 -3.0 -2.0 0.0 -3.0 -2.0 -4.0 -4.0 0.0 -1.0 -1.0 0.0 -4.0 -3.0 -2.0 -3.0 -3.0 -2.0 -1.0 0.0 -2.0 0.0 -2.0 -2.0 0.0 -4.0 -2.0 0.0 -1.0 0.0 -1.0 0.0 -4.0 -2.0 -2.0 -3.0 -2.0 -3.0 -3.0 -4.0 -3.0 -4.0 -4.0 -3.0 -3.0 -1.0 0.0 -3.0 117.0 0.0 -1.0 -3.0 0.0 -1.0 -4.0 -3.0 
-2.0 -2.0 -3.0 -3.0 -1.0 -3.0 -4.0 -4.0 -3.0 -1.0 -3.0 -1.0 0.0 0.0 -2.0 -1.0 -3.0 0.0 0.0 -1.0 -1.0 0.0 -4.0 -1.0 0.0 -1.0 -1.0 0.0 -4.0 -2.0 -2.0 -2.0 0.0 -1.0 0.0 0.0 -2.0 -2.0 -3.0 -2.0 -2.0 -3.0 -1.0 -1.0 -2.0 -4.0 -2.0 -4.0 -4.0 -1.0 -2.0 0.0 -1.0 -3.0 -2.0 -4.0 -2.0 0.0 109.0 0.0 0.0 -3.0 -2.0 -1.0 0.0 
-1.0 -2.0 -2.0 -3.0 -1.0 -2.0 -3.0 -4.0 -1.0 0.0 -4.0 -1.0 -1.0 -1.0 -4.0 0.0 -1.0 -3.0 -3.0 -1.0 -3.0 -1.0 0.0 -4.0 -3.0 -2.0 -1.0 -2.0 0.0 -3.0 -2.0 0.0 -1.0 -1.0 -4.0 0.0 -1.0 -3.0 -1.0 -1.0 -4.0 -1.0 -2.0 -1.0 -2.0 -1.0 -3.0 -4.0 0.0 -4.0 -3.0 0.0 -3.0 -1.0 -3.0 -2.0 -2.0 -4.0 -3.0 123.0 -1.0 -1.0 -4.0 -1.0 -2.0 
-2.0 -2.0 -2.0 -2.0 -3.0 0.0 0.0 -1.0 -4.0 -4.0 0.0 -4.0 -1.0 -3.0 -1.0 0.0 -3.0 0.0 -3.0 -2.0 0.0 -3.0 0.0 -1.0 -1.0 -2.0 -4.0 -1.0 -3.0 -3.0 -1.0 -2.0 -3.0 -3.0 -4.0 -2.0 -4.0 -3.0 -4.0 -3.0 -2.0 -2.0 -3.0 -3.0 -1.0 -3.0 -3.0 -4.0 -4.0 -2.0 -4.0 -2.0 -3.0 -4.0 0.0 -3.0 -1.0 0.0 -3.0 -4.0 143.0 -4.0 -2.0 -1.0 -1.0 
-2.0 -4.0 -1.0 -2.0 -4.0 0.0 -2.0 0.0 -1.0 -1.0 -3.0 0.0 -2.0 0.0 -1.0 -4.0 -1.0 -4.0 -3.0 -2.0 -3.0 -3.0 -3.0 -3.0 0.0 -1.0 -1.0 -3.0 -4.0 -3.0 -2.0 -3.0 0.0 0.0 0.0 -1.0 -4.0 -3.0 -1.0 -4.0 -3.0 -2.0 -4.0 -2.0 0.0 -3.0 -2.0 -2.0 0.0 -2.0 -4.0 -4.0 -2.0 -2.0 -1.0 -4.0 -1.0 -3.0 -4.0 -2.0 0.0 135.0 -1.0 -4.0 -4.0 
-3.0 -4.0 -4.0 -2.0 -1.0 -3.0 -2.0 0.0 -1.0 0.0 -4.0 0.0 -3.0 0.0 -2.0 -3.0 -2.0 -4.0 -3.0 -1.0 0.0 0.0 0.0 -2.0 0.0 -2.0 -1.0 -3.0 -1.0 -3.0 -3.0 -3.0 -3.0 -4.0 -1.0 0.0 0.0 -2.0 -2.0 -3.0 -4.0 -4.0 0.0 -4.0 -2.0 -1.0 -3.0 -2.0 -4.0 -1.0 -2.0 -3.0 -1.0 0.0 -1.0 -2.0 -1.0 -4.0 0.0 -2.0 -4.0 0.0 123.0 -1.0 -2.0 
-1.0 -2.0 -4.0 -2.0 0.0 -1.0 -1.0 0.0 -4.0 -1.0 -4.0 -3.0 -1.0 -4.0 -2.0 -3.0 -3.0 -4.0 -1.0 -3.0 0.0 0.0 0.0 -2.0 -4.0 -2.0 -3.0 -3.0 -2.0 0.0 0.0 -4.0 -2.0 0.0 0.0 -2.0 -3.0 -2.0 -4.0 -2.0 -1.0 -4.0 -1.0 -1.0 0.0 -1.0 -4.0 -4.0 -4.0 0.0 -2.0 0.0 0.0 0.0 -4.0 -1.0 -4.0 -4.0 -3.0 0.0 0.0 -1.0 -4.0 124.0 -2.0 
-1.0 0.0 -2.0 -3.0 -2.0 -1.0 0.0 -2.0 -4.0 -4.0 -3.0 0.0 -1.0 -3.0 0.0 -3.0 -3.0 -4.0 -4.0 0.0 0.0 -2.0 -4.0 -4.0 -1.0 0.0 -1.0 -4.0 0.0 -2.0 -3.0 -3.0 0.0 -2.0 -1.0 -2.0 -2.0 -4.0 -3.0 -3.0 -3.0 -3.0 0.0 -1.0 -4.0 -2.0 -4.0 0.0 -3.0 -4.0 0.0 -1.0 -1.0 -4.0 0.0 0.0 0.0 -3.0 -2.0 -4.0 0.0 0.0 -1.0 -1.0 122.0 

-3871.64 -4200.0 -4195.0 -3571.0 -3075.0 -3621.0 -2850.0 -3028.0 -3402.0 -2850.0 -2740.0 -3531.0 -2319.0 -2556.0 -2803.0 -2543.0 -1926.0 -1894.0 -1962.0 -1408.0 -1309.0 -1482.0 -1240.0 -940.0 -1308.0 -545.0 -572.0 -284.0 -336.0 -130.0 -325.0 260.0 229.0 267.0 608.0 724.0 558.0 230.0 537.0 993.0 1023.0 1177.0 1540.0 1533.0 1157.0 2050.0 2404.0 1757.0 2404.0 2454.0 1673.0 2554.0 2339.0 2672.0 2641.0 2949.0 3200.0 2592.0 3007.0 3267.0 3745.0 3738.0 3813.0 3934.0 4105.0 