11.0 0.0 -2.0 -2.0 -2.0 -3.0 -2.0 -2.0 -2.0 -4.0 0.0 -2.0 -2.0 -2.0 0.0 
-1.0 28.0 0.0 -4.0 -1.0 -2.0 0.0 -3.0 -3.0 -4.0 -2.0 0.0 -2.0 -4.0 -2.0 
0.0 -2.0 20.0 -4.0 -2.0 -1.0 -3.0 -1.0 0.0 -3.0 0.0 -3.0 0.0 0.0 -1.0 
-2.0 0.0 -3.0 29.0 -4.0 -1.0 -2.0 -1.0 -4.0 -3.0 -2.0 -2.0 -4.0 -1.0 0.0 
-4.0 -1.0 -3.0 -3.0 37.0 -4.0 -4.0 -3.0 0.0 -3.0 -2.0 -4.0 0.0 -3.0 -3.0 
-1.0 -4.0 -3.0 -3.0 0.0 27.0 -4.0 -1.0 -4.0 -3.0 0.0 -1.0 0.0 0.0 -3.0 
0.0 -4.0 0.0 0.0 -3.0 0.0 25.0 -1.0 -4.0 -3.0 -2.0 -1.0 -2.0 -3.0 -2.0 
-3.0 -4.0 -2.0 0.0 -1.0 -1.0 -3.0 26.0 0.0 -4.0 0.0 0.0 -1.0 -3.0 -4.0 
0.0 -1.0 0.0 -4.0 -4.0 -2.0 0.0 -3.0 22.0 0.0 0.0 -2.0 -4.0 0.0 -2.0 
-3.0 -4.0 -3.0 -4.0 -4.0 -4.0 -4.0 -3.0 -3.0 42.0 -3.0 0.0 -4.0 -3.0 0.0 
-2.0 -1.0 -4.0 -4.0 -4.0 -1.0 -1.0 -1.0 -4.0 -1.0 33.0 -3.0 -4.0 0.0 -3.0 
-3.0 -3.0 -4.0 -1.0 -4.0 -3.0 -1.0 -1.0 -3.0 -3.0 -4.0 33.0 -1.0 -2.0 0.0 
0.0 -1.0 -2.0 -1.0 -4.0 -2.0 -1.0 -4.0 -1.0 -1.0 -4.0 -3.0 29.0 -4.0 -1.0 
-4.0 -3.0 -2.0 -1.0 0.0 -3.0 0.0 -3.0 -4.0 -3.0 -3.0 -1.0 -3.0 31.0 -1.0 
-4.0 0.0 0.0 -4.0 -1.0 -3.0 -1.0 -3.0 0.0 -2.0 0.0 -3.0 0.0 -3.0 24.0 
-197.0 -203.0 -86.0 -121.0 -105.0 -27.0 -54.0 4.0 18.0 134.0 111.0 176.0 124.0 207.0 188.0 