58.0 -2.0 -1.0 -3.0 0.0 -3.0 0.0 0.0 0.0 -2.0 -2.0 -3.0 -4.0 0.0 -1.0 -3.0 -2.0 -1.0 -4.0 0.0 -2.0 -3.0 -3.0 0.0 -2.0 -1.0 -2.0 -4.0 -4.0 0.0 0.0 -4.0 0.0 -1.0 -4.0 -4.0 -3.0 -4.0 0.0 -2.0 -4.0 -2.0 -3.0 -4.0 0.0 -2.0 0.0 -2.0 -1.0 -2.0 -4.0 -3.0 0.0 -2.0 -1.0 -3.0 -2.0 0.0 -3.0 -2.0 -2.0 -1.0 -1.0 -1.0 -3.0 
-3.0 100.0 -2.0 -3.0 -1.0 -4.0 0.0 -4.0 -3.0 -1.0 -1.0 0.0 -1.0 0.0 0.0 -4.0 -2.0 -3.0 -2.0 0.0 -2.0 0.0 0.0 -3.0 -2.0 -4.0 -1.0 0.0 0.0 -2.0 -1.0 -1.0 -1.0 -1.0 -2.0 -2.0 -1.0 -2.0 -4.0 0.0 0.0 -2.0 -1.0 -1.0 0.0 0.0 -4.0 -4.0 -4.0 -4.0 -1.0 0.0 0.0 0.0 -2.0 0.0 0.0 0.0 -1.0 -1.0 -4.0 -1.0 -2.0 -2.0 -3.0 
-3.0 -4.0 117.0 0.0 0.0 0.0 0.0 -2.0 0.0 -2.0 -3.0 0.0 -3.0 -3.0 -4.0 -1.0 -3.0 -3.0 -3.0 -3.0 -3.0 -2.0 -2.0 0.0 -4.0 -1.0 -4.0 -2.0 0.0 -2.0 -3.0 -2.0 0.0 -1.0 0.0 -4.0 -4.0 -1.0 0.0 -3.0 -3.0 -1.0 -2.0 0.0 -2.0 -1.0 0.0 -4.0 -1.0 -1.0 -1.0 -4.0 -3.0 0.0 -3.0 -1.0 0.0 0.0 -3.0 -1.0 -3.0 -3.0 -4.0 0.0 -1.0 
-4.0 -4.0 -2.0 156.0 -4.0 -2.0 -2.0 0.0 -1.0 -1.0 -1.0 0.0 -2.0 -4.0 -3.0 -4.0 -4.0 0.0 0.0 -1.0 0.0 -2.0 -3.0 -4.0 0.0 -1.0 -2.0 -1.0 -2.0 -3.0 -4.0 -1.0 -3.0 -4.0 -4.0 -1.0 -3.0 -4.0 -4.0 -2.0 -4.0 -4.0 -2.0 -4.0 -2.0 -1.0 -4.0 -4.0 -4.0 0.0 -3.0 -3.0 -1.0 -1.0 -4.0 -2.0 -4.0 -3.0 -2.0 -2.0 -1.0 -4.0 -4.0 -2.0 -4.0 
0.0 0.0 -1.0 -2.0 113.0 0.0 0.0 -1.0 0.0 -4.0 -3.0 -1.0 0.0 0.0 -3.0 -2.0 -4.0 -3.0 0.0 -4.0 -4.0 -1.0 0.0 -2.0 -1.0 0.0 -1.0 -3.0 -1.0 0.0 -4.0 -3.0 -1.0 -4.0 -1.0 -2.0 -1.0 -1.0 -4.0 -1.0 -4.0 -1.0 0.0 0.0 -3.0 -1.0 -1.0 0.0 -2.0 -1.0 -3.0 0.0 0.0 -1.0 -4.0 -3.0 -4.0 -2.0 -4.0 -1.0 -3.0 -3.0 -2.0 -4.0 -3.0 
-2.0 0.0 -1.0 -3.0 -1.0 112.0 -1.0 -1.0 -3.0 0.0 -1.0 -1.0 -4.0 -1.0 -4.0 -2.0 0.0 0.0 -4.0 -4.0 0.0 -3.0 0.0 -1.0 0.0 -2.0 -2.0 -1.0 -4.0 0.0 0.0 -2.0 -4.0 0.0 -1.0 -4.0 0.0 -3.0 -3.0 -2.0 -4.0 -1.0 -1.0 -4.0 -4.0 -1.0 0.0 -3.0 0.0 -1.0 -2.0 0.0 0.0 -2.0 -1.0 -3.0 -1.0 -3.0 -4.0 -3.0 -1.0 -2.0 -4.0 -2.0 0.0 
-2.0 -1.0 0.0 -4.0 0.0 0.0 139.0 -4.0 -1.0 -1.0 -1.0 -4.0 -1.0 -4.0 -3.0 0.0 0.0 -3.0 -2.0 0.0 -2.0 -4.0 -2.0 -4.0 -1.0 -2.0 -2.0 -1.0 -3.0 -1.0 -2.0 -1.0 -2.0 -3.0 -3.0 -3.0 -1.0 -4.0 -2.0 -3.0 -2.0 0.0 -4.0 -4.0 -4.0 -4.0 -1.0 -4.0 -2.0 -2.0 -3.0 -3.0 -4.0 -4.0 0.0 -2.0 -1.0 -1.0 -3.0 -3.0 -3.0 -2.0 -2.0 -2.0 -2.0 
-2.0 -1.0 -4.0 -2.0 -4.0 -3.0 -4.0 147.0 0.0 -1.0 0.0 -2.0 -1.0 -4.0 -1.0 -4.0 -1.0 -3.0 -2.0 -4.0 -3.0 -1.0 -1.0 -3.0 0.0 -2.0 -1.0 -4.0 -4.0 -4.0 -1.0 -1.0 -2.0 -3.0 -2.0 0.0 -1.0 0.0 -4.0 -2.0 -2.0 -2.0 -4.0 -4.0 -1.0 0.0 -3.0 -4.0 -2.0 -2.0 -4.0 -3.0 -4.0 -2.0 -3.0 -4.0 -4.0 -4.0 -3.0 0.0 0.0 -4.0 -2.0 -1.0 -3.0 
-1.0 -4.0 -3.0 -1.0 -1.0 0.0 -2.0 -2.0 144.0 -4.0 0.0 -2.0 -3.0 -2.0 -1.0 -3.0 -4.0 -4.0 -4.0 -4.0 -3.0 0.0 -4.0 0.0 -4.0 -4.0 0.0 -4.0 -1.0 -2.0 -1.0 -3.0 -4.0 -4.0 -1.0 -3.0 0.0 -1.0 -4.0 -2.0 -1.0 -3.0 0.0 -3.0 -2.0 -4.0 -4.0 -2.0 0.0 -4.0 -3.0 -1.0 -2.0 -2.0 -2.0 -3.0 -3.0 -4.0 0.0 -4.0 0.0 -2.0 -4.0 -1.0 0.0 
-1.0 -4.0 -2.0 -1.0 0.0 -2.0 0.0 -3.0 -3.0 118.0 -1.0 -1.0 -1.0 -3.0 0.0 -2.0 -1.0 -3.0 -4.0 -3.0 -4.0 -2.0 -3.0 0.0 0.0 0.0 -1.0 0.0 -4.0 -2.0 -1.0 -3.0 -2.0 0.0 -1.0 -4.0 -1.0 -4.0 0.0 -2.0 -4.0 -1.0 -1.0 0.0 -1.0 -4.0 -2.0 -1.0 -1.0 0.0 -2.0 -3.0 -4.0 -1.0 -2.0 -3.0 0.0 -1.0 -4.0 -2.0 -2.0 -2.0 -2.0 -4.0 -2.0 
-3.0 -2.0 -4.0 -3.0 -1.0 0.0 -3.0 -1.0 -4.0 -4.0 151.0 -3.0 -3.0 0.0 -4.0 -2.0 -4.0 -4.0 -4.0 0.0 -1.0 -3.0 -3.0 -2.0 -4.0 -2.0 -3.0 -1.0 -2.0 -2.0 -1.0 -2.0 -3.0 -4.0 -1.0 -3.0 -3.0 0.0 -3.0 -1.0 -2.0 -4.0 -2.0 0.0 -3.0 -4.0 -2.0 -2.0 -4.0 -2.0 -1.0 -3.0 -1.0 -2.0 -2.0 -2.0 0.0 -3.0 -3.0 -1.0 -4.0 -2.0 -4.0 -4.0 -1.0 
-3.0 -2.0 0.0 -2.0 -3.0 -3.0 -3.0 -1.0 -2.0 -3.0 0.0 117.0 -1.0 -4.0 -1.0 0.0 -2.0 -3.0 -1.0 -4.0 0.0 0.0 -2.0 -2.0 -1.0 -3.0 -2.0 -2.0 -3.0 -3.0 -1.0 -1.0 -3.0 -1.0 -4.0 -3.0 -3.0 0.0 -4.0 -2.0 -4.0 -2.0 -4.0 -2.0 0.0 -4.0 -1.0 -3.0 0.0 0.0 -1.0 -4.0 0.0 -3.0 -4.0 0.0 -2.0 -1.0 0.0 -1.0 0.0 0.0 -1.0 0.0 -2.0 
0.0 -3.0 -2.0 -3.0 -2.0 -2.0 -1.0 -2.0 -4.0 -3.0 -3.0 -1.0 148.0 -1.0 -4.0 -1.0 -2.0 -1.0 -3.0 -4.0 -3.0 -4.0 -3.0 0.0 -1.0 -1.0 -1.0 -4.0 -4.0 -1.0 0.0 -4.0 -2.0 -3.0 -4.0 -4.0 0.0 -3.0 0.0 -2.0 -1.0 0.0 -1.0 -4.0 -4.0 -3.0 -4.0 -4.0 -3.0 -2.0 -4.0 -4.0 -3.0 -4.0 -3.0 -3.0 -1.0 0.0 -1.0 -2.0 -3.0 0.0 -1.0 -3.0 -4.0 
0.0 0.0 -4.0 0.0 -1.0 -4.0 0.0 0.0 -4.0 -2.0 -2.0 -1.0 -2.0 104.0 -4.0 -2.0 -1.0 -2.0 -3.0 -1.0 -1.0 -1.0 -1.0 0.0 -3.0 -2.0 -1.0 0.0 0.0 -3.0 0.0 -2.0 -4.0 -2.0 -2.0 -2.0 0.0 -2.0 -1.0 -3.0 0.0 0.0 -2.0 -2.0 -3.0 -4.0 -1.0 -3.0 -1.0 -3.0 -4.0 -3.0 -2.0 0.0 0.0 -2.0 -2.0 -3.0 0.0 0.0 -3.0 -1.0 -2.0 0.0 0.0 
-2.0 -2.0 -4.0 0.0 -1.0 -4.0 -1.0 -2.0 0.0 0.0 -1.0 -3.0 0.0 -1.0 122.0 0.0 0.0 -3.0 -2.0 -4.0 -2.0 0.0 0.0 -2.0 0.0 -2.0 0.0 0.0 -3.0 -3.0 -4.0 -3.0 0.0 -3.0 -4.0 -2.0 -1.0 -4.0 -2.0 -2.0 -3.0 -3.0 -2.0 -4.0 -3.0 -4.0 -1.0 -2.0 0.0 -4.0 -2.0 -1.0 0.0 -4.0 -1.0 0.0 -2.0 0.0 -2.0 -4.0 -2.0 -3.0 -3.0 -2.0 -3.0 
-2.0 -2.0 -1.0 -2.0 -4.0 0.0 -2.0 0.0 -3.0 -4.0 0.0 -2.0 -1.0 -2.0 -4.0 141.0 -2.0 -3.0 -3.0 -3.0 0.0 0.0 -4.0 -2.0 -1.0 -4.0 -2.0 -2.0 -3.0 -1.0 -4.0 -3.0 0.0 -4.0 -4.0 -2.0 0.0 -2.0 -4.0 -1.0 -4.0 -4.0 -3.0 -3.0 -1.0 -4.0 -3.0 0.0 -4.0 -1.0 -3.0 -1.0 0.0 -2.0 -2.0 -3.0 -2.0 -3.0 -2.0 -2.0 -4.0 -2.0 -1.0 0.0 -4.0 
-1.0 -4.0 -1.0 0.0 -4.0 0.0 -4.0 0.0 -2.0 -2.0 -4.0 0.0 -1.0 -4.0 -4.0 0.0 120.0 0.0 -2.0 -2.0 -4.0 -4.0 0.0 -1.0 -2.0 -4.0 -3.0 -2.0 -2.0 0.0 -3.0 -1.0 -1.0 -1.0 0.0 -1.0 -4.0 -2.0 -3.0 0.0 -4.0 -1.0 -2.0 -1.0 -1.0 0.0 -1.0 -1.0 0.0 -3.0 -2.0 -1.0 -4.0 0.0 -3.0 -3.0 -4.0 -3.0 -2.0 0.0 -3.0 -1.0 -3.0 0.0 -4.0 
-4.0 -2.0 -2.0 -1.0 -3.0 -2.0 -1.0 -4.0 0.0 -4.0 0.0 -2.0 -4.0 -2.0 -3.0 -4.0 -4.0 126.0 -3.0 -4.0 -3.0 -2.0 -1.0 -1.0 -3.0 -2.0 -1.0 0.0 -1.0 0.0 -1.0 0.0 -2.0 -2.0 0.0 -1.0 0.0 -2.0 -4.0 -2.0 -2.0 -1.0 -3.0 -4.0 -3.0 -4.0 0.0 -2.0 -3.0 -1.0 -1.0 -3.0 0.0 -1.0 -1.0 -2.0 -4.0 -1.0 -3.0 0.0 -1.0 0.0 -3.0 -2.0 -4.0 
-3.0 0.0 0.0 -3.0 -2.0 -3.0 -4.0 -3.0 0.0 0.0 -3.0 -3.0 0.0 -2.0 -4.0 -4.0 -1.0 0.0 122.0 0.0 -1.0 -3.0 -3.0 -3.0 -1.0 -3.0 -3.0 -2.0 -4.0 0.0 -4.0 -1.0 -2.0 -4.0 -3.0 -3.0 -1.0 -3.0 0.0 -2.0 -1.0 0.0 -2.0 -3.0 0.0 -3.0 -3.0 -1.0 0.0 -2.0 -2.0 -2.0 -2.0 -1.0 -2.0 -1.0 -3.0 -4.0 -3.0 -1.0 0.0 0.0 -4.0 -1.0 0.0 
-3.0 -4.0 -2.0 0.0 -3.0 -2.0 -4.0 -2.0 -2.0 -2.0 -1.0 -3.0 -2.0 -2.0 -2.0 -1.0 -4.0 0.0 -1.0 135.0 0.0 -3.0 0.0 -2.0 0.0 -4.0 -3.0 -2.0 0.0 -2.0 -4.0 -1.0 0.0 -4.0 -4.0 -1.0 -1.0 -3.0 -2.0 0.0 0.0 0.0 -1.0 0.0 -1.0 -4.0 0.0 -2.0 -4.0 -2.0 -4.0 -3.0 -2.0 -4.0 -1.0 -4.0 -2.0 -4.0 -2.0 -3.0 -4.0 -2.0 -4.0 -4.0 -2.0 
-1.0 -4.0 -2.0 0.0 0.0 -4.0 -3.0 -2.0 0.0 -1.0 0.0 0.0 0.0 -4.0 0.0 -2.0 -3.0 -3.0 0.0 0.0 114.0 -4.0 -1.0 -1.0 -2.0 -2.0 -2.0 0.0 -2.0 -4.0 -3.0 0.0 0.0 -1.0 -1.0 -2.0 -2.0 -3.0 -1.0 -1.0 0.0 -1.0 -4.0 -2.0 -4.0 -3.0 0.0 -1.0 -1.0 -1.0 -3.0 -3.0 -3.0 -2.0 -2.0 -1.0 -3.0 -2.0 -3.0 -1.0 -4.0 -3.0 -2.0 -4.0 0.0 
-4.0 -4.0 -4.0 -3.0 -3.0 -2.0 -4.0 -4.0 -1.0 -1.0 0.0 -3.0 0.0 -1.0 -3.0 -4.0 -1.0 0.0 -2.0 0.0 0.0 147.0 0.0 0.0 0.0 -2.0 -3.0 -2.0 -3.0 -4.0 -3.0 -3.0 -1.0 -2.0 -1.0 -4.0 -4.0 -4.0 -1.0 -2.0 -2.0 -3.0 -3.0 -4.0 -3.0 -4.0 -1.0 -2.0 -4.0 -1.0 -4.0 -1.0 -1.0 -1.0 -2.0 -3.0 -1.0 -2.0 -3.0 -3.0 -1.0 -4.0 -3.0 -4.0 -4.0 
-4.0 -2.0 -3.0 -3.0 -3.0 -4.0 -2.0 -1.0 -3.0 -4.0 0.0 -4.0 0.0 -3.0 -4.0 -1.0 -2.0 -2.0 -3.0 -4.0 -1.0 -3.0 150.0 -4.0 -4.0 -1.0 0.0 0.0 -4.0 -3.0 -4.0 -2.0 -3.0 -1.0 -2.0 -4.0 -2.0 -3.0 -3.0 -4.0 -1.0 -1.0 0.0 -3.0 -4.0 0.0 0.0 0.0 -2.0 -1.0 -4.0 0.0 -2.0 0.0 -4.0 -3.0 -4.0 -3.0 -3.0 -2.0 -4.0 -2.0 -3.0 0.0 -4.0 
-3.0 -1.0 -3.0 0.0 -2.0 0.0 -2.0 -2.0 -4.0 -2.0 -3.0 -4.0 0.0 -4.0 -4.0 -2.0 -1.0 0.0 -2.0 -2.0 -2.0 0.0 0.0 135.0 -4.0 -3.0 -4.0 0.0 -1.0 -1.0 -1.0 -3.0 0.0 -3.0 -2.0 -4.0 -3.0 -4.0 -4.0 -3.0 -3.0 0.0 -3.0 -3.0 -3.0 -2.0 -1.0 -2.0 -1.0 -1.0 0.0 -3.0 -4.0 -3.0 -3.0 -3.0 0.0 -2.0 -3.0 0.0 -3.0 -3.0 -3.0 -1.0 -2.0 
0.0 -3.0 0.0 -1.0 -1.0 -4.0 -1.0 -2.0 -2.0 -3.0 0.0 0.0 -3.0 -3.0 0.0 -1.0 -3.0 -4.0 0.0 -1.0 -2.0 0.0 -4.0 0.0 124.0 -3.0 -2.0 0.0 -2.0 -2.0 -4.0 -3.0 0.0 0.0 0.0 -1.0 -3.0 -1.0 -2.0 -4.0 -3.0 -2.0 -3.0 -2.0 -3.0 -3.0 0.0 -4.0 0.0 -2.0 -2.0 -4.0 -1.0 -3.0 -4.0 0.0 -3.0 -2.0 -4.0 -2.0 -3.0 -3.0 -2.0 0.0 -4.0 
-1.0 -4.0 -4.0 -1.0 0.0 0.0 -4.0 -1.0 -2.0 -4.0 -3.0 -4.0 0.0 -1.0 -4.0 -2.0 -2.0 -3.0 -1.0 -1.0 -2.0 -3.0 -1.0 -3.0 -4.0 132.0 -3.0 -4.0 -2.0 0.0 0.0 -3.0 -3.0 0.0 -4.0 -4.0 -4.0 -3.0 -3.0 -2.0 -1.0 -4.0 -3.0 0.0 -4.0 -4.0 0.0 -2.0 -2.0 -1.0 -4.0 -3.0 0.0 0.0 -2.0 -2.0 -1.0 0.0 -3.0 -1.0 0.0 0.0 -2.0 -3.0 0.0 
-4.0 0.0 -3.0 -1.0 -3.0 -2.0 0.0 -4.0 -1.0 -2.0 -1.0 -1.0 -1.0 -3.0 -2.0 -2.0 -1.0 0.0 -3.0 -1.0 0.0 -2.0 -3.0 -3.0 -2.0 -1.0 106.0 -1.0 -2.0 -4.0 -1.0 -2.0 -3.0 0.0 -2.0 -1.0 -1.0 -1.0 0.0 -2.0 -2.0 0.0 0.0 0.0 0.0 -4.0 -1.0 0.0 -1.0 -3.0 0.0 -2.0 0.0 -1.0 -2.0 -3.0 -2.0 -3.0 -1.0 -4.0 -2.0 -2.0 -3.0 -4.0 0.0 
-4.0 -4.0 -1.0 -2.0 -3.0 -3.0 -2.0 0.0 -3.0 -2.0 -2.0 -2.0 -1.0 -4.0 -1.0 -1.0 -2.0 -2.0 -3.0 -4.0 -1.0 0.0 -2.0 -2.0 -1.0 0.0 0.0 131.0 -3.0 -3.0 -3.0 0.0 -3.0 -2.0 -1.0 -3.0 -1.0 -2.0 -4.0 -1.0 0.0 -1.0 -4.0 -1.0 -4.0 -3.0 0.0 -1.0 -3.0 -4.0 -3.0 -4.0 -3.0 -3.0 -1.0 -4.0 0.0 -1.0 -2.0 0.0 -1.0 -3.0 -3.0 -1.0 -3.0 
-3.0 0.0 0.0 -2.0 -1.0 -2.0 -4.0 -1.0 -1.0 -1.0 -3.0 0.0 0.0 -1.0 0.0 0.0 -3.0 0.0 -3.0 0.0 -3.0 0.0 -1.0 -1.0 -2.0 0.0 -1.0 0.0 100.0 -4.0 -4.0 -2.0 -2.0 0.0 0.0 -3.0 0.0 -1.0 -2.0 -1.0 -4.0 -1.0 -1.0 -4.0 -2.0 -1.0 0.0 -1.0 -4.0 -1.0 -2.0 -4.0 -4.0 0.0 -4.0 -2.0 -2.0 -2.0 -2.0 -1.0 -4.0 -1.0 0.0 0.0 -1.0 
-1.0 0.0 -2.0 0.0 -1.0 -3.0 0.0 0.0 -2.0 0.0 0.0 -4.0 -2.0 0.0 -4.0 0.0 -2.0 -1.0 -1.0 -4.0 0.0 -3.0 -4.0 -2.0 -1.0 -2.0 0.0 -3.0 -1.0 113.0 -4.0 -2.0 -2.0 -2.0 -2.0 -1.0 -1.0 -2.0 -4.0 -4.0 -3.0 -4.0 -3.0 -2.0 -2.0 -3.0 -1.0 -2.0 -4.0 -4.0 -1.0 0.0 -2.0 0.0 -3.0 0.0 -1.0 -3.0 -1.0 -1.0 -2.0 0.0 0.0 -2.0 -2.0 
-4.0 -1.0 0.0 -4.0 -1.0 -2.0 -1.0 -3.0 -4.0 -4.0 -2.0 0.0 -3.0 0.0 -2.0 -3.0 -3.0 -1.0 -4.0 -2.0 -4.0 0.0 -4.0 -1.0 -4.0 0.0 -2.0 -2.0 -4.0 -3.0 140.0 0.0 0.0 -4.0 -3.0 -4.0 0.0 -2.0 -3.0 -3.0 -4.0 -4.0 -3.0 -1.0 -1.0 0.0 -2.0 0.0 -2.0 -1.0 -2.0 -3.0 0.0 -3.0 -3.0 -3.0 0.0 -2.0 -2.0 -2.0 -3.0 -4.0 0.0 -4.0 -4.0 
0.0 -2.0 -4.0 -2.0 -4.0 -4.0 -2.0 0.0 -1.0 -2.0 0.0 -3.0 0.0 -4.0 -1.0 -1.0 0.0 0.0 -4.0 -4.0 -2.0 -1.0 0.0 -2.0 -4.0 0.0 -2.0 -3.0 -1.0 -2.0 -1.0 119.0 -1.0 -1.0 -1.0 -1.0 -4.0 -1.0 -3.0 -3.0 0.0 0.0 -1.0 -3.0 -2.0 -4.0 0.0 0.0 -1.0 -1.0 -3.0 -2.0 -4.0 -4.0 -2.0 -1.0 0.0 -3.0 -3.0 -3.0 -3.0 -4.0 -2.0 -1.0 -1.0 
-4.0 -2.0 -1.0 -3.0 -3.0 0.0 -4.0 -1.0 -1.0 -4.0 0.0 -3.0 0.0 -4.0 -4.0 -1.0 -1.0 -4.0 -3.0 -3.0 -4.0 -1.0 -3.0 -4.0 -2.0 -1.0 -3.0 -2.0 0.0 -2.0 0.0 -3.0 140.0 -4.0 -2.0 -3.0 -2.0 0.0 -4.0 0.0 -3.0 -1.0 -2.0 -1.0 -2.0 -4.0 -2.0 0.0 -2.0 -4.0 -3.0 0.0 -4.0 -3.0 0.0 -1.0 -2.0 -4.0 0.0 -4.0 -3.0 -2.0 -1.0 -4.0 -2.0 
-1.0 0.0 0.0 0.0 -1.0 -1.0 -4.0 -4.0 -2.0 -2.0 0.0 -4.0 -3.0 -4.0 -2.0 0.0 -2.0 -4.0 -1.0 -2.0 -3.0 -2.0 -2.0 -1.0 -2.0 0.0 -1.0 -1.0 0.0 -1.0 -4.0 -4.0 -3.0 119.0 -2.0 -1.0 0.0 -2.0 -2.0 -1.0 -3.0 -2.0 -2.0 0.0 -4.0 -4.0 -3.0 -3.0 -1.0 -3.0 0.0 -2.0 -2.0 -2.0 -2.0 -3.0 -4.0 0.0 -1.0 0.0 0.0 -4.0 -1.0 0.0 -4.0 
-3.0 0.0 0.0 -4.0 -1.0 -3.0 -3.0 0.0 0.0 -2.0 -4.0 -1.0 0.0 -1.0 -1.0 -4.0 -1.0 -3.0 0.0 -2.0 0.0 -4.0 0.0 -4.0 -3.0 -2.0 -2.0 0.0 -4.0 -3.0 -1.0 -4.0 -1.0 -1.0 123.0 -1.0 -2.0 -1.0 -4.0 -3.0 -2.0 -4.0 0.0 0.0 -3.0 -4.0 -4.0 -3.0 -2.0 -2.0 0.0 -1.0 -4.0 -1.0 -1.0 -1.0 -1.0 -2.0 -1.0 0.0 -4.0 -1.0 -4.0 -3.0 -2.0 
0.0 -4.0 -4.0 0.0 -2.0 -4.0 -4.0 -2.0 0.0 -2.0 -3.0 -2.0 0.0 0.0 -1.0 -1.0 0.0 0.0 -4.0 -3.0 0.0 -1.0 -4.0 -4.0 -3.0 -2.0 -3.0 -1.0 -4.0 -2.0 -4.0 -2.0 -2.0 -1.0 -4.0 132.0 -1.0 -4.0 0.0 -4.0 -3.0 -4.0 -3.0 -3.0 0.0 -2.0 -4.0 -4.0 -3.0 0.0 -1.0 -2.0 0.0 -3.0 -1.0 -2.0 -1.0 -4.0 0.0 0.0 -2.0 -1.0 -3.0 -1.0 -3.0 
-4.0 0.0 -2.0 -4.0 0.0 -2.0 -4.0 -3.0 -1.0 -1.0 -3.0 -4.0 0.0 -3.0 -2.0 -3.0 0.0 0.0 0.0 -2.0 -2.0 -4.0 -4.0 -3.0 -4.0 -1.0 -4.0 -1.0 -2.0 0.0 -2.0 -4.0 0.0 0.0 -2.0 -2.0 133.0 -3.0 -2.0 0.0 -2.0 -2.0 -4.0 -4.0 -3.0 -2.0 -4.0 -1.0 -2.0 -2.0 -2.0 0.0 0.0 -3.0 -4.0 -4.0 -2.0 -1.0 -1.0 0.0 -2.0 -3.0 0.0 -4.0 -3.0 
-3.0 -4.0 -1.0 -3.0 -3.0 -1.0 -4.0 -3.0 -2.0 -3.0 -4.0 -3.0 0.0 -4.0 -4.0 -1.0 -4.0 -4.0 -3.0 -4.0 -2.0 -2.0 -1.0 -3.0 0.0 -2.0 0.0 -1.0 -4.0 0.0 -4.0 -2.0 0.0 -3.0 -3.0 0.0 -1.0 138.0 -2.0 -2.0 -4.0 -4.0 -2.0 0.0 0.0 -1.0 -2.0 -3.0 -1.0 -2.0 0.0 -2.0 -1.0 -3.0 -4.0 -1.0 -4.0 -2.0 0.0 -3.0 -1.0 -3.0 -1.0 -3.0 -1.0 
-2.0 -2.0 -3.0 0.0 -4.0 -1.0 -4.0 -3.0 0.0 -4.0 -1.0 -4.0 -2.0 -4.0 -4.0 -3.0 -4.0 0.0 -3.0 -2.0 -4.0 0.0 -4.0 -4.0 -2.0 -1.0 0.0 -1.0 -2.0 -2.0 -1.0 -2.0 0.0 -2.0 -4.0 -3.0 -4.0 -2.0 138.0 -3.0 -4.0 0.0 -3.0 0.0 -4.0 -4.0 -3.0 -2.0 -1.0 -3.0 -4.0 0.0 0.0 -4.0 -1.0 0.0 -2.0 -2.0 0.0 -2.0 0.0 -3.0 0.0 -1.0 -4.0 
-1.0 0.0 -1.0 -1.0 0.0 -4.0 -1.0 0.0 0.0 0.0 -2.0 -4.0 0.0 -2.0 0.0 -4.0 -3.0 -4.0 -4.0 -2.0 -4.0 -2.0 -4.0 -1.0 0.0 -3.0 -1.0 0.0 0.0 -2.0 -4.0 -3.0 -4.0 0.0 -3.0 -1.0 -4.0 -3.0 0.0 128.0 -1.0 -1.0 -2.0 -4.0 -4.0 0.0 -2.0 -2.0 0.0 -4.0 -4.0 -1.0 -2.0 -4.0 -4.0 -3.0 -3.0 -3.0 -1.0 -3.0 -1.0 -1.0 -3.0 -2.0 -1.0 
0.0 -3.0 0.0 0.0 -1.0 -2.0 -1.0 -1.0 0.0 -3.0 -2.0 0.0 0.0 -2.0 -2.0 -1.0 -4.0 -2.0 -2.0 -1.0 0.0 -2.0 -1.0 -1.0 -4.0 -1.0 -4.0 -1.0 0.0 0.0 -4.0 0.0 -3.0 -3.0 -3.0 -2.0 -3.0 -2.0 -3.0 -1.0 115.0 -3.0 -4.0 -4.0 -1.0 -3.0 0.0 -4.0 -1.0 -1.0 -1.0 0.0 0.0 -2.0 -4.0 0.0 -3.0 -1.0 -2.0 -4.0 -4.0 -3.0 -1.0 0.0 -4.0 
-4.0 -2.0 -2.0 0.0 -3.0 -1.0 -2.0 -1.0 -3.0 0.0 -4.0 -1.0 -2.0 -4.0 0.0 -1.0 -4.0 -2.0 -1.0 -1.0 -1.0 -1.0 0.0 -3.0 -4.0 -2.0 -1.0 -2.0 -1.0 -4.0 0.0 -3.0 -2.0 -3.0 -2.0 -2.0 -4.0 0.0 -3.0 -2.0 0.0 126.0 -3.0 -4.0 -2.0 -2.0 -2.0 -2.0 0.0 0.0 -4.0 0.0 -3.0 0.0 -2.0 -2.0 -2.0 -2.0 -2.0 -4.0 -3.0 -1.0 -4.0 -4.0 0.0 
-3.0 -3.0 -4.0 -4.0 -4.0 -1.0 -4.0 -1.0 -2.0 -4.0 -2.0 -4.0 -2.0 -4.0 -2.0 -1.0 0.0 -1.0 -3.0 0.0 -1.0 -4.0 -1.0 0.0 0.0 -3.0 -2.0 -2.0 -2.0 -2.0 -3.0 -4.0 0.0 -3.0 -3.0 -4.0 -1.0 0.0 -3.0 -4.0 0.0 -1.0 139.0 -2.0 -3.0 -4.0 -4.0 -1.0 -4.0 0.0 -4.0 -2.0 -2.0 -4.0 -1.0 -1.0 0.0 -1.0 -4.0 0.0 -3.0 -1.0 -3.0 -3.0 0.0 
0.0 -1.0 0.0 -1.0 -2.0 -2.0 -2.0 -1.0 -3.0 -3.0 -1.0 -2.0 -4.0 -2.0 -3.0 -4.0 -1.0 -4.0 0.0 -3.0 -4.0 -2.0 -2.0 -2.0 -1.0 -2.0 -3.0 -3.0 -4.0 0.0 -3.0 -2.0 0.0 -3.0 -1.0 -2.0 -4.0 -3.0 -1.0 -1.0 -4.0 -4.0 -3.0 122.0 -1.0 -4.0 -3.0 0.0 -4.0 -3.0 0.0 0.0 -2.0 -1.0 -1.0 -1.0 -1.0 -1.0 0.0 -1.0 -1.0 0.0 -4.0 0.0 -1.0 
0.0 -3.0 -1.0 0.0 -1.0 -2.0 -4.0 -3.0 0.0 -2.0 -2.0 -1.0 -2.0 -4.0 -1.0 -4.0 -3.0 0.0 0.0 -3.0 0.0 -1.0 0.0 -2.0 -1.0 -4.0 -2.0 -2.0 -1.0 0.0 -3.0 -4.0 -1.0 -2.0 -1.0 -2.0 -2.0 -3.0 -3.0 -4.0 -2.0 -3.0 0.0 -4.0 129.0 -4.0 -1.0 -3.0 -3.0 -3.0 -2.0 -2.0 -2.0 -3.0 -1.0 -1.0 -2.0 0.0 -1.0 -4.0 0.0 -4.0 -4.0 -2.0 -4.0 
-3.0 -2.0 -3.0 -4.0 -1.0 -1.0 -2.0 -1.0 -2.0 0.0 -4.0 0.0 0.0 -1.0 -2.0 -4.0 -4.0 -3.0 0.0 -2.0 -3.0 -2.0 -3.0 -3.0 0.0 -2.0 -1.0 0.0 0.0 0.0 0.0 -4.0 -4.0 0.0 -3.0 0.0 -2.0 -4.0 -3.0 -4.0 0.0 0.0 -1.0 -4.0 -1.0 119.0 -1.0 -1.0 -4.0 -2.0 0.0 -1.0 0.0 -2.0 -3.0 -1.0 -4.0 -2.0 -1.0 -4.0 -2.0 -4.0 0.0 -2.0 -2.0 
0.0 -4.0 -4.0 -2.0 -3.0 -2.0 -3.0 -2.0 -3.0 -1.0 -4.0 0.0 -3.0 -3.0 -4.0 -2.0 -4.0 -4.0 -2.0 -2.0 -4.0 0.0 -3.0 0.0 -4.0 -2.0 -4.0 -1.0 -4.0 -4.0 -4.0 -1.0 -4.0 -3.0 -2.0 -2.0 -4.0 0.0 -1.0 -1.0 0.0 -3.0 -2.0 -3.0 -3.0 0.0 148.0 -3.0 -1.0 0.0 -2.0 -4.0 -4.0 -1.0 -1.0 -3.0 -3.0 -3.0 -2.0 0.0 -1.0 -3.0 -1.0 -4.0 -1.0 
0.0 0.0 -1.0 -4.0 -3.0 0.0 -3.0 -1.0 -4.0 -2.0 -2.0 -3.0 -3.0 -2.0 -1.0 -3.0 -2.0 -1.0 -1.0 -2.0 0.0 -3.0 -4.0 -1.0 -4.0 -2.0 -4.0 -2.0 -2.0 0.0 0.0 -4.0 -1.0 -1.0 -2.0 -1.0 -1.0 0.0 0.0 -3.0 -2.0 -4.0 -1.0 -4.0 0.0 -1.0 -3.0 122.0 -4.0 -2.0 -3.0 0.0 -4.0 -2.0 -1.0 -1.0 -3.0 -2.0 -3.0 -1.0 -3.0 -2.0 0.0 0.0 -3.0 
-2.0 -2.0 -2.0 -3.0 -4.0 -1.0 -4.0 -2.0 0.0 -1.0 -1.0 0.0 -1.0 0.0 0.0 -2.0 -2.0 -2.0 -2.0 -2.0 -2.0 -2.0 -4.0 -4.0 -3.0 -4.0 -2.0 -1.0 -1.0 -2.0 -4.0 -4.0 -3.0 -2.0 -2.0 -2.0 -3.0 0.0 -2.0 0.0 -1.0 -2.0 -2.0 0.0 -2.0 -2.0 0.0 -4.0 112.0 -2.0 -1.0 0.0 -3.0 -1.0 0.0 0.0 -2.0 0.0 -2.0 -2.0 -1.0 -2.0 0.0 -3.0 0.0 
-2.0 0.0 -3.0 -2.0 -1.0 0.0 -4.0 -2.0 0.0 -4.0 -4.0 -1.0 -1.0 -1.0 -2.0 -1.0 -1.0 -1.0 -2.0 -4.0 -4.0 -1.0 -1.0 -1.0 -2.0 0.0 -3.0 -2.0 -3.0 -1.0 -1.0 -1.0 -4.0 -3.0 -1.0 -4.0 -1.0 0.0 0.0 -4.0 -2.0 0.0 -2.0 -2.0 -4.0 -3.0 -4.0 -4.0 -2.0 132.0 -3.0 -3.0 -4.0 0.0 -1.0 -2.0 -4.0 -1.0 -4.0 -4.0 -1.0 0.0 -1.0 -4.0 -4.0 
-1.0 -3.0 -2.0 -2.0 -2.0 -1.0 -1.0 -1.0 -2.0 -3.0 -1.0 -2.0 -4.0 -1.0 -4.0 0.0 -2.0 0.0 0.0 0.0 0.0 -4.0 -3.0 -3.0 -3.0 0.0 -4.0 -3.0 -3.0 -1.0 -2.0 -3.0 -3.0 0.0 0.0 -3.0 -3.0 -1.0 0.0 -3.0 -4.0 0.0 0.0 -4.0 -3.0 -3.0 -1.0 -2.0 -1.0 -4.0 119.0 0.0 -1.0 -3.0 -1.0 -2.0 -3.0 -2.0 -4.0 0.0 -2.0 -1.0 -3.0 -1.0 0.0 
0.0 -4.0 0.0 -4.0 0.0 -3.0 -3.0 -1.0 -2.0 -3.0 -3.0 -3.0 0.0 -3.0 -3.0 0.0 -3.0 -2.0 -2.0 0.0 -2.0 0.0 -3.0 -4.0 -1.0 0.0 -3.0 -2.0 -3.0 -1.0 -4.0 -3.0 0.0 -2.0 -4.0 -3.0 -2.0 -3.0 -4.0 -2.0 -4.0 0.0 -2.0 -3.0 0.0 0.0 0.0 -4.0 -2.0 -3.0 -1.0 124.0 -4.0 -3.0 0.0 -1.0 0.0 -3.0 0.0 0.0 -1.0 -2.0 -3.0 -3.0 0.0 
0.0 -4.0 -2.0 -2.0 0.0 0.0 -4.0 -4.0 -1.0 -4.0 -3.0 -3.0 -2.0 0.0 0.0 -2.0 -1.0 -4.0 -3.0 -3.0 -3.0 -4.0 -1.0 0.0 0.0 -4.0 -1.0 -3.0 -4.0 -3.0 -4.0 -1.0 0.0 -2.0 -1.0 -1.0 -2.0 -4.0 0.0 0.0 -4.0 -1.0 -2.0 -4.0 -1.0 -4.0 0.0 -1.0 -3.0 -2.0 -2.0 -1.0 133.0 -1.0 -3.0 -4.0 -3.0 -2.0 0.0 -2.0 -4.0 0.0 -3.0 -2.0 -4.0 
-1.0 -1.0 -4.0 -4.0 0.0 -4.0 -2.0 -2.0 0.0 -2.0 -1.0 0.0 -1.0 -3.0 -4.0 -2.0 -4.0 0.0 0.0 -3.0 0.0 -3.0 -1.0 -1.0 0.0 0.0 0.0 -4.0 -3.0 -2.0 -4.0 -1.0 -4.0 -2.0 -1.0 -1.0 -1.0 -3.0 -1.0 -3.0 -1.0 -4.0 -4.0 -2.0 0.0 -2.0 -3.0 -1.0 -1.0 -3.0 -1.0 0.0 -1.0 115.0 -3.0 0.0 -3.0 0.0 -1.0 -1.0 -1.0 -2.0 -2.0 -2.0 -4.0 
0.0 0.0 0.0 -1.0 -2.0 -3.0 -1.0 -4.0 -2.0 -4.0 -3.0 -3.0 -2.0 -2.0 -4.0 -4.0 -4.0 -2.0 -4.0 0.0 -3.0 -2.0 -2.0 -1.0 -2.0 0.0 -1.0 -3.0 -2.0 -3.0 -4.0 -1.0 -2.0 -1.0 -4.0 -4.0 -1.0 -3.0 -3.0 -3.0 0.0 -3.0 -3.0 -2.0 -2.0 -2.0 -2.0 -1.0 -1.0 0.0 -1.0 0.0 0.0 -1.0 125.0 -1.0 0.0 -3.0 -2.0 -2.0 -2.0 -2.0 0.0 -2.0 -3.0 
-4.0 -3.0 -2.0 -2.0 0.0 -1.0 -1.0 -1.0 -3.0 0.0 -2.0 -2.0 -2.0 -2.0 -2.0 -1.0 -1.0 0.0 0.0 -3.0 -1.0 -3.0 -3.0 0.0 -1.0 -3.0 -1.0 -4.0 -4.0 -2.0 -3.0 -2.0 -4.0 -2.0 0.0 0.0 -4.0 -4.0 -1.0 -1.0 -3.0 0.0 -2.0 -4.0 -3.0 -2.0 -2.0 -2.0 -1.0 -1.0 0.0 -3.0 -3.0 0.0 -1.0 121.0 -4.0 -4.0 0.0 -1.0 -3.0 0.0 -2.0 -4.0 -1.0 
-3.0 -3.0 -4.0 -2.0 -4.0 -1.0 -4.0 -3.0 0.0 0.0 0.0 0.0 0.0 -2.0 -1.0 -1.0 -4.0 -1.0 -2.0 -2.0 -4.0 -4.0 0.0 -3.0 -4.0 -1.0 -1.0 0.0 -1.0 -4.0 -4.0 0.0 -2.0 -3.0 -1.0 0.0 0.0 -4.0 -1.0 -4.0 -1.0 -4.0 -4.0 0.0 0.0 -3.0 -2.0 -2.0 -2.0 -2.0 -1.0 -3.0 -1.0 -2.0 -4.0 -3.0 129.0 -4.0 -3.0 -1.0 -3.0 0.0 -3.0 0.0 -3.0 
-2.0 0.0 -1.0 -2.0 -4.0 0.0 -4.0 -4.0 -4.0 -1.0 -4.0 -2.0 -2.0 0.0 -1.0 -3.0 -4.0 -3.0 -4.0 -2.0 -4.0 -1.0 -3.0 0.0 -1.0 -1.0 -4.0 -2.0 -1.0 -4.0 -3.0 -1.0 -3.0 -3.0 -2.0 -2.0 0.0 -3.0 -3.0 -3.0 -4.0 -2.0 -1.0 -1.0 0.0 -2.0 -2.0 0.0 0.0 -3.0 0.0 -1.0 0.0 -3.0 -3.0 -2.0 -2.0 128.0 -2.0 -2.0 0.0 0.0 -2.0 -4.0 -1.0 
0.0 0.0 -2.0 -3.0 0.0 -3.0 -1.0 -1.0 -2.0 0.0 0.0 -2.0 -2.0 -4.0 -1.0 -3.0 0.0 0.0 -4.0 -4.0 -3.0 -3.0 -4.0 -3.0 0.0 0.0 -2.0 0.0 -2.0 -4.0 -1.0 -3.0 -1.0 -1.0 -2.0 -4.0 0.0 -2.0 -1.0 -4.0 0.0 -3.0 -2.0 0.0 -1.0 -1.0 -1.0 -2.0 -2.0 -1.0 -1.0 0.0 0.0 -3.0 -4.0 -1.0 -1.0 -1.0 110.0 -3.0 -4.0 0.0 0.0 -4.0 -3.0 
-1.0 -2.0 -1.0 0.0 -1.0 -1.0 -4.0 -3.0 -1.0 -4.0 -4.0 -4.0 0.0 -2.0 -2.0 -4.0 -1.0 -1.0 -2.0 0.0 -4.0 -3.0 -3.0 -2.0 -1.0 -2.0 -4.0 -1.0 0.0 -3.0 -4.0 -4.0 -2.0 -3.0 -4.0 -4.0 -2.0 -3.0 -2.0 -3.0 -1.0 -2.0 -4.0 -3.0 -4.0 -3.0 -4.0 0.0 -2.0 -3.0 -3.0 -1.0 -3.0 -4.0 -3.0 -1.0 -4.0 0.0 -2.0 145.0 -1.0 -3.0 0.0 0.0 -2.0 
0.0 -1.0 -3.0 0.0 -4.0 -3.0 -4.0 -1.0 -3.0 -1.0 -2.0 -1.0 0.0 -2.0 -1.0 -4.0 -4.0 -2.0 -3.0 -3.0 -2.0 -2.0 -2.0 -4.0 -3.0 -1.0 -4.0 -4.0 -2.0 -1.0 0.0 -2.0 -4.0 -3.0 -4.0 -1.0 -3.0 -1.0 -3.0 0.0 0.0 -2.0 -3.0 -3.0 -2.0 0.0 -2.0 -3.0 0.0 -3.0 -1.0 -1.0 -3.0 -3.0 -4.0 -3.0 0.0 -2.0 -3.0 -1.0 137.0 -1.0 -2.0 -4.0 -3.0 
-2.0 -1.0 -2.0 -4.0 0.0 -2.0 -1.0 -1.0 0.0 -2.0 -3.0 -4.0 -2.0 -3.0 -4.0 -2.0 -2.0 -2.0 -1.0 -2.0 0.0 -2.0 -4.0 -1.0 -4.0 -4.0 -2.0 -3.0 -4.0 -3.0 -3.0 0.0 -2.0 -4.0 0.0 0.0 -4.0 -1.0 -2.0 -3.0 0.0 -3.0 -3.0 -1.0 0.0 0.0 -2.0 -1.0 -4.0 -3.0 -2.0 -3.0 -4.0 -4.0 -2.0 -2.0 -3.0 0.0 -3.0 -2.0 0.0 137.0 -4.0 -3.0 -2.0 
-2.0 -3.0 -3.0 -3.0 -4.0 -3.0 -2.0 -2.0 -2.0 -3.0 -3.0 -3.0 -2.0 -2.0 -1.0 -4.0 -1.0 -3.0 -1.0 -1.0 -1.0 -4.0 -1.0 -4.0 -2.0 -1.0 0.0 -3.0 0.0 -2.0 -3.0 -1.0 -1.0 -3.0 -3.0 0.0 -3.0 0.0 -4.0 -4.0 -4.0 -1.0 -2.0 -2.0 -4.0 -2.0 -1.0 -4.0 -4.0 -2.0 -2.0 -4.0 0.0 -1.0 0.0 -2.0 -3.0 -1.0 0.0 -4.0 -3.0 -2.0 139.0 -3.0 0.0 
-1.0 -3.0 -4.0 -3.0 -1.0 0.0 -2.0 0.0 -3.0 -3.0 -3.0 -3.0 0.0 -4.0 0.0 -2.0 -1.0 -3.0 0.0 -4.0 -1.0 -3.0 -2.0 -1.0 -1.0 -2.0 0.0 -4.0 -3.0 -4.0 -2.0 -4.0 -1.0 -2.0 -2.0 -2.0 -1.0 -4.0 -2.0 0.0 -1.0 -1.0 0.0 -1.0 -2.0 -2.0 0.0 -1.0 0.0 0.0 -4.0 -2.0 -4.0 0.0 -4.0 -3.0 -1.0 0.0 -3.0 -2.0 -1.0 0.0 -3.0 119.0 -3.0 
0.0 -2.0 0.0 -1.0 -4.0 -3.0 -1.0 -1.0 -2.0 -4.0 0.0 -1.0 -4.0 -2.0 -3.0 -2.0 -2.0 -2.0 0.0 -1.0 -4.0 0.0 -1.0 -2.0 0.0 -2.0 -4.0 0.0 -3.0 -2.0 -2.0 -4.0 -3.0 -4.0 -3.0 -1.0 -2.0 -1.0 0.0 -3.0 -1.0 0.0 0.0 -4.0 -1.0 -2.0 -1.0 0.0 -2.0 -2.0 -1.0 -1.0 -3.0 -3.0 -3.0 -4.0 -2.0 0.0 -4.0 -2.0 -3.0 -4.0 -3.0 -1.0 123.0 
