106.0 -1.0 -1.0 -4.0 -4.0 -3.0 -1.0 -1.0 0.0 0.0 -2.0 0.0 0.0 -4.0 -4.0 -3.0 -1.0 -1.0 -2.0 -4.0 -3.0 -3.0 -3.0 -2.0 -1.0 -2.0 0.0 0.0 -4.0 -1.0 -4.0 -2.0 -2.0 -4.0 0.0 -4.0 -4.0 -1.0 -2.0 -1.0 -2.0 -3.0 -2.0 -3.0 -2.0 -1.0 -1.0 -2.0 0.0 -4.0 -2.0 0.0 0.0 -3.0 -3.0 0.0 0.0 -1.0 -2.0 0.0 -3.0 -3.0 0.0 -4.0 -3.0 -4.0 -2.0 0.0 0.0 0.0 -1.0 -1.0 -1.0 -3.0 -2.0 -1.0 -1.0 -1.0 -3.0 -1.0 0.0 -3.0 0.0 -3.0 -1.0 -2.0 -1.0 -3.0 -2.0 -3.0 -3.0 0.0 -3.0 0.0 -4.0 -3.0 0.0 -4.0 -2.0 -4.0 -4.0 -2.0 -2.0 -3.0 -4.0 -4.0 -4.0 0.0 -3.0 -2.0 -4.0 -1.0 -1.0 -1.0 0.0 
-2.0 233.0 -1.0 -3.0 -2.0 -4.0 -1.0 -2.0 -3.0 -3.0 -2.0 -4.0 -3.0 -3.0 -4.0 0.0 -4.0 0.0 -2.0 -2.0 -1.0 -3.0 0.0 -4.0 -3.0 -1.0 -3.0 -3.0 0.0 -3.0 -3.0 -3.0 -1.0 0.0 -3.0 0.0 0.0 -3.0 -3.0 0.0 -3.0 -4.0 -3.0 -3.0 -2.0 -3.0 -3.0 -3.0 -1.0 0.0 -3.0 0.0 -1.0 0.0 -1.0 -4.0 -4.0 0.0 -3.0 -3.0 -3.0 -4.0 -2.0 -2.0 -4.0 -3.0 -2.0 0.0 -1.0 0.0 -3.0 0.0 -4.0 -4.0 -2.0 -2.0 -1.0 0.0 -1.0 0.0 -1.0 -3.0 -2.0 -1.0 0.0 0.0 0.0 -4.0 -3.0 -2.0 -3.0 -3.0 -2.0 0.0 -2.0 -4.0 -3.0 0.0 -2.0 -3.0 -1.0 -4.0 0.0 -2.0 -1.0 -4.0 -3.0 -2.0 -1.0 -2.0 -2.0 -3.0 -1.0 -3.0 -2.0 
-3.0 -2.0 246.0 -2.0 -1.0 -2.0 0.0 -1.0 -2.0 -1.0 -2.0 -1.0 0.0 -4.0 -1.0 -1.0 0.0 -3.0 -4.0 -4.0 -4.0 -3.0 -1.0 0.0 -2.0 -2.0 -2.0 -4.0 -4.0 -3.0 -3.0 -4.0 -2.0 -3.0 -4.0 -3.0 -1.0 -1.0 -4.0 -1.0 -4.0 -2.0 0.0 -3.0 -4.0 -3.0 -4.0 -4.0 -4.0 -4.0 -4.0 -3.0 -3.0 -1.0 0.0 -1.0 -4.0 0.0 -3.0 -3.0 -2.0 -1.0 0.0 -2.0 -2.0 -4.0 -1.0 -4.0 -3.0 -4.0 0.0 -4.0 0.0 -2.0 0.0 -2.0 0.0 -1.0 -4.0 -2.0 -1.0 0.0 0.0 -1.0 -3.0 -4.0 -3.0 0.0 -3.0 -1.0 0.0 -1.0 -3.0 -3.0 -2.0 -3.0 -1.0 -2.0 -4.0 -2.0 0.0 -3.0 -2.0 -4.0 -2.0 -3.0 -2.0 0.0 -2.0 -3.0 -1.0 -3.0 -1.0 -2.0 -4.0 
-2.0 -2.0 -2.0 228.0 -1.0 -3.0 -4.0 -1.0 -1.0 -3.0 -4.0 -4.0 -2.0 -4.0 -1.0 -4.0 -3.0 -4.0 -2.0 -2.0 0.0 0.0 -3.0 -3.0 -2.0 -3.0 -1.0 -4.0 -3.0 -3.0 -2.0 0.0 -2.0 -4.0 0.0 -2.0 -2.0 -3.0 -2.0 -1.0 -2.0 -4.0 -4.0 0.0 -3.0 -4.0 -2.0 -1.0 -4.0 -4.0 -3.0 -1.0 -3.0 -2.0 -2.0 -3.0 -1.0 -3.0 0.0 0.0 -4.0 -2.0 -1.0 -4.0 0.0 -1.0 0.0 -4.0 -4.0 -2.0 0.0 0.0 -3.0 -1.0 -3.0 0.0 -2.0 0.0 -2.0 -4.0 -1.0 0.0 -1.0 -1.0 0.0 -4.0 -2.0 -1.0 -1.0 -4.0 -4.0 -1.0 0.0 0.0 -1.0 0.0 -3.0 -2.0 0.0 -2.0 -1.0 -4.0 0.0 -4.0 -4.0 -4.0 -2.0 -1.0 0.0 -1.0 -2.0 -1.0 0.0 -1.0 -3.0 
0.0 -4.0 -3.0 -1.0 227.0 -2.0 -1.0 -2.0 -1.0 0.0 -1.0 -1.0 -2.0 -4.0 -3.0 -2.0 -2.0 -3.0 -4.0 0.0 -4.0 -3.0 -1.0 0.0 0.0 -2.0 -4.0 0.0 -2.0 -2.0 -1.0 -3.0 0.0 0.0 0.0 -1.0 -1.0 -1.0 -3.0 0.0 -1.0 -3.0 -1.0 0.0 -1.0 -2.0 -3.0 -4.0 -4.0 0.0 -1.0 -3.0 -4.0 -3.0 -4.0 -1.0 -4.0 -2.0 -2.0 -3.0 -3.0 -4.0 -2.0 -2.0 -4.0 -2.0 -4.0 -2.0 0.0 -1.0 0.0 -1.0 -2.0 -4.0 -4.0 0.0 -4.0 -2.0 -4.0 -3.0 -1.0 -1.0 -4.0 0.0 -1.0 -3.0 -1.0 -3.0 0.0 -4.0 -3.0 -3.0 -3.0 0.0 -2.0 0.0 -1.0 -2.0 -1.0 -3.0 0.0 0.0 -4.0 -2.0 -3.0 -4.0 0.0 -4.0 0.0 -3.0 -2.0 -1.0 -2.0 -4.0 -4.0 
-4.0 0.0 -1.0 -4.0 -1.0 218.0 -4.0 0.0 -1.0 0.0 -4.0 -3.0 -3.0 -4.0 -1.0 -1.0 -3.0 -2.0 -1.0 -4.0 -4.0 0.0 0.0 0.0 0.0 -4.0 -4.0 -2.0 -4.0 0.0 -2.0 -2.0 -3.0 -3.0 0.0 0.0 -3.0 -1.0 -1.0 -4.0 -4.0 -1.0 0.0 -1.0 -1.0 -4.0 0.0 -4.0 -1.0 -3.0 -3.0 -4.0 -2.0 0.0 -4.0 -2.0 -1.0 -2.0 -4.0 0.0 -3.0 -4.0 -3.0 0.0 -4.0 -2.0 -2.0 -2.0 0.0 -4.0 -3.0 -4.0 0.0 -3.0 -2.0 -3.0 -1.0 -3.0 -3.0 -1.0 -2.0 -3.0 0.0 0.0 -2.0 -1.0 -1.0 -3.0 -4.0 -2.0 0.0 0.0 -3.0 -2.0 -1.0 -3.0 -2.0 -2.0 -2.0 0.0 0.0 -1.0 0.0 -2.0 -3.0 -2.0 -4.0 -3.0 -1.0 0.0 0.0 -2.0 0.0 -1.0 0.0 
-3.0 0.0 -3.0 -1.0 0.0 0.0 222.0 -4.0 -1.0 -1.0 -1.0 -2.0 -1.0 -2.0 -3.0 -2.0 -4.0 -1.0 0.0 -4.0 -3.0 -4.0 -3.0 -3.0 -4.0 -1.0 -3.0 -3.0 -2.0 -1.0 -3.0 -2.0 0.0 -2.0 -2.0 -4.0 -4.0 -4.0 -2.0 -2.0 -3.0 -2.0 -1.0 -1.0 0.0 -1.0 -1.0 -2.0 -1.0 -4.0 -2.0 -3.0 -2.0 -2.0 -2.0 0.0 0.0 -2.0 -2.0 0.0 0.0 0.0 -1.0 -4.0 -4.0 -3.0 -4.0 0.0 -1.0 -3.0 -4.0 -1.0 -4.0 -3.0 0.0 -4.0 -1.0 0.0 -3.0 -2.0 -3.0 -1.0 -1.0 -3.0 -1.0 -1.0 -3.0 0.0 -2.0 0.0 -4.0 -1.0 -4.0 -3.0 -3.0 0.0 0.0 -3.0 0.0 -3.0 -2.0 -4.0 -1.0 -3.0 -1.0 -1.0 0.0 0.0 -4.0 -3.0 -4.0 -2.0 -1.0 -1.0 -1.0 
-3.0 -3.0 -2.0 -1.0 0.0 -4.0 -3.0 227.0 -2.0 0.0 0.0 -4.0 -1.0 -4.0 -2.0 -4.0 -3.0 -3.0 -4.0 -1.0 -3.0 -1.0 -1.0 0.0 -1.0 -2.0 -4.0 -3.0 0.0 -1.0 0.0 -1.0 -1.0 -1.0 -4.0 -3.0 -3.0 -1.0 -3.0 -1.0 -1.0 -1.0 -1.0 -3.0 -2.0 -2.0 -4.0 0.0 0.0 -4.0 -1.0 -4.0 -2.0 -3.0 -2.0 -2.0 -2.0 -1.0 -2.0 -1.0 -1.0 0.0 -1.0 -2.0 -2.0 -2.0 -3.0 -3.0 -3.0 -2.0 -3.0 -1.0 0.0 -2.0 -3.0 -4.0 -2.0 -1.0 0.0 -4.0 -4.0 -3.0 0.0 -2.0 -3.0 -3.0 -1.0 0.0 -4.0 -1.0 -4.0 0.0 -3.0 -4.0 -2.0 -2.0 -3.0 -2.0 -2.0 0.0 -3.0 0.0 -4.0 -1.0 -1.0 -2.0 -4.0 0.0 -3.0 -3.0 0.0 -3.0 -4.0 -1.0 0.0 
-2.0 -2.0 -4.0 -4.0 -1.0 0.0 -4.0 -4.0 239.0 -3.0 0.0 -4.0 -3.0 0.0 0.0 -3.0 0.0 -4.0 0.0 -1.0 -3.0 0.0 -1.0 -3.0 -4.0 0.0 -3.0 0.0 -3.0 -3.0 0.0 -4.0 -4.0 -3.0 0.0 -2.0 -3.0 0.0 0.0 -4.0 0.0 -4.0 -1.0 -1.0 -3.0 -4.0 0.0 -4.0 -4.0 -1.0 -2.0 -4.0 0.0 -1.0 -1.0 -3.0 0.0 0.0 -1.0 -4.0 -2.0 -2.0 -2.0 -2.0 -2.0 -2.0 -3.0 -2.0 -3.0 0.0 -4.0 -4.0 -4.0 0.0 0.0 0.0 0.0 -2.0 -4.0 -3.0 0.0 -4.0 -1.0 -3.0 -4.0 -4.0 -1.0 -2.0 -4.0 0.0 -2.0 -2.0 -1.0 -4.0 -2.0 -4.0 -3.0 -3.0 -3.0 -3.0 -2.0 -3.0 0.0 -4.0 -2.0 0.0 -1.0 -1.0 -3.0 0.0 -4.0 -2.0 -4.0 -3.0 -2.0 
-1.0 -1.0 -2.0 0.0 -4.0 -1.0 -4.0 -2.0 -3.0 223.0 -1.0 0.0 -3.0 0.0 -4.0 0.0 -4.0 -4.0 -3.0 -1.0 -2.0 0.0 0.0 -1.0 0.0 0.0 0.0 -3.0 -4.0 -3.0 -1.0 -3.0 -1.0 -4.0 -3.0 -1.0 -1.0 -4.0 0.0 -4.0 -4.0 -2.0 -1.0 0.0 -3.0 -1.0 -2.0 -3.0 -1.0 -4.0 -1.0 -2.0 -4.0 -4.0 -4.0 -4.0 -2.0 -2.0 -1.0 -1.0 0.0 -3.0 -1.0 -4.0 -4.0 -1.0 -3.0 0.0 -2.0 0.0 -3.0 -4.0 -3.0 0.0 -3.0 0.0 -2.0 -4.0 -4.0 -4.0 -2.0 -4.0 -4.0 0.0 -3.0 0.0 -3.0 -3.0 0.0 0.0 -2.0 -1.0 -2.0 0.0 -3.0 0.0 -2.0 -3.0 -1.0 -2.0 -4.0 0.0 -1.0 0.0 -4.0 -1.0 0.0 -2.0 -2.0 0.0 -3.0 -1.0 -3.0 -1.0 -2.0 
-1.0 0.0 -2.0 -3.0 0.0 -1.0 -4.0 -4.0 -2.0 -4.0 231.0 -2.0 -2.0 -3.0 0.0 0.0 -1.0 0.0 -1.0 0.0 -3.0 -4.0 -1.0 -1.0 -1.0 0.0 -2.0 -4.0 -3.0 0.0 -1.0 -2.0 -2.0 -1.0 -4.0 -1.0 -4.0 -2.0 -1.0 -4.0 -2.0 -4.0 0.0 -1.0 -3.0 -4.0 -1.0 -2.0 -2.0 -1.0 -1.0 -2.0 -4.0 -3.0 -1.0 -1.0 -2.0 -3.0 -4.0 -4.0 0.0 -2.0 -3.0 -4.0 -3.0 0.0 -2.0 -3.0 -4.0 0.0 -3.0 -4.0 -2.0 -3.0 -1.0 0.0 0.0 -4.0 -1.0 -1.0 -3.0 -4.0 -3.0 -1.0 -2.0 0.0 -2.0 -2.0 -1.0 -4.0 0.0 -3.0 -4.0 0.0 -1.0 -2.0 -3.0 -2.0 -2.0 -3.0 -1.0 -2.0 -4.0 -4.0 -1.0 -4.0 -2.0 -1.0 -4.0 -3.0 -3.0 -2.0 -1.0 0.0 -1.0 
-3.0 -2.0 -2.0 -4.0 -3.0 -2.0 -2.0 -4.0 -2.0 0.0 -2.0 240.0 0.0 -2.0 -1.0 -3.0 -4.0 -1.0 -3.0 0.0 -3.0 -3.0 -4.0 -1.0 -4.0 -2.0 -4.0 -4.0 -1.0 -4.0 0.0 -3.0 -3.0 -2.0 -1.0 -2.0 0.0 -2.0 0.0 -1.0 -1.0 -1.0 -1.0 0.0 -1.0 -1.0 -1.0 -3.0 -3.0 -2.0 -4.0 0.0 -1.0 -3.0 -1.0 -4.0 0.0 -1.0 0.0 -2.0 -4.0 -3.0 -1.0 -1.0 -3.0 -3.0 -1.0 -1.0 -2.0 -3.0 -4.0 0.0 -1.0 0.0 -4.0 -2.0 -4.0 0.0 -3.0 -1.0 -4.0 -1.0 -3.0 -4.0 0.0 -3.0 -2.0 -4.0 -2.0 -4.0 -1.0 0.0 0.0 -2.0 -3.0 -3.0 -4.0 -4.0 0.0 -4.0 -3.0 -4.0 -3.0 -1.0 -4.0 -3.0 -2.0 -3.0 -1.0 0.0 -1.0 -4.0 -3.0 -1.0 -4.0 
-1.0 -2.0 -3.0 -1.0 -4.0 -3.0 -2.0 -3.0 -2.0 -4.0 -1.0 -4.0 231.0 -2.0 -2.0 0.0 -2.0 -4.0 -3.0 -4.0 -1.0 0.0 -3.0 0.0 -4.0 0.0 -2.0 -3.0 -4.0 -1.0 -1.0 -3.0 -3.0 0.0 -4.0 -4.0 0.0 -3.0 -1.0 -3.0 0.0 -3.0 -2.0 -1.0 -2.0 -3.0 -4.0 -1.0 -2.0 -4.0 0.0 -2.0 -4.0 -3.0 -3.0 -2.0 -3.0 -2.0 0.0 -2.0 0.0 -4.0 -3.0 -1.0 -2.0 -3.0 -1.0 0.0 -1.0 0.0 -1.0 -3.0 -1.0 -4.0 -3.0 0.0 -4.0 -1.0 -4.0 -1.0 -3.0 -1.0 -3.0 -1.0 0.0 0.0 -1.0 -1.0 -2.0 -2.0 -3.0 0.0 -2.0 -4.0 -2.0 -4.0 -2.0 -2.0 0.0 0.0 0.0 -4.0 -3.0 -3.0 -2.0 -2.0 -3.0 -1.0 -2.0 0.0 -1.0 -2.0 -4.0 -4.0 0.0 
-2.0 -1.0 -4.0 -1.0 -4.0 -3.0 -4.0 -1.0 0.0 0.0 -2.0 -4.0 -4.0 234.0 -1.0 -2.0 -2.0 -2.0 -4.0 -2.0 -2.0 0.0 -1.0 -2.0 -2.0 -3.0 -1.0 -3.0 -1.0 -2.0 -1.0 -1.0 -3.0 -2.0 -4.0 -2.0 -3.0 0.0 -4.0 -4.0 -1.0 0.0 -4.0 -1.0 -3.0 0.0 -4.0 -2.0 -3.0 -2.0 -3.0 -4.0 -4.0 -2.0 -3.0 -2.0 -3.0 -3.0 -4.0 0.0 -4.0 -4.0 -2.0 -1.0 -1.0 -1.0 -1.0 -2.0 -1.0 -2.0 -1.0 -2.0 -3.0 -2.0 -2.0 0.0 -4.0 0.0 -3.0 -3.0 -1.0 -1.0 0.0 -4.0 -1.0 -1.0 0.0 0.0 0.0 -2.0 0.0 -1.0 -3.0 0.0 -3.0 -3.0 0.0 -4.0 0.0 -4.0 -1.0 -3.0 -2.0 -3.0 -4.0 -2.0 -3.0 -2.0 -3.0 -2.0 0.0 -3.0 -2.0 -1.0 -4.0 
-1.0 -2.0 -1.0 -1.0 -3.0 0.0 0.0 -2.0 -2.0 -3.0 -4.0 0.0 -3.0 -4.0 244.0 0.0 -4.0 0.0 -3.0 0.0 -4.0 -1.0 0.0 -2.0 -2.0 -4.0 -4.0 -1.0 -3.0 -2.0 -1.0 -3.0 -1.0 -2.0 -3.0 -4.0 -3.0 -4.0 -3.0 -3.0 -4.0 -1.0 -1.0 -3.0 0.0 -4.0 -4.0 -2.0 0.0 -2.0 -3.0 -4.0 0.0 -3.0 -4.0 0.0 -4.0 -1.0 0.0 -2.0 -2.0 -3.0 -3.0 -3.0 -1.0 -2.0 -3.0 -2.0 -2.0 0.0 -3.0 -3.0 -4.0 -4.0 -1.0 0.0 -2.0 -2.0 0.0 -2.0 -2.0 -4.0 -3.0 -3.0 -4.0 0.0 -4.0 0.0 -2.0 -1.0 -2.0 -4.0 -3.0 0.0 0.0 -2.0 -4.0 -1.0 -3.0 -2.0 0.0 -4.0 -3.0 -4.0 -1.0 -3.0 -3.0 0.0 -3.0 0.0 -2.0 -3.0 0.0 -3.0 -4.0 
-3.0 0.0 -1.0 -2.0 0.0 0.0 -3.0 -4.0 -2.0 -3.0 -2.0 -3.0 -1.0 -4.0 -1.0 230.0 -3.0 -3.0 -4.0 0.0 -1.0 -1.0 -1.0 -2.0 -4.0 -4.0 -4.0 -2.0 0.0 0.0 -4.0 -3.0 -4.0 -4.0 -3.0 -1.0 0.0 -2.0 0.0 -4.0 -2.0 -4.0 0.0 -4.0 -3.0 -2.0 -2.0 0.0 -3.0 -3.0 0.0 0.0 -2.0 -1.0 -2.0 -3.0 -1.0 -3.0 0.0 0.0 -1.0 -3.0 -1.0 -3.0 -4.0 -3.0 -2.0 -1.0 -1.0 -4.0 -3.0 0.0 -4.0 -4.0 -2.0 -1.0 0.0 -4.0 -2.0 -2.0 -1.0 -2.0 -4.0 -4.0 -4.0 -1.0 0.0 0.0 -4.0 -4.0 -2.0 -1.0 -1.0 -4.0 -1.0 -4.0 -2.0 -1.0 -3.0 0.0 0.0 -2.0 -4.0 -1.0 -4.0 0.0 -2.0 0.0 -1.0 0.0 -2.0 -1.0 -3.0 -1.0 -3.0 
-2.0 0.0 0.0 -4.0 -2.0 -1.0 0.0 -3.0 -1.0 0.0 -3.0 -3.0 -4.0 0.0 -1.0 -3.0 230.0 -3.0 -2.0 -4.0 -1.0 -1.0 -1.0 0.0 -4.0 -4.0 -3.0 0.0 -3.0 -3.0 0.0 -3.0 -1.0 0.0 -1.0 -2.0 0.0 0.0 -3.0 -1.0 -3.0 0.0 -3.0 -1.0 -4.0 -4.0 -4.0 -2.0 -3.0 -4.0 0.0 0.0 -4.0 -1.0 -4.0 -3.0 -3.0 0.0 -2.0 -3.0 -3.0 -1.0 -3.0 0.0 -3.0 -3.0 -4.0 0.0 -1.0 -3.0 -3.0 -1.0 0.0 -3.0 0.0 -3.0 -3.0 -1.0 -4.0 -1.0 -3.0 -3.0 0.0 -1.0 -2.0 -2.0 -4.0 -2.0 -1.0 -2.0 0.0 -2.0 -2.0 -3.0 -4.0 -1.0 -2.0 -1.0 -2.0 -1.0 0.0 -4.0 -4.0 0.0 -3.0 -4.0 -1.0 -3.0 -3.0 -2.0 -3.0 -1.0 -1.0 -4.0 -4.0 
-4.0 -2.0 -3.0 -3.0 -4.0 -4.0 -1.0 -2.0 -1.0 0.0 0.0 -1.0 -1.0 -4.0 -1.0 -1.0 -2.0 266.0 -3.0 -1.0 -2.0 0.0 -3.0 -3.0 -3.0 -4.0 -2.0 -3.0 -4.0 -3.0 -1.0 -3.0 -3.0 -3.0 -4.0 0.0 -4.0 -2.0 -4.0 -4.0 -4.0 -1.0 -1.0 -1.0 -4.0 0.0 -2.0 0.0 -4.0 0.0 -2.0 -4.0 0.0 -2.0 -1.0 -3.0 -3.0 -4.0 -3.0 -1.0 -4.0 -3.0 -4.0 -4.0 -3.0 -4.0 -2.0 -2.0 -1.0 -1.0 -3.0 -1.0 -2.0 -3.0 -4.0 -3.0 -4.0 0.0 -2.0 -3.0 -4.0 -4.0 0.0 -3.0 -3.0 -2.0 -3.0 -1.0 -4.0 -4.0 -3.0 0.0 -3.0 0.0 -3.0 -3.0 -3.0 -2.0 -4.0 -3.0 -3.0 -4.0 -3.0 -4.0 0.0 -1.0 -2.0 0.0 -3.0 -3.0 0.0 0.0 -2.0 -1.0 -2.0 
-4.0 -3.0 -4.0 -3.0 -3.0 0.0 -1.0 -2.0 0.0 0.0 0.0 -3.0 -2.0 -2.0 -1.0 0.0 -2.0 -3.0 229.0 -2.0 -4.0 0.0 -2.0 -1.0 0.0 -3.0 0.0 -4.0 -2.0 -4.0 -4.0 0.0 -3.0 -2.0 -3.0 -3.0 -4.0 0.0 0.0 -4.0 -2.0 -1.0 -3.0 -3.0 -1.0 0.0 -2.0 -2.0 -1.0 -3.0 -1.0 -1.0 -1.0 -2.0 -1.0 -3.0 -4.0 0.0 -1.0 -4.0 -4.0 -2.0 -1.0 -3.0 0.0 -3.0 -1.0 -3.0 0.0 -4.0 0.0 -4.0 -2.0 0.0 0.0 -4.0 -3.0 -2.0 -2.0 -2.0 -1.0 -4.0 -3.0 0.0 -1.0 -2.0 -4.0 -3.0 0.0 -1.0 -2.0 -1.0 -4.0 -1.0 -1.0 -2.0 0.0 -4.0 -2.0 -2.0 -4.0 -1.0 -2.0 -2.0 -4.0 -4.0 -1.0 -4.0 -1.0 0.0 -2.0 -3.0 -4.0 -1.0 -4.0 
-4.0 -4.0 -1.0 -3.0 -3.0 -3.0 -1.0 -2.0 -3.0 0.0 -3.0 -1.0 -1.0 -4.0 -3.0 0.0 0.0 -3.0 -4.0 252.0 -4.0 -4.0 -3.0 -1.0 -2.0 0.0 -2.0 -4.0 -3.0 -3.0 -2.0 -4.0 -1.0 0.0 -4.0 -3.0 -2.0 -1.0 0.0 -3.0 -2.0 0.0 -3.0 -2.0 0.0 -2.0 -1.0 -2.0 -2.0 -4.0 -3.0 -2.0 -4.0 0.0 -4.0 -2.0 -1.0 -3.0 -4.0 0.0 -3.0 -1.0 -4.0 0.0 -1.0 -1.0 -4.0 -2.0 -2.0 0.0 -4.0 0.0 -2.0 -1.0 -4.0 -3.0 -2.0 -4.0 -1.0 0.0 -4.0 -3.0 -3.0 -4.0 -4.0 -3.0 -4.0 -4.0 -3.0 -2.0 -3.0 -2.0 -4.0 0.0 0.0 -2.0 -2.0 -2.0 -3.0 0.0 -4.0 0.0 -1.0 0.0 -4.0 -2.0 0.0 -4.0 -1.0 -1.0 -2.0 -3.0 -4.0 -2.0 -3.0 
-3.0 -4.0 -1.0 -3.0 -1.0 -1.0 0.0 -3.0 -1.0 0.0 0.0 -4.0 -1.0 -4.0 0.0 -3.0 -1.0 0.0 -1.0 -3.0 216.0 -2.0 -2.0 -3.0 -1.0 -3.0 -1.0 -1.0 0.0 -4.0 -3.0 -4.0 -1.0 -1.0 -4.0 -2.0 -2.0 -2.0 -1.0 -4.0 0.0 0.0 -4.0 -1.0 0.0 -4.0 -2.0 0.0 -2.0 0.0 -3.0 -2.0 -1.0 -1.0 -1.0 -4.0 0.0 0.0 -4.0 -3.0 -3.0 -3.0 -3.0 -4.0 -3.0 0.0 0.0 -2.0 0.0 -1.0 -3.0 0.0 -2.0 -3.0 -4.0 -1.0 -3.0 -4.0 -1.0 -1.0 -2.0 -1.0 -4.0 -2.0 -2.0 0.0 0.0 -1.0 -4.0 0.0 -1.0 -2.0 -3.0 -4.0 -4.0 -4.0 0.0 -1.0 -1.0 -3.0 -4.0 -4.0 -1.0 0.0 -2.0 -2.0 -4.0 -1.0 -2.0 -2.0 0.0 -2.0 -2.0 0.0 -3.0 
-3.0 0.0 -4.0 -1.0 0.0 -1.0 -1.0 -1.0 -4.0 -3.0 -4.0 -4.0 -3.0 -2.0 -1.0 -2.0 -3.0 -3.0 -4.0 -4.0 0.0 212.0 -1.0 -4.0 0.0 -4.0 -3.0 -3.0 -1.0 -1.0 -1.0 -1.0 -4.0 0.0 -3.0 -2.0 -3.0 -2.0 -3.0 -1.0 -1.0 0.0 -4.0 -1.0 -3.0 -2.0 -1.0 -3.0 -1.0 -4.0 -1.0 0.0 -1.0 -1.0 -1.0 -1.0 0.0 -1.0 -4.0 -4.0 0.0 -2.0 0.0 0.0 0.0 -3.0 -3.0 0.0 -1.0 0.0 0.0 0.0 -3.0 -1.0 -1.0 0.0 -1.0 -4.0 -2.0 0.0 -3.0 0.0 -4.0 -2.0 -1.0 -4.0 -3.0 -4.0 0.0 -3.0 0.0 -1.0 -2.0 -2.0 -1.0 0.0 -3.0 -4.0 0.0 -1.0 -2.0 -3.0 -3.0 -1.0 -4.0 -3.0 -4.0 -2.0 -1.0 -4.0 -1.0 0.0 -1.0 -4.0 -1.0 
-2.0 0.0 -1.0 -4.0 -2.0 -3.0 -2.0 -4.0 -4.0 -3.0 -3.0 -4.0 -2.0 0.0 -4.0 -4.0 0.0 -2.0 0.0 -3.0 -1.0 0.0 250.0 0.0 -4.0 -4.0 0.0 -3.0 -3.0 -4.0 -4.0 -3.0 -3.0 -4.0 -4.0 -1.0 0.0 -4.0 -1.0 -2.0 -1.0 -2.0 -2.0 -2.0 -2.0 -2.0 -3.0 -2.0 0.0 -1.0 -3.0 0.0 -3.0 -3.0 -4.0 -2.0 -3.0 -1.0 -4.0 -3.0 -1.0 -3.0 -4.0 -2.0 -2.0 -2.0 -3.0 -2.0 -2.0 -4.0 -2.0 0.0 -3.0 -2.0 -3.0 -1.0 0.0 0.0 -1.0 -2.0 -4.0 -1.0 -1.0 -1.0 -1.0 -2.0 -2.0 -4.0 -4.0 -4.0 -1.0 -4.0 0.0 -4.0 -4.0 -3.0 -1.0 -2.0 0.0 -1.0 -2.0 -4.0 -4.0 -3.0 -3.0 -4.0 -3.0 -2.0 0.0 -1.0 0.0 -4.0 0.0 -2.0 0.0 
-4.0 -4.0 -1.0 -3.0 -3.0 -2.0 -4.0 -2.0 0.0 -4.0 -3.0 -3.0 -4.0 -1.0 -3.0 -2.0 -1.0 -2.0 -2.0 -3.0 0.0 -4.0 -4.0 260.0 -3.0 -4.0 -1.0 -1.0 0.0 -4.0 -4.0 -3.0 -1.0 -2.0 -4.0 -1.0 -2.0 0.0 0.0 -2.0 -3.0 0.0 -4.0 -1.0 -4.0 -4.0 -3.0 -2.0 -3.0 -4.0 -3.0 0.0 -2.0 -2.0 -3.0 -3.0 0.0 -2.0 -1.0 -2.0 -1.0 -1.0 -2.0 -2.0 -2.0 -2.0 -4.0 -3.0 -2.0 0.0 -1.0 -3.0 -3.0 -2.0 -3.0 -2.0 -2.0 -2.0 -3.0 0.0 0.0 -2.0 -2.0 -4.0 0.0 -3.0 -4.0 -4.0 -2.0 -4.0 -2.0 -3.0 -3.0 -3.0 -4.0 -4.0 0.0 -2.0 0.0 -3.0 -1.0 -4.0 0.0 -1.0 -1.0 -4.0 -2.0 -3.0 -2.0 -3.0 -1.0 -4.0 -4.0 -2.0 -2.0 
-4.0 -2.0 -4.0 -4.0 -2.0 -2.0 -3.0 -3.0 -3.0 -1.0 -4.0 -1.0 -1.0 0.0 0.0 -2.0 -4.0 0.0 0.0 0.0 -3.0 0.0 -1.0 -1.0 214.0 -2.0 -4.0 0.0 -1.0 -4.0 -2.0 0.0 -3.0 -2.0 -4.0 -2.0 -1.0 0.0 -4.0 0.0 -2.0 -1.0 -3.0 -2.0 -2.0 -1.0 -3.0 -1.0 0.0 -1.0 -1.0 -2.0 -3.0 -2.0 -3.0 -1.0 -3.0 -3.0 -2.0 -3.0 0.0 -2.0 -3.0 -1.0 -1.0 -3.0 -2.0 -1.0 -1.0 -2.0 -2.0 0.0 -2.0 -2.0 -3.0 -4.0 -1.0 -1.0 -4.0 0.0 -4.0 0.0 0.0 0.0 -2.0 0.0 -4.0 -3.0 -2.0 -1.0 -3.0 -2.0 0.0 0.0 -2.0 -2.0 0.0 -2.0 -4.0 -2.0 -1.0 -4.0 -2.0 -1.0 -3.0 -3.0 -4.0 -1.0 -3.0 -2.0 -2.0 -1.0 -1.0 -1.0 -4.0 
0.0 -1.0 -4.0 0.0 -3.0 0.0 -4.0 0.0 0.0 -4.0 -2.0 0.0 -2.0 0.0 0.0 -3.0 -2.0 0.0 -2.0 -1.0 -1.0 -4.0 0.0 -1.0 -4.0 213.0 -1.0 -2.0 -1.0 -2.0 0.0 0.0 0.0 -2.0 0.0 -1.0 -4.0 -4.0 -2.0 -4.0 -3.0 -2.0 -3.0 -2.0 -2.0 -4.0 -4.0 -3.0 -2.0 -1.0 -1.0 -4.0 -1.0 -3.0 -3.0 -2.0 -4.0 -4.0 0.0 0.0 -4.0 -3.0 -3.0 -2.0 -3.0 -2.0 -1.0 -2.0 -3.0 -2.0 -2.0 -4.0 -1.0 -2.0 -1.0 -1.0 -3.0 -1.0 -2.0 -2.0 -1.0 -2.0 0.0 -3.0 0.0 -3.0 -4.0 -4.0 -3.0 -2.0 -1.0 -2.0 -3.0 -1.0 0.0 -2.0 -2.0 -1.0 -1.0 -4.0 -2.0 -4.0 -3.0 0.0 0.0 0.0 -3.0 -1.0 0.0 0.0 0.0 -4.0 0.0 -2.0 -2.0 
-2.0 0.0 -3.0 -1.0 -4.0 -4.0 -2.0 -3.0 0.0 -1.0 0.0 -2.0 -2.0 -3.0 -3.0 -3.0 -3.0 0.0 -1.0 -1.0 -4.0 -4.0 -4.0 0.0 0.0 -2.0 204.0 -1.0 -2.0 -2.0 -3.0 0.0 -1.0 -2.0 -3.0 0.0 -2.0 -1.0 -4.0 0.0 -3.0 0.0 -1.0 -1.0 0.0 -3.0 -1.0 -3.0 -3.0 -2.0 -1.0 -2.0 -4.0 -3.0 0.0 -2.0 0.0 -1.0 0.0 -1.0 -1.0 -3.0 -4.0 -2.0 -2.0 -2.0 0.0 -3.0 -4.0 -2.0 -2.0 -3.0 -2.0 -2.0 -3.0 -1.0 0.0 -1.0 -1.0 -3.0 -4.0 -2.0 -1.0 0.0 0.0 -1.0 -2.0 -4.0 0.0 0.0 -1.0 0.0 0.0 -2.0 -3.0 0.0 -1.0 -3.0 -2.0 -1.0 -3.0 -1.0 -4.0 -2.0 -4.0 0.0 -1.0 0.0 -4.0 -2.0 -4.0 -2.0 0.0 -4.0 -1.0 
0.0 -3.0 -2.0 -3.0 -2.0 0.0 -1.0 0.0 -4.0 -3.0 -1.0 -1.0 0.0 -4.0 -4.0 -1.0 -4.0 0.0 0.0 -2.0 0.0 -3.0 -1.0 -3.0 0.0 -1.0 0.0 230.0 0.0 -2.0 0.0 -3.0 0.0 -2.0 -3.0 -1.0 -1.0 0.0 -1.0 -4.0 -1.0 -3.0 -3.0 -3.0 -2.0 -1.0 -3.0 -3.0 -1.0 -3.0 -2.0 0.0 -2.0 -3.0 -2.0 -3.0 -3.0 -4.0 -3.0 -3.0 -1.0 -3.0 0.0 -4.0 -3.0 0.0 -4.0 -3.0 -2.0 -3.0 -1.0 -2.0 -4.0 -3.0 0.0 -3.0 -4.0 -4.0 -3.0 0.0 -3.0 -2.0 -1.0 -4.0 -3.0 -3.0 -1.0 -2.0 0.0 -2.0 0.0 0.0 -3.0 0.0 -4.0 -3.0 -4.0 -2.0 -4.0 -4.0 0.0 -4.0 -3.0 -3.0 -1.0 -1.0 -3.0 -1.0 -3.0 -1.0 -2.0 -1.0 -3.0 -4.0 0.0 
0.0 -3.0 -4.0 -2.0 0.0 -4.0 0.0 -4.0 -1.0 -2.0 -3.0 0.0 -3.0 0.0 0.0 -4.0 -1.0 -3.0 -1.0 -1.0 -3.0 -2.0 -3.0 -2.0 0.0 0.0 0.0 -2.0 238.0 -2.0 -3.0 -1.0 -1.0 -2.0 -3.0 -4.0 -4.0 -3.0 -2.0 -2.0 0.0 -3.0 -4.0 -3.0 -2.0 -4.0 -3.0 -3.0 0.0 -3.0 -3.0 -3.0 -3.0 0.0 -1.0 -2.0 -4.0 -4.0 -2.0 -4.0 -1.0 -4.0 -1.0 -3.0 0.0 -2.0 -2.0 -4.0 -1.0 -1.0 -4.0 -2.0 0.0 -4.0 -4.0 0.0 -1.0 -4.0 -2.0 0.0 -3.0 -2.0 -3.0 -1.0 -2.0 -1.0 -3.0 0.0 -3.0 -2.0 -4.0 -3.0 -2.0 -3.0 -1.0 0.0 -4.0 -2.0 -2.0 -4.0 -1.0 -2.0 -2.0 -2.0 -2.0 -2.0 0.0 0.0 -1.0 -4.0 -2.0 -2.0 -2.0 -4.0 -1.0 
-4.0 -1.0 -3.0 0.0 -1.0 -1.0 -1.0 -2.0 -1.0 -4.0 0.0 -1.0 -4.0 -1.0 -3.0 -4.0 -4.0 -1.0 -1.0 -2.0 -4.0 0.0 -2.0 0.0 -1.0 -3.0 -1.0 -2.0 -4.0 234.0 -2.0 -4.0 0.0 -1.0 -2.0 -3.0 0.0 -3.0 -4.0 -4.0 0.0 -1.0 -2.0 -2.0 -2.0 -3.0 -1.0 0.0 -4.0 0.0 -1.0 -3.0 -3.0 -3.0 0.0 -4.0 0.0 -3.0 -1.0 -1.0 -1.0 0.0 -2.0 -2.0 -1.0 -2.0 -3.0 -3.0 0.0 -1.0 -2.0 -1.0 -3.0 -2.0 -4.0 -1.0 -2.0 -2.0 -3.0 -1.0 -2.0 -4.0 -4.0 -2.0 -2.0 -4.0 -3.0 0.0 -3.0 0.0 -3.0 -1.0 -1.0 -4.0 -3.0 -2.0 -4.0 -2.0 -2.0 -4.0 -1.0 -1.0 -2.0 -4.0 -3.0 -1.0 -1.0 -1.0 -2.0 -4.0 -2.0 -4.0 -2.0 -4.0 -3.0 
-2.0 -4.0 -2.0 -2.0 -4.0 -4.0 -4.0 -1.0 0.0 -3.0 -1.0 -3.0 -1.0 -1.0 0.0 -1.0 -3.0 -3.0 -2.0 -2.0 0.0 -2.0 -3.0 -3.0 0.0 -2.0 -4.0 -4.0 -3.0 -1.0 232.0 0.0 -3.0 -2.0 0.0 -2.0 0.0 -3.0 0.0 -3.0 0.0 -3.0 -1.0 -1.0 -2.0 -1.0 -2.0 -2.0 -1.0 -1.0 -4.0 -3.0 0.0 -1.0 -2.0 0.0 -3.0 -4.0 -4.0 -1.0 0.0 -1.0 -4.0 -3.0 -2.0 0.0 -1.0 -3.0 -4.0 -4.0 -1.0 -2.0 -3.0 0.0 -3.0 -1.0 -4.0 -2.0 -4.0 0.0 -4.0 -1.0 -4.0 -3.0 0.0 -2.0 -2.0 -4.0 -1.0 0.0 -4.0 -3.0 -1.0 0.0 -2.0 -2.0 0.0 -2.0 -3.0 -4.0 0.0 -1.0 -3.0 -2.0 -1.0 -3.0 -2.0 -4.0 -1.0 -1.0 -4.0 -2.0 -4.0 -4.0 -2.0 
-1.0 -3.0 -2.0 -4.0 -3.0 -4.0 -4.0 -3.0 -2.0 -3.0 -1.0 -1.0 -2.0 -1.0 -4.0 -1.0 -2.0 -1.0 0.0 -2.0 -3.0 -4.0 -3.0 -4.0 -2.0 0.0 0.0 -4.0 -3.0 -4.0 -2.0 255.0 -2.0 -3.0 0.0 -4.0 -2.0 -4.0 0.0 -1.0 -2.0 -2.0 -2.0 -3.0 -3.0 -1.0 -2.0 -1.0 -4.0 -3.0 -3.0 -2.0 -3.0 -1.0 -4.0 -2.0 0.0 -2.0 0.0 -2.0 -3.0 -3.0 -4.0 -3.0 -1.0 -1.0 -4.0 -1.0 0.0 -1.0 -1.0 -4.0 -3.0 -4.0 -3.0 -1.0 -3.0 0.0 -3.0 -2.0 -1.0 -2.0 -4.0 -1.0 -4.0 -3.0 -3.0 -4.0 -4.0 -1.0 -3.0 -2.0 -4.0 -2.0 -2.0 -4.0 -2.0 0.0 -1.0 -4.0 -2.0 0.0 -1.0 -1.0 -2.0 -1.0 -3.0 -1.0 -1.0 -3.0 -1.0 -2.0 -4.0 -3.0 -3.0 
-1.0 -3.0 0.0 -3.0 -1.0 0.0 -1.0 -2.0 -1.0 -1.0 -3.0 0.0 -3.0 -1.0 -4.0 -1.0 -2.0 -4.0 0.0 -3.0 -1.0 -3.0 -4.0 -3.0 -2.0 0.0 -3.0 -2.0 0.0 0.0 -4.0 -2.0 207.0 -3.0 0.0 -1.0 0.0 0.0 -2.0 0.0 -4.0 0.0 -4.0 -2.0 -3.0 -4.0 -1.0 -1.0 -4.0 -3.0 -1.0 -3.0 0.0 -1.0 -3.0 -4.0 -3.0 -3.0 -2.0 -2.0 -2.0 0.0 -2.0 -2.0 -2.0 -4.0 -4.0 -1.0 -1.0 -4.0 0.0 -4.0 -1.0 -2.0 -1.0 -3.0 0.0 -1.0 -1.0 -4.0 0.0 -2.0 -4.0 -3.0 0.0 0.0 -2.0 -3.0 -1.0 -3.0 -2.0 -2.0 -3.0 0.0 0.0 -3.0 -2.0 0.0 -3.0 -1.0 0.0 -2.0 -4.0 0.0 -2.0 -1.0 0.0 0.0 -1.0 -2.0 -3.0 -1.0 -3.0 -3.0 0.0 
-4.0 -1.0 -4.0 0.0 -4.0 -4.0 -2.0 -2.0 -4.0 -3.0 -1.0 -3.0 -1.0 -3.0 -4.0 -2.0 -1.0 -4.0 0.0 -4.0 -1.0 -1.0 -4.0 -3.0 -4.0 -2.0 -4.0 0.0 -4.0 -3.0 -4.0 -1.0 0.0 236.0 -1.0 -2.0 -3.0 -1.0 -4.0 -3.0 0.0 -2.0 -4.0 -4.0 -2.0 -1.0 -4.0 -3.0 -3.0 0.0 -3.0 -4.0 -3.0 -4.0 0.0 0.0 -1.0 -3.0 -1.0 -1.0 -2.0 -1.0 -2.0 0.0 -4.0 -1.0 -2.0 0.0 -1.0 -1.0 -2.0 -3.0 0.0 -4.0 -2.0 -4.0 0.0 -2.0 -1.0 0.0 0.0 -3.0 0.0 -2.0 -4.0 0.0 -4.0 -4.0 0.0 -2.0 -4.0 -2.0 0.0 -1.0 -3.0 0.0 -2.0 -3.0 -1.0 -4.0 -1.0 -2.0 -3.0 -4.0 0.0 -3.0 0.0 -3.0 -2.0 0.0 0.0 -2.0 -1.0 -2.0 -3.0 
-3.0 -3.0 -1.0 -4.0 -3.0 0.0 0.0 0.0 0.0 0.0 -2.0 0.0 0.0 -3.0 -2.0 -3.0 -1.0 -1.0 0.0 -1.0 -1.0 -3.0 -1.0 -4.0 -4.0 -4.0 -2.0 -3.0 -1.0 -2.0 -3.0 -1.0 -2.0 -4.0 205.0 -1.0 0.0 -1.0 -1.0 -4.0 0.0 -4.0 -1.0 -2.0 -3.0 -4.0 -4.0 -1.0 0.0 -1.0 -3.0 -1.0 -4.0 0.0 -4.0 -1.0 -4.0 -4.0 -4.0 -3.0 0.0 -4.0 -2.0 -3.0 -2.0 -2.0 0.0 -1.0 -1.0 -1.0 -2.0 -4.0 0.0 0.0 -1.0 -2.0 -3.0 -1.0 -4.0 -3.0 0.0 0.0 -3.0 0.0 0.0 -2.0 0.0 0.0 -2.0 -4.0 -3.0 -4.0 -1.0 0.0 -2.0 -2.0 0.0 0.0 0.0 -4.0 -4.0 0.0 -3.0 -4.0 0.0 0.0 -2.0 0.0 -1.0 0.0 -2.0 -4.0 -3.0 0.0 -2.0 
-1.0 -1.0 -1.0 -1.0 0.0 0.0 -2.0 -4.0 -1.0 -2.0 -2.0 -4.0 -1.0 -2.0 -3.0 -1.0 -2.0 -3.0 -3.0 -1.0 -4.0 -4.0 0.0 0.0 -4.0 -3.0 -4.0 0.0 -4.0 0.0 -2.0 -2.0 0.0 -4.0 -1.0 221.0 -4.0 -4.0 -3.0 -3.0 -4.0 -4.0 -3.0 -4.0 -1.0 -2.0 -1.0 -2.0 -4.0 -1.0 0.0 -1.0 -2.0 -2.0 0.0 0.0 0.0 -4.0 -4.0 -4.0 -4.0 -1.0 -4.0 0.0 -1.0 -3.0 0.0 0.0 -3.0 -3.0 -3.0 -2.0 -1.0 -2.0 -1.0 0.0 -2.0 -1.0 -3.0 -2.0 0.0 -1.0 -4.0 -3.0 -1.0 0.0 -4.0 -4.0 -2.0 0.0 0.0 -2.0 -4.0 -2.0 -2.0 -4.0 -3.0 0.0 0.0 0.0 -1.0 -2.0 -1.0 0.0 -4.0 -4.0 -1.0 -2.0 0.0 -1.0 -1.0 -2.0 -3.0 0.0 -3.0 
0.0 0.0 -4.0 -4.0 -1.0 -3.0 -1.0 -2.0 0.0 -1.0 0.0 -2.0 -2.0 -2.0 0.0 -4.0 -1.0 0.0 -4.0 -4.0 -2.0 -1.0 0.0 -1.0 -2.0 -4.0 -4.0 -4.0 -1.0 -1.0 -3.0 -4.0 -1.0 -4.0 0.0 -4.0 231.0 -1.0 -4.0 -3.0 -2.0 -3.0 -3.0 -1.0 -3.0 -4.0 -3.0 -4.0 0.0 0.0 -4.0 -1.0 -4.0 -1.0 0.0 0.0 -3.0 0.0 -2.0 -4.0 0.0 -1.0 -1.0 -4.0 -4.0 0.0 -4.0 -2.0 0.0 -2.0 -3.0 -3.0 -1.0 0.0 0.0 -4.0 -2.0 -4.0 -4.0 0.0 0.0 -3.0 -1.0 -3.0 -2.0 -4.0 -1.0 -2.0 -4.0 -2.0 -3.0 -4.0 -1.0 -3.0 -4.0 -2.0 0.0 -2.0 -2.0 0.0 -3.0 -3.0 -2.0 -2.0 -2.0 0.0 -1.0 -4.0 -2.0 -2.0 -3.0 0.0 -2.0 -1.0 -1.0 
-4.0 -1.0 -1.0 -1.0 0.0 -3.0 -3.0 -2.0 -4.0 -4.0 -3.0 -4.0 0.0 -2.0 -2.0 -3.0 -1.0 -3.0 -3.0 0.0 -1.0 -3.0 0.0 -4.0 -4.0 0.0 -2.0 -4.0 -3.0 0.0 0.0 -2.0 -3.0 -2.0 -4.0 0.0 -3.0 222.0 -2.0 -2.0 -3.0 0.0 -3.0 -3.0 0.0 0.0 -4.0 -1.0 -3.0 -1.0 -3.0 -3.0 -4.0 0.0 -3.0 -4.0 -3.0 0.0 -1.0 -3.0 -2.0 0.0 -3.0 -3.0 -1.0 -3.0 0.0 -3.0 -2.0 -4.0 -1.0 0.0 -4.0 0.0 0.0 -1.0 0.0 -2.0 -3.0 -3.0 0.0 -3.0 -4.0 -4.0 -1.0 -1.0 -3.0 -3.0 -3.0 -3.0 -1.0 -1.0 0.0 -3.0 -2.0 0.0 -2.0 -1.0 -4.0 -4.0 -1.0 0.0 -1.0 -2.0 0.0 -4.0 -1.0 0.0 -1.0 -4.0 0.0 -3.0 0.0 -2.0 0.0 
-2.0 -2.0 -2.0 -2.0 -4.0 -4.0 -1.0 -1.0 -2.0 -3.0 -3.0 -1.0 0.0 -2.0 -4.0 -3.0 -3.0 0.0 0.0 0.0 -2.0 -1.0 0.0 -2.0 -4.0 -1.0 -4.0 -2.0 -3.0 -2.0 -1.0 -4.0 -4.0 -2.0 -2.0 -3.0 -4.0 -1.0 221.0 -3.0 0.0 -2.0 -2.0 0.0 -4.0 -3.0 -4.0 0.0 -1.0 0.0 -3.0 -1.0 -3.0 -1.0 -3.0 -4.0 -2.0 0.0 -4.0 -2.0 0.0 -4.0 -1.0 -4.0 0.0 0.0 -3.0 -1.0 -4.0 -1.0 -1.0 -2.0 -2.0 0.0 -4.0 0.0 -1.0 0.0 -3.0 -2.0 -1.0 -2.0 -4.0 -1.0 -2.0 -1.0 -3.0 -3.0 -3.0 -1.0 -4.0 -2.0 -3.0 0.0 -4.0 0.0 -3.0 -1.0 -4.0 -4.0 -1.0 -3.0 -1.0 -1.0 0.0 -3.0 -1.0 0.0 0.0 -1.0 0.0 0.0 -4.0 -1.0 -3.0 
-3.0 0.0 -4.0 -2.0 -2.0 -3.0 -4.0 -3.0 -3.0 -2.0 -4.0 -2.0 -3.0 -1.0 -3.0 -1.0 0.0 -3.0 -4.0 -1.0 -1.0 -1.0 0.0 -4.0 -3.0 -4.0 -1.0 0.0 -1.0 -1.0 -1.0 -2.0 -3.0 0.0 0.0 0.0 -3.0 -2.0 -2.0 221.0 -1.0 0.0 -2.0 -2.0 -4.0 -2.0 -2.0 0.0 -3.0 -4.0 0.0 0.0 0.0 -3.0 -3.0 -3.0 -3.0 0.0 -4.0 -3.0 -2.0 -2.0 0.0 -2.0 0.0 -4.0 -3.0 -4.0 0.0 -1.0 -4.0 -4.0 0.0 -2.0 -3.0 -2.0 0.0 -4.0 -1.0 -3.0 0.0 -4.0 -3.0 0.0 -4.0 0.0 -3.0 -2.0 0.0 0.0 -2.0 -2.0 -3.0 -1.0 -1.0 0.0 -3.0 -2.0 -4.0 0.0 -4.0 -3.0 -1.0 -2.0 -4.0 -4.0 0.0 -4.0 -2.0 -1.0 0.0 0.0 -1.0 0.0 -4.0 
-1.0 -2.0 -1.0 -1.0 0.0 -1.0 -4.0 -2.0 -2.0 0.0 -1.0 0.0 -3.0 -4.0 -4.0 -2.0 -1.0 -3.0 0.0 -1.0 -3.0 -1.0 -3.0 -2.0 -4.0 -3.0 -2.0 0.0 -3.0 -1.0 0.0 -4.0 0.0 -1.0 -2.0 0.0 -4.0 -1.0 -1.0 -1.0 227.0 -2.0 -4.0 0.0 -4.0 -4.0 -1.0 -1.0 -4.0 -4.0 -3.0 -1.0 -3.0 -4.0 -2.0 -3.0 -4.0 -2.0 0.0 0.0 0.0 -3.0 -4.0 -4.0 0.0 -2.0 0.0 -2.0 0.0 -4.0 -3.0 -2.0 0.0 -3.0 -3.0 -1.0 -2.0 -3.0 0.0 0.0 -1.0 -1.0 -3.0 0.0 -3.0 -3.0 -3.0 -4.0 -3.0 0.0 -2.0 -1.0 -2.0 -1.0 -3.0 -4.0 -3.0 0.0 0.0 0.0 0.0 -1.0 -3.0 0.0 -2.0 -3.0 -4.0 -3.0 0.0 -4.0 -3.0 -4.0 -4.0 -4.0 -4.0 
-4.0 -2.0 0.0 -4.0 -3.0 -4.0 -3.0 0.0 0.0 -1.0 -1.0 -3.0 0.0 -3.0 -2.0 -3.0 -2.0 -1.0 -1.0 -1.0 -3.0 -2.0 0.0 0.0 -3.0 0.0 -3.0 -3.0 -1.0 -1.0 -4.0 -2.0 -3.0 -4.0 -4.0 -1.0 -2.0 -2.0 -3.0 -1.0 -2.0 221.0 -4.0 -1.0 -2.0 -3.0 -2.0 -3.0 -3.0 -1.0 -2.0 -2.0 0.0 0.0 -1.0 -4.0 0.0 -3.0 -2.0 -4.0 0.0 0.0 -1.0 -2.0 -3.0 0.0 -1.0 -4.0 -4.0 -1.0 0.0 -3.0 -1.0 0.0 -3.0 -3.0 -3.0 -3.0 -4.0 -3.0 -3.0 -2.0 -4.0 -2.0 0.0 -1.0 -1.0 0.0 0.0 0.0 -4.0 -1.0 -3.0 -2.0 -4.0 0.0 0.0 -3.0 -2.0 -4.0 -3.0 -3.0 0.0 -4.0 0.0 -3.0 -4.0 -3.0 0.0 -1.0 -1.0 -3.0 0.0 -1.0 -1.0 
-3.0 0.0 -2.0 -2.0 -3.0 -1.0 -4.0 -2.0 -1.0 -3.0 -4.0 -1.0 -4.0 -2.0 -2.0 -1.0 -1.0 0.0 -4.0 0.0 -4.0 -4.0 -2.0 -4.0 -2.0 -2.0 -1.0 -4.0 0.0 0.0 -1.0 -4.0 -4.0 -3.0 -2.0 0.0 -2.0 -3.0 -3.0 -1.0 -4.0 0.0 231.0 -4.0 -3.0 0.0 -3.0 -3.0 0.0 -3.0 -2.0 -1.0 -4.0 -1.0 -1.0 -2.0 -2.0 -2.0 -4.0 -4.0 -2.0 -1.0 -3.0 -3.0 -3.0 -1.0 0.0 -1.0 -3.0 -4.0 -2.0 0.0 -1.0 0.0 -3.0 -1.0 -2.0 -2.0 0.0 -4.0 -1.0 -1.0 -3.0 0.0 -2.0 -3.0 -4.0 -2.0 -1.0 0.0 -3.0 -3.0 0.0 0.0 -4.0 -4.0 -2.0 -1.0 -2.0 0.0 -3.0 -1.0 -3.0 -2.0 -3.0 -4.0 -1.0 -2.0 -2.0 -2.0 0.0 -2.0 -2.0 -1.0 -2.0 
0.0 -4.0 -2.0 -3.0 -1.0 -3.0 -2.0 -4.0 -2.0 0.0 -3.0 -4.0 -1.0 0.0 0.0 -1.0 -4.0 -2.0 0.0 -1.0 -4.0 -3.0 -3.0 0.0 -4.0 -3.0 -3.0 -3.0 -4.0 -3.0 -4.0 -3.0 0.0 -3.0 -1.0 -3.0 -1.0 -4.0 -1.0 -2.0 -1.0 0.0 -2.0 261.0 -2.0 -2.0 -2.0 -3.0 -4.0 -1.0 -4.0 -4.0 -3.0 -3.0 -4.0 -2.0 -4.0 0.0 -2.0 -3.0 -3.0 -4.0 -4.0 -2.0 -2.0 -3.0 0.0 -1.0 -2.0 -3.0 -3.0 -1.0 -3.0 0.0 -1.0 -2.0 -4.0 -2.0 -2.0 -3.0 -2.0 -4.0 -3.0 -3.0 -1.0 -3.0 -4.0 -2.0 -4.0 0.0 -3.0 -1.0 -3.0 -2.0 -3.0 -3.0 -2.0 -2.0 0.0 -4.0 0.0 -4.0 -4.0 -2.0 -2.0 -3.0 -1.0 -2.0 -4.0 -2.0 -3.0 0.0 -1.0 -4.0 0.0 
-3.0 0.0 -1.0 -1.0 -2.0 -3.0 -1.0 0.0 -3.0 -3.0 -2.0 -1.0 -2.0 0.0 -4.0 -1.0 0.0 -3.0 -3.0 -4.0 -3.0 -4.0 -1.0 -2.0 -2.0 -4.0 -4.0 -3.0 0.0 -3.0 0.0 -4.0 0.0 -1.0 -1.0 0.0 -3.0 0.0 -2.0 -2.0 -1.0 0.0 -2.0 -3.0 209.0 0.0 -1.0 0.0 -2.0 -1.0 -4.0 -2.0 -4.0 -1.0 0.0 -2.0 0.0 0.0 0.0 -3.0 -2.0 -1.0 -3.0 -4.0 0.0 -2.0 -3.0 -4.0 -3.0 -1.0 -4.0 -3.0 0.0 -1.0 -1.0 -3.0 -2.0 -1.0 -1.0 -4.0 -1.0 0.0 -2.0 -2.0 -2.0 0.0 0.0 -2.0 -2.0 -2.0 -3.0 -2.0 0.0 -2.0 0.0 -4.0 -2.0 0.0 -4.0 -4.0 0.0 -2.0 -4.0 -1.0 -1.0 -1.0 -3.0 -4.0 -4.0 -3.0 -3.0 -2.0 -1.0 -1.0 0.0 
-4.0 0.0 -2.0 -4.0 -3.0 -3.0 -1.0 -2.0 -2.0 0.0 -1.0 -2.0 -1.0 -4.0 -4.0 -1.0 0.0 -1.0 -3.0 0.0 -2.0 -4.0 -3.0 -3.0 0.0 -1.0 -1.0 -3.0 -3.0 -3.0 0.0 -1.0 -1.0 -3.0 0.0 -2.0 -2.0 0.0 -2.0 -3.0 -3.0 -3.0 0.0 -3.0 0.0 211.0 -2.0 -3.0 -4.0 -3.0 -3.0 -1.0 -3.0 0.0 0.0 -1.0 0.0 -2.0 0.0 -1.0 -4.0 0.0 -4.0 -1.0 -2.0 -4.0 -2.0 -1.0 -1.0 -3.0 -4.0 0.0 0.0 -1.0 -2.0 -2.0 -1.0 -1.0 -1.0 -4.0 -1.0 -1.0 -3.0 -1.0 -3.0 -2.0 -1.0 0.0 -4.0 -2.0 -2.0 0.0 -1.0 0.0 -1.0 -3.0 -4.0 -2.0 -2.0 -3.0 -3.0 -1.0 -3.0 -1.0 -4.0 -2.0 -3.0 0.0 -4.0 -4.0 -2.0 0.0 -1.0 0.0 -2.0 
-2.0 -3.0 -4.0 -2.0 -3.0 -3.0 -2.0 -4.0 -1.0 -4.0 -1.0 -1.0 -2.0 -1.0 0.0 -2.0 -4.0 -3.0 -2.0 -3.0 0.0 -1.0 0.0 -1.0 -1.0 -2.0 -1.0 -4.0 -2.0 -2.0 -3.0 -4.0 -2.0 -1.0 0.0 0.0 -4.0 -1.0 0.0 -3.0 -1.0 -2.0 -2.0 -3.0 -1.0 -1.0 219.0 -1.0 -3.0 -2.0 -2.0 0.0 0.0 -3.0 -1.0 -3.0 -1.0 -1.0 -1.0 0.0 -2.0 -3.0 -3.0 0.0 0.0 -2.0 -4.0 -2.0 0.0 -4.0 -4.0 -2.0 -2.0 -3.0 -1.0 -2.0 -1.0 -4.0 -3.0 -2.0 -4.0 -2.0 -4.0 0.0 -3.0 0.0 0.0 0.0 0.0 -1.0 -1.0 -2.0 0.0 -1.0 -1.0 -1.0 -4.0 -3.0 -3.0 -3.0 -3.0 -2.0 0.0 -4.0 -3.0 -3.0 -3.0 -4.0 0.0 -2.0 -1.0 -4.0 -1.0 -4.0 -1.0 
-1.0 -3.0 -4.0 0.0 -4.0 -2.0 -1.0 -4.0 0.0 0.0 -1.0 -2.0 -2.0 -2.0 0.0 -3.0 -2.0 0.0 -2.0 -1.0 -3.0 -2.0 -4.0 -3.0 -2.0 -4.0 -2.0 -3.0 -4.0 -1.0 -1.0 -4.0 -1.0 -2.0 -4.0 0.0 -4.0 -3.0 -3.0 0.0 -1.0 -2.0 -1.0 0.0 -2.0 -1.0 0.0 258.0 -3.0 -2.0 -4.0 -4.0 0.0 -3.0 -4.0 -3.0 -4.0 -1.0 -2.0 -4.0 -2.0 -4.0 -2.0 0.0 -2.0 -3.0 -1.0 -2.0 -2.0 -4.0 -4.0 -3.0 -3.0 -4.0 -4.0 -4.0 -1.0 -1.0 -1.0 -1.0 -1.0 -3.0 -2.0 -2.0 -2.0 -4.0 0.0 -1.0 0.0 -2.0 -3.0 -3.0 -3.0 0.0 -1.0 -2.0 -3.0 -4.0 -4.0 -4.0 -2.0 -2.0 -1.0 -3.0 -3.0 -4.0 0.0 -2.0 -3.0 -4.0 -1.0 -4.0 -4.0 -4.0 -4.0 
-1.0 0.0 -1.0 -1.0 0.0 -3.0 -4.0 -2.0 -1.0 -4.0 -2.0 -1.0 -2.0 -2.0 -3.0 -3.0 -1.0 0.0 -1.0 -2.0 -2.0 -3.0 -1.0 0.0 0.0 -1.0 0.0 -4.0 -2.0 0.0 -3.0 -3.0 -3.0 -1.0 0.0 -2.0 0.0 0.0 0.0 0.0 -4.0 -4.0 -4.0 -3.0 -2.0 -1.0 -4.0 -4.0 220.0 -3.0 -3.0 0.0 0.0 0.0 -1.0 -2.0 -3.0 0.0 0.0 -2.0 0.0 -3.0 -4.0 -4.0 -2.0 -2.0 -3.0 -4.0 -4.0 -1.0 -3.0 -4.0 -2.0 -4.0 -1.0 0.0 -1.0 -3.0 -4.0 -3.0 -4.0 -2.0 0.0 0.0 -2.0 -2.0 -2.0 -1.0 -4.0 -3.0 -1.0 0.0 -3.0 0.0 0.0 0.0 -4.0 -2.0 -1.0 -4.0 -3.0 -2.0 -4.0 -4.0 0.0 -3.0 -3.0 -3.0 -2.0 -4.0 -2.0 0.0 -1.0 -1.0 -2.0 
0.0 -4.0 -4.0 -4.0 -4.0 -4.0 -4.0 -1.0 -2.0 -3.0 -4.0 -3.0 -4.0 -3.0 -4.0 -3.0 -4.0 -3.0 -4.0 -2.0 -2.0 -3.0 -3.0 -1.0 -1.0 -2.0 -4.0 -2.0 -2.0 -2.0 0.0 -2.0 -2.0 -3.0 -3.0 -3.0 -3.0 -4.0 0.0 -3.0 0.0 -3.0 -1.0 -2.0 0.0 -4.0 0.0 -2.0 -2.0 261.0 -3.0 -3.0 0.0 -1.0 -4.0 -1.0 -4.0 -3.0 -3.0 -4.0 -4.0 0.0 -4.0 0.0 -3.0 -1.0 -2.0 -1.0 0.0 -1.0 0.0 -4.0 -1.0 -2.0 0.0 -2.0 -3.0 -2.0 -1.0 -4.0 0.0 -1.0 -4.0 0.0 -3.0 -4.0 -1.0 -4.0 0.0 -1.0 -2.0 -2.0 -3.0 0.0 -2.0 -2.0 -1.0 -2.0 0.0 -1.0 0.0 -4.0 -4.0 -3.0 -3.0 -4.0 -4.0 -4.0 -3.0 -4.0 -1.0 -4.0 -1.0 -1.0 -4.0 
-2.0 -3.0 -4.0 -3.0 -4.0 -3.0 0.0 -2.0 0.0 -4.0 -1.0 0.0 0.0 -2.0 -3.0 0.0 0.0 0.0 -4.0 0.0 -4.0 -4.0 -3.0 -3.0 -1.0 -2.0 -3.0 -3.0 -3.0 -2.0 0.0 0.0 -4.0 -3.0 -3.0 0.0 -4.0 -3.0 -1.0 -2.0 -3.0 0.0 -1.0 -3.0 0.0 -3.0 -1.0 -4.0 -1.0 0.0 213.0 -1.0 0.0 -2.0 0.0 0.0 -2.0 -4.0 -2.0 0.0 0.0 -3.0 -1.0 0.0 -3.0 -1.0 -1.0 -4.0 0.0 -3.0 0.0 -4.0 -1.0 0.0 0.0 0.0 -4.0 0.0 -3.0 -3.0 0.0 -1.0 -4.0 -1.0 -4.0 -4.0 -1.0 -4.0 -3.0 -3.0 -2.0 -1.0 -2.0 -2.0 -4.0 -1.0 0.0 -3.0 -3.0 -1.0 0.0 -1.0 -2.0 -4.0 -2.0 -2.0 -1.0 -1.0 -2.0 -1.0 -3.0 -2.0 -3.0 -4.0 0.0 
0.0 -2.0 -1.0 0.0 0.0 -1.0 -4.0 -4.0 0.0 -3.0 -2.0 -4.0 -3.0 -1.0 0.0 -1.0 -4.0 -4.0 -1.0 -4.0 -2.0 -3.0 -1.0 -1.0 -1.0 0.0 -2.0 -3.0 -2.0 -4.0 -4.0 -4.0 0.0 -2.0 -4.0 0.0 -1.0 -2.0 -2.0 -2.0 -4.0 -3.0 0.0 -1.0 0.0 -4.0 -1.0 -1.0 -3.0 -1.0 -2.0 217.0 0.0 -1.0 0.0 -1.0 0.0 -3.0 -4.0 -2.0 -4.0 -1.0 -2.0 -1.0 -1.0 -3.0 0.0 0.0 -1.0 -4.0 0.0 -2.0 0.0 -1.0 -4.0 -2.0 -4.0 0.0 0.0 -1.0 -1.0 -4.0 -2.0 -2.0 -4.0 -4.0 0.0 -3.0 0.0 -3.0 -4.0 -1.0 -3.0 -2.0 -4.0 -2.0 -2.0 -1.0 -2.0 -3.0 -3.0 -4.0 -4.0 -3.0 -1.0 -2.0 0.0 -3.0 -2.0 -2.0 0.0 -2.0 0.0 -2.0 -1.0 
-2.0 -1.0 -3.0 -4.0 0.0 0.0 -1.0 0.0 -2.0 0.0 0.0 -4.0 -2.0 -3.0 -1.0 -4.0 -1.0 -1.0 -4.0 0.0 -1.0 -3.0 -1.0 -3.0 -1.0 0.0 0.0 -1.0 -4.0 -3.0 -2.0 -1.0 0.0 -2.0 -3.0 -4.0 -1.0 -2.0 -3.0 -4.0 -2.0 -2.0 -1.0 -1.0 -1.0 -4.0 -4.0 -4.0 -4.0 -4.0 -1.0 -1.0 223.0 -1.0 0.0 0.0 -4.0 -3.0 0.0 0.0 -4.0 -3.0 -3.0 -3.0 -4.0 -3.0 -4.0 0.0 -2.0 -3.0 -2.0 -4.0 -1.0 0.0 -4.0 -3.0 -3.0 0.0 -3.0 -2.0 -1.0 -1.0 -1.0 -1.0 -2.0 -3.0 -2.0 -2.0 -2.0 -2.0 0.0 0.0 -4.0 -3.0 -3.0 -2.0 -2.0 0.0 -3.0 -2.0 -1.0 -4.0 -3.0 -4.0 0.0 -1.0 0.0 0.0 -1.0 -3.0 -1.0 -4.0 -1.0 -1.0 -3.0 
-3.0 0.0 -1.0 -3.0 -1.0 -1.0 -3.0 -3.0 -3.0 0.0 0.0 -1.0 0.0 -2.0 -4.0 -4.0 -3.0 -1.0 0.0 -4.0 0.0 0.0 -1.0 -4.0 -2.0 -1.0 -1.0 -3.0 -2.0 -3.0 -4.0 -2.0 -4.0 -1.0 -4.0 -1.0 -2.0 -1.0 -2.0 -4.0 -3.0 -4.0 -4.0 0.0 -1.0 -4.0 0.0 -4.0 -4.0 0.0 0.0 -2.0 -3.0 212.0 -1.0 -3.0 0.0 -2.0 -1.0 -1.0 -2.0 -1.0 -1.0 -1.0 -2.0 -3.0 -1.0 0.0 -3.0 0.0 -3.0 0.0 -4.0 0.0 -3.0 -1.0 -2.0 0.0 -4.0 0.0 0.0 -1.0 -3.0 0.0 0.0 -4.0 -3.0 -2.0 -1.0 0.0 -2.0 -4.0 0.0 -3.0 -4.0 -1.0 -3.0 -3.0 -2.0 0.0 -1.0 -2.0 -1.0 -1.0 -2.0 -2.0 -3.0 -3.0 -1.0 -3.0 0.0 -4.0 -1.0 -1.0 -4.0 
-2.0 0.0 -3.0 -4.0 0.0 -2.0 -1.0 -4.0 -4.0 -2.0 -4.0 -4.0 -3.0 0.0 0.0 -4.0 -3.0 -3.0 -1.0 -3.0 0.0 -3.0 -2.0 0.0 0.0 -3.0 -2.0 -4.0 -2.0 -3.0 0.0 -2.0 0.0 -2.0 -1.0 -2.0 -1.0 0.0 -1.0 -4.0 -2.0 -4.0 0.0 -1.0 -4.0 0.0 -3.0 0.0 0.0 -1.0 -1.0 -4.0 -3.0 -2.0 234.0 0.0 -2.0 -4.0 -3.0 -3.0 -3.0 0.0 -4.0 -4.0 -2.0 0.0 -4.0 -2.0 0.0 0.0 -4.0 -3.0 0.0 -3.0 -3.0 -4.0 -1.0 0.0 0.0 0.0 -4.0 -4.0 -2.0 -3.0 -4.0 -3.0 -4.0 -1.0 0.0 -2.0 -3.0 -3.0 -1.0 -2.0 -2.0 -2.0 -2.0 -3.0 -4.0 -2.0 -2.0 -2.0 -2.0 -4.0 -3.0 -1.0 -1.0 -1.0 -3.0 -1.0 -3.0 -2.0 0.0 -3.0 -2.0 
-4.0 -3.0 -2.0 0.0 -1.0 -1.0 0.0 0.0 -2.0 -1.0 -3.0 -2.0 -4.0 -1.0 -3.0 -4.0 -3.0 0.0 -4.0 -4.0 -3.0 -2.0 0.0 -2.0 -4.0 -3.0 0.0 0.0 -2.0 -3.0 0.0 -3.0 0.0 -4.0 -3.0 0.0 -4.0 -2.0 -2.0 -1.0 -4.0 -1.0 -2.0 -3.0 -2.0 0.0 -1.0 -4.0 -1.0 -4.0 -2.0 -2.0 0.0 -3.0 0.0 227.0 0.0 -2.0 -2.0 0.0 -2.0 -3.0 -1.0 -2.0 -4.0 -4.0 -1.0 0.0 -1.0 -2.0 0.0 -2.0 -4.0 -2.0 -2.0 -4.0 -4.0 -3.0 -1.0 -2.0 -2.0 -1.0 -3.0 -2.0 -4.0 -2.0 0.0 0.0 -1.0 -3.0 0.0 -1.0 -4.0 -1.0 -4.0 -2.0 -2.0 -4.0 -4.0 -3.0 -1.0 -4.0 -3.0 -2.0 -3.0 0.0 -2.0 -1.0 0.0 -1.0 -2.0 0.0 -2.0 -4.0 -2.0 
-2.0 -2.0 0.0 0.0 0.0 0.0 -4.0 -3.0 -2.0 0.0 0.0 -3.0 -3.0 0.0 -2.0 -4.0 -1.0 0.0 -2.0 -4.0 -1.0 -4.0 -1.0 0.0 -1.0 -1.0 -4.0 0.0 -4.0 0.0 -2.0 -2.0 -2.0 -1.0 -4.0 -3.0 0.0 -2.0 0.0 -3.0 -3.0 0.0 -4.0 -1.0 -4.0 -4.0 0.0 -3.0 -4.0 0.0 -1.0 0.0 -4.0 -3.0 -2.0 -4.0 218.0 -4.0 -2.0 -2.0 0.0 0.0 0.0 -1.0 -3.0 -4.0 -3.0 0.0 -2.0 -3.0 -2.0 -1.0 0.0 -3.0 -3.0 -3.0 -1.0 -2.0 -2.0 0.0 -4.0 0.0 0.0 -4.0 -4.0 -1.0 -3.0 -4.0 -2.0 -2.0 0.0 -1.0 -4.0 -3.0 -4.0 -2.0 0.0 -2.0 -3.0 -1.0 -3.0 -2.0 -3.0 -4.0 -3.0 0.0 -2.0 0.0 -2.0 -4.0 -2.0 0.0 0.0 -2.0 -2.0 
-3.0 -1.0 0.0 -1.0 -3.0 -3.0 -1.0 -3.0 -1.0 -4.0 0.0 -1.0 -3.0 -3.0 -2.0 -4.0 -4.0 -2.0 -1.0 0.0 -4.0 0.0 -1.0 -3.0 -3.0 -2.0 -3.0 -2.0 -1.0 -3.0 0.0 -2.0 -1.0 -3.0 0.0 -1.0 -4.0 -2.0 -3.0 -2.0 -4.0 -4.0 -2.0 -1.0 -3.0 0.0 -1.0 -3.0 -1.0 -1.0 -1.0 -2.0 -2.0 -4.0 -3.0 -2.0 0.0 203.0 -2.0 0.0 -1.0 -1.0 -1.0 -2.0 0.0 -2.0 0.0 -4.0 0.0 -3.0 0.0 -3.0 -1.0 -3.0 -1.0 -3.0 -3.0 0.0 0.0 -1.0 0.0 -1.0 0.0 0.0 -1.0 -2.0 -1.0 -3.0 -2.0 -1.0 0.0 -2.0 -2.0 -4.0 -2.0 -4.0 -2.0 -1.0 0.0 -3.0 -1.0 -3.0 -1.0 0.0 -2.0 -4.0 -1.0 -3.0 -3.0 0.0 0.0 -4.0 0.0 -2.0 -3.0 
0.0 0.0 -3.0 -4.0 -1.0 -3.0 0.0 -3.0 -4.0 -3.0 -4.0 -3.0 -1.0 0.0 -3.0 -4.0 -1.0 -2.0 -4.0 -3.0 -2.0 -4.0 -3.0 -4.0 -3.0 -2.0 -3.0 -4.0 -2.0 -3.0 -2.0 -1.0 -4.0 -4.0 -1.0 -3.0 -3.0 -3.0 -1.0 -1.0 -4.0 -2.0 -1.0 -3.0 -2.0 -2.0 -1.0 0.0 -2.0 -3.0 -2.0 -4.0 -4.0 -3.0 -3.0 -2.0 -3.0 0.0 237.0 0.0 -3.0 0.0 -3.0 0.0 -3.0 -1.0 -1.0 -3.0 -2.0 -3.0 -2.0 -1.0 -1.0 -2.0 -2.0 -3.0 0.0 -2.0 -1.0 -2.0 -2.0 -4.0 0.0 -1.0 -2.0 0.0 -4.0 -3.0 -4.0 0.0 -4.0 -2.0 -2.0 -3.0 -1.0 0.0 0.0 0.0 -3.0 -2.0 0.0 -2.0 0.0 -1.0 0.0 0.0 -3.0 -2.0 -1.0 -3.0 -3.0 -3.0 -1.0 -3.0 -3.0 
-3.0 -2.0 -4.0 -2.0 -2.0 -3.0 -3.0 0.0 -3.0 -3.0 -2.0 -1.0 -3.0 -2.0 -3.0 -1.0 -2.0 -1.0 -3.0 -4.0 -1.0 -2.0 0.0 -1.0 -1.0 -4.0 -4.0 -1.0 -3.0 -3.0 -4.0 -3.0 0.0 0.0 -1.0 -3.0 -3.0 -4.0 -4.0 -1.0 -3.0 -2.0 -3.0 -4.0 -2.0 -1.0 -2.0 0.0 0.0 -1.0 0.0 -3.0 -4.0 0.0 -1.0 -4.0 0.0 -4.0 -4.0 240.0 -1.0 0.0 -3.0 -3.0 0.0 -3.0 -2.0 -1.0 -4.0 0.0 0.0 -4.0 0.0 -4.0 -2.0 -2.0 -3.0 -2.0 0.0 -3.0 -4.0 -4.0 0.0 0.0 -1.0 -3.0 -3.0 -2.0 -3.0 0.0 -4.0 -2.0 -4.0 -2.0 0.0 -3.0 -3.0 -2.0 -4.0 -2.0 -4.0 -4.0 0.0 0.0 -3.0 -4.0 -1.0 -3.0 -3.0 -1.0 -1.0 -2.0 0.0 -1.0 -2.0 
-3.0 -4.0 0.0 -2.0 0.0 -3.0 -4.0 -4.0 0.0 -2.0 -3.0 0.0 -2.0 0.0 -1.0 0.0 -1.0 -1.0 0.0 -2.0 0.0 -3.0 -1.0 0.0 -2.0 -4.0 -3.0 -3.0 -4.0 0.0 0.0 -2.0 -1.0 0.0 0.0 -3.0 -1.0 0.0 -3.0 0.0 -4.0 -1.0 -2.0 -2.0 -4.0 -3.0 -3.0 -4.0 -4.0 -1.0 0.0 -4.0 -1.0 -2.0 0.0 -4.0 -4.0 0.0 0.0 -3.0 227.0 -1.0 -2.0 -2.0 0.0 0.0 -4.0 -1.0 -3.0 -4.0 -1.0 -4.0 -4.0 -3.0 0.0 -3.0 -3.0 -4.0 -1.0 -1.0 -3.0 -4.0 -4.0 -2.0 -2.0 -1.0 -1.0 -1.0 -3.0 -3.0 0.0 -1.0 -3.0 -4.0 0.0 -3.0 -3.0 -3.0 -2.0 -2.0 0.0 -4.0 -3.0 0.0 -1.0 -4.0 -4.0 -2.0 -2.0 0.0 -3.0 -2.0 0.0 -4.0 -4.0 
-1.0 -4.0 -2.0 -2.0 -2.0 -4.0 -3.0 -1.0 -4.0 -4.0 0.0 -3.0 -3.0 0.0 -1.0 -4.0 -1.0 -4.0 -3.0 -3.0 0.0 -2.0 0.0 -4.0 -4.0 -3.0 -3.0 -3.0 0.0 -2.0 -1.0 0.0 -4.0 -4.0 -3.0 -1.0 0.0 -1.0 -4.0 -4.0 -2.0 -4.0 0.0 -4.0 0.0 0.0 -3.0 -1.0 0.0 -2.0 0.0 -2.0 -2.0 -4.0 -2.0 -3.0 0.0 -2.0 -3.0 -2.0 -4.0 239.0 -1.0 -4.0 -1.0 -2.0 0.0 -1.0 -4.0 -2.0 -3.0 -1.0 -4.0 0.0 -3.0 0.0 -1.0 -1.0 -2.0 -1.0 0.0 -1.0 -4.0 -2.0 -4.0 -3.0 0.0 0.0 -3.0 -4.0 -3.0 -1.0 -1.0 -1.0 0.0 -3.0 -2.0 -3.0 -2.0 0.0 -3.0 -3.0 -4.0 -3.0 -4.0 -4.0 -1.0 -2.0 0.0 -3.0 -4.0 0.0 -4.0 -2.0 -2.0 
-1.0 -4.0 -3.0 -3.0 -2.0 -3.0 0.0 -3.0 -4.0 0.0 -3.0 -1.0 -4.0 -4.0 -3.0 -2.0 -1.0 -2.0 -4.0 -2.0 -1.0 -2.0 -3.0 -2.0 -4.0 -3.0 -4.0 -4.0 0.0 0.0 0.0 0.0 -2.0 -1.0 -2.0 -2.0 0.0 0.0 -4.0 -2.0 -3.0 0.0 -2.0 -3.0 0.0 -4.0 -4.0 -3.0 -3.0 -3.0 -2.0 0.0 0.0 -4.0 -2.0 -1.0 -2.0 -2.0 0.0 0.0 -1.0 -3.0 236.0 0.0 -1.0 -3.0 -3.0 -3.0 -1.0 -4.0 0.0 0.0 -3.0 -4.0 -3.0 -4.0 -3.0 -3.0 -1.0 -1.0 0.0 0.0 -1.0 -2.0 -1.0 -4.0 -4.0 -3.0 -2.0 -1.0 -2.0 0.0 -2.0 -4.0 -2.0 -3.0 -2.0 -1.0 -3.0 -3.0 -3.0 -4.0 -3.0 0.0 -3.0 -3.0 -1.0 -3.0 -1.0 -2.0 -2.0 -2.0 0.0 -1.0 -4.0 
-2.0 0.0 -4.0 -1.0 0.0 -1.0 -2.0 -3.0 -2.0 -3.0 0.0 -3.0 0.0 -3.0 -3.0 0.0 -2.0 -4.0 -2.0 -4.0 -2.0 -2.0 -3.0 -4.0 -2.0 -3.0 -3.0 -3.0 0.0 -3.0 -3.0 -3.0 -1.0 -2.0 -2.0 -1.0 -3.0 -4.0 -3.0 0.0 -1.0 -3.0 -1.0 -2.0 -2.0 -4.0 -2.0 -4.0 -4.0 -1.0 -2.0 -4.0 -4.0 -2.0 -2.0 -4.0 -1.0 0.0 -4.0 -1.0 0.0 -4.0 0.0 234.0 -2.0 0.0 -2.0 -1.0 -4.0 -4.0 -2.0 0.0 0.0 -2.0 0.0 0.0 -2.0 -3.0 -2.0 -4.0 -3.0 0.0 -2.0 -4.0 0.0 -1.0 -3.0 0.0 0.0 -4.0 -1.0 0.0 -1.0 -3.0 0.0 -2.0 -4.0 0.0 -4.0 0.0 -3.0 -4.0 0.0 -2.0 -1.0 -4.0 -4.0 -4.0 -1.0 -3.0 -4.0 -1.0 0.0 -3.0 -2.0 
-1.0 -2.0 -3.0 -4.0 -3.0 -1.0 0.0 -3.0 -1.0 -4.0 -2.0 -2.0 -2.0 -2.0 -2.0 -1.0 -1.0 -3.0 -1.0 -3.0 -2.0 0.0 -1.0 0.0 -3.0 -4.0 0.0 -1.0 -3.0 -1.0 -4.0 -2.0 0.0 -4.0 0.0 0.0 -4.0 0.0 -3.0 -4.0 -4.0 -3.0 -2.0 -2.0 -2.0 -2.0 -4.0 0.0 -3.0 0.0 0.0 -3.0 -3.0 -1.0 -3.0 -3.0 -4.0 -4.0 0.0 -3.0 -2.0 -2.0 -1.0 0.0 234.0 -1.0 -1.0 -3.0 -2.0 -4.0 -1.0 -3.0 -2.0 -3.0 0.0 -3.0 -4.0 -4.0 -4.0 -1.0 -1.0 -1.0 -2.0 -2.0 0.0 -2.0 -4.0 -1.0 0.0 -2.0 0.0 0.0 -2.0 -3.0 -4.0 -2.0 0.0 -4.0 -1.0 -1.0 -3.0 -2.0 -4.0 -3.0 0.0 -2.0 -3.0 -2.0 -4.0 -3.0 -4.0 -3.0 -1.0 -2.0 -2.0 
0.0 -4.0 0.0 -1.0 -4.0 -2.0 -2.0 -2.0 -3.0 -2.0 -1.0 0.0 0.0 -2.0 -3.0 -3.0 -1.0 0.0 -1.0 -3.0 0.0 -2.0 -4.0 -2.0 -3.0 0.0 -1.0 -1.0 -3.0 -4.0 -2.0 -4.0 -1.0 -1.0 -1.0 -3.0 -3.0 0.0 -1.0 -1.0 -2.0 -4.0 -4.0 -4.0 0.0 -1.0 -4.0 0.0 -4.0 -3.0 0.0 0.0 -3.0 -1.0 0.0 0.0 -1.0 -4.0 -3.0 -1.0 -2.0 -2.0 -3.0 -2.0 -4.0 222.0 -3.0 -2.0 0.0 -4.0 -1.0 0.0 -2.0 -1.0 -3.0 -2.0 -3.0 -1.0 -3.0 0.0 -2.0 0.0 -2.0 -4.0 -1.0 -2.0 -4.0 -2.0 -4.0 -3.0 -2.0 0.0 -3.0 -1.0 -4.0 -1.0 -3.0 -3.0 -2.0 0.0 -1.0 -3.0 -4.0 -4.0 -4.0 -1.0 0.0 -2.0 -2.0 -1.0 -4.0 -3.0 0.0 -2.0 0.0 
-1.0 -2.0 -3.0 -3.0 -3.0 -4.0 -1.0 0.0 -1.0 -2.0 -2.0 -2.0 -1.0 -2.0 -2.0 0.0 0.0 -4.0 -3.0 -3.0 -1.0 -1.0 -1.0 -3.0 -4.0 -3.0 0.0 -3.0 -2.0 -1.0 0.0 -1.0 -1.0 -3.0 0.0 -1.0 0.0 -4.0 -2.0 -1.0 0.0 -1.0 0.0 -2.0 0.0 0.0 -2.0 -1.0 -3.0 -4.0 -1.0 -3.0 -1.0 -4.0 -1.0 -4.0 -2.0 0.0 0.0 -4.0 -4.0 -3.0 -1.0 0.0 -3.0 -3.0 221.0 -1.0 -3.0 -3.0 -4.0 0.0 -4.0 -3.0 -3.0 -2.0 -1.0 -2.0 0.0 -2.0 -4.0 0.0 -3.0 -3.0 -3.0 -3.0 -2.0 -2.0 -3.0 0.0 -4.0 -4.0 -2.0 0.0 -3.0 -2.0 0.0 -4.0 -3.0 -1.0 0.0 -2.0 -3.0 -2.0 -3.0 -2.0 -3.0 -4.0 0.0 -2.0 0.0 -2.0 -3.0 -2.0 -1.0 
-2.0 -3.0 -4.0 -4.0 -2.0 -3.0 -3.0 0.0 -4.0 -4.0 -3.0 0.0 -3.0 -3.0 -4.0 -4.0 -2.0 -1.0 -2.0 -3.0 -3.0 0.0 0.0 -3.0 -2.0 -1.0 0.0 0.0 -3.0 -4.0 -2.0 -3.0 -4.0 -4.0 -4.0 -1.0 -2.0 -3.0 -2.0 -3.0 0.0 -4.0 -1.0 -1.0 -3.0 -3.0 -4.0 -1.0 -1.0 0.0 -4.0 -2.0 -4.0 -3.0 -3.0 -2.0 -4.0 -2.0 -3.0 -3.0 -1.0 0.0 -2.0 0.0 0.0 -1.0 -2.0 252.0 -2.0 -3.0 0.0 -3.0 0.0 -3.0 0.0 -3.0 -1.0 -2.0 -1.0 -3.0 -1.0 -2.0 -1.0 -2.0 -1.0 -4.0 -4.0 -2.0 -1.0 -3.0 -2.0 -4.0 0.0 -4.0 0.0 -4.0 -1.0 -1.0 -3.0 -2.0 -3.0 -4.0 -2.0 -3.0 -3.0 -3.0 -3.0 -2.0 -3.0 -3.0 -3.0 0.0 -1.0 -4.0 0.0 
-3.0 -4.0 0.0 -3.0 -4.0 -2.0 -1.0 -1.0 -2.0 -1.0 -4.0 -1.0 -1.0 -2.0 0.0 0.0 -2.0 -2.0 0.0 -3.0 -1.0 -3.0 -1.0 0.0 0.0 -2.0 -1.0 -1.0 -1.0 0.0 -1.0 -3.0 -2.0 0.0 -4.0 -4.0 -3.0 -3.0 -4.0 -3.0 -1.0 -4.0 -4.0 -4.0 -2.0 0.0 -2.0 -4.0 0.0 -1.0 -2.0 -1.0 -1.0 -3.0 -4.0 0.0 -1.0 0.0 -3.0 0.0 -3.0 -1.0 -4.0 0.0 0.0 -3.0 -3.0 -1.0 215.0 -2.0 -3.0 -3.0 -2.0 -1.0 -3.0 -3.0 -4.0 -2.0 -3.0 -3.0 -3.0 0.0 -3.0 0.0 -4.0 0.0 -4.0 -2.0 -3.0 0.0 -3.0 -2.0 -2.0 -1.0 0.0 0.0 0.0 0.0 0.0 -4.0 0.0 -1.0 -1.0 -4.0 -1.0 -2.0 -1.0 -4.0 0.0 -2.0 -3.0 -1.0 -2.0 -4.0 -4.0 
-3.0 0.0 0.0 -3.0 -4.0 -4.0 -2.0 0.0 -3.0 -4.0 -1.0 0.0 -3.0 -2.0 -4.0 -2.0 -3.0 -1.0 -2.0 0.0 0.0 -3.0 -2.0 -1.0 -1.0 -4.0 -4.0 -2.0 -4.0 -4.0 0.0 -3.0 -3.0 -4.0 -4.0 -4.0 -1.0 0.0 -2.0 -4.0 -3.0 0.0 -1.0 -3.0 -3.0 -3.0 -2.0 -1.0 -2.0 -3.0 -3.0 -3.0 -2.0 -2.0 -1.0 -2.0 -3.0 -2.0 -3.0 -1.0 -2.0 -3.0 -4.0 -4.0 0.0 -4.0 -2.0 -4.0 -1.0 256.0 -3.0 -4.0 0.0 -1.0 -3.0 -4.0 -4.0 -4.0 -1.0 0.0 -2.0 -3.0 -1.0 -4.0 -2.0 -3.0 -1.0 -3.0 -3.0 0.0 -1.0 -1.0 -3.0 -3.0 -1.0 -2.0 -2.0 -3.0 -4.0 -2.0 0.0 -3.0 -2.0 -1.0 -2.0 -1.0 -4.0 -4.0 0.0 -2.0 -2.0 -2.0 -1.0 -3.0 -3.0 
-2.0 -3.0 -4.0 0.0 -3.0 -2.0 -2.0 -1.0 -1.0 -4.0 0.0 -2.0 -2.0 -3.0 -4.0 -2.0 -4.0 0.0 -2.0 -1.0 -2.0 -4.0 -3.0 -2.0 -3.0 -1.0 -4.0 0.0 -2.0 0.0 -2.0 -3.0 0.0 -2.0 -2.0 -3.0 -2.0 -3.0 -2.0 -2.0 -2.0 -1.0 -2.0 -1.0 0.0 -2.0 -3.0 -1.0 0.0 -1.0 -2.0 -1.0 0.0 0.0 -1.0 -3.0 -3.0 -3.0 -4.0 -3.0 -4.0 0.0 -2.0 -2.0 0.0 -3.0 0.0 -2.0 -3.0 0.0 224.0 -3.0 -1.0 -2.0 -3.0 -2.0 0.0 -3.0 -2.0 0.0 -3.0 -1.0 -1.0 -2.0 -4.0 -2.0 -3.0 -2.0 -3.0 -1.0 -3.0 -4.0 -4.0 -1.0 -3.0 -2.0 0.0 -1.0 -3.0 -4.0 -3.0 -4.0 -2.0 -2.0 0.0 -2.0 -1.0 0.0 -1.0 0.0 -4.0 -1.0 -1.0 -3.0 -4.0 
-4.0 -2.0 -1.0 -1.0 -4.0 -2.0 -4.0 -2.0 -3.0 0.0 0.0 -1.0 -2.0 -2.0 -3.0 -3.0 -1.0 -1.0 -4.0 -1.0 -2.0 -2.0 -1.0 -1.0 -4.0 -2.0 -2.0 -3.0 -1.0 -2.0 -1.0 0.0 -2.0 -4.0 -3.0 -4.0 0.0 -4.0 -2.0 -4.0 -2.0 -1.0 0.0 -3.0 -3.0 -1.0 0.0 -4.0 -2.0 -2.0 -3.0 -4.0 -2.0 -3.0 -3.0 -4.0 -2.0 -1.0 -1.0 -1.0 -1.0 -1.0 -2.0 -4.0 -3.0 -1.0 -3.0 -3.0 -2.0 -3.0 -3.0 244.0 -1.0 -4.0 -2.0 0.0 0.0 -2.0 -1.0 -2.0 0.0 -4.0 -3.0 -2.0 -4.0 -3.0 -2.0 -4.0 -3.0 -4.0 -1.0 -3.0 -2.0 -1.0 -3.0 -1.0 -4.0 0.0 -4.0 -3.0 0.0 -3.0 0.0 -2.0 -3.0 -4.0 -2.0 -4.0 -2.0 0.0 -4.0 -1.0 -2.0 0.0 -1.0 
-1.0 -3.0 -1.0 0.0 -4.0 -1.0 -1.0 -1.0 0.0 -3.0 -3.0 -2.0 0.0 -3.0 -3.0 -1.0 0.0 -3.0 -1.0 -1.0 -3.0 -4.0 -4.0 -1.0 0.0 -2.0 0.0 -3.0 -2.0 -3.0 -4.0 -3.0 -1.0 -2.0 -2.0 -3.0 -2.0 -1.0 -1.0 0.0 -3.0 -2.0 0.0 -2.0 -1.0 -2.0 -4.0 -1.0 -2.0 -4.0 -1.0 -4.0 -3.0 -2.0 -4.0 -3.0 -2.0 -2.0 -1.0 -2.0 -3.0 -3.0 -3.0 -1.0 -2.0 0.0 -3.0 -2.0 -2.0 -3.0 0.0 -2.0 237.0 0.0 -1.0 -4.0 -2.0 -4.0 -3.0 -3.0 -2.0 -3.0 -3.0 -2.0 -2.0 -3.0 -1.0 0.0 -3.0 -2.0 -1.0 -2.0 -4.0 -3.0 -3.0 -4.0 -4.0 -3.0 -1.0 -2.0 -2.0 -3.0 -3.0 -4.0 -4.0 -3.0 0.0 -2.0 -2.0 0.0 -2.0 -1.0 -2.0 -2.0 0.0 
-2.0 -4.0 -3.0 -3.0 -1.0 -1.0 -3.0 -1.0 -1.0 -4.0 -4.0 -3.0 -2.0 -2.0 -4.0 -1.0 -1.0 -1.0 -3.0 -2.0 -3.0 0.0 -3.0 -2.0 -2.0 0.0 -4.0 -4.0 -4.0 -1.0 0.0 -1.0 -2.0 -3.0 -2.0 0.0 -4.0 -1.0 -2.0 -4.0 -4.0 0.0 0.0 -2.0 0.0 -4.0 -1.0 -1.0 -4.0 -3.0 -1.0 0.0 -1.0 0.0 -3.0 -4.0 -2.0 -1.0 -3.0 -2.0 -3.0 -1.0 0.0 0.0 -1.0 -2.0 -1.0 -1.0 -2.0 -2.0 -1.0 0.0 -3.0 219.0 -2.0 -1.0 -4.0 -1.0 -3.0 -3.0 -2.0 -4.0 0.0 -4.0 0.0 -4.0 -3.0 -1.0 -3.0 0.0 0.0 0.0 0.0 -3.0 -2.0 -4.0 0.0 -2.0 -4.0 -1.0 -1.0 -2.0 -4.0 0.0 -4.0 -1.0 -1.0 -3.0 -3.0 0.0 -4.0 -1.0 0.0 -3.0 0.0 
-3.0 -4.0 0.0 -2.0 -1.0 -3.0 -4.0 -1.0 -2.0 -2.0 -3.0 -2.0 -3.0 0.0 -3.0 -2.0 -3.0 -4.0 -1.0 -3.0 -3.0 -2.0 -4.0 -2.0 -4.0 -1.0 0.0 -4.0 -2.0 -3.0 -2.0 -3.0 -1.0 0.0 -3.0 -4.0 -3.0 -2.0 0.0 -4.0 -4.0 -4.0 0.0 0.0 -2.0 -1.0 0.0 0.0 -2.0 -2.0 -3.0 -4.0 0.0 -1.0 0.0 -1.0 -3.0 -2.0 -1.0 -4.0 -2.0 -1.0 -4.0 -2.0 -2.0 -2.0 -4.0 -3.0 -4.0 -3.0 -1.0 -1.0 -3.0 -4.0 245.0 -1.0 -4.0 -3.0 -1.0 0.0 -3.0 -2.0 -3.0 0.0 -2.0 -2.0 -1.0 0.0 -3.0 -4.0 -1.0 -1.0 0.0 -1.0 -4.0 0.0 -1.0 -3.0 0.0 0.0 -3.0 -4.0 -1.0 -4.0 -4.0 -4.0 -2.0 -3.0 -4.0 -1.0 0.0 -4.0 -4.0 0.0 -4.0 
-4.0 -3.0 0.0 -4.0 -1.0 -4.0 -4.0 -1.0 0.0 -2.0 0.0 -2.0 -1.0 -3.0 -2.0 -2.0 0.0 -3.0 -3.0 -4.0 0.0 -2.0 -2.0 0.0 -4.0 -4.0 -2.0 -1.0 -4.0 -3.0 -4.0 -1.0 -3.0 -4.0 -2.0 -3.0 -4.0 -4.0 0.0 -4.0 -3.0 -1.0 -1.0 -3.0 0.0 -3.0 -4.0 0.0 -1.0 -2.0 -2.0 0.0 -1.0 -3.0 -4.0 -1.0 -4.0 -2.0 -3.0 -1.0 -4.0 -1.0 -3.0 -2.0 -2.0 -1.0 -4.0 0.0 -4.0 0.0 -2.0 -3.0 -4.0 -4.0 -4.0 255.0 -4.0 -4.0 0.0 -4.0 -1.0 -1.0 0.0 0.0 -2.0 -4.0 -2.0 -4.0 -1.0 -3.0 -2.0 -2.0 -1.0 -3.0 -2.0 0.0 -2.0 -1.0 -3.0 -2.0 -3.0 -3.0 0.0 -3.0 -2.0 -1.0 -4.0 -3.0 0.0 -4.0 -4.0 -2.0 -3.0 -2.0 -2.0 
-4.0 -3.0 -2.0 -3.0 -1.0 -3.0 0.0 -2.0 -1.0 -3.0 -3.0 0.0 -2.0 -2.0 -4.0 0.0 -3.0 -2.0 -1.0 -1.0 -2.0 -2.0 -1.0 -1.0 -4.0 -4.0 -2.0 0.0 0.0 -3.0 -2.0 -1.0 -3.0 -3.0 -2.0 -2.0 -1.0 -1.0 -3.0 -2.0 -1.0 -3.0 -4.0 -1.0 -4.0 -2.0 0.0 -4.0 0.0 -3.0 -4.0 0.0 -1.0 -1.0 -2.0 -2.0 0.0 0.0 -3.0 -3.0 -4.0 0.0 0.0 -4.0 -4.0 0.0 -2.0 -1.0 -4.0 -2.0 -4.0 -4.0 -4.0 -1.0 -4.0 -2.0 224.0 -1.0 0.0 -2.0 0.0 -1.0 -3.0 -4.0 -2.0 -3.0 -1.0 -1.0 0.0 -2.0 -3.0 0.0 -2.0 -1.0 -2.0 0.0 0.0 -3.0 -2.0 -3.0 -1.0 -1.0 -3.0 -2.0 -4.0 -4.0 -1.0 -3.0 -1.0 -1.0 -1.0 -3.0 -2.0 -1.0 -3.0 
-4.0 0.0 -3.0 -3.0 -4.0 -4.0 0.0 -2.0 -2.0 -4.0 -1.0 -1.0 0.0 -4.0 -4.0 -3.0 -2.0 -1.0 -2.0 -1.0 -2.0 -2.0 -1.0 -2.0 0.0 -3.0 -2.0 -1.0 -3.0 -2.0 0.0 -1.0 0.0 -2.0 0.0 -2.0 -3.0 -3.0 -4.0 -4.0 0.0 -4.0 -2.0 -4.0 -4.0 -2.0 -4.0 0.0 -4.0 -3.0 0.0 -4.0 -1.0 -4.0 -1.0 -3.0 -1.0 -4.0 -3.0 -2.0 -3.0 -4.0 0.0 -3.0 0.0 -3.0 -1.0 0.0 -3.0 -1.0 -3.0 0.0 -3.0 0.0 -4.0 -4.0 0.0 228.0 -2.0 -4.0 -1.0 0.0 0.0 -3.0 0.0 -3.0 0.0 0.0 -4.0 -2.0 -1.0 -4.0 -3.0 0.0 -3.0 -2.0 -1.0 -4.0 -1.0 -3.0 -1.0 -3.0 -2.0 -2.0 -2.0 -1.0 -4.0 0.0 0.0 0.0 -3.0 -1.0 -1.0 0.0 -3.0 
-2.0 0.0 -2.0 -3.0 0.0 -2.0 -1.0 -3.0 0.0 -4.0 -2.0 -3.0 -1.0 0.0 -3.0 -3.0 -2.0 -2.0 -3.0 0.0 0.0 -2.0 -1.0 -4.0 -1.0 -4.0 -2.0 0.0 -3.0 -2.0 -3.0 -2.0 -4.0 -4.0 -4.0 0.0 -1.0 -3.0 -4.0 0.0 -2.0 -3.0 -2.0 -2.0 -3.0 -1.0 -3.0 -1.0 -4.0 0.0 -1.0 -4.0 -4.0 0.0 -1.0 0.0 -2.0 0.0 -2.0 -1.0 -2.0 -1.0 -3.0 -3.0 -4.0 -2.0 -3.0 -3.0 0.0 -2.0 -2.0 -1.0 -3.0 -4.0 0.0 -4.0 -2.0 -2.0 238.0 0.0 -4.0 -2.0 -3.0 -3.0 0.0 0.0 -2.0 -4.0 -4.0 -1.0 -2.0 -3.0 -4.0 0.0 -1.0 -4.0 0.0 -4.0 -3.0 -2.0 -1.0 -2.0 0.0 -2.0 -4.0 -1.0 -4.0 -3.0 -4.0 -1.0 -3.0 -3.0 -3.0 -3.0 -1.0 
-4.0 -3.0 -3.0 -4.0 -2.0 -2.0 -2.0 -1.0 -2.0 -1.0 -3.0 -3.0 -4.0 -1.0 -3.0 -3.0 -2.0 0.0 -2.0 -2.0 -4.0 -1.0 -1.0 0.0 -3.0 -4.0 -1.0 -3.0 -2.0 -1.0 -2.0 -1.0 -2.0 -1.0 -1.0 0.0 -3.0 -4.0 -1.0 -3.0 -3.0 -4.0 0.0 -3.0 -2.0 0.0 -1.0 -3.0 -1.0 -2.0 -4.0 -4.0 -2.0 -4.0 -3.0 0.0 0.0 -1.0 0.0 0.0 -3.0 -3.0 -2.0 0.0 -2.0 -4.0 -4.0 -4.0 -1.0 0.0 0.0 -2.0 -2.0 -3.0 -2.0 -1.0 -3.0 -4.0 -4.0 235.0 -3.0 -3.0 0.0 0.0 0.0 -2.0 0.0 0.0 -1.0 -2.0 -3.0 -4.0 -3.0 -4.0 -3.0 -4.0 -2.0 -4.0 0.0 0.0 -1.0 -1.0 -4.0 -1.0 -4.0 -3.0 -4.0 -3.0 -2.0 0.0 -2.0 0.0 -3.0 0.0 -3.0 
0.0 -1.0 -3.0 -2.0 -2.0 -2.0 -3.0 -2.0 -2.0 -1.0 -4.0 -3.0 0.0 -3.0 -1.0 -2.0 0.0 -3.0 0.0 -2.0 0.0 -2.0 0.0 -2.0 -3.0 -1.0 -1.0 -2.0 -1.0 -2.0 -2.0 0.0 0.0 -3.0 -4.0 0.0 0.0 0.0 -1.0 -3.0 -1.0 -2.0 -3.0 -4.0 0.0 -1.0 -1.0 -2.0 0.0 -3.0 0.0 -4.0 -1.0 0.0 -2.0 -1.0 -2.0 0.0 0.0 -3.0 -1.0 -3.0 -3.0 -4.0 -4.0 -4.0 -1.0 0.0 0.0 -3.0 -2.0 0.0 -1.0 -2.0 -2.0 -3.0 -2.0 -2.0 0.0 -2.0 199.0 -1.0 -1.0 -3.0 -1.0 0.0 -1.0 0.0 -3.0 -3.0 0.0 -3.0 0.0 0.0 -3.0 -4.0 -3.0 -2.0 0.0 -4.0 -1.0 -1.0 -1.0 -4.0 -1.0 -4.0 -4.0 -3.0 -3.0 -4.0 0.0 -2.0 -4.0 0.0 -3.0 
-3.0 -4.0 -3.0 -3.0 -4.0 0.0 -4.0 -3.0 0.0 -1.0 0.0 0.0 -3.0 -1.0 -3.0 0.0 0.0 0.0 -2.0 0.0 -4.0 -4.0 -1.0 -2.0 -4.0 -1.0 -1.0 -1.0 -3.0 0.0 -1.0 -3.0 0.0 0.0 0.0 0.0 -3.0 0.0 -2.0 -3.0 -1.0 -1.0 -2.0 -1.0 0.0 -4.0 0.0 -1.0 -4.0 0.0 -2.0 -3.0 -1.0 0.0 -4.0 -3.0 -2.0 -4.0 0.0 -3.0 -3.0 -4.0 -4.0 -3.0 -3.0 -1.0 0.0 -4.0 -4.0 -4.0 -3.0 -1.0 -1.0 0.0 -1.0 -1.0 -3.0 -4.0 -2.0 -1.0 -3.0 220.0 -4.0 -2.0 -4.0 -3.0 -4.0 -1.0 -4.0 0.0 -1.0 -2.0 -1.0 -4.0 -2.0 -4.0 -4.0 -1.0 -2.0 -3.0 -2.0 -1.0 0.0 0.0 0.0 -2.0 -3.0 -3.0 0.0 0.0 -4.0 -3.0 0.0 -1.0 -2.0 
-2.0 -3.0 -4.0 0.0 0.0 -1.0 0.0 -3.0 -1.0 -1.0 -4.0 -3.0 -1.0 -1.0 -2.0 -1.0 -1.0 -1.0 -4.0 -1.0 -3.0 -1.0 -2.0 -1.0 -3.0 -2.0 -2.0 -4.0 -2.0 0.0 -3.0 -1.0 -2.0 -1.0 0.0 0.0 -4.0 -1.0 -3.0 0.0 0.0 -4.0 0.0 -3.0 -4.0 0.0 -3.0 -1.0 -3.0 -3.0 -3.0 -1.0 -1.0 0.0 -2.0 -1.0 -3.0 0.0 -4.0 -2.0 -4.0 0.0 0.0 -2.0 0.0 -1.0 0.0 -4.0 -4.0 -4.0 -1.0 -1.0 -3.0 -1.0 -3.0 -3.0 -1.0 -3.0 -3.0 -1.0 0.0 -3.0 220.0 -1.0 -2.0 -4.0 -2.0 -2.0 -3.0 0.0 0.0 -2.0 -1.0 -3.0 -4.0 -1.0 -2.0 -2.0 -1.0 -3.0 -2.0 -1.0 0.0 -4.0 -3.0 -4.0 -1.0 -3.0 -2.0 -3.0 -4.0 -4.0 -3.0 -3.0 -1.0 
0.0 0.0 0.0 -2.0 -2.0 -2.0 0.0 -4.0 -1.0 -4.0 -1.0 -3.0 -2.0 -3.0 -4.0 -2.0 -3.0 -1.0 -4.0 -1.0 0.0 -1.0 -2.0 -2.0 -4.0 -2.0 0.0 -3.0 0.0 -1.0 -1.0 -3.0 -1.0 -3.0 -2.0 -3.0 -2.0 -3.0 -4.0 -1.0 -1.0 -2.0 -1.0 -4.0 -3.0 -3.0 -1.0 -1.0 -1.0 -3.0 0.0 -4.0 -1.0 -1.0 -2.0 -2.0 0.0 -1.0 -2.0 -3.0 -2.0 -3.0 -3.0 -1.0 -2.0 -4.0 -3.0 -3.0 -3.0 -1.0 -2.0 -4.0 -1.0 -4.0 -4.0 -2.0 0.0 -3.0 0.0 -1.0 -3.0 -1.0 0.0 225.0 -1.0 -1.0 -3.0 -1.0 -1.0 -4.0 -4.0 -2.0 -1.0 -4.0 -1.0 -2.0 -3.0 -3.0 -1.0 -4.0 -3.0 -3.0 0.0 -4.0 -4.0 -1.0 -3.0 0.0 0.0 -4.0 0.0 -1.0 -1.0 -1.0 -1.0 
0.0 0.0 -1.0 -1.0 -3.0 -1.0 -2.0 -1.0 -2.0 -2.0 0.0 -1.0 -2.0 -3.0 -1.0 -1.0 -4.0 -1.0 -2.0 -1.0 0.0 -2.0 -1.0 -4.0 -1.0 -4.0 -3.0 -2.0 -4.0 -1.0 -3.0 0.0 0.0 -3.0 -3.0 -3.0 -4.0 -2.0 -4.0 -3.0 -4.0 -3.0 -3.0 0.0 -4.0 -4.0 -4.0 -3.0 0.0 -3.0 -2.0 -1.0 -4.0 -3.0 -4.0 -3.0 -3.0 -2.0 -2.0 -3.0 -2.0 0.0 0.0 -1.0 -1.0 -2.0 -1.0 -2.0 -3.0 -1.0 -2.0 0.0 -2.0 -2.0 -3.0 -1.0 0.0 -2.0 -3.0 0.0 0.0 -2.0 -1.0 -1.0 236.0 -3.0 -4.0 -3.0 -4.0 -4.0 -2.0 -3.0 -4.0 -3.0 -3.0 0.0 -1.0 -3.0 0.0 -3.0 -4.0 -2.0 -2.0 -1.0 -3.0 -3.0 -3.0 0.0 0.0 -3.0 -1.0 -4.0 -4.0 -3.0 0.0 
-2.0 -4.0 -3.0 -3.0 -1.0 -3.0 -2.0 -3.0 -1.0 -2.0 0.0 0.0 -2.0 -2.0 -1.0 -3.0 -2.0 -2.0 -1.0 -2.0 0.0 -3.0 -4.0 -2.0 -1.0 0.0 -4.0 -2.0 -3.0 -2.0 -1.0 -2.0 -4.0 -2.0 -3.0 -2.0 -1.0 -1.0 -1.0 -4.0 0.0 -4.0 0.0 -2.0 -2.0 0.0 -2.0 -1.0 -4.0 0.0 -1.0 -3.0 0.0 -4.0 -2.0 -1.0 -1.0 -3.0 -1.0 -1.0 0.0 -2.0 -2.0 -2.0 -3.0 -4.0 -4.0 -1.0 -3.0 -4.0 -3.0 -3.0 -2.0 0.0 0.0 -4.0 -4.0 -3.0 0.0 -2.0 -4.0 0.0 -4.0 -2.0 0.0 229.0 0.0 -3.0 0.0 -4.0 -3.0 -4.0 -2.0 0.0 -4.0 -2.0 -4.0 -4.0 -1.0 -1.0 -3.0 -4.0 -3.0 -2.0 -1.0 -4.0 0.0 0.0 0.0 -4.0 0.0 -3.0 -3.0 -1.0 0.0 
-2.0 -3.0 -2.0 0.0 -1.0 0.0 -3.0 -2.0 -1.0 -4.0 -2.0 -3.0 -3.0 -1.0 -2.0 -2.0 -1.0 -3.0 0.0 -1.0 -4.0 -3.0 0.0 -3.0 -3.0 -2.0 -4.0 -3.0 0.0 -4.0 -1.0 -2.0 -4.0 -1.0 -1.0 -1.0 -2.0 0.0 -4.0 0.0 0.0 -4.0 -3.0 -4.0 -4.0 -4.0 -3.0 0.0 -3.0 -3.0 -4.0 -4.0 -2.0 -4.0 0.0 -4.0 -2.0 -4.0 0.0 0.0 -4.0 -1.0 -4.0 -3.0 -4.0 -2.0 -2.0 -4.0 -3.0 -2.0 -4.0 -3.0 -1.0 -1.0 -3.0 0.0 -1.0 -1.0 -3.0 -2.0 -3.0 0.0 0.0 -3.0 -3.0 -2.0 237.0 0.0 -2.0 -2.0 -1.0 -4.0 -4.0 0.0 0.0 -1.0 -3.0 -4.0 0.0 0.0 -2.0 -2.0 0.0 -3.0 -1.0 0.0 -2.0 0.0 -4.0 -4.0 0.0 -3.0 -3.0 -1.0 -2.0 
-1.0 -3.0 -4.0 -1.0 -3.0 -3.0 -4.0 -1.0 -4.0 0.0 0.0 -2.0 0.0 -4.0 -2.0 -3.0 -3.0 -4.0 -2.0 0.0 -1.0 0.0 -4.0 -1.0 0.0 -3.0 -1.0 -1.0 -3.0 -1.0 -3.0 -2.0 0.0 -4.0 -2.0 -3.0 -4.0 -3.0 -2.0 -3.0 -1.0 -1.0 -2.0 -4.0 -1.0 0.0 0.0 0.0 -3.0 -3.0 -3.0 -1.0 -1.0 -2.0 -1.0 -4.0 0.0 -4.0 -4.0 -4.0 0.0 0.0 -3.0 -1.0 -2.0 0.0 -1.0 -4.0 -1.0 0.0 -4.0 0.0 -4.0 0.0 -4.0 -2.0 0.0 0.0 -1.0 0.0 -2.0 0.0 -1.0 -2.0 -4.0 -3.0 0.0 204.0 -3.0 0.0 -2.0 -4.0 -3.0 0.0 -4.0 0.0 -3.0 0.0 0.0 0.0 -1.0 0.0 -4.0 -1.0 -1.0 -1.0 -4.0 0.0 0.0 -2.0 -4.0 -2.0 0.0 -1.0 -1.0 
-4.0 0.0 -3.0 -3.0 -2.0 -3.0 -3.0 -1.0 -2.0 -2.0 -1.0 0.0 0.0 -4.0 0.0 0.0 0.0 -4.0 -4.0 0.0 -3.0 -3.0 -1.0 -3.0 -3.0 -3.0 -3.0 -1.0 0.0 0.0 0.0 -4.0 0.0 -2.0 0.0 -2.0 0.0 -2.0 -3.0 -2.0 -1.0 -1.0 -1.0 -4.0 -2.0 -1.0 -4.0 -2.0 -4.0 -1.0 -3.0 0.0 -2.0 0.0 0.0 -3.0 -1.0 -3.0 0.0 -4.0 -3.0 -2.0 -3.0 -4.0 -3.0 -2.0 -4.0 -3.0 -2.0 -1.0 -1.0 0.0 -2.0 -2.0 -1.0 0.0 0.0 -3.0 -4.0 0.0 0.0 -4.0 -4.0 -3.0 -2.0 -1.0 -4.0 -3.0 231.0 -3.0 -4.0 0.0 -4.0 -3.0 -3.0 -1.0 -2.0 -2.0 -3.0 -4.0 0.0 -2.0 -2.0 -4.0 -3.0 -2.0 -4.0 -4.0 -3.0 -1.0 -1.0 -3.0 -1.0 -3.0 0.0 
-1.0 -2.0 -3.0 0.0 -1.0 -1.0 -4.0 -1.0 -1.0 -4.0 -2.0 -4.0 0.0 -2.0 -3.0 -1.0 -2.0 0.0 -3.0 -4.0 -4.0 -4.0 -3.0 0.0 -1.0 0.0 -1.0 0.0 -2.0 -2.0 -2.0 -4.0 -3.0 -2.0 0.0 -1.0 -4.0 -1.0 -2.0 -3.0 -1.0 0.0 -1.0 -1.0 0.0 -3.0 -3.0 -4.0 -4.0 -2.0 -4.0 -3.0 -3.0 -4.0 0.0 -2.0 -4.0 -2.0 -1.0 -4.0 -3.0 0.0 -4.0 -1.0 -2.0 0.0 -2.0 -3.0 -2.0 -2.0 -2.0 -4.0 -3.0 -1.0 -3.0 -1.0 0.0 -1.0 -2.0 -3.0 -2.0 -2.0 -4.0 0.0 -1.0 -4.0 -4.0 -3.0 -1.0 221.0 0.0 0.0 -2.0 -1.0 -1.0 -1.0 -2.0 -2.0 -2.0 -1.0 0.0 -1.0 0.0 -2.0 -1.0 -3.0 -3.0 -2.0 -2.0 -3.0 -4.0 0.0 0.0 0.0 -4.0 
-1.0 -3.0 -2.0 -1.0 0.0 -1.0 -3.0 -3.0 -4.0 -2.0 -2.0 0.0 -1.0 -2.0 -2.0 0.0 -1.0 0.0 -4.0 -2.0 -1.0 -4.0 -3.0 -4.0 -2.0 0.0 -2.0 -1.0 -1.0 -1.0 -1.0 0.0 -4.0 -1.0 0.0 0.0 0.0 0.0 -1.0 -4.0 0.0 -4.0 -2.0 -1.0 -1.0 0.0 0.0 -1.0 -1.0 -4.0 -1.0 -1.0 -1.0 -3.0 -2.0 -1.0 -1.0 -3.0 -1.0 -4.0 -1.0 -2.0 -3.0 -3.0 0.0 0.0 -4.0 0.0 -3.0 0.0 -1.0 -1.0 0.0 -4.0 0.0 -1.0 -1.0 -1.0 0.0 -3.0 0.0 -2.0 -1.0 0.0 -4.0 -3.0 0.0 -2.0 -2.0 -2.0 187.0 -4.0 -3.0 -1.0 -2.0 -1.0 -2.0 0.0 0.0 -4.0 -2.0 -2.0 0.0 -3.0 -1.0 -4.0 -4.0 0.0 0.0 0.0 -1.0 -4.0 -2.0 -4.0 -3.0 
-1.0 -1.0 -4.0 -4.0 -4.0 0.0 -1.0 -2.0 -3.0 -4.0 -2.0 -3.0 0.0 -1.0 -2.0 -4.0 -4.0 -4.0 0.0 -4.0 -4.0 -2.0 -2.0 -3.0 -4.0 -2.0 -2.0 -4.0 -4.0 -4.0 0.0 -4.0 0.0 0.0 -1.0 -4.0 -1.0 -2.0 -3.0 0.0 -4.0 -3.0 -3.0 -1.0 -2.0 -1.0 -1.0 -4.0 -3.0 -2.0 -1.0 -1.0 -2.0 -2.0 -4.0 0.0 -4.0 -1.0 -3.0 -2.0 -4.0 -3.0 -1.0 -1.0 -1.0 0.0 0.0 -1.0 -2.0 -2.0 -2.0 -3.0 -1.0 0.0 -2.0 -2.0 -1.0 -1.0 -4.0 -4.0 -3.0 -4.0 -4.0 0.0 0.0 -3.0 0.0 -4.0 -1.0 -4.0 -2.0 238.0 -2.0 -4.0 0.0 -2.0 0.0 -1.0 -4.0 0.0 -1.0 0.0 0.0 -1.0 0.0 -3.0 -4.0 -4.0 -3.0 -1.0 -1.0 -4.0 -1.0 -3.0 -1.0 
-2.0 -3.0 -1.0 0.0 -2.0 0.0 -1.0 -2.0 0.0 0.0 0.0 -3.0 -3.0 0.0 -4.0 -2.0 -4.0 -2.0 -4.0 -3.0 -4.0 -2.0 -3.0 -4.0 0.0 -3.0 -1.0 0.0 -3.0 -3.0 0.0 -1.0 -2.0 -1.0 -3.0 -3.0 -3.0 -2.0 0.0 -1.0 -2.0 -4.0 -1.0 -2.0 -2.0 0.0 -1.0 0.0 -3.0 -2.0 0.0 -1.0 -4.0 -4.0 -2.0 -3.0 -4.0 0.0 -1.0 -1.0 0.0 -2.0 -2.0 0.0 -2.0 -1.0 -1.0 -2.0 -1.0 -3.0 -3.0 -1.0 -4.0 -3.0 -3.0 0.0 -1.0 -4.0 0.0 -3.0 -3.0 -3.0 -4.0 0.0 -3.0 -4.0 -1.0 -2.0 -4.0 0.0 -3.0 -2.0 218.0 -2.0 -1.0 -1.0 -3.0 -2.0 -2.0 0.0 -4.0 -2.0 -2.0 -1.0 0.0 -4.0 -2.0 -1.0 -3.0 -3.0 -2.0 0.0 -3.0 -1.0 -2.0 
0.0 -4.0 -4.0 -2.0 -2.0 -1.0 0.0 -2.0 -2.0 -4.0 -4.0 -2.0 -3.0 -3.0 -1.0 -3.0 -3.0 0.0 -2.0 -3.0 0.0 -3.0 0.0 -4.0 -4.0 0.0 -2.0 -4.0 -1.0 -4.0 0.0 -1.0 -2.0 0.0 0.0 -3.0 -1.0 -4.0 -1.0 -1.0 -3.0 -2.0 -1.0 0.0 -4.0 -1.0 0.0 -4.0 0.0 -4.0 -1.0 -1.0 -2.0 -4.0 -1.0 0.0 -1.0 0.0 0.0 -4.0 -4.0 -2.0 -2.0 -4.0 -2.0 -3.0 -4.0 -1.0 -1.0 -1.0 -3.0 0.0 -4.0 -2.0 0.0 0.0 -3.0 0.0 -2.0 -4.0 -4.0 -1.0 -2.0 -1.0 -2.0 -2.0 0.0 -3.0 -1.0 -4.0 -3.0 -2.0 -4.0 223.0 -1.0 -3.0 0.0 0.0 -1.0 -1.0 -4.0 0.0 -2.0 0.0 -3.0 -4.0 -2.0 0.0 -4.0 -3.0 -3.0 -3.0 -3.0 -2.0 0.0 
0.0 -2.0 -4.0 -3.0 -1.0 -4.0 -3.0 0.0 -3.0 -3.0 -2.0 -4.0 -3.0 -1.0 -1.0 -1.0 0.0 0.0 -3.0 -2.0 -2.0 -4.0 -1.0 -3.0 0.0 -2.0 -1.0 -2.0 -1.0 0.0 -2.0 0.0 -3.0 -1.0 0.0 0.0 0.0 -3.0 -1.0 -2.0 0.0 -4.0 0.0 0.0 -3.0 -4.0 -4.0 -2.0 -2.0 -1.0 -1.0 -3.0 0.0 -1.0 0.0 -2.0 -3.0 -4.0 -2.0 -3.0 -4.0 -3.0 -4.0 -3.0 -1.0 -4.0 -2.0 -3.0 -3.0 -2.0 0.0 0.0 0.0 0.0 -4.0 -2.0 -4.0 -4.0 0.0 -3.0 0.0 -4.0 -2.0 -2.0 -3.0 -1.0 0.0 0.0 0.0 -4.0 -1.0 0.0 -4.0 -2.0 213.0 -1.0 -3.0 -4.0 -3.0 -2.0 -1.0 -1.0 -2.0 -3.0 -2.0 -1.0 -3.0 -4.0 -4.0 0.0 0.0 -2.0 -1.0 0.0 0.0 
0.0 -2.0 -3.0 0.0 -3.0 -3.0 -4.0 -4.0 -3.0 0.0 0.0 0.0 -3.0 -1.0 -1.0 -2.0 0.0 -3.0 -3.0 -2.0 -1.0 -1.0 -4.0 -1.0 -1.0 -2.0 -3.0 -2.0 -2.0 -1.0 -4.0 -1.0 -1.0 -2.0 -2.0 -3.0 -2.0 -4.0 0.0 -4.0 0.0 -2.0 -4.0 -3.0 -3.0 -1.0 -2.0 -3.0 -1.0 -1.0 -4.0 -1.0 0.0 -1.0 -3.0 0.0 0.0 -1.0 -3.0 -3.0 -1.0 -1.0 -4.0 -2.0 -3.0 -4.0 -3.0 -4.0 -3.0 -4.0 -4.0 -2.0 -2.0 -3.0 -4.0 -1.0 -3.0 -2.0 -2.0 -3.0 0.0 0.0 -4.0 -4.0 0.0 -2.0 -1.0 -1.0 -1.0 -2.0 0.0 -1.0 0.0 -2.0 -1.0 228.0 -1.0 -3.0 -1.0 -2.0 0.0 0.0 -2.0 -3.0 -2.0 -4.0 -4.0 0.0 -3.0 -2.0 -4.0 -2.0 -2.0 -2.0 -3.0 
-1.0 -4.0 -3.0 -2.0 -2.0 -3.0 -1.0 -2.0 -3.0 0.0 -2.0 0.0 -2.0 -2.0 -3.0 0.0 0.0 -3.0 0.0 0.0 0.0 -3.0 -3.0 -1.0 -1.0 -4.0 -2.0 0.0 -4.0 -2.0 -3.0 0.0 -2.0 0.0 -1.0 -1.0 -1.0 -1.0 -3.0 -3.0 -1.0 -3.0 -3.0 -4.0 -4.0 0.0 -1.0 -2.0 -3.0 -2.0 0.0 -2.0 0.0 -4.0 -1.0 -3.0 0.0 0.0 0.0 -4.0 -1.0 -2.0 -2.0 -3.0 -1.0 -3.0 -4.0 -1.0 0.0 -2.0 -3.0 -1.0 -1.0 -1.0 -3.0 -1.0 -4.0 -1.0 -4.0 -2.0 -2.0 -1.0 -3.0 -4.0 -2.0 -2.0 -1.0 -3.0 -2.0 -3.0 -1.0 -4.0 -4.0 -3.0 -2.0 0.0 222.0 -2.0 0.0 -4.0 -3.0 -1.0 -4.0 -2.0 0.0 0.0 -1.0 -3.0 -3.0 -3.0 -3.0 -3.0 -3.0 -3.0 -2.0 
-1.0 -3.0 -2.0 -4.0 0.0 -2.0 -4.0 -2.0 0.0 0.0 0.0 -2.0 -4.0 0.0 -3.0 -4.0 0.0 0.0 -1.0 0.0 -3.0 0.0 0.0 0.0 -4.0 -2.0 -1.0 -4.0 -2.0 -3.0 0.0 -3.0 -4.0 -3.0 -2.0 0.0 -3.0 -3.0 -4.0 -1.0 -3.0 -3.0 0.0 -4.0 -1.0 0.0 -3.0 -3.0 -4.0 0.0 -1.0 -4.0 -1.0 -4.0 -4.0 -3.0 -2.0 -2.0 -2.0 -1.0 -1.0 -1.0 -1.0 0.0 -4.0 -2.0 -3.0 -3.0 -2.0 0.0 -4.0 -4.0 -2.0 0.0 -1.0 -1.0 -3.0 0.0 0.0 -1.0 -4.0 -3.0 -4.0 -1.0 -3.0 -3.0 -1.0 -4.0 -1.0 0.0 -4.0 -3.0 -3.0 -4.0 0.0 0.0 -2.0 218.0 -2.0 0.0 -3.0 -1.0 -2.0 -4.0 0.0 -1.0 0.0 0.0 -1.0 0.0 -4.0 -1.0 -4.0 -1.0 -2.0 
-4.0 0.0 -2.0 -4.0 0.0 -2.0 -2.0 -3.0 -1.0 0.0 -2.0 -3.0 -2.0 -1.0 -4.0 -3.0 -3.0 -3.0 0.0 -1.0 -4.0 -1.0 0.0 -2.0 0.0 -4.0 -1.0 -3.0 -4.0 -3.0 0.0 -4.0 -2.0 0.0 -3.0 -1.0 -1.0 -4.0 -3.0 0.0 -1.0 -1.0 -1.0 -1.0 -3.0 0.0 -4.0 0.0 -2.0 -1.0 -3.0 -1.0 -3.0 -2.0 -4.0 -4.0 -1.0 -4.0 -3.0 -1.0 -2.0 -1.0 -2.0 -4.0 0.0 -4.0 -4.0 -2.0 0.0 0.0 -4.0 -1.0 -2.0 -4.0 -3.0 -2.0 0.0 -4.0 -4.0 -3.0 -4.0 -1.0 -2.0 0.0 0.0 -3.0 -4.0 -4.0 -1.0 -1.0 -3.0 -1.0 0.0 -3.0 -4.0 -3.0 -1.0 -4.0 243.0 -3.0 -1.0 0.0 -3.0 -4.0 -4.0 0.0 -4.0 -4.0 -1.0 -3.0 -3.0 -4.0 0.0 0.0 -4.0 
-4.0 -2.0 -2.0 -3.0 0.0 -3.0 -3.0 -1.0 -3.0 -1.0 -4.0 -4.0 -1.0 0.0 -2.0 -1.0 -3.0 0.0 -4.0 0.0 0.0 -3.0 -4.0 -2.0 -3.0 0.0 -4.0 -2.0 -2.0 -1.0 -4.0 0.0 -3.0 -2.0 -1.0 -4.0 -4.0 -4.0 -3.0 -2.0 -1.0 -2.0 -1.0 -4.0 0.0 -2.0 -2.0 -4.0 0.0 0.0 -2.0 -2.0 -4.0 -1.0 -4.0 0.0 -3.0 -2.0 -2.0 -4.0 0.0 -4.0 -2.0 0.0 -2.0 -1.0 -4.0 0.0 -4.0 -1.0 0.0 -1.0 0.0 -2.0 -3.0 -1.0 -4.0 0.0 -2.0 -1.0 -1.0 -4.0 -1.0 -1.0 0.0 0.0 -3.0 -1.0 -3.0 -3.0 -1.0 -2.0 -1.0 -3.0 -3.0 -1.0 -3.0 -2.0 -2.0 218.0 -4.0 -2.0 -4.0 0.0 -1.0 -3.0 -1.0 0.0 0.0 -3.0 0.0 -1.0 0.0 -1.0 -2.0 
-1.0 -1.0 0.0 -4.0 -1.0 -1.0 -4.0 -4.0 -2.0 -4.0 -2.0 -1.0 -3.0 -1.0 -3.0 0.0 0.0 -3.0 -3.0 -4.0 -2.0 -2.0 -2.0 0.0 0.0 -2.0 -1.0 -2.0 -2.0 -2.0 -3.0 -3.0 -1.0 -1.0 -3.0 -4.0 0.0 -4.0 -4.0 -1.0 0.0 -4.0 -2.0 -3.0 -3.0 -2.0 -3.0 -2.0 -1.0 -3.0 -1.0 0.0 -3.0 -4.0 -3.0 -1.0 -3.0 -4.0 -4.0 0.0 -3.0 -3.0 0.0 -4.0 -3.0 -3.0 -4.0 -1.0 -2.0 -1.0 0.0 -4.0 -4.0 -4.0 -1.0 -2.0 -3.0 -2.0 -2.0 -2.0 -1.0 -2.0 0.0 -4.0 -3.0 -4.0 -2.0 0.0 -2.0 -2.0 -1.0 -3.0 -3.0 0.0 -1.0 0.0 -3.0 -2.0 -4.0 -1.0 235.0 -1.0 -3.0 -2.0 -1.0 -4.0 0.0 0.0 0.0 -1.0 -2.0 -3.0 -1.0 -2.0 -2.0 
-4.0 -2.0 -3.0 -3.0 -3.0 0.0 0.0 -3.0 -2.0 -1.0 -1.0 -4.0 -1.0 0.0 -4.0 -4.0 -3.0 -2.0 -2.0 -4.0 -3.0 -1.0 0.0 -3.0 -4.0 -1.0 -3.0 -3.0 -2.0 -1.0 -4.0 -4.0 -2.0 -4.0 -4.0 -3.0 -3.0 -3.0 -4.0 -3.0 0.0 -2.0 -3.0 -2.0 0.0 -4.0 0.0 -1.0 -2.0 -2.0 -2.0 -2.0 -1.0 -3.0 0.0 0.0 -1.0 0.0 -2.0 -4.0 -1.0 0.0 -2.0 -4.0 -1.0 -1.0 -2.0 -1.0 -4.0 -2.0 -3.0 -3.0 0.0 -2.0 -1.0 -4.0 0.0 -3.0 -3.0 -2.0 -4.0 -2.0 0.0 0.0 -3.0 -3.0 0.0 -1.0 -1.0 -4.0 -4.0 -2.0 -1.0 -4.0 -4.0 0.0 0.0 -1.0 0.0 -4.0 -4.0 241.0 -4.0 -2.0 -3.0 -2.0 -2.0 -2.0 0.0 -3.0 -1.0 -2.0 -2.0 -4.0 -1.0 
-4.0 -4.0 0.0 0.0 -1.0 -1.0 -2.0 -3.0 0.0 -1.0 -3.0 0.0 -3.0 -4.0 -4.0 -2.0 -2.0 -2.0 0.0 -4.0 -3.0 -1.0 -1.0 -3.0 -2.0 -3.0 -2.0 0.0 -4.0 -2.0 0.0 -3.0 -4.0 -4.0 0.0 -4.0 -3.0 0.0 -3.0 -2.0 -2.0 -1.0 0.0 -3.0 -3.0 -2.0 -4.0 0.0 0.0 -3.0 -4.0 -3.0 -1.0 -3.0 -2.0 -3.0 -2.0 -4.0 -1.0 -1.0 -2.0 -2.0 -1.0 -2.0 -3.0 -1.0 -3.0 -2.0 -2.0 -3.0 -2.0 -1.0 -3.0 0.0 -3.0 -4.0 0.0 -2.0 -2.0 -2.0 -1.0 0.0 0.0 -2.0 -1.0 0.0 -3.0 0.0 0.0 0.0 0.0 -2.0 -3.0 -2.0 -3.0 -3.0 -4.0 -1.0 0.0 -4.0 -1.0 -2.0 212.0 -1.0 0.0 -4.0 -3.0 0.0 0.0 -1.0 -1.0 -3.0 0.0 -1.0 0.0 
-3.0 -3.0 -1.0 -2.0 -3.0 0.0 -1.0 -2.0 0.0 -1.0 -4.0 0.0 -1.0 -4.0 -4.0 -2.0 -1.0 -2.0 -2.0 -2.0 -4.0 -3.0 -4.0 -1.0 -1.0 -2.0 0.0 -3.0 -4.0 -4.0 -2.0 -2.0 -1.0 -3.0 -3.0 -2.0 -3.0 -4.0 -4.0 -4.0 -2.0 -1.0 -1.0 -1.0 -1.0 -3.0 0.0 -2.0 -2.0 0.0 0.0 -4.0 -4.0 -1.0 0.0 0.0 -2.0 -1.0 -3.0 -2.0 -2.0 -2.0 -4.0 -3.0 -1.0 -2.0 0.0 0.0 -2.0 -2.0 -4.0 -2.0 -2.0 -1.0 -1.0 -1.0 -2.0 -2.0 -2.0 -4.0 -1.0 -3.0 0.0 0.0 0.0 -4.0 -2.0 -3.0 -3.0 -3.0 -1.0 0.0 -4.0 -1.0 -4.0 -3.0 -4.0 -4.0 -2.0 -3.0 -4.0 -3.0 -4.0 243.0 -1.0 0.0 -2.0 -2.0 -4.0 -4.0 -2.0 -1.0 -4.0 -2.0 -4.0 
-3.0 -3.0 -3.0 -1.0 0.0 -2.0 -2.0 -3.0 -2.0 -2.0 -2.0 -1.0 -3.0 -1.0 -3.0 0.0 -3.0 -1.0 -3.0 0.0 0.0 -1.0 -2.0 -3.0 -3.0 -3.0 -1.0 0.0 0.0 -1.0 -3.0 -1.0 -3.0 -1.0 -2.0 -1.0 0.0 -1.0 -1.0 -1.0 -4.0 -1.0 -3.0 -4.0 -2.0 -3.0 -2.0 -1.0 -1.0 -2.0 -2.0 -2.0 -2.0 -1.0 0.0 -4.0 -3.0 -4.0 -2.0 -1.0 -2.0 -2.0 -4.0 -3.0 -4.0 0.0 -3.0 -4.0 -1.0 -1.0 -2.0 -2.0 -1.0 -4.0 -4.0 -2.0 0.0 -4.0 -4.0 -2.0 -2.0 -4.0 0.0 -4.0 -1.0 -2.0 0.0 -4.0 0.0 -4.0 -3.0 -4.0 0.0 -3.0 -1.0 0.0 -1.0 -3.0 -3.0 0.0 -3.0 0.0 -4.0 -3.0 239.0 -4.0 -4.0 -2.0 -2.0 -4.0 -2.0 -4.0 -4.0 -3.0 -2.0 
-4.0 -2.0 -2.0 0.0 0.0 -1.0 -4.0 -1.0 0.0 -4.0 0.0 -3.0 -4.0 -3.0 -3.0 -4.0 -1.0 -1.0 -3.0 -4.0 -4.0 -1.0 -4.0 0.0 -1.0 0.0 -4.0 0.0 0.0 -3.0 -1.0 -3.0 -2.0 0.0 -2.0 -2.0 -4.0 -4.0 -3.0 -3.0 -3.0 -1.0 -3.0 -2.0 -1.0 -3.0 0.0 -3.0 -4.0 -4.0 -1.0 -3.0 -4.0 -4.0 -4.0 -4.0 -1.0 -4.0 0.0 -1.0 0.0 0.0 -3.0 -4.0 -2.0 -2.0 0.0 0.0 0.0 0.0 -1.0 -3.0 0.0 0.0 -2.0 -3.0 0.0 -1.0 -4.0 -4.0 -3.0 -3.0 -1.0 0.0 -3.0 -2.0 -2.0 -1.0 -1.0 0.0 -1.0 0.0 -1.0 0.0 0.0 -4.0 -1.0 -3.0 -1.0 -1.0 -3.0 0.0 -2.0 -2.0 0.0 219.0 0.0 -3.0 -3.0 -4.0 -3.0 -3.0 -3.0 -1.0 0.0 
-1.0 -2.0 -3.0 -2.0 0.0 -2.0 0.0 -4.0 0.0 -1.0 -1.0 -2.0 0.0 0.0 -4.0 -2.0 -1.0 -1.0 -2.0 -3.0 0.0 0.0 -3.0 -4.0 0.0 -1.0 -1.0 0.0 -4.0 -4.0 -2.0 0.0 -4.0 -4.0 -3.0 0.0 -2.0 0.0 -2.0 -4.0 0.0 0.0 -3.0 -3.0 -1.0 -4.0 -2.0 -3.0 -2.0 -1.0 -1.0 -3.0 -4.0 -2.0 0.0 -4.0 -3.0 0.0 -2.0 -1.0 -1.0 0.0 -3.0 -3.0 0.0 0.0 -1.0 -4.0 -1.0 -3.0 -1.0 -3.0 -1.0 -3.0 -4.0 -3.0 -1.0 -1.0 -2.0 -2.0 -4.0 -3.0 -2.0 -4.0 -3.0 -2.0 0.0 -1.0 -1.0 -1.0 -1.0 -2.0 0.0 -3.0 -4.0 -4.0 -3.0 0.0 0.0 0.0 0.0 -1.0 -1.0 -1.0 -1.0 -2.0 210.0 -2.0 -4.0 -3.0 -4.0 0.0 -4.0 0.0 -4.0 
-4.0 0.0 -1.0 -2.0 0.0 -4.0 -3.0 -3.0 0.0 0.0 -1.0 -3.0 -2.0 -2.0 -2.0 0.0 -4.0 0.0 0.0 -4.0 -4.0 -2.0 -4.0 -4.0 0.0 -1.0 -4.0 -2.0 -4.0 0.0 0.0 -1.0 0.0 -4.0 -4.0 -2.0 -2.0 -1.0 0.0 0.0 -3.0 0.0 -4.0 0.0 -2.0 -4.0 -1.0 -3.0 0.0 -1.0 -1.0 0.0 0.0 -4.0 -3.0 -3.0 -3.0 -2.0 -2.0 -1.0 -3.0 -4.0 -4.0 -3.0 -4.0 -4.0 -4.0 -1.0 -4.0 -3.0 -4.0 -3.0 -3.0 -2.0 0.0 -3.0 0.0 -1.0 0.0 -3.0 0.0 0.0 -1.0 -3.0 -2.0 -4.0 -4.0 -4.0 -4.0 -3.0 -1.0 0.0 0.0 -2.0 -3.0 -2.0 -4.0 -2.0 -3.0 -3.0 -3.0 -4.0 -1.0 -1.0 -4.0 -2.0 -3.0 241.0 -2.0 -3.0 -4.0 -1.0 -1.0 -1.0 -2.0 
-3.0 -4.0 -2.0 -1.0 -1.0 -4.0 -2.0 -2.0 -3.0 -2.0 -1.0 -3.0 -4.0 -2.0 0.0 0.0 0.0 -2.0 -3.0 -4.0 -4.0 -3.0 0.0 -2.0 -2.0 0.0 -2.0 -3.0 0.0 -4.0 -3.0 -3.0 -3.0 0.0 -2.0 -3.0 -3.0 0.0 0.0 -2.0 0.0 -2.0 -3.0 -4.0 -2.0 -4.0 0.0 -4.0 -3.0 -1.0 -4.0 -3.0 -3.0 -1.0 -2.0 0.0 -2.0 0.0 -1.0 -2.0 -3.0 0.0 -3.0 -1.0 -2.0 0.0 -1.0 0.0 -3.0 -4.0 -3.0 0.0 -3.0 -2.0 -4.0 -2.0 -4.0 -3.0 -1.0 -2.0 -3.0 -1.0 -1.0 -3.0 -4.0 -2.0 -2.0 -1.0 -3.0 -4.0 -1.0 -4.0 -1.0 -1.0 -4.0 -4.0 -2.0 -2.0 -1.0 -2.0 -1.0 -2.0 -4.0 -4.0 0.0 -1.0 -3.0 -4.0 237.0 -1.0 -1.0 -1.0 0.0 -2.0 -3.0 
-2.0 -1.0 -3.0 -4.0 -1.0 0.0 -4.0 -2.0 -1.0 -2.0 -1.0 0.0 -4.0 -1.0 -2.0 -2.0 -3.0 -4.0 -1.0 -3.0 -2.0 -1.0 0.0 -2.0 -2.0 -1.0 0.0 -2.0 -2.0 -2.0 0.0 -2.0 -1.0 -4.0 0.0 -4.0 -4.0 -2.0 0.0 0.0 -2.0 -1.0 -1.0 0.0 0.0 -1.0 -1.0 -2.0 -1.0 -4.0 0.0 -4.0 -1.0 -4.0 -4.0 -2.0 -3.0 -4.0 0.0 -1.0 -4.0 -4.0 -4.0 -2.0 -2.0 -2.0 -2.0 -2.0 -4.0 0.0 -3.0 0.0 -4.0 -2.0 0.0 -1.0 -3.0 -4.0 -2.0 -1.0 -4.0 -3.0 -3.0 0.0 -4.0 -3.0 -1.0 -2.0 -2.0 -2.0 -1.0 -1.0 -1.0 -4.0 -2.0 -4.0 -1.0 -1.0 -2.0 -2.0 -2.0 -2.0 -3.0 0.0 -2.0 0.0 0.0 -1.0 0.0 216.0 -1.0 -2.0 -2.0 0.0 -4.0 
0.0 -3.0 -4.0 -2.0 0.0 -1.0 -4.0 -3.0 -4.0 -4.0 -3.0 -1.0 -1.0 -1.0 -1.0 -1.0 -4.0 -1.0 0.0 -3.0 -4.0 -1.0 0.0 -2.0 -4.0 -1.0 -3.0 0.0 -3.0 -2.0 -3.0 -1.0 -1.0 -2.0 -3.0 0.0 -3.0 -2.0 -3.0 -3.0 -2.0 -4.0 -4.0 -2.0 -3.0 -3.0 -4.0 -4.0 -3.0 -4.0 0.0 -1.0 -2.0 -4.0 -2.0 -3.0 0.0 -2.0 -3.0 -1.0 -4.0 -1.0 -3.0 -4.0 -3.0 -4.0 -3.0 -3.0 -2.0 -2.0 -4.0 -2.0 -2.0 -1.0 -3.0 -4.0 -4.0 -3.0 0.0 0.0 0.0 -2.0 -3.0 -2.0 -1.0 0.0 -4.0 -1.0 -4.0 -3.0 -3.0 0.0 -3.0 -3.0 0.0 -3.0 -1.0 -2.0 -3.0 -2.0 -2.0 -1.0 -2.0 -1.0 -2.0 0.0 -4.0 -2.0 0.0 -3.0 250.0 0.0 -3.0 -3.0 -2.0 
0.0 -1.0 -4.0 -1.0 0.0 -4.0 -1.0 -4.0 -1.0 -2.0 0.0 -2.0 -1.0 -2.0 -2.0 -1.0 -3.0 -2.0 0.0 -2.0 -2.0 -3.0 -1.0 -4.0 -2.0 0.0 -4.0 -4.0 -2.0 -4.0 -4.0 -4.0 -1.0 0.0 -1.0 -2.0 0.0 -3.0 -4.0 0.0 -2.0 -2.0 0.0 -4.0 -3.0 0.0 -3.0 -4.0 -3.0 -1.0 -2.0 -4.0 -1.0 -2.0 -1.0 0.0 -2.0 -1.0 -2.0 -3.0 -2.0 -1.0 -3.0 0.0 -2.0 -2.0 -3.0 -4.0 -4.0 0.0 -4.0 -1.0 0.0 0.0 -3.0 -4.0 -2.0 -3.0 -3.0 -2.0 -3.0 -4.0 -1.0 -1.0 -2.0 -2.0 -3.0 -3.0 0.0 -3.0 -2.0 -1.0 -1.0 -1.0 -4.0 -2.0 -2.0 -4.0 -2.0 -4.0 -4.0 -3.0 -4.0 -1.0 -2.0 -3.0 -3.0 -3.0 0.0 0.0 -3.0 233.0 -1.0 0.0 0.0 
-1.0 -2.0 -4.0 0.0 -3.0 -3.0 0.0 -3.0 -4.0 -3.0 -3.0 -1.0 0.0 -1.0 -2.0 -2.0 -4.0 -1.0 -1.0 -2.0 -2.0 -3.0 -1.0 -2.0 -2.0 0.0 0.0 -3.0 -2.0 -4.0 -1.0 0.0 0.0 0.0 -3.0 -4.0 -1.0 -1.0 -2.0 -1.0 -1.0 0.0 -2.0 -2.0 0.0 0.0 -3.0 -1.0 -2.0 -1.0 -4.0 0.0 0.0 0.0 -4.0 0.0 -1.0 -1.0 -3.0 -1.0 -4.0 -3.0 -4.0 0.0 -2.0 -1.0 -2.0 -2.0 -1.0 -1.0 0.0 -2.0 -4.0 -4.0 -3.0 -4.0 0.0 -1.0 -4.0 -4.0 -4.0 -4.0 -3.0 -3.0 -2.0 -1.0 -2.0 -3.0 -4.0 -1.0 -3.0 -2.0 -1.0 -3.0 -1.0 -2.0 0.0 -2.0 -2.0 -2.0 -2.0 0.0 0.0 -2.0 -3.0 -4.0 -4.0 -3.0 -4.0 -3.0 -3.0 -1.0 222.0 -4.0 0.0 
0.0 -1.0 -4.0 -2.0 -3.0 -1.0 0.0 -4.0 -2.0 0.0 -3.0 -3.0 -4.0 -1.0 -2.0 -3.0 -2.0 -3.0 -4.0 -2.0 -3.0 -1.0 -4.0 -1.0 0.0 -2.0 0.0 -1.0 -1.0 -4.0 0.0 -2.0 -4.0 -2.0 -4.0 0.0 -3.0 -3.0 -3.0 -3.0 -2.0 -4.0 -4.0 0.0 -4.0 -3.0 -3.0 -3.0 -3.0 0.0 -4.0 0.0 -4.0 -3.0 0.0 -1.0 -3.0 -4.0 -1.0 -1.0 -2.0 0.0 -1.0 -1.0 -1.0 -1.0 -4.0 -1.0 -2.0 0.0 -3.0 -2.0 -2.0 -4.0 -4.0 -2.0 -4.0 -2.0 -3.0 0.0 -1.0 -4.0 -1.0 -4.0 0.0 0.0 -2.0 -3.0 0.0 0.0 0.0 0.0 0.0 -2.0 -2.0 -3.0 -3.0 -1.0 0.0 -4.0 -3.0 0.0 -4.0 -1.0 -1.0 -1.0 -2.0 -4.0 -3.0 -1.0 0.0 -1.0 -3.0 227.0 -2.0 
-1.0 -3.0 -3.0 -4.0 0.0 -3.0 -1.0 -1.0 -4.0 -4.0 -4.0 -2.0 -1.0 -2.0 -4.0 0.0 -1.0 -4.0 -2.0 -1.0 -3.0 -3.0 -2.0 0.0 -2.0 -1.0 -4.0 -4.0 -1.0 -1.0 -4.0 -2.0 -3.0 -4.0 0.0 -2.0 -1.0 -3.0 0.0 -3.0 -2.0 -3.0 -1.0 -3.0 -4.0 0.0 0.0 -1.0 -4.0 0.0 -3.0 -3.0 -2.0 0.0 -2.0 -3.0 -4.0 0.0 -2.0 -1.0 -3.0 -2.0 0.0 0.0 -4.0 -2.0 -4.0 -3.0 -4.0 -1.0 -4.0 -4.0 -4.0 -2.0 0.0 -4.0 -2.0 0.0 -2.0 -1.0 -1.0 -3.0 -4.0 -3.0 -3.0 -3.0 -3.0 -1.0 -3.0 0.0 -3.0 -2.0 -2.0 -2.0 -2.0 -2.0 -3.0 0.0 -4.0 -2.0 0.0 -4.0 -4.0 -2.0 -1.0 -4.0 0.0 -4.0 -3.0 -1.0 -4.0 0.0 -1.0 -3.0 249.0 
-12970.0 -12737.0 -13446.0 -11265.0 -12698.0 -10686.0 -11191.0 -11438.0 -12131.0 -10626.0 -11429.0 -11472.0 -9905.0 -10050.0 -10799.0 -9447.0 -10099.0 -10678.0 -9366.0 -9548.0 -8264.0 -7352.0 -8432.0 -8693.0 -7062.0 -7023.0 -6190.0 -7850.0 -7116.0 -7318.0 -6599.0 -6477.0 -5022.0 -4591.0 -4498.0 -4473.0 -4952.0 -3742.0 -3702.0 -3693.0 -4532.0 -3350.0 -3028.0 -3782.0 -2859.0 -2453.0 -2473.0 -3465.0 -2696.0 -1297.0 -1412.0 -1469.0 -1342.0 -735.0 -879.0 -515.0 -722.0 519.0 1317.0 749.0 -160.0 1171.0 1389.0 1627.0 1353.0 1423.0 1506.0 2987.0 2289.0 3169.0 2959.0 3372.0 3015.0 4148.0 4324.0 4612.0 4455.0 5268.0 4471.0 5476.0 3979.0 5003.0 4762.0 5757.0 5915.0 6363.0 7307.0 7098.0 6494.0 7463.0 5940.0 8994.0 7439.0 8185.0 7986.0 8604.0 7971.0 8868.0 9466.0 10088.0 10498.0 11124.0 10553.0 10749.0 10290.0 11357.0 9972.0 11498.0 12224.0 11371.0 13602.0 12417.0 11552.0 13423.0 14286.0 