123.6 -4.0 -3.0 -4.0 -2.0 -4.0 -3.0 0.0 -4.0 -2.0 -4.0 -1.0 0.0 -3.0 -3.0 -3.0 -4.0 0.0 -4.0 0.0 -4.0 -4.0 -1.0 -4.0 0.0 -3.0 0.0 -3.0 -2.0 -2.0 -2.0 -2.0 0.0 -2.0 -3.0 -2.0 -3.0 0.0 -4.0 -1.0 -3.0 -1.0 -2.0 -3.0 0.0 -1.0 -4.0 -4.0 -1.0 -1.0 -4.0 -3.0 -2.0 -1.0 0.0 0.0 -4.0 0.0 0.0 -1.0 0.0 -4.0 0.0 -1.0 0.0 
0.0 127.0 -2.0 -4.0 -4.0 0.0 0.0 -2.0 -3.0 -1.0 -3.0 -4.0 -4.0 -3.0 -2.0 -4.0 -2.0 0.0 -3.0 -2.0 -4.0 0.0 -2.0 -4.0 -2.0 -4.0 -2.0 0.0 -1.0 -4.0 -3.0 -1.0 -1.0 -3.0 -1.0 0.0 0.0 -2.0 -4.0 -2.0 0.0 0.0 0.0 -1.0 -4.0 0.0 0.0 -2.0 -1.0 -1.0 0.0 -1.0 0.0 -4.0 -4.0 -4.0 0.0 -3.0 -4.0 0.0 -4.0 -3.0 -4.0 -3.0 -1.0 
-3.0 -2.0 133.0 0.0 -4.0 -3.0 -1.0 -3.0 -4.0 -4.0 -1.0 -4.0 -4.0 -4.0 -2.0 -1.0 0.0 -4.0 0.0 0.0 -2.0 -1.0 -4.0 -4.0 0.0 0.0 -2.0 -1.0 -1.0 0.0 -3.0 0.0 -4.0 -2.0 -3.0 -3.0 -2.0 -3.0 -1.0 0.0 0.0 -4.0 -4.0 -3.0 -3.0 -3.0 -2.0 -2.0 -3.0 -2.0 -2.0 -2.0 -2.0 0.0 0.0 -4.0 -4.0 -2.0 0.0 0.0 0.0 -2.0 -2.0 -3.0 -4.0 
0.0 -1.0 -1.0 118.0 -1.0 -2.0 -2.0 -1.0 0.0 -4.0 -2.0 0.0 0.0 -1.0 -4.0 0.0 -1.0 -3.0 -4.0 -4.0 0.0 -3.0 -3.0 -1.0 -3.0 -1.0 -2.0 -1.0 -4.0 0.0 -1.0 -3.0 -2.0 0.0 -4.0 -3.0 -1.0 -1.0 -1.0 -1.0 -3.0 -1.0 -1.0 -4.0 -4.0 -2.0 0.0 -2.0 -4.0 -2.0 -1.0 -3.0 0.0 -4.0 0.0 0.0 -1.0 0.0 -3.0 -4.0 -2.0 -4.0 -1.0 -4.0 -2.0 
-4.0 -2.0 -3.0 -3.0 142.0 -3.0 -4.0 -1.0 -3.0 -3.0 -2.0 -1.0 -1.0 -4.0 -3.0 -4.0 -4.0 -3.0 -1.0 -1.0 -1.0 0.0 -2.0 0.0 0.0 -3.0 -2.0 -4.0 -4.0 -1.0 -4.0 -2.0 -1.0 0.0 -3.0 -2.0 -3.0 -2.0 0.0 -1.0 -3.0 -4.0 -1.0 -4.0 -3.0 0.0 -1.0 -3.0 -2.0 -1.0 -3.0 -2.0 -4.0 -3.0 -4.0 0.0 -3.0 0.0 -2.0 -2.0 -3.0 -2.0 -3.0 -2.0 -2.0 
-1.0 -4.0 -4.0 -1.0 -3.0 138.0 -4.0 -3.0 -3.0 -4.0 -1.0 -2.0 -4.0 0.0 0.0 -4.0 -3.0 -3.0 -2.0 -2.0 -1.0 0.0 -2.0 -3.0 0.0 0.0 0.0 -3.0 -2.0 -1.0 -2.0 0.0 -1.0 -3.0 -3.0 -4.0 -1.0 -2.0 -4.0 -3.0 -4.0 -3.0 -1.0 -3.0 -4.0 0.0 -1.0 -2.0 -1.0 -2.0 0.0 0.0 -4.0 -4.0 -2.0 -3.0 -3.0 -4.0 -1.0 0.0 -1.0 -3.0 -4.0 -3.0 -2.0 
-3.0 -4.0 -4.0 -2.0 -2.0 -3.0 126.0 -1.0 -2.0 0.0 -3.0 0.0 -3.0 -4.0 -3.0 -1.0 -1.0 -2.0 -2.0 0.0 0.0 0.0 -3.0 -2.0 0.0 -2.0 -3.0 -2.0 -3.0 -2.0 -2.0 0.0 -3.0 -1.0 -1.0 -1.0 -4.0 0.0 -3.0 0.0 -4.0 -1.0 -2.0 -3.0 0.0 -3.0 -3.0 -2.0 -3.0 -1.0 -3.0 0.0 -4.0 -1.0 -3.0 -4.0 -1.0 -1.0 -3.0 -3.0 0.0 -2.0 0.0 -3.0 -4.0 
0.0 0.0 -3.0 -4.0 -3.0 -3.0 -3.0 125.0 -1.0 -3.0 -3.0 -3.0 0.0 -4.0 -2.0 -2.0 0.0 -1.0 -1.0 -2.0 -4.0 -2.0 -3.0 -2.0 -4.0 -2.0 -2.0 -2.0 -3.0 -1.0 -4.0 -2.0 -4.0 -1.0 0.0 0.0 -1.0 0.0 0.0 -4.0 -1.0 -2.0 -4.0 0.0 0.0 -1.0 0.0 -3.0 -2.0 0.0 -3.0 0.0 -4.0 -1.0 -4.0 -1.0 -4.0 -2.0 -1.0 -4.0 0.0 -4.0 0.0 -2.0 -3.0 
-2.0 -3.0 -3.0 0.0 -2.0 0.0 -4.0 -3.0 134.0 -3.0 -1.0 -3.0 0.0 -2.0 -4.0 -1.0 0.0 -1.0 -1.0 -4.0 -1.0 -3.0 -2.0 -1.0 -2.0 -3.0 -3.0 -2.0 0.0 -2.0 0.0 -1.0 -4.0 -3.0 0.0 -1.0 -1.0 -2.0 -3.0 -4.0 -3.0 -4.0 -3.0 -3.0 -3.0 -3.0 0.0 -2.0 -1.0 -3.0 -3.0 -3.0 -4.0 -4.0 -1.0 -4.0 -1.0 -2.0 0.0 -3.0 -3.0 -1.0 -3.0 -1.0 -1.0 
-3.0 -4.0 -4.0 -2.0 -1.0 -2.0 -2.0 -1.0 -1.0 130.0 0.0 -4.0 -4.0 -4.0 0.0 -4.0 -1.0 -2.0 -3.0 -1.0 0.0 -4.0 -1.0 -4.0 -4.0 -4.0 -4.0 -2.0 0.0 -3.0 0.0 -2.0 -2.0 0.0 -1.0 -2.0 -1.0 0.0 0.0 0.0 -4.0 -3.0 -4.0 -4.0 -4.0 -1.0 -1.0 -4.0 -3.0 -2.0 -3.0 0.0 -1.0 0.0 0.0 -3.0 -4.0 -2.0 -2.0 -1.0 0.0 0.0 -1.0 -2.0 -4.0 
-3.0 -2.0 -3.0 0.0 -1.0 -2.0 -4.0 -2.0 -4.0 -4.0 152.0 -3.0 -1.0 -1.0 -3.0 -4.0 -1.0 -3.0 0.0 0.0 -3.0 -2.0 -4.0 -1.0 -3.0 -3.0 -2.0 -2.0 -2.0 -4.0 -1.0 -2.0 -2.0 -1.0 -2.0 -4.0 -2.0 -3.0 0.0 -4.0 0.0 -4.0 -3.0 -4.0 -1.0 -1.0 -2.0 -2.0 -3.0 -4.0 0.0 -4.0 -3.0 -1.0 -2.0 -3.0 -4.0 -3.0 -4.0 -3.0 0.0 -4.0 -2.0 -3.0 -4.0 
-4.0 -4.0 -4.0 0.0 -2.0 0.0 -1.0 -4.0 -1.0 -3.0 -3.0 110.0 -3.0 -4.0 0.0 -1.0 -1.0 -3.0 0.0 -3.0 -2.0 -1.0 -2.0 -3.0 -2.0 -1.0 -1.0 -2.0 -4.0 -2.0 -1.0 -1.0 0.0 0.0 -1.0 -2.0 -4.0 -4.0 0.0 -3.0 -4.0 -3.0 -3.0 0.0 -1.0 -1.0 -1.0 -1.0 -3.0 -1.0 0.0 -3.0 0.0 0.0 0.0 -3.0 0.0 -3.0 0.0 -2.0 -1.0 0.0 0.0 -3.0 0.0 
0.0 0.0 -2.0 -4.0 -1.0 -4.0 -1.0 -1.0 -1.0 -3.0 -4.0 -3.0 149.0 -3.0 -3.0 -4.0 -2.0 -3.0 -2.0 -4.0 -2.0 -1.0 -1.0 -1.0 -3.0 -4.0 -4.0 -2.0 -4.0 -1.0 -3.0 -4.0 -2.0 -3.0 0.0 -4.0 -1.0 -4.0 -3.0 -3.0 -1.0 0.0 -4.0 0.0 -4.0 -4.0 -2.0 -1.0 -1.0 -3.0 -4.0 -4.0 -2.0 0.0 -4.0 -4.0 -2.0 0.0 -4.0 -1.0 -4.0 0.0 0.0 -3.0 -2.0 
-4.0 -1.0 -4.0 -2.0 -2.0 -1.0 -1.0 -3.0 0.0 -2.0 -4.0 -3.0 -4.0 109.0 0.0 -2.0 -3.0 0.0 0.0 -1.0 -3.0 -3.0 -2.0 -3.0 0.0 0.0 -1.0 -2.0 -2.0 -2.0 0.0 -4.0 0.0 0.0 0.0 -3.0 -1.0 -2.0 -1.0 -1.0 -1.0 -1.0 -4.0 -1.0 -4.0 0.0 -1.0 -4.0 0.0 -2.0 -1.0 -4.0 -1.0 -4.0 -1.0 -2.0 -2.0 0.0 0.0 -2.0 -3.0 -3.0 0.0 -1.0 0.0 
-2.0 -1.0 -4.0 0.0 0.0 0.0 -1.0 -4.0 -3.0 -4.0 -1.0 0.0 -1.0 -3.0 133.0 -3.0 -1.0 -2.0 0.0 -2.0 -4.0 -4.0 -3.0 -4.0 -1.0 -2.0 -1.0 -1.0 -3.0 -2.0 -3.0 -4.0 -4.0 0.0 -1.0 -2.0 0.0 -1.0 -1.0 0.0 -4.0 -4.0 -1.0 -3.0 -2.0 -1.0 -4.0 -1.0 -4.0 -3.0 -4.0 -3.0 -3.0 -4.0 -4.0 -3.0 -2.0 -1.0 -3.0 -2.0 0.0 0.0 -3.0 0.0 -1.0 
-1.0 -4.0 -4.0 0.0 -1.0 -2.0 -4.0 -3.0 -2.0 -2.0 -2.0 0.0 0.0 -4.0 0.0 130.0 -2.0 -1.0 -1.0 -4.0 -2.0 -2.0 -1.0 -3.0 -2.0 -1.0 -2.0 0.0 0.0 -1.0 -4.0 -1.0 -3.0 -3.0 0.0 -3.0 -3.0 -4.0 -4.0 -3.0 -3.0 -1.0 -4.0 -2.0 -4.0 -1.0 -2.0 -2.0 -4.0 -1.0 0.0 -3.0 -3.0 0.0 -4.0 -2.0 -3.0 -3.0 -2.0 -2.0 0.0 0.0 -3.0 -1.0 -1.0 
-4.0 0.0 -4.0 -2.0 -2.0 -4.0 -2.0 -3.0 -1.0 0.0 -3.0 -4.0 -4.0 -3.0 0.0 -2.0 142.0 -2.0 0.0 0.0 -3.0 -4.0 0.0 -3.0 -4.0 -4.0 0.0 -3.0 -3.0 -1.0 -3.0 0.0 -2.0 -2.0 -1.0 -3.0 -4.0 -2.0 -1.0 -3.0 -3.0 -1.0 -2.0 -1.0 -4.0 -4.0 -4.0 0.0 -2.0 0.0 0.0 -2.0 -4.0 -3.0 -3.0 -4.0 -1.0 0.0 -2.0 -2.0 -2.0 -4.0 -1.0 -4.0 -3.0 
0.0 -3.0 -3.0 -2.0 -1.0 -2.0 -2.0 0.0 0.0 -2.0 0.0 -3.0 -4.0 -4.0 -4.0 -1.0 0.0 138.0 -3.0 -2.0 -2.0 -2.0 -4.0 -1.0 -4.0 -1.0 -1.0 -4.0 -3.0 -3.0 -2.0 -2.0 -1.0 -1.0 -4.0 -1.0 -4.0 -2.0 -2.0 -2.0 0.0 -2.0 -3.0 -4.0 -3.0 -3.0 -1.0 0.0 0.0 -1.0 -3.0 -2.0 -2.0 -3.0 -4.0 -3.0 -2.0 -4.0 -2.0 -3.0 -4.0 -1.0 -3.0 -3.0 0.0 
-3.0 -3.0 -4.0 -1.0 -4.0 -3.0 0.0 0.0 -4.0 -2.0 -2.0 -3.0 -4.0 -1.0 -2.0 -2.0 -2.0 -1.0 132.0 -4.0 -3.0 -1.0 -3.0 -4.0 -4.0 -2.0 -3.0 0.0 -3.0 -1.0 -1.0 -2.0 -1.0 0.0 -3.0 -2.0 0.0 -1.0 -2.0 -2.0 -3.0 -2.0 -2.0 -1.0 0.0 -2.0 0.0 -4.0 -3.0 -2.0 0.0 -4.0 -2.0 -1.0 0.0 -3.0 -1.0 0.0 -4.0 -2.0 -2.0 -4.0 -3.0 -3.0 -1.0 
-1.0 -2.0 -1.0 -3.0 -3.0 0.0 -2.0 -2.0 -1.0 -3.0 -1.0 -1.0 -4.0 -1.0 -3.0 -4.0 0.0 -1.0 -1.0 125.0 -3.0 0.0 -2.0 -3.0 -2.0 -3.0 -2.0 -3.0 0.0 -1.0 -2.0 -3.0 -1.0 -4.0 -1.0 -1.0 -1.0 -1.0 -1.0 0.0 -1.0 -4.0 -3.0 -1.0 -2.0 0.0 -3.0 -2.0 -4.0 -4.0 -1.0 -3.0 -3.0 -4.0 -4.0 -3.0 -2.0 -2.0 -1.0 -1.0 -1.0 -1.0 -3.0 0.0 -4.0 
-1.0 -3.0 -2.0 -4.0 -1.0 -4.0 -1.0 -3.0 0.0 -1.0 0.0 -3.0 -2.0 -1.0 -3.0 -4.0 -1.0 0.0 -4.0 -4.0 136.0 -3.0 0.0 -4.0 -1.0 -3.0 -3.0 -4.0 -3.0 0.0 -1.0 -4.0 -2.0 -4.0 0.0 -1.0 -4.0 0.0 0.0 0.0 0.0 -1.0 -4.0 -4.0 -1.0 -2.0 -2.0 -3.0 -1.0 -3.0 -3.0 -3.0 -3.0 -4.0 -3.0 0.0 -4.0 -4.0 -4.0 -1.0 -1.0 -1.0 -3.0 -2.0 0.0 
-3.0 0.0 -2.0 -3.0 -3.0 -3.0 -3.0 -4.0 -4.0 -4.0 0.0 -1.0 -3.0 0.0 -2.0 -2.0 0.0 0.0 0.0 0.0 -2.0 108.0 0.0 -2.0 -2.0 -4.0 -1.0 -1.0 -2.0 -4.0 0.0 -1.0 0.0 -1.0 0.0 -1.0 0.0 0.0 -3.0 -2.0 0.0 -2.0 0.0 -3.0 -4.0 0.0 0.0 -3.0 -4.0 -1.0 0.0 -1.0 0.0 0.0 -1.0 -1.0 -4.0 -4.0 -3.0 -1.0 -4.0 -2.0 -1.0 -2.0 -4.0 
-3.0 -1.0 -3.0 -4.0 -3.0 0.0 -1.0 -2.0 -1.0 0.0 -4.0 -3.0 -2.0 -3.0 -1.0 -4.0 -1.0 -3.0 -1.0 -4.0 -1.0 -3.0 137.0 -2.0 -4.0 -2.0 0.0 -4.0 -2.0 -4.0 0.0 -3.0 0.0 -4.0 0.0 0.0 -3.0 -1.0 -3.0 -2.0 -2.0 -3.0 -1.0 -1.0 -3.0 -4.0 -1.0 0.0 -2.0 -4.0 0.0 -3.0 -4.0 -3.0 -3.0 -3.0 0.0 -2.0 -3.0 -3.0 -2.0 -4.0 0.0 -3.0 -1.0 
-1.0 -4.0 -1.0 -2.0 0.0 -1.0 -2.0 -4.0 0.0 -4.0 -4.0 -4.0 -4.0 -2.0 -3.0 0.0 -2.0 -1.0 -4.0 -3.0 0.0 -2.0 -1.0 125.0 -1.0 -2.0 0.0 -2.0 -3.0 0.0 -4.0 -1.0 -2.0 0.0 -1.0 -2.0 -1.0 -1.0 -4.0 -4.0 -2.0 -1.0 -3.0 -3.0 -1.0 -1.0 0.0 -1.0 -3.0 -3.0 -2.0 -3.0 0.0 -1.0 -4.0 -3.0 -3.0 -1.0 -1.0 0.0 -3.0 -2.0 -3.0 -2.0 -2.0 
-2.0 -4.0 0.0 -3.0 -4.0 -4.0 -2.0 -4.0 -3.0 0.0 -1.0 -2.0 -1.0 -4.0 -2.0 0.0 -3.0 -1.0 -4.0 -1.0 -2.0 -4.0 0.0 0.0 148.0 0.0 -1.0 -4.0 -2.0 -4.0 -1.0 -4.0 -2.0 -3.0 -2.0 -2.0 -4.0 -3.0 -2.0 -4.0 -3.0 -1.0 -1.0 -3.0 -3.0 -2.0 -4.0 -4.0 -4.0 0.0 -4.0 -2.0 -2.0 0.0 -3.0 -4.0 -3.0 -1.0 -1.0 -2.0 -2.0 -3.0 0.0 -3.0 -4.0 
0.0 -2.0 -2.0 -1.0 -2.0 -3.0 -3.0 -1.0 -3.0 -4.0 -3.0 0.0 -1.0 -3.0 -4.0 -4.0 0.0 -1.0 -2.0 -3.0 -4.0 0.0 -3.0 -1.0 -2.0 138.0 -1.0 -2.0 0.0 -2.0 0.0 0.0 -4.0 -4.0 -4.0 -4.0 -1.0 0.0 -1.0 -1.0 0.0 -3.0 -2.0 -1.0 -1.0 -2.0 -4.0 -2.0 -1.0 -4.0 -4.0 -3.0 -2.0 -2.0 -4.0 -4.0 -1.0 -3.0 -2.0 -4.0 -4.0 -2.0 -2.0 -4.0 -1.0 
-4.0 -3.0 0.0 -2.0 -4.0 -1.0 -1.0 0.0 -2.0 -1.0 -2.0 -2.0 0.0 -4.0 -2.0 -4.0 -3.0 -4.0 -4.0 -4.0 -3.0 0.0 0.0 -1.0 -4.0 -1.0 108.0 -1.0 -1.0 0.0 0.0 -1.0 -3.0 -1.0 -2.0 -3.0 0.0 -4.0 -3.0 -3.0 0.0 -2.0 0.0 0.0 -1.0 -2.0 0.0 0.0 -1.0 -4.0 -1.0 -4.0 -2.0 0.0 0.0 0.0 -4.0 0.0 0.0 -3.0 0.0 -4.0 0.0 -1.0 -1.0 
0.0 0.0 -1.0 -3.0 -4.0 -4.0 0.0 -4.0 -1.0 -4.0 -3.0 -2.0 -2.0 -3.0 -2.0 0.0 -2.0 -3.0 -3.0 0.0 -2.0 0.0 -1.0 0.0 -3.0 -1.0 -4.0 126.0 -2.0 -1.0 -4.0 -4.0 -4.0 -2.0 0.0 -2.0 -4.0 -1.0 -1.0 -4.0 -2.0 -2.0 -2.0 -3.0 0.0 0.0 -1.0 -2.0 -2.0 -3.0 -3.0 0.0 0.0 0.0 -2.0 -2.0 -4.0 -1.0 -4.0 -4.0 -4.0 0.0 -3.0 0.0 -1.0 
-1.0 0.0 0.0 -3.0 0.0 -2.0 -2.0 -3.0 -1.0 -2.0 -1.0 -1.0 -1.0 -1.0 0.0 0.0 -4.0 -4.0 0.0 -4.0 -3.0 -2.0 -2.0 -1.0 -2.0 -2.0 -3.0 -1.0 117.0 -3.0 -1.0 -2.0 -1.0 -1.0 -3.0 -2.0 -2.0 -1.0 -2.0 -4.0 -4.0 -1.0 0.0 0.0 -4.0 -3.0 -1.0 -2.0 -3.0 0.0 -2.0 -4.0 -2.0 -4.0 -2.0 -1.0 0.0 -4.0 0.0 0.0 -2.0 -4.0 -2.0 -3.0 -1.0 
0.0 -1.0 -1.0 -4.0 -4.0 0.0 -4.0 -1.0 -1.0 0.0 0.0 -4.0 -2.0 -2.0 0.0 -1.0 -4.0 -1.0 -1.0 -3.0 0.0 -2.0 -4.0 0.0 -3.0 0.0 -3.0 -2.0 0.0 126.0 -3.0 -3.0 -2.0 -4.0 0.0 -3.0 -4.0 -1.0 -3.0 -2.0 -2.0 -1.0 0.0 -2.0 -3.0 -3.0 -3.0 -1.0 -2.0 -1.0 -1.0 -4.0 -3.0 -3.0 -3.0 -1.0 -4.0 -3.0 -1.0 -3.0 -3.0 0.0 -1.0 -2.0 -3.0 
-4.0 -3.0 0.0 -2.0 -1.0 -1.0 -3.0 -1.0 0.0 -3.0 -3.0 -3.0 -2.0 -4.0 -1.0 0.0 -4.0 0.0 -2.0 -4.0 -2.0 -1.0 -2.0 0.0 0.0 -3.0 -4.0 -4.0 -4.0 -3.0 134.0 -2.0 -1.0 -1.0 -1.0 -1.0 -4.0 -1.0 -4.0 -3.0 -3.0 0.0 -3.0 -4.0 0.0 -1.0 0.0 -3.0 -1.0 -1.0 -2.0 0.0 -3.0 -4.0 -2.0 -4.0 -2.0 -1.0 0.0 -3.0 -3.0 -4.0 -4.0 0.0 -4.0 
-4.0 -3.0 -1.0 -2.0 -3.0 0.0 0.0 -3.0 -4.0 -2.0 -4.0 -3.0 0.0 -1.0 -2.0 -3.0 0.0 -2.0 0.0 -1.0 -1.0 -2.0 0.0 0.0 -1.0 0.0 -4.0 -1.0 0.0 -4.0 0.0 114.0 0.0 -2.0 -1.0 -1.0 -4.0 -4.0 -3.0 -3.0 -4.0 -1.0 0.0 -4.0 0.0 0.0 -3.0 -2.0 -4.0 -3.0 -2.0 -2.0 -3.0 -1.0 -4.0 -1.0 -1.0 -3.0 0.0 0.0 -4.0 0.0 0.0 -3.0 0.0 
0.0 -3.0 0.0 -1.0 0.0 -2.0 -3.0 -1.0 -1.0 -1.0 -3.0 -3.0 -4.0 0.0 -3.0 0.0 -1.0 -4.0 -3.0 -1.0 -1.0 0.0 -4.0 0.0 -1.0 -1.0 0.0 -1.0 -4.0 0.0 0.0 -2.0 129.0 -4.0 -2.0 -4.0 -3.0 -4.0 -4.0 -2.0 -2.0 -3.0 0.0 -3.0 -4.0 -4.0 -2.0 -3.0 -1.0 -4.0 -1.0 -2.0 -4.0 -3.0 -3.0 -4.0 -2.0 0.0 -4.0 -1.0 -3.0 -2.0 -2.0 0.0 -1.0 
-4.0 0.0 -3.0 -4.0 0.0 -1.0 -3.0 -1.0 -4.0 0.0 0.0 -3.0 -2.0 0.0 -4.0 -1.0 -1.0 -3.0 -4.0 0.0 -1.0 -1.0 -1.0 0.0 0.0 -1.0 -3.0 -1.0 0.0 -4.0 -1.0 -4.0 0.0 98.0 -1.0 -1.0 -3.0 -1.0 -2.0 -4.0 0.0 -4.0 -1.0 -2.0 -1.0 -2.0 -1.0 0.0 0.0 -4.0 -2.0 0.0 0.0 0.0 -1.0 -3.0 -1.0 0.0 -1.0 -3.0 -1.0 0.0 -3.0 0.0 -1.0 
-1.0 -1.0 -4.0 0.0 -3.0 -2.0 -2.0 -4.0 0.0 -2.0 -1.0 -3.0 -4.0 -4.0 0.0 -4.0 0.0 0.0 -4.0 -4.0 0.0 -2.0 -2.0 -1.0 -4.0 -4.0 -1.0 -3.0 -2.0 -1.0 -3.0 0.0 -2.0 -2.0 144.0 0.0 -4.0 -4.0 -2.0 -1.0 -1.0 -3.0 -4.0 -1.0 -3.0 -3.0 -1.0 -4.0 -2.0 -4.0 -3.0 -1.0 -3.0 -2.0 -3.0 -3.0 -2.0 -3.0 -4.0 -4.0 0.0 -4.0 0.0 -3.0 -2.0 
-2.0 -1.0 -1.0 -1.0 -1.0 -2.0 -1.0 -1.0 -3.0 0.0 0.0 -4.0 0.0 -4.0 -1.0 -2.0 -4.0 -3.0 -1.0 0.0 -4.0 0.0 -3.0 -1.0 -3.0 0.0 -4.0 -3.0 0.0 -1.0 0.0 -2.0 -1.0 0.0 -3.0 119.0 -2.0 -2.0 -3.0 -3.0 -1.0 -2.0 -3.0 -4.0 -3.0 -3.0 -1.0 0.0 -3.0 -4.0 0.0 -3.0 -3.0 -3.0 -1.0 -2.0 0.0 0.0 -2.0 -4.0 0.0 -1.0 -4.0 -3.0 -2.0 
-3.0 -1.0 -1.0 -1.0 -3.0 0.0 -2.0 -3.0 -4.0 -2.0 -1.0 -1.0 -1.0 -3.0 -4.0 -2.0 -2.0 0.0 -2.0 -2.0 -4.0 -2.0 0.0 -1.0 -1.0 -3.0 -2.0 0.0 -2.0 -2.0 -3.0 0.0 -1.0 -4.0 -3.0 -3.0 122.0 -3.0 0.0 -1.0 -4.0 -2.0 -2.0 -1.0 -2.0 0.0 -4.0 -4.0 -2.0 0.0 -1.0 -4.0 0.0 -2.0 -2.0 -4.0 -4.0 0.0 -3.0 -2.0 -1.0 0.0 0.0 -4.0 -1.0 
-1.0 -2.0 -2.0 -4.0 -1.0 -2.0 -4.0 0.0 -2.0 -2.0 -2.0 0.0 -2.0 -4.0 -1.0 0.0 -1.0 -3.0 -3.0 -1.0 -1.0 -1.0 -4.0 0.0 -3.0 0.0 -1.0 -2.0 -1.0 -4.0 -3.0 0.0 -1.0 -3.0 -1.0 -4.0 -3.0 127.0 -4.0 -3.0 -1.0 -4.0 0.0 -3.0 -4.0 -4.0 -1.0 -4.0 0.0 -1.0 0.0 -4.0 -3.0 -4.0 0.0 0.0 -1.0 -3.0 -1.0 0.0 -3.0 -1.0 -4.0 -4.0 -1.0 
-3.0 0.0 -1.0 -4.0 0.0 0.0 0.0 0.0 -2.0 -2.0 -4.0 -2.0 -3.0 0.0 -3.0 -4.0 -1.0 0.0 -2.0 0.0 -4.0 -2.0 -4.0 -1.0 -1.0 -2.0 -1.0 -1.0 -2.0 -4.0 -3.0 -2.0 0.0 -4.0 -3.0 -1.0 -1.0 0.0 117.0 -2.0 0.0 -2.0 -2.0 -3.0 -4.0 -2.0 -4.0 -3.0 0.0 0.0 -4.0 0.0 0.0 -1.0 -2.0 0.0 -3.0 -4.0 -3.0 -1.0 0.0 -2.0 0.0 -4.0 -4.0 
-4.0 0.0 -4.0 0.0 -4.0 -4.0 0.0 0.0 0.0 -1.0 -3.0 -3.0 -3.0 -3.0 0.0 -1.0 -1.0 0.0 -4.0 -2.0 -1.0 -2.0 -3.0 -3.0 -1.0 -3.0 0.0 -4.0 -2.0 -2.0 -3.0 -2.0 -3.0 -4.0 -2.0 0.0 -3.0 -3.0 -1.0 134.0 -4.0 -2.0 -2.0 -1.0 -4.0 -4.0 -1.0 -1.0 0.0 -4.0 -1.0 0.0 -3.0 -3.0 -2.0 -4.0 -2.0 -3.0 -4.0 -2.0 -1.0 -2.0 0.0 -2.0 -3.0 
-3.0 -4.0 -3.0 -4.0 -1.0 -3.0 -2.0 0.0 -3.0 0.0 -3.0 -2.0 -3.0 -4.0 -2.0 -4.0 -4.0 0.0 -2.0 0.0 -2.0 -3.0 -2.0 0.0 -2.0 -2.0 0.0 -1.0 0.0 -2.0 -1.0 -2.0 -2.0 0.0 0.0 0.0 0.0 -2.0 -1.0 -3.0 130.0 0.0 -3.0 0.0 -4.0 -1.0 -4.0 -2.0 -3.0 -4.0 -4.0 -2.0 -1.0 -2.0 -4.0 -2.0 -3.0 -4.0 0.0 -4.0 -2.0 -2.0 -1.0 -2.0 -4.0 
-1.0 -2.0 -4.0 -4.0 -3.0 -1.0 0.0 -4.0 -2.0 -3.0 -3.0 -3.0 -3.0 -1.0 0.0 -3.0 -1.0 -2.0 -2.0 -2.0 -1.0 -2.0 -4.0 -1.0 0.0 -2.0 -2.0 -4.0 -2.0 -1.0 -1.0 0.0 -4.0 -1.0 0.0 -4.0 -4.0 -4.0 0.0 -4.0 0.0 129.0 0.0 -4.0 -4.0 -3.0 -2.0 -1.0 0.0 0.0 0.0 -1.0 -4.0 -3.0 -2.0 -3.0 -2.0 -2.0 -4.0 -2.0 -2.0 -1.0 -2.0 0.0 -2.0 
0.0 -1.0 -1.0 -3.0 -1.0 0.0 0.0 0.0 0.0 0.0 -2.0 -4.0 -4.0 -3.0 -4.0 -1.0 -3.0 -1.0 0.0 -1.0 -4.0 -1.0 0.0 -3.0 -1.0 -4.0 -1.0 -3.0 -3.0 -4.0 -3.0 -1.0 -4.0 -1.0 -4.0 -2.0 -3.0 -2.0 -3.0 -4.0 0.0 -4.0 124.0 -1.0 0.0 -2.0 -4.0 -4.0 -1.0 -2.0 -2.0 0.0 0.0 -3.0 0.0 -3.0 0.0 -4.0 -3.0 -4.0 0.0 -2.0 0.0 -3.0 -2.0 
-2.0 -1.0 -3.0 -4.0 -2.0 -3.0 -4.0 -1.0 -1.0 -1.0 0.0 -2.0 -3.0 0.0 -2.0 -2.0 0.0 -2.0 -3.0 0.0 0.0 -4.0 -2.0 -4.0 -2.0 -2.0 -3.0 -4.0 0.0 -4.0 -1.0 -3.0 -4.0 -4.0 -4.0 -3.0 0.0 -1.0 -2.0 -3.0 -1.0 -4.0 -4.0 135.0 0.0 -4.0 -2.0 0.0 -2.0 -2.0 -4.0 -2.0 0.0 -1.0 -3.0 -3.0 0.0 -1.0 -4.0 -3.0 -4.0 -4.0 0.0 -1.0 0.0 
0.0 -3.0 -1.0 0.0 0.0 -3.0 -4.0 0.0 0.0 -4.0 -3.0 -1.0 -3.0 -3.0 -3.0 -3.0 -1.0 -4.0 -3.0 -1.0 0.0 -1.0 -3.0 0.0 0.0 -4.0 -3.0 -1.0 0.0 -1.0 -2.0 -1.0 -3.0 -1.0 -2.0 -3.0 0.0 -4.0 -3.0 -1.0 -4.0 -4.0 -2.0 -3.0 126.0 -3.0 -1.0 -4.0 -1.0 -3.0 -1.0 -2.0 -4.0 -4.0 -1.0 -1.0 0.0 0.0 -3.0 -3.0 -2.0 -3.0 -1.0 -1.0 -2.0 
-2.0 -1.0 -1.0 -4.0 -4.0 -1.0 -1.0 -1.0 0.0 -2.0 -1.0 -2.0 -1.0 -2.0 0.0 -1.0 -4.0 -3.0 -1.0 -3.0 0.0 -4.0 0.0 -3.0 -2.0 -3.0 -1.0 -1.0 -2.0 -3.0 0.0 -2.0 -4.0 -4.0 -3.0 -1.0 -1.0 -3.0 -1.0 -4.0 0.0 -2.0 0.0 0.0 -4.0 119.0 -4.0 -2.0 0.0 0.0 0.0 -3.0 -1.0 -2.0 -3.0 0.0 -3.0 -3.0 -1.0 -2.0 -3.0 -3.0 -4.0 0.0 -2.0 
-1.0 -3.0 0.0 0.0 -2.0 -1.0 -3.0 -2.0 0.0 -4.0 -1.0 -3.0 0.0 -3.0 -3.0 -4.0 -1.0 -2.0 -1.0 -3.0 -3.0 -2.0 -1.0 -1.0 -2.0 -3.0 0.0 -3.0 -3.0 -3.0 -3.0 -4.0 -1.0 -2.0 0.0 0.0 0.0 -3.0 -2.0 0.0 -3.0 -2.0 -3.0 0.0 -3.0 -1.0 129.0 -1.0 -3.0 -4.0 0.0 -4.0 -3.0 -1.0 -1.0 -3.0 -4.0 -1.0 -4.0 -4.0 -4.0 -1.0 -3.0 0.0 -3.0 
-1.0 0.0 0.0 0.0 -2.0 -2.0 -4.0 -4.0 -3.0 -1.0 0.0 -2.0 -1.0 -3.0 0.0 0.0 -4.0 0.0 -2.0 -1.0 -2.0 0.0 -1.0 -1.0 -2.0 -4.0 -2.0 -4.0 -1.0 -4.0 -1.0 0.0 0.0 -4.0 -1.0 0.0 -3.0 -4.0 -1.0 -3.0 0.0 0.0 -4.0 -2.0 -4.0 -4.0 -2.0 106.0 -3.0 0.0 0.0 -2.0 -1.0 -3.0 -1.0 -2.0 -1.0 0.0 0.0 -1.0 -2.0 -2.0 -1.0 0.0 -3.0 
-4.0 -3.0 -3.0 -3.0 -2.0 -1.0 -4.0 0.0 -4.0 0.0 -3.0 -3.0 -2.0 -1.0 -4.0 0.0 -1.0 -1.0 -4.0 -1.0 -3.0 0.0 -3.0 -3.0 -2.0 -3.0 -3.0 -1.0 0.0 -2.0 -1.0 -1.0 -4.0 -2.0 -4.0 -3.0 -2.0 -4.0 -2.0 -1.0 -3.0 -3.0 -3.0 -3.0 -1.0 -3.0 -4.0 -4.0 146.0 -2.0 -1.0 -4.0 -3.0 -2.0 -1.0 0.0 0.0 -3.0 -3.0 -2.0 -2.0 -3.0 -2.0 -2.0 -4.0 
0.0 0.0 -2.0 -2.0 -1.0 -2.0 -4.0 -4.0 -3.0 -2.0 -4.0 -3.0 -3.0 -3.0 -1.0 0.0 -4.0 -4.0 -3.0 0.0 -1.0 0.0 -1.0 -3.0 -3.0 -2.0 0.0 0.0 -1.0 -4.0 -4.0 -2.0 0.0 -2.0 0.0 -1.0 -2.0 -3.0 -3.0 -1.0 -3.0 -4.0 0.0 -1.0 -1.0 -1.0 0.0 -2.0 -3.0 123.0 -3.0 -2.0 -1.0 -1.0 -4.0 -1.0 -1.0 0.0 -2.0 -2.0 -4.0 -3.0 0.0 -2.0 -4.0 
0.0 0.0 -1.0 -4.0 -3.0 -3.0 0.0 -1.0 -2.0 -2.0 -2.0 -3.0 -4.0 -4.0 -1.0 -1.0 -3.0 -3.0 -2.0 0.0 0.0 -2.0 -3.0 0.0 -3.0 -3.0 -1.0 -1.0 0.0 -2.0 0.0 -1.0 -1.0 -4.0 -3.0 -1.0 -4.0 -4.0 -1.0 0.0 0.0 -4.0 0.0 0.0 0.0 -1.0 -1.0 -1.0 0.0 -2.0 113.0 -1.0 -2.0 -4.0 -3.0 -1.0 -4.0 -1.0 -4.0 -2.0 0.0 -4.0 -4.0 -1.0 0.0 
-1.0 0.0 -1.0 -2.0 0.0 0.0 -1.0 -3.0 -3.0 0.0 -2.0 -1.0 -3.0 -4.0 -1.0 0.0 -3.0 0.0 0.0 -1.0 0.0 -1.0 -1.0 -1.0 0.0 -3.0 -3.0 -2.0 -4.0 0.0 0.0 0.0 -1.0 0.0 -4.0 -4.0 0.0 -3.0 -2.0 -3.0 -1.0 -2.0 -1.0 -1.0 -3.0 -3.0 -1.0 -2.0 -4.0 0.0 -3.0 105.0 0.0 0.0 0.0 -4.0 -4.0 0.0 -1.0 -4.0 -4.0 -1.0 -2.0 -2.0 -4.0 
-3.0 -3.0 -1.0 -2.0 -3.0 -4.0 -3.0 -3.0 -3.0 -4.0 -1.0 -2.0 0.0 -4.0 -4.0 -2.0 -4.0 0.0 0.0 -1.0 -2.0 0.0 -3.0 0.0 0.0 -4.0 -2.0 0.0 -2.0 -3.0 -3.0 0.0 -1.0 -4.0 -2.0 0.0 -2.0 -3.0 0.0 0.0 -3.0 -4.0 -3.0 -3.0 -2.0 -2.0 -3.0 -4.0 -3.0 -2.0 -3.0 -4.0 135.0 0.0 -2.0 -1.0 -3.0 -1.0 -4.0 0.0 -3.0 -2.0 -2.0 0.0 -3.0 
-3.0 -3.0 -2.0 -2.0 -2.0 -1.0 -4.0 -4.0 -3.0 -2.0 0.0 0.0 -3.0 -3.0 -3.0 -3.0 -1.0 -4.0 -1.0 -2.0 -4.0 -3.0 -3.0 -2.0 -4.0 -2.0 -1.0 0.0 -3.0 -1.0 0.0 -2.0 -1.0 -3.0 0.0 -3.0 0.0 0.0 -2.0 -4.0 -2.0 -2.0 -1.0 -2.0 -3.0 -2.0 -1.0 -1.0 0.0 0.0 -4.0 -3.0 -1.0 130.0 -3.0 -1.0 0.0 0.0 -1.0 -4.0 -4.0 -4.0 -4.0 0.0 -3.0 
-4.0 -3.0 -4.0 -2.0 0.0 -3.0 -4.0 -2.0 -3.0 0.0 0.0 -1.0 -1.0 -4.0 -3.0 -1.0 -2.0 -3.0 -1.0 -2.0 0.0 -1.0 0.0 0.0 -3.0 -1.0 -2.0 -4.0 -2.0 0.0 -2.0 -1.0 -1.0 -3.0 -2.0 -2.0 -4.0 -3.0 0.0 0.0 -3.0 0.0 -4.0 -4.0 -2.0 -1.0 -1.0 -1.0 -2.0 -1.0 -3.0 -2.0 0.0 0.0 119.0 -1.0 -3.0 -2.0 -3.0 -2.0 -3.0 0.0 -2.0 -1.0 -4.0 
-3.0 -3.0 -2.0 0.0 -1.0 -2.0 -4.0 -3.0 -3.0 0.0 -4.0 -3.0 0.0 -2.0 0.0 -2.0 -4.0 -4.0 0.0 -1.0 0.0 0.0 -1.0 -4.0 -4.0 -1.0 -2.0 -4.0 -3.0 -3.0 -1.0 0.0 -4.0 0.0 -3.0 -4.0 -2.0 -2.0 -2.0 -2.0 -1.0 -2.0 -4.0 -2.0 0.0 -4.0 -3.0 -1.0 -1.0 -2.0 -1.0 -4.0 0.0 -2.0 -1.0 132.0 -1.0 0.0 -2.0 -4.0 -4.0 -3.0 -2.0 -3.0 -2.0 
-4.0 0.0 -4.0 -3.0 -1.0 -4.0 -4.0 -3.0 0.0 0.0 -3.0 -3.0 -3.0 -1.0 -4.0 -4.0 -3.0 -2.0 -1.0 -1.0 -4.0 0.0 -2.0 -2.0 -4.0 -3.0 -2.0 -4.0 0.0 -3.0 -1.0 -3.0 -2.0 -4.0 -4.0 0.0 -4.0 -2.0 -2.0 -3.0 -3.0 -2.0 0.0 -1.0 -3.0 -3.0 -4.0 -3.0 -2.0 -1.0 0.0 -3.0 -4.0 0.0 -3.0 -1.0 143.0 -2.0 -4.0 -3.0 -3.0 0.0 0.0 0.0 -1.0 
-3.0 -2.0 -4.0 -3.0 0.0 -2.0 -3.0 -3.0 -3.0 0.0 -1.0 -4.0 -1.0 -2.0 -2.0 -3.0 -3.0 -3.0 -1.0 0.0 -1.0 -2.0 -4.0 -3.0 -1.0 -4.0 -2.0 0.0 0.0 -3.0 -2.0 -2.0 -2.0 -3.0 -1.0 -2.0 -4.0 -1.0 -3.0 -2.0 -4.0 0.0 0.0 -2.0 -3.0 -4.0 -3.0 -2.0 -4.0 -4.0 -3.0 -1.0 -1.0 -1.0 -4.0 -2.0 0.0 136.0 -4.0 -2.0 -1.0 -3.0 0.0 -3.0 0.0 
-1.0 -4.0 -1.0 -3.0 -4.0 0.0 0.0 -4.0 0.0 -2.0 -1.0 -1.0 0.0 -2.0 -3.0 -3.0 0.0 0.0 -3.0 -3.0 -3.0 -4.0 -3.0 -3.0 -2.0 -1.0 0.0 -3.0 0.0 -4.0 -3.0 0.0 -3.0 -1.0 -4.0 -3.0 -1.0 -1.0 -4.0 -2.0 -1.0 -3.0 -3.0 -3.0 -1.0 -1.0 -1.0 0.0 -3.0 0.0 -3.0 -2.0 -4.0 -1.0 -3.0 -2.0 -1.0 -4.0 130.0 -1.0 -3.0 -2.0 -2.0 -4.0 -2.0 
-2.0 -4.0 -1.0 -3.0 -4.0 0.0 0.0 -2.0 -2.0 -2.0 -4.0 -3.0 -4.0 0.0 -2.0 -2.0 -4.0 0.0 -2.0 -3.0 -4.0 0.0 0.0 -4.0 -2.0 -1.0 -3.0 -2.0 -3.0 -3.0 -2.0 -1.0 -2.0 -1.0 0.0 -2.0 -2.0 -3.0 -4.0 0.0 -1.0 -1.0 -4.0 -1.0 0.0 -3.0 -1.0 -3.0 -3.0 -4.0 -3.0 -4.0 0.0 -4.0 -4.0 0.0 -3.0 0.0 -2.0 129.0 -1.0 0.0 -2.0 -2.0 0.0 
-2.0 0.0 -2.0 -3.0 -4.0 -3.0 0.0 0.0 -1.0 0.0 0.0 0.0 -1.0 -4.0 -1.0 -3.0 -4.0 -2.0 -1.0 -1.0 -3.0 -4.0 -3.0 -2.0 -2.0 -3.0 -2.0 -2.0 -3.0 -3.0 -4.0 0.0 -3.0 -1.0 -4.0 -1.0 0.0 -3.0 -3.0 -3.0 -2.0 0.0 -4.0 -1.0 0.0 0.0 0.0 -1.0 -3.0 -4.0 -1.0 -4.0 -4.0 -1.0 -3.0 0.0 -4.0 -4.0 0.0 0.0 119.0 0.0 -2.0 0.0 0.0 
0.0 -4.0 -2.0 -2.0 -3.0 -4.0 0.0 -2.0 -1.0 -1.0 -3.0 0.0 -2.0 -2.0 -1.0 -2.0 -2.0 -4.0 0.0 -4.0 0.0 -2.0 -4.0 0.0 -4.0 -3.0 -2.0 -2.0 -2.0 0.0 0.0 -4.0 -1.0 -2.0 0.0 -1.0 -2.0 -4.0 0.0 -4.0 -1.0 -4.0 -4.0 -4.0 0.0 -4.0 -1.0 -1.0 -2.0 0.0 0.0 -4.0 -1.0 -1.0 -4.0 0.0 -2.0 -3.0 -1.0 -4.0 -4.0 130.0 -3.0 -2.0 -4.0 
-3.0 0.0 -4.0 -4.0 -3.0 -4.0 0.0 0.0 -3.0 -1.0 -3.0 -2.0 -2.0 0.0 0.0 0.0 -1.0 -2.0 -4.0 -1.0 -4.0 0.0 -3.0 -3.0 0.0 -3.0 -1.0 -4.0 -1.0 -4.0 0.0 -2.0 -4.0 -4.0 -1.0 -1.0 -2.0 -3.0 -3.0 -3.0 -2.0 -2.0 -2.0 0.0 -3.0 -2.0 -2.0 -3.0 0.0 0.0 -4.0 0.0 0.0 0.0 -3.0 0.0 -3.0 -4.0 -3.0 -1.0 -3.0 -3.0 125.0 -2.0 0.0 
-3.0 -3.0 -3.0 -1.0 -1.0 -3.0 -4.0 0.0 -2.0 -1.0 -3.0 -3.0 -2.0 0.0 -2.0 -3.0 -1.0 0.0 0.0 -1.0 -2.0 -1.0 -1.0 -4.0 -4.0 -3.0 0.0 -2.0 -2.0 -3.0 -2.0 -2.0 0.0 -3.0 -1.0 -1.0 -2.0 -4.0 -4.0 0.0 0.0 -2.0 -4.0 -1.0 0.0 -1.0 -1.0 -1.0 -3.0 -1.0 -4.0 -1.0 -2.0 -1.0 -4.0 -3.0 0.0 0.0 -3.0 0.0 -3.0 -3.0 -3.0 122.0 -4.0 
-3.0 -2.0 -4.0 -1.0 -1.0 -4.0 -4.0 -2.0 -4.0 -1.0 0.0 -3.0 -3.0 -1.0 0.0 0.0 -2.0 -3.0 0.0 -3.0 -3.0 -2.0 0.0 -4.0 -3.0 0.0 -1.0 -3.0 -1.0 -4.0 -2.0 -1.0 -1.0 -4.0 -4.0 0.0 -4.0 -4.0 -4.0 -1.0 -3.0 -4.0 -4.0 -1.0 -2.0 0.0 -3.0 -1.0 -3.0 -2.0 0.0 -2.0 -2.0 -1.0 -1.0 0.0 0.0 -4.0 0.0 -1.0 -2.0 -3.0 -2.0 -4.0 132.0 
