19.6 0.0 -1.0 0.0 0.0 0.0 -1.0 -2.0 -2.0 -1.0 -3.0 0.0 -4.0 -4.0 -3.0 
-1.0 24.0 -2.0 0.0 -1.0 -4.0 -3.0 -3.0 -4.0 0.0 0.0 0.0 -2.0 0.0 -4.0 
-3.0 0.0 33.0 -4.0 -4.0 -4.0 0.0 -4.0 -2.0 -2.0 -4.0 0.0 0.0 -4.0 -2.0 
-1.0 -4.0 -1.0 21.0 -2.0 -3.0 0.0 -1.0 0.0 0.0 -2.0 -2.0 -2.0 -2.0 -1.0 
-4.0 -2.0 -3.0 -3.0 29.0 -2.0 -2.0 0.0 -1.0 -3.0 -1.0 -1.0 -2.0 -2.0 -3.0 
-2.0 -3.0 -2.0 -2.0 -3.0 26.0 0.0 -2.0 -1.0 -4.0 -3.0 0.0 -3.0 -1.0 0.0 
-2.0 -2.0 -1.0 0.0 -3.0 -4.0 27.0 -4.0 -3.0 0.0 -3.0 0.0 -1.0 -4.0 0.0 
-3.0 -3.0 0.0 -3.0 -2.0 -2.0 -2.0 26.0 -4.0 -2.0 -1.0 -1.0 -1.0 0.0 -2.0 
0.0 -3.0 -2.0 -3.0 -2.0 -3.0 -4.0 -4.0 33.0 -4.0 -2.0 0.0 -2.0 -4.0 0.0 
-3.0 -1.0 -2.0 -2.0 -2.0 -4.0 -3.0 -2.0 -4.0 34.0 -2.0 -2.0 -3.0 -3.0 -1.0 
-4.0 -3.0 0.0 -1.0 0.0 -3.0 -4.0 -4.0 -1.0 -2.0 28.0 0.0 -2.0 -4.0 0.0 
-4.0 -4.0 -3.0 -4.0 -1.0 -3.0 -1.0 -3.0 -1.0 -3.0 -2.0 34.0 -1.0 -3.0 -1.0 
-4.0 0.0 -3.0 -4.0 -1.0 0.0 -2.0 -4.0 0.0 0.0 -4.0 -1.0 26.0 0.0 -3.0 
0.0 0.0 -4.0 -2.0 -2.0 -4.0 -2.0 -2.0 0.0 -4.0 -4.0 -2.0 -3.0 31.0 -2.0 
0.0 -4.0 -2.0 -3.0 -4.0 -1.0 -4.0 0.0 -1.0 0.0 0.0 -2.0 -1.0 -1.0 23.0 
-220.4 -155.0 -164.0 -79.0 -71.0 -32.0 -20.0 29.0 41.0 72.0 105.0 186.0 157.0 173.0 205.0 