219.6 0.0 -4.0 -4.0 -1.0 -3.0 -2.0 -3.0 -4.0 -2.0 -2.0 -3.0 -1.0 -3.0 -2.0 -1.0 -2.0 -3.0 -1.0 -1.0 -1.0 -4.0 -4.0 0.0 -1.0 -2.0 -3.0 -4.0 -1.0 -2.0 -2.0 -3.0 -4.0 0.0 0.0 -4.0 -4.0 -3.0 -2.0 -4.0 -4.0 -1.0 -2.0 -2.0 -4.0 -4.0 -4.0 -1.0 0.0 0.0 -2.0 -2.0 -2.0 -2.0 -2.0 -3.0 -3.0 -3.0 -2.0 0.0 -2.0 0.0 -1.0 0.0 -1.0 -1.0 0.0 -1.0 -3.0 0.0 -3.0 0.0 0.0 -3.0 -3.0 0.0 0.0 -4.0 -4.0 -4.0 0.0 -4.0 0.0 -2.0 -4.0 0.0 0.0 -3.0 -3.0 -2.0 -3.0 -1.0 0.0 -2.0 -2.0 -4.0 -3.0 -1.0 -2.0 -2.0 0.0 -4.0 -1.0 -1.0 -4.0 -1.0 -3.0 -1.0 -1.0 -2.0 -2.0 0.0 -3.0 -4.0 -3.0 
-2.0 200.0 -2.0 0.0 -4.0 -1.0 -1.0 -2.0 -3.0 -3.0 -1.0 -3.0 -3.0 -2.0 -4.0 0.0 -2.0 -4.0 0.0 -2.0 -1.0 0.0 -2.0 -3.0 -4.0 -3.0 -4.0 -3.0 -2.0 -3.0 0.0 -1.0 -3.0 -2.0 -2.0 -1.0 -2.0 0.0 -3.0 -4.0 -1.0 0.0 -4.0 -4.0 -3.0 -3.0 -1.0 -1.0 -2.0 -1.0 -3.0 0.0 -1.0 -3.0 -4.0 0.0 -1.0 0.0 -1.0 -2.0 -1.0 -2.0 -3.0 -2.0 -1.0 -2.0 0.0 -2.0 -4.0 -3.0 0.0 0.0 0.0 -2.0 -1.0 -1.0 -1.0 -2.0 -2.0 -4.0 -2.0 -1.0 -2.0 -3.0 0.0 -4.0 0.0 -1.0 0.0 0.0 -1.0 -3.0 0.0 -4.0 0.0 0.0 0.0 -4.0 0.0 -1.0 -1.0 -1.0 0.0 -1.0 0.0 -3.0 -3.0 -3.0 0.0 0.0 -3.0 -3.0 -4.0 -1.0 -1.0 
-2.0 0.0 208.0 -3.0 -2.0 -3.0 -2.0 0.0 -1.0 -2.0 -2.0 -2.0 -3.0 -1.0 -4.0 0.0 0.0 -3.0 -1.0 -3.0 0.0 -3.0 -4.0 0.0 -2.0 -3.0 0.0 0.0 -3.0 -3.0 -3.0 0.0 -4.0 -2.0 0.0 -3.0 -3.0 -1.0 -2.0 0.0 0.0 -2.0 -1.0 -4.0 -2.0 -3.0 0.0 -4.0 -2.0 -1.0 -4.0 -1.0 -1.0 -2.0 -4.0 -2.0 -2.0 -3.0 -1.0 -2.0 -2.0 -2.0 -1.0 -3.0 0.0 -1.0 -1.0 0.0 -1.0 -4.0 -2.0 -4.0 -2.0 -1.0 -3.0 -1.0 -4.0 0.0 0.0 0.0 -3.0 0.0 -4.0 0.0 0.0 0.0 -3.0 -3.0 0.0 0.0 -4.0 -3.0 -1.0 -2.0 -4.0 -1.0 -1.0 -3.0 -1.0 -2.0 -4.0 -3.0 -1.0 -2.0 0.0 0.0 0.0 -1.0 -4.0 -3.0 -1.0 0.0 -4.0 -4.0 -3.0 
-3.0 -2.0 -2.0 233.0 -1.0 -3.0 -4.0 -2.0 -2.0 -1.0 -1.0 -1.0 -1.0 -1.0 0.0 -1.0 -4.0 -4.0 -4.0 -3.0 -3.0 0.0 -3.0 0.0 -3.0 0.0 -1.0 0.0 -1.0 0.0 -2.0 -2.0 -1.0 -3.0 -2.0 0.0 -1.0 -1.0 -1.0 -4.0 -3.0 -1.0 -1.0 0.0 -2.0 -2.0 -2.0 -2.0 -1.0 -1.0 -4.0 -2.0 0.0 -2.0 -2.0 -3.0 -1.0 -1.0 -4.0 -4.0 -3.0 -3.0 -3.0 -2.0 -1.0 0.0 -4.0 -1.0 -4.0 0.0 -4.0 -3.0 -3.0 -4.0 -3.0 -4.0 -1.0 -1.0 -1.0 -1.0 -2.0 -3.0 0.0 -4.0 -4.0 -2.0 -1.0 -3.0 -4.0 -3.0 -4.0 -2.0 -2.0 -1.0 -3.0 -1.0 -4.0 -3.0 -4.0 -3.0 -2.0 -2.0 -4.0 -3.0 -2.0 0.0 -1.0 -3.0 -4.0 0.0 -2.0 0.0 -4.0 0.0 -1.0 
-3.0 0.0 -3.0 -1.0 242.0 -1.0 -3.0 0.0 -4.0 -1.0 -1.0 -2.0 0.0 -3.0 -4.0 -4.0 0.0 -2.0 -3.0 -2.0 -2.0 0.0 -2.0 -2.0 -2.0 0.0 -4.0 -4.0 -4.0 -1.0 -1.0 0.0 0.0 -3.0 -2.0 -3.0 -1.0 -3.0 -3.0 -4.0 0.0 -3.0 -2.0 -2.0 -2.0 0.0 0.0 -3.0 -2.0 -3.0 -3.0 -2.0 -2.0 0.0 -4.0 -3.0 -1.0 0.0 -4.0 -2.0 -4.0 -1.0 -1.0 0.0 -4.0 -4.0 -3.0 -4.0 0.0 -2.0 -2.0 0.0 -1.0 -4.0 -4.0 -1.0 -4.0 -2.0 -4.0 -3.0 -1.0 -4.0 -3.0 0.0 -2.0 -3.0 0.0 -1.0 -3.0 -3.0 0.0 0.0 -1.0 -3.0 -2.0 -2.0 -4.0 -2.0 -1.0 -2.0 -4.0 0.0 -2.0 0.0 -4.0 -4.0 -4.0 -2.0 -4.0 -4.0 -2.0 -4.0 -3.0 -1.0 -3.0 
-3.0 -3.0 0.0 -2.0 -3.0 225.0 -2.0 -3.0 -3.0 -1.0 -2.0 0.0 0.0 -2.0 -2.0 -2.0 -3.0 -4.0 0.0 -2.0 -1.0 -2.0 -4.0 -2.0 -2.0 -1.0 -1.0 -1.0 -3.0 -1.0 -1.0 -2.0 -3.0 -3.0 -2.0 0.0 -1.0 -3.0 -4.0 -2.0 0.0 -1.0 -3.0 -1.0 -4.0 -3.0 -3.0 -1.0 -2.0 -4.0 -4.0 -4.0 0.0 -3.0 0.0 0.0 0.0 -2.0 -3.0 0.0 -4.0 -4.0 -3.0 -3.0 -1.0 -2.0 -3.0 -1.0 -4.0 -3.0 -2.0 -4.0 -3.0 0.0 -3.0 -1.0 0.0 0.0 -3.0 -2.0 -4.0 -1.0 -4.0 -3.0 0.0 -3.0 -3.0 -4.0 -3.0 -4.0 -1.0 0.0 -1.0 -4.0 -1.0 -2.0 0.0 0.0 -2.0 -1.0 0.0 0.0 0.0 0.0 -1.0 -3.0 -3.0 -4.0 0.0 -2.0 -4.0 -1.0 -3.0 -1.0 -2.0 
0.0 -4.0 -1.0 -4.0 -1.0 -4.0 267.0 -1.0 0.0 -4.0 -2.0 0.0 0.0 -2.0 -3.0 -4.0 -2.0 -4.0 -3.0 -1.0 -2.0 -4.0 -3.0 -3.0 -2.0 -4.0 -2.0 -3.0 -4.0 -3.0 -1.0 -3.0 -1.0 -2.0 -1.0 -2.0 -4.0 -2.0 -3.0 -3.0 0.0 -4.0 -4.0 -4.0 -3.0 -4.0 -3.0 -1.0 -3.0 -3.0 -4.0 -2.0 -1.0 -1.0 -3.0 -4.0 -4.0 -2.0 -2.0 -4.0 -4.0 -2.0 -4.0 -3.0 -2.0 -4.0 -3.0 -2.0 0.0 -1.0 -1.0 0.0 -2.0 -2.0 -1.0 -4.0 -4.0 -4.0 -3.0 -3.0 0.0 -2.0 -4.0 0.0 -2.0 -2.0 -1.0 -2.0 -2.0 -4.0 -3.0 -3.0 -4.0 -4.0 -1.0 -1.0 0.0 -4.0 0.0 -4.0 0.0 -4.0 0.0 -3.0 -4.0 -1.0 -4.0 -1.0 -1.0 -4.0 -2.0 -1.0 -1.0 -1.0 0.0 
-2.0 -4.0 -1.0 -3.0 -4.0 -3.0 -1.0 252.0 -4.0 -4.0 -4.0 -3.0 -3.0 -3.0 -3.0 -2.0 -3.0 -3.0 0.0 -3.0 -4.0 -2.0 -2.0 0.0 -3.0 -4.0 -3.0 0.0 -4.0 -4.0 -4.0 -3.0 -2.0 -1.0 -1.0 -3.0 0.0 -3.0 -2.0 -4.0 -1.0 -4.0 -4.0 -2.0 -4.0 -3.0 0.0 -2.0 -4.0 0.0 -4.0 -1.0 -4.0 -2.0 0.0 -1.0 -4.0 -3.0 -1.0 0.0 -4.0 -2.0 -2.0 0.0 -4.0 -1.0 -1.0 -1.0 -3.0 -3.0 -4.0 -2.0 0.0 -3.0 0.0 -4.0 -3.0 -1.0 -4.0 -3.0 0.0 -2.0 -1.0 -2.0 -3.0 -1.0 -3.0 -3.0 -1.0 -3.0 -4.0 0.0 0.0 -2.0 -4.0 -1.0 -3.0 0.0 -1.0 -2.0 -1.0 0.0 -2.0 -3.0 -3.0 -4.0 0.0 0.0 -3.0 -4.0 -1.0 0.0 -2.0 0.0 -2.0 
-2.0 -2.0 -3.0 -4.0 0.0 -4.0 -2.0 0.0 225.0 -1.0 -3.0 -2.0 -2.0 0.0 0.0 0.0 0.0 -3.0 -3.0 -3.0 -4.0 -4.0 -1.0 -2.0 -2.0 -1.0 -2.0 -2.0 -2.0 0.0 -2.0 -2.0 -2.0 -4.0 -2.0 0.0 -2.0 -4.0 -3.0 -3.0 -3.0 -2.0 0.0 -3.0 -3.0 -2.0 -2.0 -2.0 -4.0 -1.0 -3.0 -1.0 -1.0 -4.0 -4.0 -2.0 -4.0 -1.0 -1.0 -2.0 -2.0 0.0 -3.0 -4.0 -4.0 -2.0 -4.0 -2.0 -4.0 -4.0 0.0 0.0 -3.0 -3.0 -1.0 -3.0 -4.0 -1.0 -1.0 -2.0 -4.0 -1.0 -4.0 -1.0 -2.0 0.0 0.0 -3.0 0.0 0.0 -1.0 0.0 -2.0 -3.0 -2.0 -4.0 -3.0 -4.0 0.0 -2.0 -3.0 -1.0 -3.0 0.0 0.0 -2.0 -1.0 -4.0 -3.0 0.0 0.0 0.0 -2.0 0.0 0.0 
0.0 0.0 -2.0 -2.0 -3.0 -2.0 0.0 -3.0 0.0 225.0 0.0 0.0 -1.0 -3.0 -4.0 -2.0 -1.0 -3.0 -4.0 -3.0 -2.0 -1.0 -3.0 -4.0 -3.0 0.0 0.0 -2.0 -3.0 -3.0 -4.0 -3.0 -2.0 0.0 -1.0 -2.0 -3.0 -3.0 -1.0 -1.0 -1.0 -2.0 -3.0 -2.0 0.0 -3.0 -4.0 0.0 -3.0 -3.0 -3.0 -1.0 -1.0 -3.0 0.0 0.0 0.0 -4.0 -1.0 -1.0 0.0 -4.0 -2.0 -2.0 -2.0 0.0 -1.0 -2.0 -2.0 -4.0 -1.0 0.0 0.0 -1.0 -3.0 -3.0 0.0 0.0 -3.0 -4.0 -3.0 -1.0 -4.0 -1.0 -1.0 -2.0 -4.0 -4.0 0.0 0.0 -2.0 -4.0 -3.0 -3.0 -1.0 -2.0 -4.0 0.0 -4.0 -4.0 -4.0 -3.0 -1.0 -3.0 -3.0 0.0 -4.0 -3.0 -1.0 -2.0 -2.0 -1.0 -4.0 -4.0 0.0 
-1.0 -2.0 -4.0 -4.0 0.0 0.0 -2.0 -4.0 -4.0 -4.0 235.0 -3.0 0.0 -4.0 -1.0 -3.0 0.0 0.0 -4.0 -1.0 -3.0 -4.0 -4.0 -1.0 -4.0 -1.0 -2.0 0.0 -1.0 -3.0 0.0 0.0 -3.0 -2.0 -3.0 -3.0 -2.0 -3.0 -1.0 -1.0 -3.0 -4.0 -3.0 -1.0 0.0 -1.0 -4.0 0.0 0.0 -2.0 -2.0 0.0 -2.0 -4.0 -4.0 -2.0 0.0 -4.0 -1.0 -1.0 -1.0 0.0 -3.0 -3.0 -3.0 0.0 -1.0 -2.0 -1.0 -4.0 -1.0 -2.0 -1.0 -2.0 0.0 -2.0 -2.0 0.0 0.0 -4.0 -2.0 -4.0 -3.0 -2.0 -4.0 0.0 -3.0 -2.0 -3.0 -3.0 -1.0 -4.0 -3.0 -2.0 -4.0 0.0 0.0 0.0 -3.0 -4.0 -1.0 -3.0 -2.0 -2.0 -4.0 -3.0 -2.0 -2.0 -3.0 -3.0 -2.0 -3.0 -1.0 -4.0 -1.0 
-1.0 -4.0 -4.0 0.0 -1.0 0.0 -3.0 -3.0 -3.0 -1.0 -4.0 237.0 -4.0 -4.0 -4.0 -2.0 -1.0 -2.0 0.0 0.0 -4.0 -3.0 -3.0 -4.0 -4.0 0.0 -4.0 -2.0 -1.0 -2.0 0.0 -3.0 -4.0 -2.0 -1.0 -3.0 -4.0 0.0 0.0 -1.0 -3.0 -3.0 0.0 -1.0 -1.0 -2.0 -3.0 0.0 -2.0 -4.0 -4.0 -4.0 -3.0 -3.0 -1.0 -3.0 0.0 0.0 -2.0 -2.0 -3.0 -2.0 -1.0 -1.0 -2.0 0.0 -4.0 -4.0 -3.0 -4.0 -4.0 -1.0 -4.0 -4.0 0.0 -3.0 -1.0 -2.0 0.0 -1.0 -3.0 -2.0 -1.0 -3.0 -3.0 -3.0 -4.0 -2.0 0.0 -4.0 -3.0 0.0 -3.0 -1.0 -4.0 -1.0 -3.0 -4.0 -3.0 -1.0 -1.0 0.0 -2.0 -1.0 -1.0 0.0 -2.0 -1.0 -1.0 -1.0 -3.0 -2.0 -2.0 0.0 -1.0 
-1.0 -2.0 -1.0 -3.0 -4.0 -1.0 -2.0 0.0 0.0 -1.0 -3.0 -3.0 241.0 -1.0 -1.0 0.0 -2.0 -4.0 -4.0 -3.0 0.0 -2.0 -2.0 -2.0 0.0 -4.0 -4.0 -4.0 -4.0 -3.0 -3.0 0.0 -1.0 -1.0 -2.0 -4.0 -1.0 -4.0 -1.0 -2.0 0.0 -4.0 -3.0 -2.0 -2.0 0.0 0.0 -4.0 -4.0 0.0 -2.0 -3.0 -4.0 -2.0 -1.0 -1.0 -3.0 -4.0 -4.0 0.0 0.0 -4.0 -4.0 -3.0 0.0 -4.0 -4.0 -4.0 0.0 -2.0 -4.0 -3.0 -3.0 0.0 0.0 0.0 -2.0 0.0 0.0 -4.0 -2.0 -1.0 -4.0 -2.0 0.0 -2.0 -2.0 0.0 0.0 -4.0 -4.0 -2.0 -3.0 -2.0 0.0 -4.0 -2.0 -2.0 -4.0 0.0 -2.0 -4.0 -1.0 -3.0 -2.0 -4.0 -4.0 -3.0 -3.0 0.0 -2.0 -3.0 -3.0 -3.0 0.0 
-3.0 -1.0 -3.0 -3.0 -1.0 0.0 -4.0 0.0 -3.0 0.0 0.0 -2.0 -3.0 238.0 0.0 -3.0 -3.0 -2.0 -4.0 -3.0 -4.0 -2.0 0.0 -3.0 -3.0 -1.0 -3.0 -4.0 0.0 -4.0 -2.0 -4.0 -3.0 -1.0 -1.0 0.0 -4.0 -4.0 -3.0 0.0 -1.0 -1.0 -3.0 -4.0 0.0 -4.0 -4.0 -3.0 -2.0 0.0 -3.0 -3.0 -3.0 -1.0 -2.0 -2.0 -3.0 0.0 0.0 -1.0 0.0 -3.0 0.0 -4.0 -4.0 -1.0 -1.0 -2.0 -2.0 -1.0 -2.0 -1.0 -4.0 -3.0 0.0 0.0 -4.0 -1.0 0.0 0.0 0.0 -3.0 -2.0 -3.0 0.0 -3.0 -4.0 -3.0 -2.0 -3.0 -1.0 -3.0 0.0 -1.0 -3.0 -3.0 -4.0 -3.0 -4.0 0.0 -1.0 0.0 -3.0 -3.0 -2.0 -4.0 -2.0 -1.0 -2.0 -4.0 -2.0 -2.0 -2.0 -4.0 -4.0 
-4.0 -4.0 -1.0 -3.0 0.0 -3.0 0.0 -1.0 -2.0 -4.0 -3.0 0.0 -4.0 -3.0 240.0 -4.0 -1.0 -2.0 -3.0 -2.0 -2.0 -4.0 0.0 -2.0 -2.0 -1.0 -3.0 -3.0 -2.0 -1.0 -1.0 -4.0 -1.0 -4.0 -1.0 -3.0 -3.0 -2.0 -4.0 -4.0 -3.0 -4.0 -1.0 0.0 -2.0 -3.0 -3.0 -2.0 -2.0 -3.0 -2.0 -4.0 -2.0 -2.0 -4.0 -4.0 -4.0 -1.0 -3.0 0.0 0.0 -2.0 -3.0 -4.0 -4.0 -2.0 0.0 -2.0 -1.0 0.0 0.0 0.0 -2.0 -4.0 0.0 -1.0 -1.0 -4.0 -4.0 -4.0 -3.0 -3.0 -3.0 -1.0 -2.0 0.0 0.0 -2.0 -2.0 -1.0 0.0 0.0 -4.0 -3.0 0.0 -3.0 -3.0 -2.0 -1.0 -2.0 0.0 0.0 -1.0 -4.0 0.0 -2.0 -3.0 -2.0 -3.0 0.0 -3.0 -4.0 -4.0 0.0 -1.0 
-2.0 -3.0 -4.0 0.0 -4.0 0.0 -2.0 -3.0 0.0 -1.0 0.0 -1.0 -2.0 -1.0 -1.0 225.0 -4.0 -4.0 -4.0 -2.0 -3.0 0.0 -2.0 0.0 -4.0 -3.0 -4.0 0.0 -4.0 -4.0 -2.0 -2.0 0.0 -2.0 -1.0 -1.0 -3.0 -4.0 -4.0 -2.0 -4.0 0.0 -1.0 -1.0 -4.0 -3.0 0.0 -2.0 -4.0 -1.0 -4.0 -2.0 -3.0 -3.0 0.0 -4.0 -3.0 -1.0 0.0 -2.0 -2.0 -2.0 -2.0 -2.0 -4.0 0.0 0.0 -1.0 0.0 0.0 0.0 -2.0 -3.0 -3.0 -3.0 -1.0 -3.0 -4.0 -2.0 -3.0 -1.0 0.0 -1.0 -4.0 -1.0 -2.0 -1.0 -2.0 -1.0 0.0 -2.0 -3.0 -4.0 0.0 -1.0 -1.0 -1.0 -3.0 -3.0 -3.0 -3.0 -4.0 0.0 -2.0 -2.0 0.0 -4.0 -4.0 0.0 -1.0 -2.0 -1.0 -1.0 -3.0 -2.0 
-1.0 -4.0 -1.0 -1.0 0.0 0.0 -4.0 0.0 -3.0 0.0 -4.0 -2.0 -4.0 0.0 -4.0 -1.0 208.0 -2.0 -4.0 -2.0 -3.0 0.0 -3.0 -1.0 -3.0 -1.0 -1.0 -3.0 -2.0 -4.0 0.0 0.0 -4.0 -3.0 -1.0 -1.0 -4.0 0.0 -2.0 -4.0 0.0 -4.0 -4.0 0.0 0.0 -1.0 -2.0 -1.0 -1.0 -1.0 0.0 -2.0 -3.0 -4.0 0.0 -2.0 -1.0 0.0 -1.0 -4.0 -1.0 -2.0 -4.0 -4.0 -4.0 -1.0 -4.0 0.0 0.0 0.0 -3.0 -2.0 -3.0 -3.0 -3.0 -3.0 -2.0 -3.0 0.0 -3.0 -1.0 -1.0 -4.0 -3.0 -2.0 -1.0 0.0 0.0 -1.0 -3.0 -2.0 0.0 -2.0 0.0 -1.0 -3.0 0.0 -3.0 -3.0 -4.0 -2.0 -2.0 -3.0 0.0 -3.0 0.0 -2.0 0.0 -3.0 -1.0 0.0 -4.0 0.0 -1.0 0.0 
-3.0 -2.0 -2.0 -3.0 -2.0 -3.0 -4.0 -1.0 -1.0 -2.0 -1.0 -4.0 -4.0 -1.0 0.0 -4.0 -3.0 247.0 -1.0 -3.0 -3.0 -1.0 0.0 -4.0 -1.0 -4.0 -3.0 -4.0 0.0 -2.0 -4.0 0.0 -3.0 -2.0 -1.0 -3.0 -2.0 -1.0 -2.0 -1.0 0.0 -3.0 -1.0 -3.0 -2.0 -4.0 -2.0 -4.0 -3.0 -2.0 -4.0 -4.0 -2.0 -1.0 -4.0 -4.0 -2.0 -2.0 -1.0 0.0 -2.0 -4.0 -2.0 0.0 -4.0 -3.0 0.0 0.0 -3.0 0.0 -4.0 -3.0 0.0 0.0 -3.0 -2.0 -2.0 0.0 -3.0 -2.0 -2.0 -4.0 -1.0 -4.0 0.0 -1.0 -2.0 -4.0 -3.0 -3.0 -4.0 -2.0 0.0 -2.0 0.0 -3.0 -4.0 -2.0 -2.0 -2.0 -4.0 -4.0 -1.0 -2.0 -2.0 -1.0 0.0 0.0 0.0 -4.0 -2.0 -3.0 -4.0 -3.0 -2.0 
-2.0 -3.0 -4.0 -1.0 -1.0 0.0 -3.0 -4.0 -4.0 -4.0 -3.0 0.0 -3.0 -2.0 -4.0 0.0 0.0 -3.0 213.0 0.0 -3.0 -1.0 0.0 -1.0 -1.0 0.0 -1.0 0.0 -2.0 -1.0 -4.0 -1.0 -2.0 -1.0 -2.0 -4.0 -2.0 -4.0 -4.0 -1.0 -3.0 -4.0 -1.0 -3.0 -3.0 -4.0 0.0 0.0 0.0 -1.0 -1.0 -3.0 -3.0 -1.0 -1.0 0.0 -1.0 -4.0 -1.0 -1.0 -1.0 -3.0 -1.0 -3.0 -1.0 -4.0 -3.0 -4.0 -3.0 -3.0 0.0 -4.0 -1.0 -1.0 -2.0 -2.0 -3.0 -2.0 -2.0 -2.0 0.0 -1.0 -4.0 -2.0 0.0 -1.0 0.0 -2.0 -3.0 -3.0 -3.0 -4.0 0.0 -3.0 0.0 -3.0 -1.0 0.0 -1.0 -2.0 0.0 -3.0 -2.0 0.0 -3.0 -2.0 -1.0 0.0 -4.0 -1.0 -3.0 -1.0 -1.0 -2.0 -1.0 
-3.0 -2.0 -2.0 -3.0 -1.0 0.0 -4.0 -2.0 -2.0 -3.0 -2.0 -1.0 -3.0 -2.0 0.0 -2.0 -1.0 -3.0 -3.0 228.0 0.0 -3.0 0.0 -2.0 -1.0 -4.0 0.0 -3.0 -2.0 -4.0 0.0 0.0 -3.0 -4.0 -3.0 -2.0 -2.0 -1.0 -1.0 -1.0 -1.0 -2.0 -4.0 0.0 -3.0 -4.0 -1.0 -2.0 -1.0 -1.0 -4.0 0.0 -2.0 -1.0 0.0 -4.0 -3.0 -4.0 -4.0 -2.0 -2.0 -4.0 -1.0 0.0 -3.0 0.0 -3.0 -1.0 -1.0 -4.0 -1.0 0.0 0.0 -1.0 -3.0 -3.0 -2.0 -1.0 -4.0 -3.0 -1.0 0.0 -4.0 -4.0 -1.0 -4.0 -1.0 -4.0 -2.0 0.0 -2.0 -1.0 -3.0 -3.0 -1.0 -4.0 -4.0 0.0 0.0 -2.0 -2.0 -3.0 -4.0 -3.0 -3.0 -1.0 -2.0 -1.0 -1.0 -1.0 -3.0 -2.0 -2.0 -3.0 -1.0 
0.0 -3.0 0.0 -1.0 -1.0 -1.0 -4.0 0.0 0.0 -1.0 -4.0 -1.0 -2.0 -2.0 -1.0 -4.0 -4.0 -4.0 0.0 -3.0 226.0 -2.0 0.0 0.0 -1.0 -1.0 -1.0 0.0 -4.0 -3.0 -1.0 0.0 -1.0 -4.0 -3.0 -1.0 -4.0 -4.0 -4.0 -4.0 -2.0 -3.0 -3.0 -1.0 -2.0 0.0 -3.0 -2.0 -3.0 -3.0 -4.0 0.0 -1.0 -2.0 -2.0 -2.0 -4.0 -1.0 -4.0 -2.0 -4.0 -3.0 -2.0 -2.0 -2.0 -2.0 -4.0 0.0 -2.0 -1.0 -4.0 -4.0 -1.0 -4.0 -4.0 0.0 0.0 0.0 0.0 -1.0 -3.0 -1.0 -1.0 -1.0 -1.0 -3.0 -4.0 -1.0 -4.0 -4.0 -3.0 -2.0 -1.0 -2.0 -3.0 -1.0 -3.0 -3.0 0.0 -1.0 -1.0 -2.0 -1.0 -1.0 -1.0 -3.0 -2.0 -1.0 -2.0 0.0 -1.0 -2.0 -3.0 -2.0 -4.0 
-2.0 -4.0 -2.0 0.0 -4.0 -2.0 0.0 -4.0 -4.0 -1.0 -3.0 -4.0 -3.0 -4.0 0.0 0.0 -4.0 -2.0 -1.0 -3.0 -2.0 254.0 -4.0 -1.0 -1.0 -1.0 -4.0 -1.0 -3.0 -2.0 -4.0 -2.0 -3.0 -3.0 0.0 -2.0 -2.0 -4.0 -2.0 0.0 -2.0 -2.0 -1.0 0.0 -4.0 -3.0 -2.0 0.0 -4.0 -4.0 -2.0 -1.0 -2.0 -4.0 -2.0 -3.0 -4.0 0.0 -1.0 0.0 -4.0 -3.0 -3.0 -3.0 -1.0 0.0 -3.0 -3.0 -2.0 -1.0 0.0 -3.0 -3.0 -4.0 -2.0 -1.0 -1.0 -1.0 -4.0 -3.0 -3.0 -2.0 -4.0 -1.0 -4.0 -3.0 -1.0 -4.0 0.0 -4.0 -4.0 -1.0 -2.0 -3.0 -4.0 -1.0 -3.0 -4.0 -4.0 0.0 -4.0 -1.0 -2.0 -3.0 -4.0 0.0 -1.0 0.0 0.0 -3.0 -2.0 -3.0 -2.0 0.0 -3.0 
0.0 -4.0 0.0 0.0 -4.0 -1.0 -3.0 -3.0 -1.0 0.0 0.0 -2.0 -2.0 -3.0 -4.0 0.0 -1.0 0.0 -4.0 -4.0 -1.0 -4.0 211.0 0.0 -3.0 -3.0 -2.0 0.0 -2.0 0.0 -2.0 -1.0 -2.0 -1.0 -2.0 -2.0 -1.0 -2.0 -3.0 -3.0 -3.0 -3.0 0.0 -3.0 -3.0 -4.0 0.0 -4.0 -2.0 -2.0 0.0 0.0 -1.0 -2.0 0.0 -3.0 -3.0 -2.0 0.0 -4.0 -2.0 -1.0 -3.0 0.0 0.0 0.0 -1.0 -3.0 -3.0 -2.0 0.0 -4.0 0.0 -4.0 -4.0 -2.0 -4.0 0.0 -1.0 -2.0 -4.0 -4.0 -1.0 0.0 -2.0 -3.0 -3.0 -4.0 0.0 0.0 -4.0 -3.0 -1.0 -2.0 -2.0 0.0 -2.0 0.0 -3.0 -4.0 -3.0 0.0 -2.0 -1.0 0.0 -1.0 -4.0 0.0 -4.0 -2.0 0.0 0.0 0.0 -3.0 -4.0 
-4.0 -1.0 -2.0 -4.0 -3.0 -4.0 -3.0 -2.0 -1.0 -4.0 0.0 -3.0 0.0 -3.0 -4.0 -2.0 -1.0 -2.0 -3.0 -3.0 -1.0 -2.0 -1.0 210.0 -2.0 -4.0 0.0 -1.0 -1.0 -2.0 -1.0 -1.0 -1.0 -4.0 -4.0 0.0 0.0 -4.0 -1.0 -3.0 -3.0 0.0 -1.0 -1.0 -4.0 0.0 0.0 0.0 0.0 -1.0 0.0 -4.0 -4.0 -4.0 -1.0 -4.0 -4.0 -2.0 -2.0 -3.0 0.0 -1.0 -4.0 0.0 0.0 -3.0 -3.0 -3.0 0.0 -4.0 -3.0 0.0 0.0 -1.0 -1.0 -4.0 0.0 -1.0 -2.0 -1.0 0.0 -1.0 -2.0 -3.0 0.0 0.0 -2.0 -2.0 -4.0 -4.0 -3.0 -4.0 -2.0 -3.0 0.0 0.0 -4.0 -2.0 0.0 0.0 0.0 0.0 -4.0 -1.0 -3.0 0.0 -3.0 -4.0 -2.0 -1.0 0.0 -1.0 -4.0 0.0 0.0 
-2.0 -4.0 -3.0 -1.0 -4.0 -1.0 0.0 0.0 -2.0 0.0 -1.0 -1.0 -2.0 -4.0 -4.0 0.0 0.0 -3.0 -2.0 -1.0 -4.0 0.0 -1.0 0.0 225.0 -1.0 -3.0 -4.0 -2.0 -3.0 -3.0 -1.0 0.0 -3.0 -3.0 0.0 -4.0 -4.0 -2.0 -1.0 -4.0 -2.0 -4.0 -3.0 -3.0 -4.0 0.0 -1.0 -4.0 -4.0 -2.0 0.0 -1.0 -3.0 -1.0 0.0 -2.0 -3.0 -2.0 0.0 -1.0 -2.0 -4.0 -2.0 -2.0 0.0 0.0 -1.0 0.0 -4.0 -2.0 -4.0 -3.0 -4.0 0.0 -2.0 -1.0 -2.0 -1.0 0.0 -3.0 -1.0 -1.0 0.0 -4.0 -1.0 -4.0 -3.0 -4.0 -4.0 0.0 -4.0 -2.0 -4.0 -1.0 0.0 0.0 -3.0 0.0 -3.0 -3.0 -2.0 -3.0 -4.0 -3.0 -3.0 0.0 0.0 -2.0 -1.0 -1.0 -2.0 -2.0 -4.0 -1.0 
-2.0 -1.0 0.0 0.0 -2.0 -3.0 -4.0 0.0 0.0 0.0 -1.0 -1.0 0.0 -1.0 0.0 -3.0 -2.0 -4.0 -2.0 -1.0 0.0 -4.0 -4.0 -1.0 -1.0 237.0 0.0 -2.0 -1.0 -3.0 -1.0 -4.0 -4.0 -3.0 0.0 -1.0 -1.0 -4.0 -2.0 0.0 -2.0 -2.0 -1.0 -1.0 -2.0 -2.0 -2.0 -1.0 -3.0 -1.0 -3.0 -1.0 -1.0 0.0 -3.0 0.0 -4.0 -2.0 -3.0 -3.0 -2.0 -3.0 -3.0 -2.0 -2.0 -4.0 -2.0 -4.0 0.0 0.0 -4.0 -3.0 -4.0 0.0 -2.0 -1.0 0.0 -4.0 -1.0 -2.0 -2.0 0.0 -1.0 -3.0 0.0 -3.0 -4.0 -3.0 -2.0 -4.0 -2.0 -4.0 -4.0 -4.0 -4.0 -4.0 -3.0 -4.0 -2.0 -3.0 0.0 -4.0 -3.0 -1.0 -3.0 -1.0 -4.0 -1.0 -2.0 -4.0 -4.0 -3.0 0.0 -4.0 -4.0 
-4.0 -1.0 -2.0 0.0 -3.0 -1.0 -3.0 -2.0 -2.0 -2.0 0.0 -2.0 -2.0 -3.0 -1.0 -3.0 0.0 -3.0 -4.0 0.0 -3.0 -3.0 -1.0 -3.0 -4.0 -2.0 237.0 -3.0 -1.0 -1.0 -2.0 -4.0 -4.0 -3.0 -4.0 -2.0 0.0 -4.0 -1.0 -1.0 -2.0 -2.0 -2.0 0.0 -4.0 0.0 -2.0 -1.0 -4.0 -2.0 -4.0 -3.0 0.0 -4.0 0.0 -3.0 -2.0 -4.0 -2.0 -3.0 -3.0 -2.0 -4.0 -3.0 -3.0 0.0 -2.0 -1.0 -3.0 -1.0 0.0 -2.0 -4.0 0.0 0.0 -3.0 -2.0 -2.0 -4.0 -1.0 0.0 -4.0 -4.0 0.0 0.0 -1.0 -3.0 -2.0 -1.0 -3.0 0.0 -1.0 -4.0 -2.0 -2.0 -2.0 -1.0 0.0 -4.0 0.0 -1.0 -4.0 -4.0 -3.0 0.0 -3.0 -2.0 -1.0 -4.0 -2.0 -2.0 -3.0 -2.0 0.0 -4.0 
-2.0 -4.0 -4.0 -4.0 -4.0 -4.0 -2.0 -4.0 -4.0 -3.0 0.0 -4.0 -2.0 -1.0 -3.0 -4.0 -1.0 -1.0 -2.0 -3.0 0.0 0.0 -2.0 -3.0 0.0 0.0 -4.0 241.0 -1.0 -2.0 -1.0 0.0 -4.0 -2.0 0.0 -3.0 0.0 -3.0 -1.0 -2.0 -3.0 -1.0 -2.0 -4.0 -4.0 -2.0 -3.0 -4.0 0.0 -4.0 -1.0 -2.0 -3.0 -4.0 -1.0 -2.0 -4.0 0.0 0.0 -1.0 0.0 -1.0 -2.0 -4.0 0.0 -2.0 -3.0 -2.0 -2.0 -1.0 -1.0 -1.0 -3.0 -4.0 -3.0 0.0 0.0 -3.0 -1.0 0.0 -3.0 -3.0 -3.0 -3.0 -3.0 -4.0 -3.0 -3.0 0.0 -4.0 -2.0 -1.0 -1.0 -1.0 -2.0 -2.0 0.0 -2.0 -2.0 -4.0 -2.0 0.0 -1.0 -3.0 -2.0 -4.0 -2.0 -2.0 -4.0 0.0 -1.0 -3.0 -3.0 -3.0 -3.0 
-4.0 0.0 0.0 -2.0 -3.0 -3.0 -1.0 0.0 -2.0 0.0 -2.0 0.0 0.0 -1.0 -4.0 -1.0 -2.0 -2.0 -1.0 -4.0 -2.0 0.0 -4.0 -1.0 -4.0 -4.0 -1.0 -3.0 228.0 0.0 -4.0 -3.0 -3.0 -1.0 -4.0 0.0 -2.0 -1.0 -1.0 -3.0 -3.0 -1.0 -2.0 -4.0 0.0 -1.0 -3.0 -2.0 -3.0 -2.0 -2.0 -2.0 -2.0 -4.0 -1.0 0.0 -1.0 -4.0 -1.0 -3.0 -2.0 -2.0 -2.0 -4.0 -4.0 -3.0 0.0 -1.0 -1.0 -3.0 -2.0 -4.0 0.0 -4.0 -4.0 -1.0 0.0 -1.0 -1.0 -3.0 0.0 -4.0 -2.0 -4.0 0.0 0.0 -4.0 -2.0 0.0 -3.0 -3.0 0.0 -4.0 0.0 -1.0 0.0 -4.0 -3.0 -3.0 -3.0 0.0 0.0 -4.0 -4.0 -2.0 -4.0 0.0 -2.0 -3.0 0.0 -2.0 -2.0 -2.0 -3.0 -4.0 
-4.0 -3.0 -2.0 -4.0 -4.0 -1.0 -4.0 -2.0 -4.0 -1.0 0.0 -2.0 -2.0 -4.0 -2.0 -1.0 -2.0 -2.0 -2.0 -4.0 -4.0 -2.0 -1.0 0.0 0.0 -4.0 -2.0 -3.0 -4.0 229.0 -4.0 0.0 0.0 -4.0 -2.0 0.0 0.0 -4.0 -1.0 0.0 -2.0 -3.0 -2.0 -1.0 -1.0 -3.0 -3.0 0.0 -2.0 0.0 -3.0 -3.0 -3.0 -4.0 -4.0 -4.0 -4.0 -3.0 0.0 0.0 -1.0 -4.0 -4.0 0.0 -4.0 -4.0 -3.0 0.0 -3.0 -3.0 0.0 0.0 -2.0 -1.0 -3.0 0.0 0.0 -4.0 -1.0 -1.0 0.0 -2.0 -3.0 0.0 0.0 -1.0 0.0 -3.0 -1.0 0.0 -2.0 -1.0 -4.0 -1.0 0.0 0.0 0.0 -3.0 -4.0 0.0 -2.0 -2.0 0.0 -2.0 -4.0 -4.0 -4.0 -1.0 -4.0 -3.0 -4.0 -2.0 0.0 -1.0 -3.0 
-2.0 -1.0 -2.0 -4.0 -2.0 0.0 -2.0 0.0 -4.0 -3.0 -4.0 -3.0 -4.0 0.0 -2.0 -3.0 -2.0 -3.0 -3.0 -4.0 -4.0 0.0 -4.0 0.0 -4.0 -3.0 -4.0 -4.0 -4.0 -3.0 256.0 -1.0 -1.0 -1.0 0.0 -2.0 -1.0 -3.0 -4.0 -4.0 -3.0 0.0 -3.0 -2.0 -1.0 0.0 -1.0 0.0 0.0 -3.0 -4.0 -2.0 -2.0 -4.0 -2.0 -4.0 -1.0 0.0 0.0 -1.0 -3.0 0.0 -1.0 -4.0 -1.0 -1.0 -2.0 -3.0 -4.0 -4.0 -4.0 -4.0 -3.0 0.0 -3.0 -1.0 -1.0 0.0 -2.0 -3.0 -3.0 0.0 -2.0 -2.0 -2.0 -4.0 -2.0 -3.0 -2.0 -2.0 -2.0 -4.0 -4.0 -4.0 -3.0 -3.0 -1.0 -3.0 -3.0 -4.0 -3.0 0.0 -2.0 0.0 -3.0 -1.0 -3.0 -3.0 -4.0 -3.0 -2.0 -2.0 -1.0 -1.0 -3.0 
-1.0 -1.0 -2.0 0.0 -2.0 0.0 -3.0 0.0 -3.0 0.0 -3.0 -3.0 -4.0 -4.0 -2.0 -3.0 -1.0 -3.0 0.0 -2.0 -3.0 -4.0 -2.0 -3.0 -2.0 -4.0 -3.0 -2.0 -2.0 0.0 -3.0 252.0 -2.0 -4.0 -4.0 0.0 -2.0 -1.0 -4.0 -1.0 -4.0 0.0 0.0 -4.0 -2.0 -3.0 -4.0 -1.0 -3.0 -2.0 -2.0 0.0 -3.0 -4.0 -2.0 -3.0 -2.0 -1.0 -3.0 -2.0 -2.0 -2.0 -3.0 -2.0 0.0 -1.0 -3.0 0.0 -3.0 0.0 -1.0 -4.0 -3.0 -4.0 -3.0 -1.0 -2.0 0.0 -3.0 -4.0 -4.0 -1.0 -3.0 -3.0 -4.0 -4.0 -4.0 -1.0 0.0 -1.0 0.0 -4.0 -2.0 -3.0 0.0 -3.0 -3.0 -2.0 -2.0 -1.0 -3.0 -4.0 0.0 0.0 -3.0 -4.0 -3.0 -2.0 0.0 -3.0 -4.0 -4.0 -4.0 0.0 -4.0 
-2.0 -4.0 -2.0 0.0 -1.0 -3.0 -4.0 0.0 -1.0 -1.0 -4.0 -2.0 -1.0 -2.0 -2.0 -2.0 -2.0 -3.0 -1.0 -2.0 -3.0 -3.0 -3.0 0.0 -4.0 -1.0 0.0 -3.0 -1.0 -4.0 -1.0 -4.0 232.0 -2.0 -3.0 -2.0 -4.0 0.0 -4.0 -1.0 0.0 -1.0 -2.0 -3.0 -2.0 -4.0 -2.0 -1.0 -2.0 -3.0 -4.0 -4.0 0.0 -2.0 -3.0 -3.0 -1.0 -2.0 -1.0 0.0 -4.0 0.0 -2.0 0.0 -4.0 -4.0 -2.0 0.0 0.0 -4.0 -1.0 -3.0 0.0 -1.0 -1.0 -2.0 -2.0 -1.0 -1.0 -4.0 -2.0 -4.0 -1.0 -1.0 -4.0 -2.0 -2.0 -3.0 -1.0 0.0 -2.0 0.0 -1.0 0.0 -4.0 -3.0 -4.0 -2.0 -1.0 -3.0 -2.0 -3.0 -4.0 -1.0 -4.0 -3.0 -1.0 -4.0 0.0 0.0 -2.0 -1.0 -2.0 -4.0 -3.0 
-1.0 -1.0 -4.0 -1.0 -3.0 -2.0 -2.0 -1.0 0.0 -1.0 -4.0 -1.0 0.0 -2.0 -3.0 -3.0 -4.0 -3.0 -3.0 -2.0 -3.0 -2.0 -3.0 0.0 -4.0 -4.0 -3.0 0.0 0.0 -2.0 0.0 -4.0 -2.0 227.0 -2.0 -4.0 -3.0 -1.0 -4.0 -3.0 -3.0 -1.0 -2.0 0.0 -4.0 -3.0 -2.0 -1.0 -1.0 0.0 -2.0 -3.0 -2.0 -1.0 -4.0 -2.0 -1.0 -1.0 -2.0 -1.0 -1.0 -3.0 -4.0 0.0 -3.0 -2.0 -3.0 -4.0 -2.0 -1.0 0.0 -1.0 0.0 -2.0 -4.0 -1.0 -1.0 0.0 0.0 -1.0 0.0 -4.0 0.0 -3.0 -3.0 -2.0 -1.0 -2.0 0.0 -2.0 -2.0 -2.0 -3.0 -4.0 -3.0 -4.0 0.0 0.0 -4.0 -3.0 -3.0 -3.0 -2.0 -1.0 -3.0 -1.0 0.0 -4.0 -1.0 0.0 -2.0 -3.0 -4.0 0.0 -4.0 
-1.0 -1.0 -4.0 -1.0 0.0 0.0 -4.0 -1.0 -1.0 -1.0 -2.0 -1.0 -2.0 0.0 -1.0 -2.0 -3.0 -2.0 0.0 -4.0 -2.0 0.0 -3.0 -4.0 -2.0 -4.0 -4.0 -2.0 -4.0 -2.0 0.0 0.0 -2.0 -1.0 235.0 -2.0 -3.0 -2.0 0.0 -1.0 -4.0 -3.0 -3.0 -4.0 -4.0 -1.0 -4.0 -2.0 -3.0 -2.0 -4.0 -3.0 -1.0 -3.0 -3.0 -4.0 -2.0 -1.0 -1.0 0.0 -3.0 -1.0 0.0 0.0 -3.0 0.0 -2.0 -1.0 -3.0 -3.0 -3.0 -2.0 -4.0 -4.0 -4.0 -1.0 -2.0 -2.0 -1.0 -2.0 0.0 -2.0 -3.0 -3.0 -2.0 -3.0 -2.0 -4.0 -4.0 -4.0 -3.0 -3.0 -4.0 -4.0 -1.0 -3.0 -4.0 0.0 0.0 0.0 -3.0 -1.0 -1.0 0.0 -1.0 -2.0 -2.0 -1.0 -4.0 -3.0 -3.0 -1.0 0.0 0.0 -2.0 
-4.0 -3.0 -3.0 -2.0 -3.0 0.0 -2.0 -3.0 -4.0 -1.0 -2.0 -4.0 -3.0 -3.0 -1.0 -2.0 -4.0 -4.0 -2.0 -3.0 -1.0 0.0 -4.0 -4.0 -4.0 -1.0 -4.0 0.0 -2.0 -4.0 0.0 0.0 0.0 -1.0 -3.0 236.0 0.0 0.0 -1.0 -2.0 0.0 -1.0 -3.0 0.0 -1.0 -3.0 0.0 0.0 -2.0 -4.0 -1.0 0.0 0.0 0.0 -4.0 -4.0 0.0 -3.0 -1.0 -2.0 -4.0 -2.0 -2.0 -4.0 -3.0 -3.0 -2.0 -3.0 -3.0 0.0 -3.0 -4.0 -2.0 -3.0 -3.0 -4.0 0.0 -2.0 -1.0 -3.0 0.0 -1.0 -1.0 -4.0 -1.0 -1.0 -3.0 -4.0 -1.0 0.0 -1.0 -3.0 -2.0 -1.0 -4.0 -1.0 -4.0 -2.0 -3.0 -1.0 -4.0 0.0 -3.0 -4.0 0.0 -4.0 -2.0 -2.0 -2.0 -4.0 -1.0 -2.0 -2.0 -4.0 0.0 
0.0 -1.0 -3.0 0.0 -4.0 -2.0 -4.0 -1.0 -1.0 0.0 -4.0 -4.0 0.0 -1.0 -2.0 -1.0 -2.0 -3.0 -4.0 0.0 -2.0 0.0 0.0 0.0 -2.0 -3.0 -4.0 -4.0 0.0 -1.0 -2.0 -3.0 0.0 0.0 -3.0 -1.0 230.0 -4.0 -2.0 0.0 -1.0 -2.0 -3.0 -4.0 -4.0 -3.0 0.0 -4.0 -2.0 -1.0 -4.0 -2.0 -3.0 -1.0 -3.0 -3.0 -2.0 -4.0 -2.0 0.0 -4.0 -1.0 -3.0 -3.0 -4.0 -4.0 -3.0 0.0 -4.0 -3.0 -2.0 0.0 -3.0 -4.0 -3.0 -3.0 0.0 -2.0 -1.0 -1.0 -3.0 -1.0 -1.0 -1.0 -2.0 -2.0 -1.0 -3.0 0.0 0.0 -3.0 -4.0 0.0 -2.0 -3.0 -1.0 0.0 -1.0 -3.0 0.0 -4.0 -1.0 -3.0 -3.0 -1.0 -1.0 -3.0 -1.0 -3.0 -4.0 -3.0 -1.0 -2.0 -3.0 -2.0 
-3.0 0.0 -2.0 -4.0 -1.0 -2.0 -4.0 -4.0 -2.0 0.0 0.0 -1.0 0.0 -1.0 -4.0 -3.0 0.0 0.0 -1.0 -2.0 -2.0 0.0 -1.0 -4.0 -2.0 0.0 -4.0 -3.0 -3.0 0.0 -4.0 -4.0 -4.0 -1.0 -3.0 -2.0 -1.0 224.0 -1.0 0.0 -3.0 -2.0 -2.0 -2.0 0.0 -2.0 -3.0 -3.0 -1.0 -3.0 -1.0 0.0 -3.0 -3.0 -4.0 0.0 0.0 -3.0 -3.0 -3.0 0.0 -4.0 -2.0 -3.0 -3.0 -1.0 -2.0 -3.0 -3.0 -1.0 -2.0 -2.0 -1.0 -2.0 0.0 0.0 -4.0 -3.0 -2.0 -2.0 -4.0 -4.0 -3.0 -1.0 -3.0 -3.0 -2.0 -1.0 -3.0 -1.0 -1.0 -3.0 -3.0 -2.0 -2.0 -1.0 -4.0 -2.0 0.0 -3.0 0.0 0.0 -1.0 -1.0 -2.0 -3.0 0.0 -1.0 -3.0 -1.0 -3.0 -4.0 -2.0 -2.0 -1.0 
-4.0 -4.0 -2.0 -1.0 0.0 -1.0 -3.0 -2.0 -1.0 -4.0 -4.0 -1.0 -4.0 -4.0 -2.0 -2.0 -2.0 0.0 -4.0 0.0 -4.0 -1.0 -3.0 -3.0 -3.0 -4.0 -1.0 -4.0 0.0 -2.0 0.0 0.0 -3.0 -4.0 -2.0 -1.0 -2.0 -2.0 249.0 -4.0 -3.0 -1.0 0.0 -1.0 -3.0 -3.0 -4.0 -4.0 -1.0 -1.0 -1.0 -3.0 0.0 -2.0 -4.0 -3.0 0.0 -3.0 -2.0 -3.0 -3.0 -2.0 -2.0 -1.0 -3.0 -2.0 -1.0 -2.0 -1.0 -1.0 -4.0 -4.0 0.0 -3.0 -4.0 -2.0 -1.0 0.0 -4.0 -4.0 -4.0 -2.0 -3.0 -3.0 -1.0 -4.0 -1.0 -2.0 -3.0 0.0 -2.0 -4.0 -1.0 -3.0 0.0 -4.0 -3.0 -1.0 0.0 -3.0 -2.0 -3.0 0.0 -4.0 -4.0 -1.0 -4.0 -4.0 0.0 -4.0 0.0 -1.0 0.0 -4.0 0.0 
-3.0 -1.0 -2.0 0.0 -3.0 -1.0 0.0 -1.0 0.0 0.0 -1.0 -1.0 -3.0 -3.0 -4.0 0.0 -1.0 -2.0 0.0 0.0 -2.0 -3.0 0.0 -4.0 -3.0 -1.0 -2.0 -2.0 -4.0 -2.0 -1.0 -3.0 -3.0 0.0 -2.0 -3.0 -1.0 0.0 -2.0 201.0 -2.0 0.0 -3.0 -3.0 -2.0 -4.0 0.0 -4.0 -1.0 -3.0 -3.0 0.0 0.0 -1.0 -3.0 -1.0 -1.0 -4.0 0.0 -1.0 -4.0 -1.0 0.0 -4.0 -1.0 -2.0 -4.0 -2.0 0.0 0.0 0.0 0.0 -1.0 -2.0 0.0 -3.0 -3.0 -3.0 -3.0 -1.0 0.0 0.0 -4.0 0.0 -2.0 -3.0 -2.0 -3.0 -3.0 -2.0 -3.0 -1.0 -2.0 -3.0 -3.0 -1.0 -1.0 -2.0 -2.0 -1.0 -2.0 -2.0 -2.0 0.0 -4.0 -2.0 -3.0 0.0 0.0 -2.0 0.0 -2.0 -4.0 -3.0 -3.0 
-1.0 -1.0 0.0 -2.0 0.0 0.0 -4.0 -3.0 -3.0 0.0 -3.0 -4.0 0.0 -4.0 -2.0 -4.0 -1.0 0.0 -2.0 0.0 0.0 0.0 0.0 -1.0 -3.0 -1.0 -2.0 -2.0 -3.0 -3.0 -4.0 -2.0 -4.0 -4.0 -4.0 -1.0 -4.0 -2.0 -1.0 -2.0 224.0 -1.0 -2.0 -1.0 -1.0 0.0 -2.0 -1.0 -4.0 -4.0 -4.0 0.0 0.0 -4.0 -1.0 -1.0 -3.0 -4.0 -3.0 -3.0 -1.0 -3.0 -1.0 -1.0 -3.0 -4.0 -4.0 -3.0 -1.0 -2.0 -1.0 -4.0 -1.0 -4.0 -2.0 -4.0 -3.0 -4.0 -1.0 -1.0 0.0 -2.0 0.0 0.0 0.0 -4.0 -4.0 -1.0 -4.0 -1.0 -2.0 0.0 -2.0 -2.0 -2.0 0.0 -2.0 -3.0 -3.0 -2.0 -2.0 -4.0 0.0 -2.0 0.0 0.0 -1.0 -1.0 -4.0 0.0 -2.0 -1.0 -4.0 -4.0 -1.0 
-3.0 0.0 0.0 -2.0 -1.0 -4.0 -2.0 -4.0 -3.0 -1.0 -4.0 -2.0 -3.0 0.0 -1.0 -2.0 -2.0 -4.0 0.0 0.0 -1.0 -3.0 -3.0 -2.0 -2.0 -3.0 0.0 -2.0 -4.0 -2.0 -4.0 -1.0 -1.0 -2.0 -1.0 -4.0 -4.0 -3.0 -2.0 0.0 -3.0 230.0 -4.0 0.0 -3.0 -1.0 -4.0 -1.0 0.0 0.0 -3.0 -4.0 -2.0 -1.0 -2.0 0.0 -3.0 -4.0 0.0 -4.0 0.0 -1.0 0.0 -1.0 0.0 -2.0 0.0 -1.0 -3.0 -3.0 -2.0 -2.0 -1.0 0.0 -3.0 -4.0 -1.0 -4.0 -3.0 -4.0 -2.0 0.0 -4.0 -1.0 -3.0 -2.0 -3.0 -3.0 0.0 -3.0 -2.0 -2.0 0.0 -1.0 -2.0 0.0 -4.0 -4.0 0.0 -2.0 -1.0 -2.0 -3.0 -3.0 -2.0 -1.0 -2.0 -2.0 -3.0 -1.0 -2.0 -4.0 -4.0 -2.0 -4.0 
-2.0 -4.0 0.0 -2.0 -4.0 0.0 0.0 -1.0 -4.0 0.0 -3.0 -2.0 -2.0 -4.0 0.0 -3.0 -3.0 0.0 -3.0 -4.0 -1.0 -3.0 -3.0 -4.0 -4.0 -2.0 0.0 -1.0 -3.0 0.0 -1.0 -3.0 -2.0 -3.0 -1.0 0.0 -4.0 0.0 -1.0 -4.0 0.0 0.0 223.0 -2.0 -4.0 -2.0 -2.0 -3.0 -4.0 -4.0 -4.0 -3.0 -1.0 0.0 -4.0 -1.0 0.0 -3.0 -2.0 -3.0 -2.0 0.0 -3.0 0.0 -2.0 -3.0 -1.0 0.0 -4.0 -1.0 -1.0 -3.0 0.0 0.0 0.0 -3.0 -1.0 -4.0 -3.0 -2.0 -1.0 -1.0 -3.0 0.0 -4.0 -2.0 0.0 -2.0 -1.0 -2.0 -3.0 -1.0 -4.0 -2.0 -1.0 -3.0 -1.0 0.0 0.0 -1.0 -1.0 0.0 -4.0 -1.0 -2.0 0.0 -3.0 -1.0 -3.0 -4.0 -4.0 -3.0 -3.0 -3.0 -3.0 
0.0 -3.0 -3.0 -3.0 -1.0 -4.0 -3.0 -2.0 -1.0 -1.0 -2.0 -3.0 0.0 -1.0 0.0 -2.0 -4.0 -1.0 -1.0 -4.0 0.0 -3.0 0.0 -3.0 0.0 -2.0 0.0 -3.0 -3.0 -4.0 -4.0 -2.0 0.0 -3.0 -1.0 -2.0 -4.0 -1.0 0.0 0.0 0.0 -1.0 -1.0 220.0 -4.0 -3.0 -2.0 -2.0 -4.0 -4.0 -2.0 -2.0 0.0 -4.0 0.0 0.0 -3.0 -3.0 0.0 -4.0 -2.0 -4.0 0.0 -4.0 -2.0 -3.0 -4.0 -3.0 -1.0 0.0 -2.0 0.0 -1.0 -2.0 -3.0 0.0 -1.0 -1.0 -3.0 -1.0 0.0 -1.0 -3.0 -2.0 0.0 -4.0 -1.0 -1.0 -4.0 -2.0 -2.0 -2.0 -1.0 -3.0 -4.0 -2.0 -3.0 -3.0 -1.0 -3.0 -4.0 -2.0 -1.0 -3.0 0.0 0.0 0.0 -3.0 0.0 -2.0 -3.0 -4.0 -1.0 -4.0 -1.0 
-3.0 0.0 0.0 -3.0 -4.0 -1.0 -3.0 -4.0 -1.0 -3.0 -4.0 -2.0 0.0 -2.0 -4.0 -3.0 -3.0 0.0 -4.0 -2.0 -1.0 -1.0 -3.0 -2.0 -4.0 -4.0 -4.0 -4.0 -3.0 -3.0 -4.0 -1.0 -1.0 -2.0 -2.0 -1.0 -1.0 -1.0 -1.0 -1.0 -3.0 0.0 -1.0 -4.0 229.0 -3.0 -4.0 -4.0 0.0 -1.0 -3.0 -3.0 0.0 0.0 -1.0 -1.0 0.0 0.0 -3.0 -1.0 0.0 -3.0 -1.0 -4.0 -4.0 -2.0 -4.0 -1.0 0.0 -2.0 -2.0 -2.0 0.0 0.0 -2.0 -2.0 -2.0 0.0 -3.0 -4.0 -2.0 -4.0 -4.0 -2.0 -4.0 -2.0 -3.0 0.0 0.0 -3.0 -3.0 -1.0 0.0 -4.0 -1.0 0.0 -2.0 -2.0 -1.0 0.0 -2.0 0.0 -2.0 -3.0 0.0 -2.0 -4.0 -2.0 -4.0 -1.0 0.0 -1.0 -4.0 -3.0 -3.0 
-3.0 -4.0 0.0 -3.0 0.0 -1.0 0.0 -4.0 -1.0 -2.0 -1.0 -2.0 -1.0 -2.0 -2.0 -1.0 -1.0 -1.0 -1.0 -3.0 -4.0 -3.0 0.0 -4.0 -2.0 -1.0 0.0 0.0 -4.0 -1.0 -3.0 -3.0 0.0 -3.0 0.0 -2.0 -4.0 -1.0 -3.0 -1.0 -2.0 -2.0 -3.0 0.0 -4.0 226.0 -3.0 -4.0 -3.0 0.0 -4.0 0.0 -2.0 -1.0 -2.0 -4.0 0.0 -2.0 -1.0 -3.0 0.0 -3.0 -2.0 -1.0 0.0 -2.0 -2.0 -4.0 -3.0 -4.0 -1.0 -2.0 -3.0 -4.0 -1.0 -2.0 -2.0 -4.0 -2.0 0.0 -1.0 -2.0 -2.0 -2.0 -4.0 -1.0 -3.0 -3.0 -2.0 0.0 -3.0 -2.0 -3.0 -1.0 -1.0 -4.0 0.0 -3.0 -1.0 -1.0 -4.0 -1.0 -4.0 0.0 0.0 -1.0 -1.0 -3.0 -4.0 -1.0 -2.0 -3.0 -4.0 -2.0 -3.0 
-4.0 0.0 -4.0 0.0 -2.0 -2.0 -1.0 -4.0 0.0 -2.0 -3.0 -4.0 -1.0 -2.0 -2.0 -4.0 0.0 -3.0 -3.0 -1.0 -4.0 0.0 -1.0 -2.0 -2.0 -1.0 -3.0 -1.0 0.0 0.0 -3.0 -2.0 -1.0 -4.0 -2.0 -3.0 0.0 -4.0 -2.0 -4.0 -4.0 -2.0 -3.0 -2.0 -1.0 0.0 216.0 0.0 0.0 -2.0 -1.0 0.0 -3.0 -2.0 0.0 0.0 -4.0 0.0 -1.0 0.0 0.0 -3.0 -3.0 -3.0 -3.0 -2.0 -1.0 -3.0 0.0 -4.0 0.0 -4.0 -3.0 0.0 -3.0 -4.0 -3.0 -4.0 -4.0 -3.0 -1.0 -2.0 -1.0 -3.0 0.0 -1.0 -3.0 -1.0 -1.0 -2.0 -3.0 -3.0 -2.0 -2.0 0.0 -3.0 -2.0 -3.0 -2.0 0.0 -2.0 -1.0 0.0 -2.0 -1.0 -4.0 -2.0 0.0 -1.0 0.0 -4.0 -2.0 -4.0 0.0 -2.0 
-4.0 -2.0 -3.0 0.0 -4.0 0.0 -1.0 -3.0 -4.0 -2.0 -2.0 -3.0 -1.0 0.0 -1.0 -1.0 -2.0 -4.0 -2.0 -4.0 -3.0 -4.0 -4.0 -2.0 -2.0 -2.0 -4.0 -4.0 -1.0 -3.0 -1.0 -4.0 -1.0 -2.0 -1.0 -1.0 -3.0 -4.0 -2.0 0.0 -3.0 -2.0 -2.0 -4.0 -2.0 -4.0 0.0 228.0 -1.0 -1.0 -3.0 -3.0 -2.0 0.0 -1.0 -3.0 -4.0 -3.0 -3.0 0.0 -4.0 -1.0 -3.0 0.0 0.0 0.0 0.0 0.0 0.0 -4.0 -2.0 -4.0 -1.0 -3.0 -2.0 -1.0 -1.0 0.0 0.0 -4.0 -2.0 -4.0 0.0 0.0 -1.0 -3.0 -1.0 -3.0 -4.0 -2.0 -2.0 -4.0 -1.0 -4.0 -3.0 -3.0 -1.0 -2.0 -2.0 -1.0 -2.0 -2.0 0.0 0.0 -4.0 -3.0 -1.0 0.0 -2.0 -1.0 0.0 0.0 -2.0 -2.0 -4.0 
-1.0 -2.0 -2.0 -1.0 -3.0 0.0 -2.0 0.0 -4.0 -3.0 -3.0 -1.0 -1.0 -4.0 -4.0 0.0 -2.0 -2.0 -3.0 -4.0 -3.0 -2.0 -2.0 -3.0 -4.0 0.0 -1.0 -3.0 -4.0 0.0 -3.0 0.0 -1.0 -4.0 -1.0 -3.0 -3.0 -1.0 -2.0 -1.0 -1.0 0.0 0.0 0.0 0.0 0.0 0.0 0.0 221.0 -1.0 -2.0 -4.0 -4.0 -4.0 -2.0 -3.0 -1.0 -3.0 -1.0 0.0 -3.0 -3.0 0.0 -4.0 -3.0 -4.0 -3.0 -4.0 -3.0 -4.0 -1.0 -2.0 -2.0 -3.0 -4.0 -2.0 0.0 -4.0 -1.0 -1.0 -2.0 -4.0 -1.0 -1.0 -1.0 0.0 -2.0 -1.0 -1.0 0.0 0.0 0.0 -4.0 -1.0 -3.0 -4.0 -2.0 -1.0 0.0 -1.0 0.0 -3.0 -3.0 -1.0 -3.0 -4.0 0.0 0.0 -2.0 -1.0 -4.0 -3.0 -3.0 -2.0 -3.0 
-4.0 -1.0 -2.0 -4.0 0.0 -3.0 0.0 -1.0 -3.0 -2.0 -1.0 -3.0 0.0 -1.0 0.0 -1.0 0.0 -2.0 0.0 -1.0 -1.0 -4.0 -4.0 -2.0 -4.0 -2.0 -4.0 -4.0 -2.0 -4.0 -3.0 -3.0 -2.0 -4.0 -3.0 -2.0 -2.0 0.0 -3.0 -1.0 -3.0 -4.0 -2.0 -3.0 -1.0 -4.0 0.0 -3.0 -1.0 232.0 0.0 -3.0 -4.0 0.0 -1.0 -4.0 -1.0 0.0 -3.0 -3.0 -3.0 -1.0 -3.0 -1.0 0.0 0.0 -1.0 -4.0 -2.0 -3.0 -3.0 -2.0 -3.0 -3.0 -3.0 -2.0 -1.0 -3.0 -3.0 -2.0 0.0 -1.0 -4.0 -1.0 -1.0 -4.0 -1.0 -1.0 -1.0 -1.0 -2.0 -2.0 -1.0 -4.0 -3.0 -1.0 -3.0 0.0 -2.0 -2.0 0.0 0.0 -4.0 -1.0 -3.0 -3.0 -2.0 -2.0 -4.0 -4.0 0.0 0.0 -3.0 -3.0 -2.0 
-3.0 -2.0 -4.0 -4.0 -1.0 0.0 0.0 0.0 -4.0 -1.0 0.0 -2.0 0.0 -3.0 -1.0 -2.0 -3.0 -1.0 -2.0 -4.0 0.0 0.0 -2.0 -1.0 -3.0 -4.0 0.0 -1.0 -2.0 -4.0 -2.0 0.0 -2.0 -2.0 0.0 -1.0 -2.0 -1.0 -4.0 0.0 -2.0 0.0 -3.0 -4.0 -2.0 -1.0 -2.0 -3.0 -2.0 -1.0 232.0 0.0 -4.0 -3.0 -3.0 -4.0 -3.0 -3.0 -3.0 0.0 -3.0 -3.0 -4.0 -2.0 -4.0 -4.0 -1.0 0.0 -4.0 -4.0 -4.0 -4.0 -1.0 -1.0 0.0 -1.0 -3.0 -3.0 0.0 -2.0 -2.0 0.0 -3.0 -3.0 -3.0 0.0 -2.0 0.0 -4.0 0.0 0.0 -4.0 -3.0 -4.0 -4.0 -3.0 -4.0 0.0 -1.0 0.0 0.0 -3.0 -3.0 -2.0 0.0 -4.0 -4.0 -2.0 -4.0 -1.0 -2.0 -1.0 -2.0 -2.0 -3.0 
-4.0 -1.0 -3.0 -3.0 -2.0 -2.0 0.0 -4.0 -3.0 -2.0 -1.0 -1.0 -3.0 -4.0 0.0 -2.0 -3.0 0.0 -4.0 -4.0 0.0 0.0 -2.0 -1.0 -4.0 0.0 0.0 0.0 -3.0 -4.0 -1.0 -2.0 -3.0 0.0 0.0 -3.0 -2.0 -3.0 -1.0 -3.0 0.0 -4.0 0.0 0.0 -3.0 0.0 0.0 -3.0 -4.0 0.0 -4.0 223.0 -2.0 0.0 -4.0 -3.0 -4.0 -1.0 -4.0 0.0 -2.0 0.0 -2.0 0.0 -4.0 -2.0 -3.0 -1.0 -1.0 -4.0 -2.0 -3.0 -1.0 -3.0 -1.0 -4.0 -3.0 -2.0 -2.0 -2.0 -1.0 -3.0 -3.0 -4.0 -1.0 -4.0 -1.0 -2.0 -1.0 0.0 -2.0 -3.0 -4.0 -3.0 -1.0 -2.0 -4.0 0.0 0.0 -1.0 -4.0 -2.0 -1.0 -2.0 -2.0 -4.0 -2.0 -1.0 -1.0 0.0 -3.0 -1.0 -1.0 0.0 -3.0 
-3.0 -4.0 -4.0 -3.0 -1.0 -2.0 -4.0 -2.0 -4.0 -2.0 -4.0 -3.0 -4.0 0.0 -4.0 -1.0 0.0 0.0 -3.0 -3.0 -1.0 -3.0 -3.0 -1.0 0.0 -1.0 -1.0 -1.0 -2.0 -2.0 -4.0 -1.0 -3.0 -3.0 -4.0 -4.0 -3.0 0.0 -3.0 -3.0 -4.0 -3.0 -2.0 -4.0 -1.0 -2.0 -4.0 -1.0 -4.0 -3.0 -1.0 -2.0 248.0 -2.0 0.0 0.0 -3.0 -1.0 -1.0 0.0 0.0 -4.0 -2.0 -2.0 -3.0 -3.0 -3.0 -4.0 -1.0 -4.0 0.0 -4.0 0.0 -2.0 -3.0 -3.0 0.0 -2.0 -2.0 0.0 -1.0 -3.0 -4.0 0.0 -2.0 -2.0 -2.0 -1.0 -4.0 -2.0 -2.0 -2.0 -2.0 -4.0 -4.0 -2.0 -4.0 -3.0 -1.0 0.0 -3.0 -1.0 -1.0 -1.0 -2.0 -4.0 0.0 -2.0 0.0 -3.0 -2.0 -2.0 -4.0 -3.0 -1.0 
0.0 -3.0 0.0 0.0 -3.0 -3.0 -2.0 -3.0 -1.0 -3.0 -4.0 -2.0 -2.0 -3.0 -1.0 -4.0 -3.0 -3.0 -2.0 -3.0 -3.0 -3.0 -4.0 -1.0 -3.0 -2.0 0.0 0.0 -3.0 -1.0 0.0 0.0 -2.0 -4.0 0.0 -4.0 -1.0 -1.0 -1.0 -4.0 -1.0 -2.0 -2.0 0.0 -1.0 -3.0 -1.0 0.0 -1.0 0.0 -1.0 -2.0 -3.0 215.0 0.0 -4.0 -1.0 -1.0 -2.0 -4.0 -1.0 -2.0 -3.0 0.0 -2.0 0.0 -3.0 -3.0 0.0 0.0 -3.0 -1.0 -4.0 0.0 -4.0 0.0 -4.0 -3.0 -1.0 -2.0 -2.0 -4.0 0.0 -3.0 -4.0 0.0 0.0 0.0 -2.0 -2.0 -4.0 -1.0 -4.0 -1.0 -1.0 0.0 -1.0 0.0 -3.0 -2.0 -1.0 0.0 -1.0 -2.0 -2.0 -3.0 -3.0 -4.0 -1.0 -2.0 -3.0 -3.0 -2.0 -3.0 -4.0 
-1.0 -2.0 -1.0 -2.0 -4.0 -2.0 -1.0 -2.0 -4.0 -3.0 -2.0 0.0 -4.0 -2.0 -3.0 -3.0 0.0 -4.0 0.0 -2.0 -2.0 0.0 -4.0 0.0 -1.0 -4.0 -3.0 -2.0 -2.0 -2.0 -3.0 -3.0 -3.0 0.0 0.0 -3.0 -4.0 -3.0 0.0 -3.0 -2.0 -4.0 0.0 -2.0 -4.0 -4.0 -2.0 -2.0 0.0 -3.0 -3.0 -1.0 0.0 -2.0 231.0 -3.0 -3.0 -3.0 -1.0 -2.0 0.0 -3.0 -2.0 -2.0 -2.0 -1.0 -4.0 -1.0 -2.0 0.0 -4.0 0.0 -2.0 0.0 -3.0 -2.0 -1.0 -4.0 -4.0 0.0 -3.0 -2.0 -2.0 0.0 -2.0 0.0 -4.0 0.0 -4.0 -3.0 -1.0 -2.0 -3.0 -1.0 -1.0 -2.0 -2.0 -1.0 -2.0 0.0 -3.0 -4.0 -1.0 -2.0 -4.0 -2.0 -1.0 -4.0 -1.0 -1.0 0.0 -3.0 -3.0 -3.0 -2.0 
0.0 -4.0 0.0 -2.0 -3.0 -2.0 0.0 -4.0 -2.0 0.0 0.0 -4.0 -1.0 -4.0 -2.0 -3.0 -1.0 -1.0 0.0 -1.0 -2.0 0.0 -1.0 -1.0 -1.0 -3.0 -3.0 -4.0 -2.0 -1.0 -4.0 -3.0 -3.0 -2.0 -3.0 -2.0 -1.0 0.0 -4.0 -1.0 -3.0 0.0 -4.0 -3.0 -1.0 -3.0 -1.0 -3.0 0.0 0.0 -1.0 0.0 -3.0 -2.0 0.0 213.0 -1.0 0.0 -4.0 -4.0 -4.0 0.0 0.0 -4.0 -2.0 -3.0 -3.0 -4.0 -4.0 -1.0 0.0 -2.0 -3.0 -4.0 -2.0 -1.0 0.0 0.0 -2.0 0.0 -3.0 -1.0 0.0 -1.0 -3.0 -1.0 -2.0 -2.0 -4.0 -1.0 -4.0 -1.0 0.0 -1.0 -1.0 -2.0 -3.0 -4.0 -4.0 -3.0 0.0 0.0 -4.0 -4.0 -1.0 -3.0 0.0 -4.0 -3.0 -1.0 -3.0 0.0 0.0 0.0 -2.0 
0.0 -2.0 -2.0 -3.0 0.0 -2.0 -2.0 -3.0 -1.0 -3.0 -2.0 -2.0 -2.0 -1.0 -4.0 -3.0 -2.0 -3.0 -2.0 -1.0 -1.0 -4.0 -4.0 -4.0 -3.0 -3.0 -3.0 -1.0 -3.0 -1.0 -2.0 -4.0 -2.0 0.0 -4.0 -1.0 0.0 0.0 -4.0 -1.0 -4.0 -2.0 -1.0 -1.0 0.0 0.0 -4.0 0.0 -3.0 -4.0 -2.0 0.0 -4.0 -3.0 0.0 -3.0 242.0 -3.0 -3.0 -2.0 -3.0 -3.0 -4.0 0.0 -3.0 -2.0 -4.0 -2.0 -3.0 -2.0 -1.0 -2.0 0.0 0.0 -4.0 -3.0 -4.0 -1.0 -2.0 0.0 -3.0 0.0 -4.0 -2.0 -3.0 -3.0 -1.0 -4.0 -2.0 -4.0 -1.0 -2.0 -3.0 -1.0 -1.0 -3.0 -3.0 0.0 -3.0 -3.0 0.0 -2.0 -2.0 0.0 -4.0 -4.0 -3.0 -1.0 0.0 -4.0 -4.0 -3.0 -2.0 0.0 0.0 
-2.0 0.0 0.0 -3.0 -1.0 -2.0 0.0 -3.0 -1.0 -3.0 0.0 -3.0 -4.0 0.0 -2.0 0.0 -3.0 -1.0 0.0 -4.0 -4.0 -4.0 -4.0 -2.0 -2.0 -3.0 -2.0 -2.0 -3.0 -1.0 0.0 -1.0 -2.0 -1.0 0.0 -2.0 -2.0 0.0 -2.0 -4.0 -1.0 -3.0 -1.0 -4.0 0.0 -3.0 -3.0 -1.0 -4.0 -3.0 -4.0 -3.0 -3.0 0.0 -1.0 -1.0 -3.0 225.0 0.0 -2.0 -2.0 -1.0 -2.0 -1.0 -1.0 -2.0 -4.0 0.0 -3.0 -2.0 -2.0 0.0 -1.0 -3.0 0.0 0.0 -3.0 -2.0 -3.0 -1.0 0.0 -4.0 -1.0 -1.0 -3.0 -4.0 -3.0 -4.0 -4.0 0.0 -1.0 0.0 -3.0 0.0 -4.0 0.0 -1.0 -4.0 -3.0 -4.0 -3.0 -1.0 -3.0 -4.0 -3.0 -1.0 -3.0 -2.0 0.0 -3.0 -3.0 -2.0 -2.0 -3.0 -2.0 
-4.0 0.0 -3.0 -4.0 -2.0 -3.0 0.0 -3.0 0.0 -1.0 -3.0 0.0 -4.0 -4.0 -4.0 -1.0 -3.0 -3.0 0.0 -1.0 -3.0 -4.0 0.0 0.0 -2.0 0.0 -1.0 0.0 -3.0 -2.0 -2.0 -1.0 -2.0 -2.0 -2.0 0.0 0.0 -2.0 -3.0 -4.0 -1.0 -1.0 0.0 -1.0 -4.0 -4.0 -2.0 -2.0 -2.0 -4.0 0.0 0.0 -1.0 0.0 -2.0 0.0 -3.0 -3.0 224.0 0.0 -3.0 -1.0 0.0 -3.0 -4.0 -2.0 -1.0 -3.0 -4.0 -4.0 -4.0 -4.0 -4.0 -3.0 -3.0 -4.0 0.0 0.0 0.0 0.0 -3.0 -2.0 -4.0 -3.0 -2.0 -2.0 0.0 -1.0 -3.0 0.0 0.0 0.0 -2.0 -3.0 -1.0 -4.0 0.0 -4.0 -2.0 -1.0 -2.0 0.0 -2.0 -2.0 -1.0 -4.0 -3.0 -2.0 -1.0 -4.0 -3.0 -3.0 -1.0 -3.0 -3.0 
-3.0 -1.0 -4.0 -1.0 -2.0 -2.0 -3.0 -1.0 0.0 -4.0 -3.0 -1.0 -1.0 -4.0 -1.0 -4.0 0.0 -1.0 -3.0 -3.0 0.0 -2.0 -3.0 -3.0 -3.0 -3.0 -3.0 -4.0 -4.0 -2.0 -4.0 0.0 -1.0 -3.0 -2.0 0.0 -2.0 0.0 0.0 0.0 -4.0 -3.0 -2.0 -4.0 -4.0 0.0 0.0 -2.0 -1.0 -1.0 -2.0 -4.0 -2.0 -1.0 -4.0 -3.0 0.0 -3.0 -1.0 232.0 -3.0 -3.0 -3.0 -4.0 -2.0 -2.0 0.0 0.0 -3.0 -2.0 0.0 -2.0 -2.0 -1.0 -4.0 -3.0 -1.0 -1.0 -1.0 0.0 0.0 -1.0 -2.0 -2.0 -2.0 -3.0 -1.0 -3.0 -3.0 -3.0 -1.0 -3.0 -3.0 -2.0 -2.0 0.0 -3.0 -3.0 -3.0 -1.0 0.0 -4.0 -1.0 -1.0 -3.0 -3.0 -1.0 -3.0 -4.0 -2.0 -4.0 -3.0 0.0 0.0 -3.0 
-4.0 -1.0 -3.0 -3.0 -4.0 -1.0 -4.0 0.0 -3.0 0.0 -4.0 -3.0 -3.0 -4.0 -4.0 0.0 0.0 -2.0 -1.0 0.0 -4.0 -2.0 -2.0 -3.0 -2.0 0.0 -2.0 -2.0 0.0 -1.0 -1.0 -2.0 -2.0 -2.0 -1.0 -2.0 -2.0 0.0 -1.0 -3.0 -4.0 -3.0 0.0 -3.0 -4.0 -4.0 -2.0 -2.0 -2.0 -1.0 -4.0 -1.0 0.0 -2.0 -2.0 -1.0 0.0 -4.0 -1.0 -2.0 228.0 -2.0 -4.0 -2.0 -3.0 -1.0 -2.0 -1.0 -1.0 -2.0 -2.0 -2.0 -1.0 0.0 0.0 0.0 0.0 -3.0 -4.0 -4.0 -4.0 -2.0 0.0 0.0 -1.0 0.0 -2.0 -3.0 -3.0 -3.0 -3.0 -3.0 -2.0 -1.0 -3.0 0.0 -2.0 -1.0 -2.0 -4.0 -1.0 -3.0 -2.0 -4.0 0.0 -4.0 -4.0 0.0 -1.0 -1.0 -3.0 -4.0 -4.0 -1.0 -3.0 
-4.0 -4.0 -2.0 -4.0 -1.0 0.0 -1.0 0.0 -3.0 -2.0 -3.0 -1.0 -1.0 -3.0 -3.0 -2.0 -2.0 -3.0 -4.0 -4.0 -1.0 -4.0 -3.0 -4.0 -3.0 -1.0 -4.0 -1.0 -4.0 -1.0 -4.0 -3.0 -2.0 -3.0 -4.0 -2.0 -3.0 -3.0 -1.0 0.0 -2.0 -2.0 -3.0 -3.0 -3.0 0.0 -3.0 -2.0 0.0 -3.0 0.0 -2.0 -1.0 -4.0 -4.0 -3.0 -3.0 -2.0 0.0 -3.0 -4.0 234.0 0.0 -1.0 0.0 -4.0 0.0 -1.0 -2.0 -4.0 0.0 -1.0 -1.0 0.0 -3.0 0.0 -1.0 -4.0 0.0 -4.0 -3.0 -4.0 -1.0 -2.0 -4.0 -3.0 -4.0 -4.0 -3.0 -4.0 -4.0 -1.0 0.0 -1.0 -1.0 0.0 -1.0 -2.0 0.0 -4.0 0.0 -4.0 0.0 0.0 -3.0 -1.0 0.0 -3.0 0.0 0.0 0.0 0.0 0.0 -4.0 -2.0 
-2.0 -4.0 -2.0 -3.0 -3.0 -2.0 0.0 0.0 -1.0 -1.0 -4.0 0.0 -1.0 -4.0 0.0 -2.0 0.0 -2.0 -3.0 -1.0 0.0 -1.0 -2.0 -1.0 -1.0 0.0 -1.0 -4.0 -2.0 -4.0 -2.0 -4.0 -3.0 0.0 -1.0 0.0 -3.0 0.0 0.0 -1.0 -3.0 -2.0 -3.0 -3.0 -2.0 -4.0 0.0 -3.0 -2.0 0.0 -1.0 -2.0 -1.0 -3.0 -1.0 -1.0 0.0 0.0 -3.0 -2.0 -1.0 -2.0 197.0 -1.0 -4.0 -2.0 -1.0 0.0 -4.0 -3.0 -1.0 -1.0 -3.0 0.0 -1.0 -2.0 -1.0 0.0 0.0 0.0 -3.0 -1.0 -4.0 0.0 -1.0 -3.0 -2.0 -3.0 0.0 -2.0 -2.0 -3.0 -1.0 0.0 -2.0 -2.0 -1.0 -3.0 -1.0 -1.0 -3.0 -4.0 -2.0 -2.0 -3.0 -3.0 -3.0 -3.0 -2.0 -1.0 -2.0 0.0 -2.0 -2.0 -2.0 
-3.0 0.0 -2.0 -1.0 0.0 -1.0 -2.0 -1.0 -4.0 -4.0 0.0 -1.0 -4.0 -4.0 -3.0 0.0 -3.0 -3.0 -3.0 0.0 -3.0 -1.0 -3.0 -2.0 0.0 0.0 -2.0 -3.0 -1.0 -1.0 -2.0 -1.0 -3.0 -2.0 -2.0 -2.0 -3.0 -2.0 -1.0 -4.0 0.0 -2.0 -3.0 -4.0 -1.0 -4.0 -2.0 -3.0 -1.0 -2.0 0.0 -1.0 -1.0 0.0 0.0 -4.0 -2.0 -3.0 -1.0 0.0 0.0 -4.0 0.0 223.0 -4.0 -3.0 -3.0 -2.0 -1.0 -4.0 -2.0 -1.0 -2.0 -1.0 -4.0 -1.0 -3.0 0.0 -1.0 0.0 -3.0 -4.0 -2.0 -2.0 -2.0 -4.0 -4.0 -2.0 0.0 0.0 -3.0 -2.0 -4.0 -3.0 -1.0 -3.0 -4.0 -2.0 0.0 -3.0 -1.0 -4.0 -4.0 -4.0 0.0 -4.0 -1.0 -3.0 0.0 -3.0 0.0 -2.0 0.0 -1.0 -1.0 
-3.0 0.0 -3.0 -1.0 -3.0 -3.0 -2.0 -1.0 -4.0 -1.0 -2.0 0.0 -1.0 -1.0 -2.0 -4.0 -4.0 0.0 0.0 -2.0 -2.0 -3.0 -1.0 -2.0 -1.0 -1.0 0.0 -4.0 -3.0 -1.0 -2.0 -2.0 -2.0 0.0 -1.0 -1.0 -4.0 -2.0 -3.0 -3.0 -1.0 0.0 -1.0 -2.0 -4.0 -3.0 -1.0 -4.0 0.0 -4.0 0.0 -4.0 -4.0 -4.0 -4.0 -4.0 0.0 -4.0 0.0 -2.0 -1.0 0.0 -2.0 -1.0 231.0 -4.0 -1.0 -2.0 -4.0 -1.0 -2.0 -1.0 0.0 -4.0 -1.0 -1.0 0.0 0.0 -2.0 -1.0 -4.0 -2.0 -2.0 -2.0 0.0 -4.0 -3.0 -2.0 -4.0 -4.0 -4.0 -3.0 -3.0 -3.0 0.0 0.0 -3.0 0.0 -4.0 0.0 0.0 -4.0 -3.0 -4.0 -2.0 -2.0 -4.0 -3.0 -1.0 -3.0 -1.0 -2.0 -1.0 -4.0 -1.0 
-4.0 -1.0 -3.0 0.0 -2.0 -1.0 -2.0 -4.0 -1.0 -4.0 -1.0 -3.0 0.0 0.0 -4.0 -3.0 -4.0 -2.0 -1.0 -3.0 0.0 -1.0 -1.0 -1.0 -1.0 0.0 -4.0 -3.0 -4.0 -3.0 -1.0 -3.0 -1.0 -3.0 -3.0 -1.0 -1.0 -4.0 -1.0 0.0 -3.0 -2.0 0.0 -4.0 0.0 -2.0 -2.0 0.0 -3.0 -2.0 -2.0 -2.0 -4.0 -1.0 -4.0 -4.0 -4.0 0.0 -4.0 -4.0 -1.0 -1.0 0.0 -4.0 -1.0 252.0 0.0 -2.0 -4.0 -2.0 0.0 0.0 -3.0 -2.0 -4.0 -3.0 -3.0 0.0 -4.0 -1.0 -3.0 -4.0 -2.0 -4.0 0.0 -2.0 0.0 -4.0 -3.0 0.0 -3.0 -3.0 -2.0 -1.0 -4.0 -4.0 -4.0 -4.0 -3.0 -3.0 -1.0 -1.0 -3.0 -4.0 -4.0 -3.0 0.0 -3.0 -3.0 -4.0 -3.0 -1.0 -2.0 -3.0 -3.0 
-1.0 -2.0 -4.0 -2.0 -1.0 0.0 -4.0 -2.0 -3.0 -3.0 -3.0 -4.0 -4.0 0.0 -3.0 0.0 0.0 0.0 -2.0 -4.0 -4.0 -2.0 0.0 0.0 -4.0 -1.0 -4.0 -4.0 -2.0 -3.0 -2.0 -2.0 0.0 -4.0 0.0 -1.0 -3.0 -3.0 0.0 -3.0 -1.0 -3.0 -1.0 -2.0 -1.0 -2.0 -4.0 -4.0 -4.0 -3.0 -1.0 -3.0 0.0 -2.0 -3.0 0.0 0.0 -1.0 -4.0 -4.0 -1.0 -1.0 -4.0 -3.0 -1.0 0.0 230.0 -2.0 -3.0 0.0 -2.0 -2.0 -4.0 0.0 -4.0 -2.0 -2.0 -4.0 -2.0 0.0 -2.0 -1.0 -1.0 -1.0 -4.0 -4.0 -4.0 -2.0 -2.0 -2.0 -2.0 -2.0 0.0 0.0 -2.0 -2.0 -3.0 0.0 -4.0 -2.0 -3.0 -2.0 0.0 0.0 -2.0 -4.0 -3.0 0.0 -3.0 -3.0 -2.0 0.0 -2.0 -2.0 0.0 
-2.0 -4.0 -2.0 -2.0 -1.0 -4.0 -4.0 -3.0 -4.0 -2.0 -2.0 -4.0 -1.0 -1.0 0.0 -2.0 -1.0 -4.0 0.0 -4.0 -4.0 -4.0 0.0 -4.0 -3.0 -4.0 0.0 -2.0 -3.0 -2.0 -4.0 -1.0 -2.0 -4.0 -4.0 -3.0 -1.0 -2.0 0.0 -3.0 -2.0 -4.0 -4.0 -2.0 -3.0 -3.0 -2.0 -3.0 -4.0 -3.0 -1.0 -3.0 -3.0 -2.0 -3.0 -2.0 -4.0 -3.0 -2.0 -2.0 -4.0 -3.0 -4.0 -2.0 -2.0 -3.0 -4.0 269.0 -2.0 0.0 -4.0 -2.0 -3.0 0.0 -2.0 -2.0 0.0 0.0 -2.0 0.0 -2.0 0.0 -3.0 -2.0 -3.0 -3.0 -2.0 -1.0 0.0 -4.0 -4.0 0.0 0.0 -3.0 -2.0 -2.0 -2.0 -1.0 -3.0 -1.0 -3.0 0.0 -2.0 -3.0 -4.0 -2.0 -3.0 -2.0 -4.0 -4.0 -2.0 0.0 -4.0 -4.0 -3.0 
-1.0 -1.0 -2.0 -2.0 -2.0 -2.0 -4.0 -3.0 0.0 -1.0 0.0 0.0 0.0 -2.0 -2.0 -2.0 0.0 -2.0 -3.0 -4.0 -2.0 0.0 0.0 -2.0 -2.0 -2.0 -2.0 -1.0 0.0 0.0 -3.0 0.0 -1.0 -2.0 -3.0 -3.0 -4.0 -1.0 -2.0 -3.0 0.0 -3.0 -4.0 -2.0 0.0 -1.0 -3.0 -1.0 -2.0 -3.0 -1.0 -2.0 -2.0 -4.0 -1.0 -1.0 -2.0 -2.0 -2.0 -2.0 0.0 -4.0 -1.0 -3.0 -2.0 -2.0 -2.0 -2.0 204.0 0.0 -3.0 0.0 -1.0 -4.0 -1.0 -1.0 -3.0 -3.0 -4.0 -3.0 -2.0 0.0 -3.0 0.0 -3.0 0.0 -4.0 0.0 0.0 -4.0 -2.0 -1.0 -4.0 -4.0 0.0 -3.0 -1.0 0.0 0.0 0.0 0.0 0.0 -4.0 -2.0 -1.0 -4.0 -2.0 -3.0 -1.0 -4.0 -3.0 -1.0 -4.0 -1.0 0.0 
-1.0 -4.0 0.0 -2.0 -1.0 -2.0 -1.0 -1.0 0.0 -2.0 0.0 -3.0 -1.0 -2.0 -3.0 -2.0 -1.0 0.0 -1.0 -2.0 -2.0 -4.0 -2.0 -4.0 0.0 -1.0 -4.0 0.0 -1.0 -1.0 0.0 -2.0 0.0 -3.0 0.0 -4.0 -2.0 -2.0 -2.0 -4.0 -3.0 -1.0 0.0 -1.0 -3.0 -1.0 -4.0 -1.0 -3.0 -2.0 -1.0 -1.0 0.0 -1.0 0.0 0.0 -1.0 -1.0 -3.0 0.0 -4.0 0.0 -3.0 0.0 -2.0 -4.0 -3.0 -2.0 -1.0 204.0 -2.0 -1.0 -3.0 -2.0 -3.0 -1.0 -1.0 0.0 -2.0 -2.0 -3.0 -1.0 -3.0 0.0 -4.0 -3.0 -1.0 -2.0 0.0 -4.0 -1.0 -1.0 0.0 -3.0 -4.0 -2.0 -1.0 -2.0 -3.0 -3.0 -3.0 0.0 0.0 -3.0 -3.0 0.0 -4.0 -3.0 -4.0 -2.0 -1.0 0.0 -3.0 -4.0 -3.0 
-1.0 -2.0 -2.0 -1.0 -3.0 -2.0 -1.0 0.0 -2.0 0.0 -2.0 0.0 -1.0 -4.0 -3.0 0.0 0.0 -1.0 -1.0 0.0 -1.0 -4.0 -2.0 -3.0 -4.0 -2.0 -1.0 -2.0 -2.0 -3.0 -1.0 -1.0 -3.0 -1.0 -4.0 0.0 -1.0 0.0 -2.0 0.0 -4.0 -4.0 0.0 -4.0 -1.0 -4.0 -4.0 0.0 -4.0 0.0 0.0 -2.0 -4.0 -3.0 -2.0 -2.0 -4.0 0.0 0.0 -4.0 -2.0 -3.0 -2.0 0.0 -1.0 -4.0 -4.0 0.0 -1.0 -2.0 210.0 -2.0 0.0 -1.0 -3.0 0.0 0.0 -4.0 -4.0 -4.0 -2.0 -4.0 0.0 -2.0 -1.0 -1.0 0.0 -1.0 -1.0 -2.0 -4.0 -4.0 0.0 0.0 -4.0 -2.0 -3.0 0.0 -2.0 0.0 -4.0 -4.0 0.0 -3.0 -2.0 0.0 -4.0 -3.0 -1.0 -4.0 -1.0 -1.0 -1.0 -1.0 -2.0 
-1.0 -4.0 -1.0 -2.0 -1.0 -1.0 -4.0 -1.0 -3.0 0.0 -4.0 -4.0 -1.0 0.0 -4.0 -1.0 -1.0 0.0 -3.0 -3.0 -2.0 0.0 0.0 0.0 -3.0 -2.0 -3.0 0.0 -1.0 -1.0 -2.0 -2.0 0.0 -4.0 -1.0 -3.0 -2.0 0.0 -2.0 -2.0 -3.0 -1.0 0.0 -1.0 -4.0 -3.0 0.0 -4.0 -1.0 -4.0 -3.0 -3.0 -4.0 0.0 -4.0 -2.0 0.0 0.0 -2.0 -3.0 -3.0 -2.0 -2.0 -1.0 -3.0 -3.0 -1.0 0.0 0.0 -3.0 -1.0 210.0 -1.0 -4.0 -3.0 -2.0 -1.0 -3.0 -2.0 -2.0 -3.0 -4.0 -3.0 -1.0 -1.0 -3.0 -1.0 -1.0 -4.0 -3.0 -2.0 -3.0 0.0 -2.0 -3.0 -1.0 0.0 -1.0 0.0 0.0 -1.0 -3.0 0.0 0.0 -3.0 -1.0 -1.0 -1.0 -2.0 0.0 -3.0 -3.0 -1.0 -4.0 -3.0 
-2.0 -1.0 0.0 -1.0 0.0 -4.0 0.0 -3.0 -1.0 0.0 -1.0 -4.0 0.0 -2.0 -2.0 -2.0 -3.0 0.0 -4.0 -2.0 -1.0 -3.0 -4.0 -3.0 -4.0 0.0 -4.0 0.0 -4.0 0.0 -4.0 0.0 -3.0 -3.0 -2.0 0.0 -2.0 0.0 -4.0 0.0 -3.0 -3.0 -1.0 -3.0 -3.0 -3.0 -2.0 -1.0 -2.0 0.0 -1.0 0.0 -1.0 0.0 -2.0 -3.0 -2.0 -3.0 -4.0 -1.0 -3.0 -1.0 0.0 -4.0 -2.0 -3.0 -3.0 0.0 0.0 -4.0 0.0 -3.0 228.0 -4.0 -4.0 0.0 -1.0 0.0 -3.0 -4.0 -4.0 -1.0 0.0 -1.0 -3.0 -4.0 -3.0 -3.0 -4.0 -2.0 -2.0 -2.0 -4.0 -1.0 -2.0 -4.0 -2.0 -1.0 0.0 -3.0 -1.0 -3.0 -3.0 -4.0 -3.0 0.0 0.0 0.0 -3.0 -2.0 -1.0 -2.0 -2.0 -4.0 -4.0 
-2.0 -4.0 -4.0 0.0 -2.0 0.0 -1.0 -4.0 -2.0 -2.0 -4.0 -4.0 -1.0 -4.0 -1.0 -1.0 -3.0 -4.0 0.0 -2.0 0.0 -2.0 0.0 -2.0 -4.0 -4.0 -1.0 -1.0 -4.0 -3.0 -4.0 0.0 -1.0 -4.0 -3.0 -2.0 -2.0 -3.0 -3.0 -4.0 -2.0 -2.0 -1.0 -3.0 -1.0 -3.0 -2.0 0.0 -1.0 0.0 -4.0 -1.0 0.0 -1.0 -2.0 -3.0 -2.0 -4.0 -4.0 0.0 0.0 -3.0 -3.0 -1.0 -1.0 -1.0 0.0 -1.0 -2.0 0.0 -4.0 -1.0 -1.0 211.0 -4.0 -1.0 -2.0 0.0 -3.0 -2.0 0.0 0.0 0.0 -1.0 -1.0 -3.0 -2.0 -4.0 -4.0 0.0 -2.0 0.0 -2.0 0.0 -4.0 0.0 -2.0 -4.0 0.0 -3.0 -4.0 0.0 -3.0 -1.0 0.0 -1.0 0.0 0.0 0.0 -2.0 -3.0 -1.0 -3.0 0.0 -3.0 
-1.0 -1.0 -1.0 -2.0 -1.0 -4.0 -2.0 -2.0 0.0 -1.0 -1.0 -4.0 -2.0 -2.0 0.0 0.0 -1.0 -3.0 -2.0 -3.0 -3.0 -4.0 -1.0 -4.0 -4.0 -2.0 -4.0 -3.0 -2.0 -2.0 -1.0 -2.0 -3.0 -4.0 0.0 0.0 -4.0 -2.0 -1.0 -1.0 0.0 0.0 0.0 -1.0 -4.0 -1.0 -1.0 -4.0 -1.0 0.0 -4.0 -1.0 -1.0 -2.0 -1.0 -4.0 -1.0 -1.0 0.0 -4.0 -3.0 0.0 -3.0 -3.0 -1.0 -1.0 -4.0 -3.0 -2.0 -1.0 0.0 -2.0 0.0 -4.0 222.0 0.0 -4.0 -2.0 -1.0 0.0 -3.0 -4.0 -2.0 0.0 0.0 0.0 0.0 0.0 -4.0 0.0 -4.0 -4.0 -4.0 -4.0 -4.0 -3.0 -3.0 -2.0 -4.0 0.0 -1.0 -1.0 -1.0 -2.0 0.0 -2.0 -3.0 -4.0 -4.0 -3.0 -3.0 -1.0 0.0 -3.0 -4.0 
-2.0 -4.0 -2.0 -1.0 -1.0 -4.0 -2.0 -2.0 -3.0 -4.0 -4.0 -3.0 -3.0 -3.0 -4.0 -3.0 -3.0 -1.0 -4.0 -1.0 -2.0 -3.0 -3.0 -2.0 -3.0 -1.0 -1.0 0.0 -3.0 0.0 0.0 -3.0 0.0 -3.0 -1.0 -1.0 -2.0 0.0 -4.0 -3.0 -2.0 -3.0 -1.0 -2.0 0.0 -4.0 -4.0 -1.0 -3.0 -2.0 -2.0 -1.0 -2.0 -4.0 -2.0 0.0 -2.0 -4.0 -1.0 -1.0 -2.0 -4.0 -3.0 -1.0 -2.0 -1.0 -3.0 -3.0 -1.0 -4.0 -1.0 -2.0 0.0 0.0 -3.0 257.0 -3.0 -2.0 -1.0 -3.0 -1.0 -2.0 0.0 -3.0 -2.0 0.0 -3.0 -4.0 -3.0 -2.0 -4.0 -4.0 -2.0 -3.0 -3.0 -2.0 -4.0 -1.0 -3.0 -4.0 -4.0 -2.0 -2.0 -2.0 -4.0 0.0 -1.0 -3.0 -3.0 -3.0 -2.0 -3.0 -4.0 -2.0 -3.0 
-2.0 -1.0 -3.0 -4.0 -3.0 -3.0 0.0 -1.0 -3.0 -3.0 -2.0 -2.0 -3.0 -3.0 -1.0 -2.0 -3.0 -2.0 -3.0 -2.0 0.0 -1.0 -2.0 0.0 -2.0 -3.0 0.0 -1.0 -2.0 -4.0 -3.0 -4.0 -3.0 0.0 -1.0 0.0 0.0 -4.0 -2.0 -2.0 -1.0 0.0 0.0 -1.0 -2.0 0.0 -4.0 -2.0 -3.0 -4.0 -2.0 -4.0 -4.0 -4.0 -1.0 -4.0 -1.0 0.0 -4.0 0.0 0.0 0.0 0.0 0.0 -2.0 -1.0 -2.0 -3.0 -3.0 -2.0 -3.0 -1.0 -4.0 -4.0 -1.0 -4.0 216.0 -3.0 -2.0 0.0 -4.0 -4.0 0.0 -1.0 0.0 -2.0 -1.0 -1.0 -4.0 -2.0 -1.0 -3.0 -2.0 -3.0 0.0 -1.0 -3.0 0.0 0.0 -3.0 -4.0 -2.0 -2.0 -1.0 0.0 -3.0 0.0 0.0 0.0 0.0 -4.0 -2.0 -1.0 -4.0 -2.0 
-1.0 -2.0 -4.0 -3.0 -4.0 0.0 0.0 -2.0 -2.0 -3.0 -4.0 -4.0 -1.0 -1.0 0.0 -4.0 -1.0 0.0 -3.0 -3.0 -1.0 0.0 -1.0 -4.0 0.0 -4.0 -1.0 -4.0 -2.0 -1.0 -3.0 -4.0 -2.0 -4.0 -4.0 -3.0 -3.0 -2.0 -2.0 -4.0 -1.0 0.0 -1.0 0.0 -4.0 -4.0 0.0 -1.0 -3.0 -2.0 -3.0 -4.0 -1.0 -4.0 -1.0 -4.0 -3.0 -2.0 -2.0 -4.0 0.0 0.0 -3.0 -1.0 -4.0 -1.0 0.0 -2.0 -1.0 -3.0 -1.0 0.0 -1.0 -2.0 -4.0 -4.0 -4.0 239.0 -1.0 -3.0 -3.0 -4.0 -3.0 -2.0 -1.0 -2.0 0.0 -4.0 0.0 -1.0 -2.0 0.0 -2.0 -3.0 -2.0 -3.0 -1.0 0.0 -4.0 -1.0 0.0 -2.0 -3.0 -3.0 -2.0 0.0 -4.0 -4.0 0.0 -2.0 -4.0 0.0 -2.0 -4.0 -1.0 
-4.0 -4.0 -4.0 -2.0 -1.0 -1.0 -1.0 -3.0 -1.0 0.0 0.0 -1.0 -1.0 -1.0 -4.0 -3.0 0.0 -2.0 -4.0 -1.0 -1.0 -2.0 -2.0 -4.0 -2.0 -2.0 0.0 -3.0 -3.0 -1.0 0.0 -1.0 -4.0 -2.0 -1.0 0.0 -3.0 -3.0 -3.0 0.0 -2.0 -3.0 -4.0 -4.0 -4.0 -3.0 -4.0 0.0 -2.0 -4.0 -1.0 -4.0 -2.0 -3.0 -4.0 -4.0 0.0 -1.0 -1.0 -2.0 -1.0 -4.0 -2.0 0.0 -3.0 -4.0 -2.0 0.0 -2.0 -4.0 -3.0 0.0 -2.0 0.0 -2.0 -3.0 -3.0 -2.0 231.0 -2.0 0.0 -2.0 0.0 -3.0 -2.0 -1.0 -1.0 -3.0 0.0 -2.0 0.0 -4.0 -4.0 -4.0 -4.0 0.0 0.0 0.0 -1.0 0.0 -3.0 -3.0 -4.0 -4.0 -2.0 -2.0 -1.0 -4.0 -2.0 0.0 0.0 -4.0 -3.0 0.0 -2.0 
-4.0 -4.0 -2.0 -1.0 -4.0 -1.0 -4.0 -3.0 -3.0 0.0 -2.0 -3.0 -3.0 0.0 -4.0 -2.0 0.0 0.0 -2.0 0.0 -4.0 -2.0 -3.0 -1.0 -1.0 0.0 -1.0 -2.0 -4.0 -4.0 -4.0 -4.0 0.0 -3.0 -3.0 -3.0 -4.0 -2.0 -3.0 -3.0 0.0 -4.0 -1.0 -2.0 -1.0 -3.0 0.0 -2.0 -4.0 -4.0 -1.0 -4.0 -2.0 0.0 -3.0 -2.0 -1.0 -1.0 -1.0 -3.0 -2.0 -4.0 -3.0 -2.0 -1.0 -2.0 -3.0 -1.0 0.0 -1.0 -4.0 -4.0 -1.0 -4.0 -1.0 -1.0 -1.0 -3.0 -2.0 242.0 -1.0 -1.0 -3.0 -3.0 0.0 -1.0 -3.0 -1.0 -3.0 -3.0 -4.0 -1.0 -2.0 -4.0 -2.0 -2.0 -2.0 -3.0 0.0 0.0 -1.0 -3.0 -2.0 0.0 -3.0 -3.0 0.0 -4.0 -3.0 -1.0 -2.0 0.0 -3.0 -2.0 -4.0 
-2.0 0.0 -1.0 -1.0 -1.0 -2.0 -3.0 0.0 -1.0 -1.0 -2.0 -4.0 -3.0 -4.0 -1.0 -3.0 -4.0 -1.0 -1.0 0.0 -2.0 -2.0 -3.0 0.0 -2.0 -3.0 -2.0 0.0 -4.0 -1.0 -3.0 -2.0 -4.0 -4.0 -3.0 -3.0 -4.0 -1.0 0.0 -4.0 -3.0 -1.0 -3.0 0.0 -1.0 -2.0 -4.0 0.0 -1.0 -2.0 0.0 -3.0 -2.0 0.0 0.0 -4.0 -2.0 -3.0 -3.0 -4.0 -2.0 -1.0 -4.0 -4.0 -4.0 -1.0 -1.0 -4.0 -1.0 -1.0 -3.0 0.0 -2.0 -3.0 0.0 -2.0 -4.0 -4.0 -2.0 -4.0 244.0 -1.0 -1.0 -4.0 -3.0 -1.0 -4.0 -2.0 -3.0 -3.0 -4.0 -4.0 -1.0 -1.0 0.0 -3.0 -2.0 -1.0 0.0 -3.0 0.0 -2.0 0.0 -2.0 -2.0 -4.0 -2.0 -4.0 -2.0 -4.0 -2.0 -3.0 -3.0 -2.0 -4.0 
-4.0 -1.0 -1.0 -3.0 -3.0 -2.0 -4.0 -2.0 -2.0 -2.0 -3.0 0.0 -2.0 -1.0 -2.0 0.0 -3.0 -3.0 -1.0 -4.0 0.0 -1.0 0.0 -3.0 -1.0 -3.0 -3.0 -3.0 -4.0 -2.0 -2.0 0.0 -1.0 -2.0 -2.0 0.0 0.0 -4.0 -1.0 -4.0 0.0 -2.0 -1.0 -2.0 -4.0 -3.0 -2.0 -3.0 0.0 -4.0 -1.0 -1.0 -4.0 -3.0 -3.0 -4.0 -1.0 -4.0 -2.0 -4.0 -1.0 -4.0 0.0 0.0 -2.0 -4.0 -1.0 0.0 -4.0 0.0 -4.0 -3.0 -4.0 -4.0 -3.0 -2.0 0.0 -2.0 -2.0 -1.0 0.0 233.0 -2.0 -2.0 0.0 -1.0 -3.0 -4.0 -4.0 -4.0 0.0 -4.0 -3.0 -3.0 0.0 0.0 -3.0 -2.0 -3.0 -1.0 -1.0 -2.0 -3.0 -3.0 -3.0 0.0 -1.0 -3.0 -1.0 -2.0 -3.0 -3.0 0.0 -1.0 0.0 
-4.0 0.0 -3.0 0.0 -3.0 0.0 0.0 0.0 0.0 -4.0 -4.0 -3.0 -4.0 -2.0 -2.0 0.0 -3.0 -2.0 0.0 -3.0 -2.0 -1.0 -3.0 -3.0 -3.0 -1.0 -2.0 -4.0 -1.0 0.0 -3.0 -4.0 -2.0 0.0 -3.0 -1.0 -1.0 -2.0 -2.0 0.0 -4.0 -2.0 0.0 0.0 -2.0 -4.0 -1.0 -1.0 -2.0 0.0 -3.0 -4.0 -2.0 -2.0 -3.0 -2.0 -3.0 0.0 -1.0 -1.0 -2.0 -4.0 -2.0 -4.0 -2.0 -2.0 -3.0 -2.0 -4.0 -2.0 -3.0 -3.0 -3.0 -4.0 0.0 -3.0 -2.0 -1.0 -4.0 -4.0 -1.0 -3.0 237.0 -3.0 -2.0 -4.0 -1.0 0.0 -1.0 -1.0 -1.0 -2.0 -2.0 -2.0 -1.0 -3.0 -3.0 0.0 -4.0 -2.0 -3.0 -3.0 -2.0 -1.0 -3.0 -4.0 0.0 -4.0 -3.0 -1.0 -1.0 -3.0 -3.0 0.0 -4.0 
-4.0 -3.0 -4.0 -1.0 -4.0 -2.0 -3.0 -2.0 0.0 -2.0 -1.0 -1.0 0.0 -3.0 -4.0 0.0 -1.0 -1.0 -4.0 -3.0 -1.0 -1.0 0.0 -1.0 0.0 0.0 -3.0 -3.0 -4.0 -4.0 -1.0 -3.0 -2.0 0.0 0.0 0.0 -2.0 -4.0 -2.0 0.0 -1.0 -4.0 -4.0 0.0 0.0 -3.0 -3.0 -3.0 -1.0 -2.0 -2.0 -1.0 -2.0 -2.0 -3.0 0.0 -3.0 -4.0 -4.0 0.0 -2.0 -3.0 -2.0 -1.0 0.0 -2.0 -1.0 -1.0 0.0 0.0 -3.0 -4.0 -4.0 -1.0 -4.0 -2.0 -3.0 0.0 -1.0 0.0 -1.0 -3.0 -3.0 235.0 -4.0 0.0 -4.0 -3.0 -4.0 -1.0 -2.0 -3.0 -3.0 -4.0 -3.0 0.0 0.0 -2.0 -3.0 -4.0 -2.0 -3.0 -2.0 -2.0 0.0 -3.0 -3.0 -4.0 -4.0 -4.0 -1.0 -3.0 -1.0 -2.0 -4.0 
-2.0 -2.0 -4.0 -4.0 0.0 0.0 -1.0 -2.0 -1.0 -3.0 -1.0 -2.0 -2.0 -3.0 0.0 0.0 -1.0 -3.0 -4.0 0.0 -1.0 -1.0 0.0 -2.0 -2.0 -1.0 -3.0 -2.0 -3.0 -4.0 -1.0 -4.0 -4.0 -2.0 0.0 0.0 0.0 -3.0 -3.0 -4.0 -4.0 0.0 0.0 0.0 -4.0 -1.0 -4.0 0.0 -2.0 -2.0 0.0 -4.0 -2.0 0.0 0.0 -4.0 -4.0 -3.0 -1.0 0.0 0.0 -3.0 -2.0 -1.0 0.0 -2.0 -2.0 -4.0 -3.0 -4.0 -3.0 -1.0 -1.0 -4.0 -2.0 -1.0 -3.0 0.0 -4.0 -1.0 -2.0 -3.0 -1.0 -3.0 230.0 -2.0 -2.0 -2.0 -3.0 -4.0 -3.0 -2.0 0.0 0.0 -4.0 -3.0 0.0 -2.0 -2.0 -1.0 -3.0 -3.0 -3.0 -3.0 -2.0 -3.0 -4.0 -4.0 -3.0 0.0 -4.0 -1.0 -2.0 -1.0 -4.0 
0.0 -4.0 -3.0 -3.0 0.0 -4.0 -4.0 -1.0 -1.0 0.0 -4.0 0.0 -1.0 0.0 -3.0 0.0 -1.0 0.0 0.0 0.0 -1.0 -3.0 0.0 -2.0 0.0 -3.0 -3.0 -4.0 -4.0 0.0 -2.0 -1.0 -3.0 -4.0 -2.0 -1.0 -1.0 -2.0 -2.0 0.0 -3.0 0.0 -3.0 -3.0 0.0 -3.0 -2.0 -4.0 0.0 -2.0 0.0 -1.0 0.0 -4.0 -1.0 -1.0 0.0 -2.0 -4.0 -2.0 -4.0 -4.0 0.0 -2.0 0.0 0.0 -4.0 -1.0 -1.0 -3.0 -4.0 -2.0 -1.0 0.0 0.0 -4.0 -1.0 -4.0 -2.0 -4.0 -1.0 -4.0 -1.0 -4.0 -3.0 210.0 -4.0 -2.0 -2.0 -2.0 -3.0 -3.0 -1.0 -4.0 -1.0 0.0 0.0 -2.0 -4.0 -2.0 -2.0 -2.0 -1.0 0.0 -3.0 0.0 -3.0 -2.0 -2.0 -4.0 -1.0 0.0 -1.0 -3.0 0.0 
0.0 -1.0 0.0 -1.0 -2.0 -4.0 -4.0 -2.0 -3.0 -2.0 -2.0 -2.0 -4.0 0.0 -2.0 -3.0 -1.0 -1.0 -1.0 0.0 0.0 -1.0 -4.0 -4.0 -2.0 -4.0 -4.0 -1.0 -2.0 -1.0 -4.0 -4.0 -4.0 -4.0 0.0 0.0 -3.0 -3.0 -4.0 -1.0 0.0 -4.0 -2.0 -4.0 -2.0 -3.0 -3.0 -2.0 0.0 -2.0 -3.0 -2.0 -3.0 0.0 -3.0 -4.0 -4.0 -2.0 -3.0 0.0 0.0 -3.0 -1.0 -3.0 -3.0 0.0 -1.0 -1.0 -1.0 0.0 -2.0 -3.0 0.0 0.0 -1.0 -1.0 -3.0 -4.0 0.0 -2.0 -2.0 -3.0 0.0 -3.0 0.0 -4.0 238.0 -4.0 -1.0 -1.0 0.0 -1.0 -2.0 -4.0 -4.0 -2.0 -4.0 0.0 -3.0 -1.0 -4.0 -4.0 -1.0 -1.0 -3.0 -4.0 -3.0 -2.0 -3.0 -3.0 -2.0 -2.0 -4.0 -3.0 0.0 
-4.0 0.0 -4.0 -4.0 -1.0 -3.0 -2.0 -2.0 -1.0 -1.0 -4.0 -1.0 0.0 -3.0 -3.0 -3.0 0.0 0.0 -1.0 -3.0 -4.0 0.0 0.0 0.0 -1.0 -3.0 -3.0 -3.0 -2.0 -3.0 -2.0 -4.0 -2.0 -3.0 0.0 -4.0 -3.0 0.0 -4.0 -2.0 0.0 -3.0 -2.0 -4.0 -4.0 -3.0 -1.0 -1.0 -3.0 -4.0 -3.0 -3.0 -3.0 -4.0 -2.0 -1.0 -1.0 -4.0 -3.0 0.0 -1.0 -2.0 -2.0 -2.0 0.0 -1.0 0.0 -2.0 -3.0 0.0 -4.0 -2.0 -2.0 -2.0 -2.0 -2.0 0.0 -4.0 -1.0 -2.0 0.0 -1.0 -1.0 -3.0 -3.0 -2.0 -1.0 221.0 -1.0 0.0 -2.0 0.0 -2.0 0.0 -2.0 0.0 -3.0 0.0 0.0 -3.0 -1.0 0.0 -3.0 -3.0 -3.0 -1.0 0.0 -3.0 -2.0 -2.0 -1.0 -3.0 -4.0 -3.0 -2.0 
-4.0 -2.0 -1.0 -1.0 -1.0 -4.0 -1.0 0.0 -2.0 0.0 -1.0 -3.0 -1.0 -3.0 -1.0 -2.0 -4.0 0.0 -1.0 -2.0 -2.0 0.0 -4.0 -2.0 -3.0 -2.0 -3.0 -4.0 -2.0 0.0 0.0 0.0 -2.0 -3.0 -3.0 0.0 0.0 -4.0 -3.0 0.0 0.0 -2.0 -1.0 -3.0 -2.0 0.0 -3.0 -4.0 -2.0 -1.0 -3.0 -2.0 -2.0 -4.0 0.0 0.0 0.0 -4.0 0.0 -4.0 -3.0 -4.0 -2.0 -2.0 0.0 -2.0 -2.0 -4.0 -1.0 0.0 0.0 -2.0 -4.0 -3.0 -2.0 -3.0 0.0 -3.0 -4.0 -4.0 -3.0 -4.0 -1.0 -2.0 -4.0 -1.0 0.0 0.0 224.0 -1.0 -1.0 -1.0 -4.0 -2.0 0.0 0.0 -2.0 -4.0 -4.0 -4.0 -4.0 -4.0 -2.0 0.0 -3.0 -4.0 -3.0 0.0 -3.0 0.0 -1.0 -2.0 -3.0 0.0 -4.0 
-4.0 -3.0 -3.0 -1.0 0.0 -1.0 -2.0 -1.0 -2.0 0.0 -4.0 -3.0 -1.0 -3.0 -1.0 -3.0 -2.0 0.0 0.0 -4.0 -4.0 -3.0 0.0 -2.0 -3.0 -2.0 -3.0 -4.0 0.0 0.0 -2.0 -2.0 0.0 0.0 -1.0 -2.0 0.0 -3.0 -3.0 0.0 -3.0 -1.0 -4.0 0.0 -2.0 -3.0 -4.0 -3.0 -3.0 -4.0 -3.0 -3.0 -1.0 0.0 -1.0 -3.0 -4.0 0.0 -3.0 -4.0 -1.0 -4.0 -4.0 -3.0 0.0 -3.0 0.0 -3.0 -3.0 -4.0 -3.0 0.0 0.0 -1.0 -4.0 -2.0 -3.0 -4.0 -2.0 0.0 -1.0 -4.0 -1.0 0.0 -4.0 -3.0 0.0 -1.0 -2.0 240.0 0.0 -1.0 -2.0 -2.0 0.0 -4.0 -1.0 -1.0 -4.0 -1.0 -2.0 -4.0 -4.0 -4.0 -4.0 -3.0 -4.0 -2.0 -1.0 -2.0 -4.0 -1.0 -4.0 -2.0 -2.0 
-3.0 0.0 -2.0 -2.0 0.0 0.0 -3.0 -4.0 0.0 -3.0 -1.0 -2.0 -4.0 -4.0 -1.0 -1.0 -2.0 -1.0 -3.0 -1.0 -2.0 -1.0 0.0 -4.0 -3.0 0.0 -3.0 -4.0 -2.0 -1.0 0.0 0.0 -2.0 -1.0 -3.0 -3.0 0.0 -2.0 -1.0 -2.0 0.0 0.0 -4.0 -2.0 0.0 -2.0 0.0 -1.0 -2.0 -3.0 -3.0 0.0 -3.0 -4.0 0.0 0.0 -2.0 -2.0 -4.0 -2.0 -1.0 -2.0 -2.0 -3.0 0.0 0.0 -3.0 -4.0 -1.0 -3.0 -2.0 -1.0 0.0 -1.0 -4.0 -4.0 -1.0 0.0 -3.0 0.0 -2.0 0.0 0.0 -2.0 -4.0 -3.0 0.0 -4.0 -2.0 -3.0 196.0 -1.0 -2.0 -4.0 -1.0 -1.0 -1.0 -1.0 -1.0 0.0 -3.0 -1.0 0.0 -1.0 -1.0 -3.0 0.0 -3.0 0.0 -3.0 -1.0 -3.0 -2.0 -1.0 -2.0 
-2.0 0.0 -2.0 -4.0 0.0 -1.0 0.0 -3.0 0.0 -1.0 -1.0 -1.0 0.0 0.0 -1.0 -2.0 0.0 -4.0 -2.0 -1.0 -3.0 -2.0 -2.0 -1.0 -2.0 -4.0 0.0 -2.0 -2.0 -4.0 -1.0 0.0 -2.0 -4.0 0.0 -1.0 -1.0 -2.0 -2.0 -3.0 0.0 -2.0 -3.0 -2.0 -1.0 -1.0 -1.0 0.0 -2.0 0.0 -2.0 -3.0 -3.0 0.0 -4.0 -2.0 -2.0 -2.0 -1.0 -1.0 -4.0 -4.0 0.0 -1.0 0.0 -4.0 -3.0 -3.0 -4.0 -1.0 -4.0 -2.0 -2.0 0.0 -4.0 -1.0 -1.0 -3.0 -4.0 0.0 -3.0 0.0 -2.0 -4.0 -2.0 -4.0 -2.0 0.0 0.0 -3.0 0.0 196.0 -1.0 -1.0 0.0 0.0 -1.0 -3.0 -2.0 -4.0 -1.0 -3.0 0.0 -2.0 -1.0 -2.0 0.0 -4.0 -4.0 -3.0 0.0 0.0 -3.0 -1.0 0.0 
-2.0 -1.0 -2.0 -1.0 -4.0 0.0 -2.0 0.0 -2.0 -3.0 -4.0 -1.0 -1.0 -3.0 0.0 -4.0 -4.0 -4.0 0.0 -3.0 -2.0 -3.0 0.0 -2.0 -4.0 -2.0 -4.0 -3.0 -4.0 -3.0 -2.0 -2.0 0.0 -3.0 0.0 -3.0 0.0 -4.0 0.0 -2.0 -2.0 -3.0 -4.0 -4.0 -2.0 -3.0 0.0 -2.0 0.0 -1.0 -1.0 -4.0 -4.0 -2.0 0.0 0.0 -4.0 -4.0 -3.0 -4.0 0.0 0.0 -1.0 0.0 0.0 -2.0 0.0 -2.0 -1.0 -4.0 -3.0 -2.0 -1.0 -3.0 -4.0 -4.0 -3.0 -4.0 -4.0 -1.0 0.0 -3.0 -2.0 -4.0 -4.0 -2.0 -1.0 -2.0 -2.0 -4.0 0.0 -2.0 239.0 0.0 -2.0 -2.0 0.0 -1.0 -3.0 -3.0 0.0 -2.0 -4.0 -3.0 -4.0 0.0 -3.0 -4.0 -2.0 -2.0 0.0 -4.0 -1.0 -1.0 -2.0 
-2.0 0.0 -3.0 -1.0 0.0 0.0 -1.0 -2.0 -3.0 -3.0 -2.0 -1.0 -3.0 -4.0 0.0 -3.0 0.0 -1.0 -2.0 -4.0 -2.0 -4.0 0.0 0.0 0.0 -4.0 -4.0 -3.0 -4.0 -2.0 -4.0 0.0 -2.0 -3.0 0.0 -3.0 -4.0 -3.0 0.0 -4.0 -4.0 0.0 -3.0 -4.0 0.0 -2.0 0.0 -2.0 -1.0 -2.0 -4.0 -3.0 0.0 -1.0 -2.0 0.0 -2.0 -1.0 0.0 -2.0 -2.0 0.0 -2.0 0.0 -1.0 -1.0 -2.0 0.0 0.0 -4.0 -2.0 -2.0 -2.0 -4.0 -4.0 0.0 -3.0 -2.0 -4.0 0.0 -4.0 -4.0 -1.0 -2.0 -1.0 -3.0 -1.0 0.0 -2.0 0.0 0.0 -2.0 -4.0 215.0 -1.0 0.0 -3.0 -3.0 -4.0 -4.0 -2.0 -3.0 -3.0 -1.0 0.0 -4.0 0.0 -1.0 -4.0 -2.0 -1.0 -4.0 -1.0 -1.0 0.0 
-4.0 -1.0 -2.0 0.0 -1.0 -1.0 0.0 0.0 -3.0 -3.0 -4.0 -3.0 -3.0 -1.0 -1.0 -1.0 0.0 0.0 -1.0 -3.0 0.0 -1.0 -4.0 -1.0 -3.0 0.0 -1.0 0.0 -3.0 -4.0 -2.0 0.0 -1.0 -2.0 0.0 -4.0 -3.0 -2.0 -2.0 -3.0 -2.0 -4.0 -1.0 -1.0 -4.0 -3.0 -4.0 -1.0 -3.0 0.0 -2.0 0.0 -2.0 0.0 0.0 -1.0 -3.0 -2.0 -4.0 -1.0 -4.0 -1.0 0.0 -4.0 -2.0 -2.0 -3.0 -1.0 -3.0 -1.0 -2.0 -1.0 -1.0 -1.0 0.0 -1.0 -4.0 -1.0 0.0 -2.0 -4.0 -4.0 0.0 -4.0 0.0 -1.0 -2.0 -3.0 0.0 0.0 0.0 -4.0 -2.0 -3.0 202.0 -1.0 0.0 -3.0 -3.0 -3.0 -2.0 -1.0 -2.0 -1.0 -2.0 0.0 -2.0 -4.0 -1.0 -3.0 -1.0 -3.0 -1.0 -1.0 -1.0 
-1.0 -4.0 -2.0 -3.0 0.0 0.0 -2.0 0.0 0.0 -1.0 0.0 -2.0 -2.0 -2.0 -3.0 -1.0 -1.0 0.0 0.0 0.0 -2.0 -3.0 -2.0 -3.0 -1.0 -1.0 -3.0 -4.0 0.0 0.0 -4.0 0.0 0.0 -1.0 -3.0 -3.0 -1.0 -1.0 0.0 -1.0 -4.0 -4.0 -3.0 -3.0 -1.0 -2.0 -3.0 0.0 -2.0 -2.0 -1.0 -3.0 0.0 -4.0 -1.0 -3.0 0.0 -2.0 -1.0 -2.0 -1.0 -3.0 -2.0 -1.0 0.0 0.0 -4.0 -1.0 -1.0 -1.0 -2.0 0.0 -4.0 -4.0 -2.0 0.0 0.0 -2.0 0.0 0.0 -1.0 -1.0 -4.0 -1.0 -4.0 -1.0 0.0 0.0 -4.0 -1.0 -4.0 -1.0 -2.0 0.0 -4.0 183.0 -2.0 -4.0 -3.0 -2.0 -1.0 0.0 -3.0 -1.0 0.0 0.0 -2.0 -2.0 -1.0 -1.0 -2.0 -2.0 -2.0 0.0 -1.0 
0.0 -1.0 0.0 -4.0 -3.0 -1.0 0.0 -2.0 -4.0 0.0 -4.0 0.0 0.0 -2.0 -1.0 -3.0 0.0 -2.0 -1.0 -3.0 -2.0 -1.0 -1.0 -4.0 0.0 -4.0 -4.0 -2.0 -3.0 -4.0 -3.0 -3.0 -2.0 -4.0 0.0 -1.0 -1.0 0.0 -3.0 0.0 -1.0 -3.0 -2.0 -2.0 0.0 -1.0 -1.0 -2.0 -1.0 0.0 -3.0 -1.0 -1.0 -3.0 -1.0 -2.0 -4.0 -2.0 -3.0 -1.0 -4.0 -3.0 -2.0 -2.0 -2.0 -2.0 -3.0 -4.0 0.0 -2.0 -3.0 0.0 -1.0 -2.0 0.0 -4.0 -4.0 -2.0 -2.0 -3.0 -3.0 -4.0 -4.0 -3.0 -3.0 -4.0 0.0 -2.0 -1.0 -1.0 -1.0 -3.0 -1.0 -1.0 -4.0 -3.0 224.0 -4.0 0.0 -3.0 -2.0 -2.0 -2.0 -2.0 0.0 -2.0 0.0 -3.0 -2.0 0.0 0.0 -3.0 -4.0 -1.0 -4.0 
-4.0 0.0 -4.0 -4.0 -3.0 -2.0 -1.0 -2.0 -4.0 0.0 0.0 -3.0 -2.0 -2.0 0.0 -1.0 -4.0 -3.0 -2.0 -4.0 -2.0 0.0 -4.0 0.0 0.0 -2.0 -3.0 -3.0 -2.0 -1.0 -2.0 0.0 -4.0 -4.0 -1.0 0.0 -3.0 0.0 -2.0 0.0 -3.0 -4.0 -4.0 -4.0 -3.0 -3.0 -3.0 0.0 -4.0 -1.0 -4.0 -2.0 -2.0 -1.0 -1.0 -4.0 -1.0 -2.0 -4.0 0.0 -4.0 -3.0 -4.0 -1.0 -3.0 0.0 -2.0 -4.0 -4.0 -1.0 -1.0 -1.0 0.0 -1.0 -2.0 -2.0 0.0 -2.0 -2.0 -2.0 0.0 -4.0 0.0 0.0 0.0 -3.0 -3.0 -2.0 -2.0 -2.0 -3.0 0.0 -4.0 0.0 -2.0 -2.0 -1.0 237.0 -4.0 -4.0 -1.0 -2.0 -2.0 -4.0 -3.0 -2.0 -1.0 -4.0 -4.0 -3.0 0.0 -1.0 -1.0 -3.0 -3.0 
-4.0 -3.0 -3.0 -3.0 -3.0 -1.0 0.0 -3.0 -3.0 -2.0 -4.0 -4.0 -3.0 0.0 -2.0 -3.0 0.0 -3.0 -2.0 -1.0 -4.0 0.0 -3.0 -2.0 0.0 0.0 -2.0 -1.0 -3.0 0.0 -4.0 -1.0 -3.0 0.0 0.0 -2.0 -1.0 -2.0 -2.0 -2.0 -2.0 -2.0 -2.0 -4.0 -2.0 -1.0 0.0 -1.0 -2.0 -2.0 -4.0 -3.0 0.0 0.0 0.0 -2.0 0.0 -2.0 0.0 -3.0 -1.0 -3.0 0.0 -3.0 0.0 -1.0 -4.0 -4.0 -2.0 -4.0 0.0 -2.0 -4.0 -2.0 -2.0 -3.0 0.0 -1.0 -3.0 -3.0 -2.0 -1.0 -4.0 -1.0 -1.0 -2.0 -2.0 -2.0 -4.0 -2.0 -4.0 -4.0 -1.0 -2.0 -3.0 -2.0 -4.0 0.0 226.0 -4.0 -3.0 0.0 -4.0 -4.0 0.0 0.0 0.0 -4.0 -3.0 -1.0 -4.0 -1.0 -2.0 0.0 -2.0 
-1.0 0.0 -1.0 -3.0 -4.0 -2.0 -2.0 0.0 0.0 -1.0 0.0 -2.0 -4.0 -2.0 0.0 0.0 -4.0 -3.0 0.0 -4.0 -2.0 -2.0 -2.0 -3.0 -4.0 -1.0 -4.0 0.0 -4.0 -2.0 0.0 -2.0 -2.0 -3.0 -1.0 -3.0 -2.0 -2.0 -4.0 -1.0 0.0 -3.0 -4.0 -1.0 -3.0 -1.0 -3.0 -3.0 -1.0 -4.0 0.0 -1.0 -1.0 0.0 -2.0 -4.0 0.0 -1.0 -3.0 -3.0 -3.0 0.0 -1.0 0.0 0.0 -2.0 -1.0 0.0 -2.0 -2.0 -1.0 -3.0 0.0 -2.0 0.0 -4.0 -2.0 -3.0 0.0 0.0 -3.0 -4.0 -4.0 -2.0 -1.0 0.0 0.0 -4.0 0.0 0.0 -3.0 -4.0 -1.0 -2.0 -2.0 -4.0 -2.0 0.0 -2.0 208.0 0.0 -4.0 -4.0 -3.0 -3.0 0.0 -4.0 0.0 -1.0 -1.0 -3.0 0.0 -3.0 -1.0 -2.0 
-1.0 -4.0 -1.0 -2.0 -3.0 0.0 -1.0 -1.0 0.0 -3.0 -2.0 0.0 -1.0 -2.0 -3.0 -2.0 0.0 -4.0 -3.0 -3.0 0.0 0.0 -1.0 -2.0 0.0 -3.0 -1.0 -3.0 0.0 0.0 -3.0 -1.0 -1.0 -2.0 -2.0 -3.0 -3.0 -3.0 0.0 0.0 0.0 -2.0 -4.0 -3.0 -4.0 -2.0 -1.0 -2.0 -1.0 -1.0 -3.0 -4.0 -4.0 -3.0 0.0 -3.0 -2.0 -2.0 -1.0 -4.0 -4.0 0.0 -2.0 -3.0 -4.0 -4.0 -3.0 -3.0 -3.0 -4.0 -3.0 -1.0 -1.0 -3.0 -1.0 -2.0 0.0 -3.0 -1.0 -1.0 0.0 -2.0 -4.0 -3.0 0.0 -1.0 -1.0 -3.0 -3.0 0.0 0.0 -1.0 -1.0 -1.0 -1.0 -4.0 -2.0 -4.0 0.0 0.0 217.0 -2.0 -3.0 -2.0 -4.0 -1.0 -4.0 -2.0 -3.0 -2.0 -1.0 -2.0 0.0 -1.0 -3.0 
-1.0 -1.0 -2.0 -3.0 -3.0 -4.0 -4.0 -3.0 -3.0 0.0 0.0 -4.0 -4.0 -4.0 -4.0 0.0 0.0 -3.0 -4.0 -4.0 -2.0 -2.0 -1.0 -4.0 -1.0 -1.0 -1.0 -2.0 -3.0 -2.0 -1.0 -2.0 -1.0 -3.0 -3.0 -4.0 -4.0 -2.0 -3.0 -4.0 0.0 -1.0 -4.0 -1.0 0.0 -1.0 -4.0 -1.0 -3.0 -2.0 -2.0 -3.0 -2.0 -3.0 0.0 -1.0 -1.0 -2.0 -3.0 -2.0 -4.0 0.0 -4.0 -3.0 0.0 -4.0 -4.0 -3.0 0.0 0.0 -2.0 -2.0 0.0 -3.0 -4.0 -3.0 0.0 0.0 -2.0 -4.0 -3.0 0.0 -1.0 -1.0 -4.0 -2.0 -4.0 0.0 -4.0 -3.0 -4.0 -3.0 -4.0 -3.0 -4.0 -1.0 -1.0 -1.0 -1.0 0.0 -4.0 254.0 -3.0 0.0 -4.0 -3.0 -3.0 -2.0 -4.0 0.0 0.0 -3.0 -4.0 -1.0 -4.0 
0.0 -4.0 -1.0 -4.0 -3.0 -3.0 0.0 -3.0 0.0 0.0 -2.0 -2.0 -3.0 -1.0 0.0 -4.0 -4.0 -1.0 -4.0 -2.0 -2.0 -1.0 -2.0 -1.0 -3.0 -4.0 -2.0 -1.0 -4.0 -3.0 -2.0 -4.0 -4.0 -3.0 -2.0 -2.0 -1.0 -2.0 -2.0 -1.0 -4.0 -3.0 -4.0 -3.0 -3.0 0.0 -1.0 -4.0 -3.0 -4.0 -4.0 -2.0 -2.0 -4.0 -2.0 -1.0 0.0 0.0 -2.0 -3.0 -3.0 0.0 0.0 -1.0 -4.0 -1.0 -4.0 -1.0 -4.0 -4.0 0.0 0.0 0.0 -3.0 -3.0 -4.0 -1.0 -2.0 -3.0 -4.0 -2.0 0.0 -4.0 -2.0 -4.0 -3.0 -2.0 -2.0 -4.0 -2.0 -3.0 -3.0 -2.0 -2.0 -2.0 -3.0 -2.0 -3.0 0.0 -4.0 -3.0 0.0 250.0 -2.0 -1.0 -2.0 -1.0 -2.0 -3.0 -3.0 0.0 -1.0 -3.0 -2.0 0.0 
-4.0 0.0 0.0 -1.0 0.0 -2.0 -3.0 -2.0 -4.0 -1.0 -4.0 -4.0 0.0 -2.0 0.0 -1.0 -2.0 -4.0 -1.0 -3.0 -3.0 -4.0 0.0 -1.0 0.0 -1.0 -1.0 0.0 -2.0 0.0 -1.0 -2.0 0.0 -1.0 -1.0 -1.0 -2.0 -3.0 -1.0 -1.0 -3.0 -1.0 -2.0 -4.0 0.0 -2.0 -2.0 -3.0 -1.0 -1.0 -2.0 -4.0 -1.0 -1.0 -1.0 -4.0 -3.0 -4.0 -2.0 -3.0 0.0 -1.0 -4.0 -2.0 0.0 0.0 0.0 -3.0 -3.0 -3.0 -1.0 -2.0 -2.0 -4.0 -2.0 -4.0 -4.0 -4.0 -2.0 -1.0 -3.0 0.0 -4.0 -4.0 -2.0 0.0 -1.0 -1.0 -2.0 -1.0 -4.0 -3.0 -3.0 -4.0 0.0 0.0 0.0 -3.0 -4.0 0.0 -1.0 0.0 -3.0 205.0 -3.0 0.0 -3.0 -1.0 0.0 -1.0 -1.0 0.0 -1.0 -1.0 -2.0 
-3.0 -1.0 -2.0 0.0 0.0 0.0 0.0 -4.0 -1.0 -3.0 -3.0 -3.0 -2.0 -1.0 -1.0 -3.0 -3.0 -2.0 0.0 0.0 0.0 -3.0 -4.0 0.0 -4.0 -4.0 -1.0 0.0 -4.0 -3.0 -4.0 -2.0 -2.0 -1.0 -3.0 -3.0 0.0 -1.0 -3.0 -4.0 -4.0 -2.0 -2.0 -1.0 -4.0 -4.0 0.0 -4.0 -4.0 -3.0 -2.0 -2.0 -2.0 -3.0 -1.0 -2.0 -2.0 -2.0 -4.0 -2.0 0.0 0.0 -3.0 0.0 -1.0 0.0 0.0 0.0 -1.0 -1.0 -4.0 -1.0 -1.0 -4.0 -3.0 -1.0 -1.0 -4.0 -3.0 -1.0 0.0 -4.0 -4.0 -4.0 -3.0 -4.0 -4.0 -1.0 -3.0 0.0 -2.0 -4.0 -2.0 -4.0 -3.0 -3.0 -4.0 -2.0 -2.0 -1.0 -1.0 -2.0 0.0 -1.0 228.0 -1.0 0.0 -1.0 0.0 -2.0 0.0 -1.0 -1.0 -4.0 -3.0 
0.0 -3.0 -1.0 -3.0 -3.0 -4.0 -1.0 -1.0 -1.0 -2.0 0.0 -3.0 0.0 -4.0 -4.0 -4.0 0.0 -1.0 0.0 0.0 -2.0 0.0 -4.0 -1.0 0.0 -1.0 -3.0 -3.0 -1.0 -3.0 -3.0 -3.0 0.0 -4.0 -1.0 -4.0 -4.0 -4.0 -2.0 -2.0 -2.0 0.0 -1.0 -4.0 0.0 -1.0 -4.0 -3.0 -3.0 0.0 -2.0 -2.0 -1.0 0.0 0.0 0.0 -3.0 -4.0 -1.0 -1.0 -4.0 -2.0 0.0 -4.0 -2.0 -3.0 0.0 -2.0 -1.0 -3.0 -3.0 0.0 0.0 -2.0 0.0 -3.0 -3.0 -2.0 -1.0 -3.0 -4.0 -2.0 0.0 -3.0 -4.0 0.0 -3.0 -2.0 -4.0 -3.0 -4.0 0.0 0.0 -4.0 0.0 0.0 -4.0 -2.0 -2.0 0.0 -2.0 -4.0 -1.0 -3.0 -2.0 222.0 -4.0 -2.0 -4.0 -2.0 -1.0 -4.0 -1.0 -1.0 0.0 
0.0 -2.0 0.0 0.0 -2.0 -2.0 -2.0 -4.0 -2.0 -2.0 -4.0 0.0 -2.0 -3.0 0.0 -4.0 -3.0 -3.0 -3.0 0.0 -1.0 0.0 -2.0 0.0 0.0 -2.0 -1.0 0.0 -3.0 -3.0 -3.0 -3.0 -4.0 -4.0 0.0 -3.0 0.0 -3.0 -1.0 -4.0 -3.0 -4.0 -4.0 -1.0 0.0 -3.0 0.0 0.0 -4.0 -3.0 -3.0 0.0 -2.0 -3.0 -1.0 0.0 -2.0 -4.0 0.0 -3.0 -4.0 -3.0 -4.0 -1.0 -3.0 0.0 -3.0 -3.0 0.0 -3.0 -1.0 0.0 0.0 -3.0 -3.0 -1.0 -3.0 -1.0 -4.0 -3.0 -3.0 -4.0 -3.0 0.0 -2.0 -2.0 0.0 -3.0 -4.0 -3.0 -2.0 0.0 0.0 -4.0 -3.0 -1.0 -1.0 -3.0 -2.0 -1.0 -1.0 -3.0 -3.0 -1.0 -3.0 -3.0 233.0 -1.0 -3.0 -3.0 -4.0 -4.0 -2.0 -2.0 -1.0 
-3.0 -4.0 -4.0 0.0 -4.0 -4.0 0.0 -4.0 -4.0 -4.0 -4.0 -3.0 -4.0 -1.0 -4.0 -3.0 -4.0 0.0 -2.0 0.0 -4.0 -3.0 -3.0 -4.0 -3.0 -3.0 0.0 -1.0 -2.0 -4.0 0.0 -2.0 -4.0 -1.0 -4.0 -3.0 -1.0 -1.0 -4.0 -2.0 0.0 0.0 -3.0 -2.0 -1.0 -3.0 -4.0 -2.0 -2.0 -4.0 -4.0 -1.0 -4.0 -4.0 0.0 -4.0 -2.0 -1.0 -3.0 -2.0 -2.0 -1.0 -1.0 0.0 -3.0 -1.0 -1.0 0.0 -4.0 -1.0 -1.0 -1.0 -3.0 -1.0 -3.0 -2.0 -3.0 -1.0 -4.0 -2.0 -4.0 -2.0 -4.0 -1.0 -2.0 -4.0 -1.0 -4.0 -1.0 -2.0 -3.0 -4.0 0.0 0.0 -4.0 -4.0 -3.0 -1.0 -4.0 -3.0 -2.0 -1.0 -1.0 -3.0 -1.0 -2.0 -1.0 263.0 -4.0 0.0 -3.0 -1.0 -1.0 -3.0 -3.0 
-3.0 -2.0 -1.0 -3.0 -2.0 0.0 -2.0 0.0 -4.0 0.0 -2.0 -3.0 0.0 -1.0 -3.0 -1.0 0.0 -1.0 0.0 -4.0 -4.0 -1.0 -1.0 -4.0 0.0 -3.0 -4.0 -1.0 -2.0 -4.0 -2.0 -2.0 -2.0 -2.0 -3.0 -3.0 0.0 0.0 -3.0 -1.0 -1.0 -3.0 -4.0 -3.0 -2.0 -2.0 -2.0 -3.0 0.0 -3.0 -3.0 -1.0 -2.0 -2.0 -2.0 0.0 -1.0 -3.0 -2.0 0.0 0.0 -1.0 -2.0 -4.0 -3.0 0.0 -2.0 -3.0 -2.0 -2.0 0.0 0.0 0.0 -4.0 -3.0 0.0 -2.0 -2.0 0.0 -2.0 -1.0 -4.0 0.0 -3.0 -3.0 -3.0 -2.0 0.0 -2.0 -3.0 -4.0 -3.0 -2.0 -1.0 0.0 0.0 -2.0 -4.0 -2.0 -2.0 -3.0 -3.0 -1.0 0.0 -1.0 0.0 -3.0 -3.0 211.0 0.0 -3.0 -2.0 -4.0 -2.0 0.0 
0.0 -3.0 -1.0 0.0 0.0 0.0 0.0 -4.0 -3.0 -4.0 -2.0 -1.0 -3.0 -3.0 -3.0 -4.0 -4.0 -4.0 -4.0 -1.0 -2.0 -3.0 -1.0 -2.0 -3.0 -1.0 -4.0 -4.0 -3.0 0.0 0.0 -4.0 -1.0 -4.0 -3.0 0.0 -3.0 0.0 -1.0 -4.0 -2.0 -4.0 -2.0 -4.0 -4.0 -2.0 -3.0 -2.0 -3.0 -3.0 -2.0 0.0 -2.0 -1.0 -3.0 -4.0 -2.0 -1.0 -4.0 0.0 -1.0 0.0 -1.0 -1.0 -4.0 -2.0 0.0 -3.0 0.0 -3.0 0.0 -3.0 0.0 -4.0 0.0 -2.0 -3.0 -3.0 -2.0 -4.0 -2.0 -1.0 0.0 -3.0 -4.0 -1.0 -2.0 -3.0 -1.0 -1.0 -2.0 -3.0 -1.0 -1.0 -3.0 -4.0 -4.0 0.0 -4.0 -4.0 -2.0 -4.0 0.0 -4.0 0.0 -3.0 -1.0 -2.0 -4.0 247.0 -4.0 0.0 -3.0 -4.0 -1.0 
0.0 0.0 0.0 -4.0 -3.0 0.0 -2.0 0.0 -3.0 -2.0 -2.0 -2.0 -2.0 -1.0 -2.0 0.0 -2.0 -2.0 -3.0 -3.0 -3.0 -1.0 -3.0 0.0 -2.0 -1.0 -3.0 -4.0 -4.0 -2.0 -4.0 0.0 0.0 -2.0 -3.0 0.0 -2.0 0.0 -2.0 -3.0 -3.0 -2.0 -3.0 -1.0 0.0 0.0 -2.0 -1.0 0.0 -2.0 -1.0 0.0 -2.0 0.0 -2.0 -3.0 -3.0 -3.0 0.0 0.0 -4.0 -2.0 -1.0 -4.0 -3.0 0.0 -3.0 -1.0 -3.0 -3.0 -1.0 -3.0 -2.0 0.0 0.0 -3.0 -1.0 0.0 0.0 0.0 -3.0 0.0 -3.0 -1.0 -4.0 -2.0 -3.0 -1.0 -1.0 -2.0 -3.0 -2.0 -1.0 -3.0 -2.0 -1.0 -1.0 -3.0 -2.0 0.0 -3.0 0.0 -2.0 -3.0 -3.0 -1.0 -1.0 -2.0 -3.0 -2.0 202.0 -3.0 -3.0 -1.0 -3.0 
-1.0 -2.0 0.0 -3.0 -2.0 -4.0 -1.0 0.0 -1.0 -3.0 -4.0 -1.0 -3.0 -3.0 -3.0 -4.0 -4.0 -3.0 -4.0 0.0 -2.0 -3.0 -4.0 -4.0 -4.0 -2.0 -2.0 -1.0 -4.0 0.0 -2.0 -4.0 0.0 -4.0 -2.0 -4.0 -2.0 0.0 -1.0 -4.0 0.0 -3.0 -2.0 -3.0 0.0 -2.0 -3.0 -2.0 -4.0 -3.0 -2.0 -2.0 -1.0 -3.0 -3.0 0.0 -3.0 -3.0 0.0 -3.0 -1.0 0.0 -1.0 -2.0 0.0 -1.0 -3.0 0.0 -4.0 0.0 -2.0 -3.0 -1.0 -1.0 -1.0 -1.0 0.0 0.0 -3.0 -2.0 -1.0 -2.0 -3.0 -3.0 -2.0 -1.0 -1.0 -3.0 -3.0 -2.0 -1.0 -1.0 -3.0 0.0 -1.0 -1.0 0.0 -4.0 -1.0 0.0 0.0 -1.0 -1.0 -4.0 -3.0 -1.0 -2.0 -2.0 -1.0 -2.0 -3.0 222.0 -2.0 -4.0 0.0 
-2.0 -2.0 -4.0 -2.0 -3.0 -1.0 -4.0 -3.0 -4.0 -2.0 -1.0 0.0 0.0 -3.0 -2.0 0.0 -4.0 -2.0 -3.0 -3.0 -2.0 0.0 -1.0 -2.0 -2.0 -2.0 -2.0 -4.0 -1.0 -3.0 -4.0 -2.0 -3.0 -1.0 0.0 -4.0 -3.0 -3.0 -3.0 -4.0 -3.0 -2.0 -4.0 -4.0 -3.0 -4.0 -4.0 -3.0 -3.0 -4.0 -3.0 -2.0 -3.0 -3.0 -4.0 -4.0 -4.0 -4.0 -4.0 -3.0 -1.0 -1.0 -4.0 -2.0 0.0 0.0 -4.0 -4.0 -1.0 -3.0 -1.0 -2.0 0.0 -4.0 -1.0 -2.0 -4.0 -2.0 -3.0 -2.0 -4.0 0.0 -3.0 -2.0 -1.0 -1.0 -1.0 -3.0 -3.0 -1.0 -3.0 -4.0 -3.0 -1.0 -2.0 -3.0 -2.0 -4.0 0.0 -3.0 -2.0 0.0 0.0 -3.0 0.0 -1.0 -3.0 -4.0 -1.0 0.0 -4.0 0.0 262.0 0.0 0.0 
0.0 -2.0 -4.0 -2.0 -1.0 -2.0 -1.0 -3.0 -4.0 -1.0 -1.0 -3.0 -3.0 -3.0 -4.0 -3.0 -2.0 -1.0 -3.0 -1.0 0.0 -2.0 -2.0 -1.0 -1.0 -1.0 -3.0 0.0 0.0 -3.0 -1.0 -3.0 0.0 -4.0 -2.0 -1.0 -3.0 -3.0 -2.0 -4.0 -3.0 -3.0 -4.0 -4.0 -2.0 -4.0 -3.0 -4.0 -2.0 -4.0 -2.0 -1.0 -4.0 -4.0 -2.0 -2.0 -2.0 -4.0 -1.0 -3.0 0.0 -1.0 -2.0 -1.0 -1.0 -1.0 -2.0 0.0 -4.0 -1.0 -1.0 -3.0 0.0 0.0 -3.0 -1.0 -1.0 -3.0 -4.0 0.0 -4.0 0.0 0.0 -1.0 0.0 -3.0 -3.0 -2.0 -3.0 -1.0 -2.0 -3.0 -2.0 -3.0 -4.0 -2.0 -1.0 -1.0 -2.0 -4.0 -1.0 0.0 0.0 -1.0 0.0 -4.0 0.0 -4.0 -4.0 -1.0 -3.0 0.0 -2.0 231.0 -3.0 
-1.0 0.0 -1.0 -4.0 -4.0 -1.0 0.0 -3.0 -3.0 0.0 -2.0 -2.0 -1.0 -4.0 0.0 -2.0 0.0 -4.0 -1.0 -3.0 -4.0 0.0 -4.0 -4.0 -2.0 -1.0 -4.0 -4.0 -1.0 0.0 -2.0 -4.0 -2.0 -3.0 -1.0 -2.0 -2.0 0.0 0.0 -4.0 -2.0 -3.0 -4.0 -1.0 -3.0 0.0 0.0 -4.0 0.0 0.0 -1.0 -2.0 -1.0 -4.0 0.0 0.0 -4.0 -4.0 -2.0 0.0 0.0 -1.0 -2.0 -4.0 -3.0 0.0 -3.0 0.0 0.0 0.0 0.0 -2.0 -1.0 -2.0 -3.0 0.0 -3.0 -4.0 0.0 -1.0 -3.0 -2.0 -3.0 0.0 -3.0 -4.0 -3.0 -1.0 -2.0 -3.0 -4.0 -4.0 -1.0 -1.0 -4.0 -3.0 -1.0 -2.0 -2.0 -2.0 -1.0 0.0 -1.0 -4.0 -4.0 -2.0 -1.0 0.0 -4.0 -2.0 -2.0 -1.0 -1.0 -4.0 219.0 
