154.36 -1.0 -2.0 -2.0 -3.0 -1.0 -1.0 -3.0 -2.0 -1.0 -3.0 -4.0 -2.0 -4.0 -3.0 -2.0 0.0 0.0 -3.0 -2.0 -1.0 -3.0 -4.0 -3.0 -1.0 -1.0 -2.0 -2.0 -2.0 -4.0 -4.0 -1.0 -2.0 0.0 -4.0 -4.0 -1.0 -4.0 -4.0 -2.0 -4.0 -1.0 -3.0 -2.0 -2.0 -4.0 -4.0 -3.0 -3.0 -2.0 -1.0 -2.0 -3.0 -4.0 -4.0 -1.0 -4.0 -2.0 -4.0 -1.0 -3.0 -4.0 -2.0 -3.0 -1.0 
-2.0 151.0 -4.0 -3.0 -3.0 -3.0 -4.0 -1.0 0.0 -1.0 -4.0 -3.0 -4.0 -3.0 -4.0 0.0 -1.0 -4.0 0.0 -2.0 -2.0 -4.0 -4.0 -3.0 -4.0 -2.0 -2.0 0.0 -1.0 -1.0 -1.0 -4.0 -1.0 -1.0 0.0 -3.0 -1.0 -4.0 -4.0 -2.0 -3.0 -2.0 -2.0 -3.0 0.0 -4.0 -2.0 -3.0 -4.0 -2.0 -3.0 0.0 -4.0 -3.0 -4.0 0.0 -4.0 -4.0 -3.0 -3.0 -3.0 -1.0 0.0 -4.0 0.0 
-4.0 -3.0 132.0 -3.0 -3.0 -1.0 -2.0 -1.0 0.0 -3.0 -4.0 -4.0 -2.0 -1.0 0.0 -3.0 0.0 -4.0 -1.0 -1.0 -3.0 0.0 -3.0 -1.0 -2.0 -3.0 -1.0 -1.0 0.0 -2.0 -3.0 -4.0 0.0 -3.0 0.0 -1.0 -4.0 -2.0 -2.0 -3.0 -1.0 -1.0 0.0 -4.0 -3.0 0.0 0.0 -3.0 -3.0 -3.0 -4.0 -2.0 -3.0 0.0 -1.0 -4.0 -1.0 -4.0 -3.0 -3.0 0.0 -4.0 -4.0 0.0 -3.0 
-4.0 -4.0 -1.0 150.0 -1.0 -4.0 0.0 -3.0 -3.0 0.0 -1.0 -4.0 -4.0 -3.0 0.0 -1.0 -4.0 -2.0 -2.0 -4.0 -4.0 0.0 -1.0 -4.0 0.0 0.0 -3.0 -3.0 -2.0 -2.0 -4.0 0.0 -3.0 0.0 -4.0 -4.0 -4.0 0.0 0.0 -2.0 -3.0 -1.0 -3.0 -4.0 -3.0 -1.0 -4.0 -4.0 -3.0 -4.0 0.0 -4.0 -2.0 -3.0 -4.0 -1.0 0.0 -4.0 -3.0 -4.0 -2.0 -2.0 -1.0 -3.0 -2.0 
-2.0 -1.0 -4.0 -3.0 119.0 -3.0 -3.0 -2.0 0.0 0.0 -1.0 0.0 -4.0 -1.0 0.0 -4.0 -1.0 -1.0 -4.0 -2.0 -3.0 -2.0 0.0 -1.0 -4.0 -3.0 -2.0 0.0 0.0 -4.0 0.0 -3.0 -4.0 -2.0 0.0 -3.0 -3.0 0.0 -4.0 0.0 -1.0 -4.0 -4.0 -3.0 0.0 0.0 0.0 -1.0 -2.0 -1.0 0.0 -1.0 -4.0 -4.0 0.0 0.0 -3.0 -4.0 -2.0 -2.0 -4.0 -3.0 0.0 -2.0 0.0 
-4.0 -1.0 0.0 0.0 -3.0 100.0 -1.0 0.0 -1.0 -1.0 0.0 -4.0 -2.0 -1.0 -2.0 0.0 -3.0 -2.0 0.0 -2.0 -2.0 -1.0 -1.0 0.0 -4.0 0.0 -1.0 -1.0 -2.0 0.0 -2.0 -2.0 -2.0 -2.0 -2.0 0.0 0.0 -2.0 -1.0 -2.0 -4.0 -4.0 -2.0 0.0 -1.0 0.0 -1.0 -1.0 0.0 -1.0 -3.0 -1.0 -3.0 -3.0 0.0 -4.0 0.0 -1.0 0.0 -4.0 -4.0 -2.0 -1.0 -4.0 -2.0 
-1.0 -3.0 -1.0 -4.0 0.0 0.0 132.0 -2.0 -4.0 -3.0 -4.0 -3.0 -3.0 0.0 -1.0 -3.0 0.0 -4.0 -1.0 -4.0 -2.0 -2.0 -2.0 0.0 -1.0 -4.0 -1.0 -3.0 -3.0 -3.0 0.0 -4.0 0.0 -2.0 0.0 -3.0 -3.0 -3.0 -3.0 -4.0 -1.0 -2.0 -3.0 0.0 -2.0 -1.0 -4.0 -1.0 0.0 -4.0 -3.0 -1.0 -3.0 -3.0 0.0 -3.0 -2.0 -3.0 -1.0 -3.0 0.0 -3.0 -1.0 0.0 -4.0 
-1.0 -3.0 0.0 -2.0 -4.0 -2.0 -2.0 128.0 0.0 -3.0 -4.0 -2.0 -4.0 -1.0 0.0 -1.0 -1.0 0.0 -4.0 0.0 -1.0 -3.0 -3.0 -1.0 -4.0 0.0 -4.0 -1.0 -3.0 -2.0 0.0 -4.0 -3.0 -2.0 -2.0 -1.0 0.0 -3.0 -1.0 -4.0 -4.0 -1.0 -3.0 -3.0 -1.0 0.0 -1.0 -4.0 -4.0 -1.0 -1.0 -2.0 -2.0 -4.0 -3.0 0.0 -4.0 -1.0 -2.0 -4.0 -1.0 -4.0 0.0 0.0 -2.0 
-1.0 0.0 0.0 -1.0 -2.0 0.0 -3.0 -1.0 118.0 0.0 0.0 -4.0 -2.0 -1.0 -1.0 -3.0 0.0 -3.0 -1.0 -2.0 -2.0 -2.0 -4.0 0.0 -2.0 -3.0 -3.0 -4.0 -1.0 -4.0 -3.0 -2.0 -2.0 -1.0 -2.0 -2.0 -3.0 -3.0 -2.0 -3.0 -1.0 0.0 -1.0 -1.0 -1.0 -2.0 -1.0 -1.0 -3.0 0.0 -3.0 -1.0 -3.0 -3.0 -4.0 -2.0 -3.0 0.0 -1.0 -4.0 -3.0 -4.0 0.0 -2.0 -1.0 
-1.0 -2.0 -3.0 0.0 -4.0 -1.0 -1.0 -2.0 -1.0 126.0 -4.0 -1.0 -1.0 -1.0 -1.0 -1.0 -3.0 -4.0 -4.0 -4.0 0.0 -3.0 -2.0 -3.0 0.0 -4.0 -3.0 -3.0 0.0 -1.0 -3.0 -4.0 -3.0 -2.0 0.0 0.0 -1.0 -1.0 -4.0 -2.0 -1.0 -4.0 -2.0 -2.0 -4.0 0.0 -2.0 0.0 -1.0 -1.0 -1.0 -4.0 -4.0 -1.0 -2.0 -1.0 -4.0 -1.0 -3.0 -3.0 0.0 -3.0 -2.0 0.0 -2.0 
-1.0 0.0 -1.0 0.0 -3.0 -1.0 -3.0 -3.0 -1.0 0.0 109.0 -3.0 -3.0 0.0 -4.0 -3.0 -1.0 -1.0 -2.0 0.0 0.0 -2.0 0.0 -1.0 0.0 -2.0 0.0 -3.0 -1.0 0.0 -2.0 -3.0 -2.0 -3.0 -4.0 0.0 0.0 -2.0 0.0 -2.0 -3.0 -2.0 -2.0 0.0 -2.0 0.0 -1.0 -4.0 -4.0 -2.0 -2.0 -3.0 -2.0 -4.0 -4.0 -4.0 -2.0 0.0 -1.0 -4.0 -2.0 -1.0 -1.0 0.0 -2.0 
-2.0 -3.0 0.0 0.0 -3.0 -4.0 0.0 -3.0 -1.0 -1.0 -3.0 138.0 -3.0 -3.0 -2.0 -4.0 -2.0 -2.0 -4.0 -3.0 -2.0 -3.0 -1.0 -1.0 -3.0 -3.0 -1.0 -1.0 -4.0 0.0 -3.0 -1.0 -2.0 -2.0 -1.0 -4.0 -4.0 -2.0 -4.0 0.0 0.0 -3.0 -2.0 -2.0 -1.0 -3.0 -4.0 -2.0 -3.0 -3.0 -1.0 0.0 -3.0 -3.0 -3.0 -3.0 -2.0 -4.0 -3.0 -1.0 0.0 0.0 -2.0 -2.0 -3.0 
-3.0 -2.0 -2.0 -2.0 -1.0 -4.0 0.0 0.0 -3.0 -4.0 -2.0 -2.0 138.0 -1.0 -3.0 -1.0 0.0 0.0 0.0 -2.0 -3.0 -1.0 -4.0 -2.0 -4.0 -4.0 0.0 -1.0 -3.0 -1.0 -1.0 -4.0 -4.0 -4.0 -2.0 -4.0 -2.0 -2.0 0.0 -4.0 -4.0 -2.0 -2.0 -3.0 -1.0 -2.0 -3.0 -4.0 0.0 0.0 -4.0 -1.0 -3.0 -4.0 -2.0 -2.0 0.0 -4.0 -2.0 -1.0 -1.0 -3.0 -2.0 -3.0 -3.0 
-1.0 -3.0 -1.0 -2.0 -1.0 -4.0 -4.0 -1.0 0.0 -1.0 0.0 -4.0 -2.0 122.0 -4.0 -2.0 0.0 -4.0 0.0 -2.0 0.0 0.0 -2.0 -3.0 -1.0 -1.0 -1.0 -2.0 -1.0 -4.0 0.0 -3.0 -2.0 -2.0 -2.0 -2.0 -2.0 -3.0 -3.0 -4.0 -4.0 -1.0 -1.0 -1.0 -4.0 -1.0 -2.0 -1.0 -3.0 -1.0 -2.0 -4.0 -2.0 -3.0 -3.0 0.0 -3.0 -1.0 -2.0 -1.0 -2.0 -1.0 -1.0 -3.0 -1.0 
-2.0 0.0 -3.0 -2.0 -4.0 -2.0 -2.0 -2.0 -3.0 -4.0 -4.0 0.0 -2.0 0.0 122.0 -4.0 -2.0 0.0 0.0 -1.0 0.0 -1.0 -3.0 0.0 0.0 -3.0 -1.0 -1.0 -4.0 0.0 0.0 -3.0 -1.0 -2.0 0.0 0.0 -2.0 -2.0 -3.0 -4.0 0.0 0.0 -4.0 -4.0 -1.0 -4.0 -4.0 -3.0 -1.0 -2.0 0.0 -2.0 -3.0 -2.0 -3.0 -4.0 -3.0 -3.0 -1.0 0.0 -1.0 -2.0 -3.0 -4.0 -1.0 
0.0 -1.0 -1.0 0.0 -2.0 -1.0 -3.0 -4.0 -4.0 -2.0 -1.0 -2.0 -2.0 -2.0 0.0 121.0 0.0 -1.0 -4.0 0.0 -2.0 -1.0 0.0 -3.0 -1.0 -3.0 -4.0 -4.0 -4.0 -4.0 -1.0 -4.0 0.0 -2.0 -3.0 -2.0 -1.0 -2.0 0.0 -2.0 -2.0 -3.0 -3.0 -4.0 -1.0 -4.0 -3.0 -2.0 -1.0 -3.0 0.0 0.0 -2.0 -2.0 -1.0 0.0 0.0 0.0 -3.0 0.0 -4.0 -2.0 -4.0 -3.0 -1.0 
-3.0 -3.0 -1.0 -1.0 -4.0 -3.0 -3.0 -4.0 -2.0 -2.0 -2.0 0.0 -4.0 -4.0 -3.0 -4.0 127.0 -2.0 -2.0 -1.0 -4.0 -3.0 -2.0 0.0 0.0 -3.0 -4.0 -3.0 -2.0 -2.0 0.0 -3.0 -2.0 -1.0 -3.0 -4.0 0.0 0.0 -1.0 0.0 -2.0 -2.0 -2.0 -2.0 -1.0 -1.0 -3.0 0.0 -3.0 -3.0 -1.0 -1.0 -1.0 0.0 -4.0 0.0 0.0 0.0 -2.0 -4.0 -1.0 -4.0 -3.0 -2.0 0.0 
-1.0 -2.0 0.0 -3.0 -2.0 -4.0 -3.0 -1.0 -2.0 -3.0 -1.0 -2.0 -2.0 -3.0 -2.0 0.0 -2.0 133.0 -3.0 -1.0 -4.0 -2.0 -1.0 -3.0 -3.0 -3.0 -1.0 -2.0 -4.0 -2.0 0.0 -2.0 -4.0 -4.0 -4.0 -2.0 -4.0 0.0 0.0 0.0 -4.0 -3.0 -1.0 -1.0 -2.0 0.0 -1.0 -3.0 -1.0 -1.0 -2.0 -4.0 -1.0 -1.0 -4.0 0.0 -4.0 -4.0 -3.0 0.0 -4.0 -2.0 0.0 -1.0 -4.0 
-1.0 -1.0 -2.0 -2.0 -2.0 -1.0 -3.0 -1.0 -4.0 -1.0 0.0 -1.0 -3.0 -2.0 0.0 0.0 -4.0 0.0 124.0 0.0 -3.0 0.0 -2.0 -3.0 -3.0 -3.0 -2.0 -2.0 -3.0 0.0 0.0 0.0 -1.0 -1.0 -3.0 -3.0 -1.0 -2.0 -1.0 -2.0 -4.0 -1.0 -2.0 -3.0 -4.0 -1.0 -1.0 -2.0 0.0 -4.0 -4.0 0.0 -3.0 -3.0 -3.0 -3.0 -4.0 -4.0 -2.0 -4.0 -4.0 0.0 -1.0 -3.0 -1.0 
-2.0 -2.0 0.0 -2.0 -2.0 -3.0 -2.0 0.0 -3.0 -2.0 -4.0 -2.0 -2.0 -3.0 -3.0 -1.0 -4.0 0.0 -2.0 141.0 -4.0 -3.0 -4.0 0.0 -3.0 -1.0 -4.0 0.0 -2.0 -3.0 -4.0 -1.0 0.0 -3.0 -4.0 -3.0 -4.0 -4.0 -3.0 -2.0 -4.0 -2.0 -1.0 -1.0 -1.0 -4.0 0.0 0.0 -4.0 -1.0 -3.0 0.0 -4.0 -4.0 -3.0 -2.0 -1.0 -3.0 -2.0 -4.0 -4.0 0.0 -1.0 -1.0 0.0 
-3.0 -3.0 -2.0 -2.0 -2.0 0.0 -4.0 -1.0 -4.0 -1.0 -3.0 -4.0 -2.0 -3.0 -4.0 -1.0 -4.0 0.0 -1.0 -3.0 124.0 -2.0 -2.0 -4.0 -4.0 0.0 -2.0 -4.0 0.0 -1.0 -4.0 -4.0 -3.0 -1.0 -1.0 -2.0 -3.0 -4.0 -4.0 -3.0 -2.0 -1.0 -1.0 -2.0 0.0 -4.0 0.0 -2.0 0.0 -2.0 0.0 0.0 0.0 0.0 0.0 -1.0 0.0 -3.0 -3.0 -2.0 0.0 -3.0 -1.0 -1.0 -1.0 
0.0 -2.0 -4.0 0.0 -2.0 -1.0 0.0 -3.0 0.0 -4.0 -2.0 -3.0 -2.0 -2.0 0.0 0.0 -1.0 -3.0 0.0 -4.0 -4.0 120.0 -2.0 -1.0 -3.0 -3.0 -3.0 -1.0 -4.0 -3.0 -1.0 0.0 -1.0 0.0 -4.0 -3.0 0.0 -2.0 -3.0 -2.0 0.0 -4.0 0.0 -1.0 -4.0 -2.0 -4.0 -3.0 -1.0 0.0 -1.0 -3.0 -1.0 0.0 -1.0 -4.0 -1.0 -2.0 -2.0 -4.0 -1.0 -3.0 -2.0 -3.0 0.0 
-3.0 -2.0 -1.0 -4.0 -3.0 -4.0 -3.0 0.0 -4.0 0.0 -1.0 -4.0 -4.0 -4.0 -2.0 -1.0 -4.0 -1.0 -2.0 -2.0 -4.0 0.0 139.0 -1.0 -3.0 -3.0 0.0 -4.0 -2.0 -1.0 -2.0 -1.0 -1.0 -2.0 -3.0 -1.0 -3.0 -4.0 0.0 -3.0 -4.0 0.0 0.0 0.0 -3.0 -4.0 -2.0 0.0 -4.0 -4.0 -2.0 0.0 -3.0 -1.0 0.0 -2.0 -3.0 -3.0 0.0 -4.0 -4.0 0.0 -4.0 -1.0 -4.0 
-2.0 -4.0 -3.0 -1.0 -2.0 0.0 0.0 -4.0 0.0 0.0 -4.0 -2.0 -2.0 -2.0 0.0 -3.0 -2.0 -2.0 -1.0 -3.0 0.0 -1.0 0.0 103.0 -2.0 0.0 0.0 -4.0 0.0 0.0 -2.0 -3.0 0.0 -4.0 0.0 -3.0 -2.0 0.0 -3.0 -1.0 -1.0 -1.0 0.0 -2.0 0.0 0.0 -1.0 0.0 0.0 -3.0 -1.0 0.0 -1.0 -1.0 -2.0 -3.0 -3.0 -4.0 -3.0 -2.0 -2.0 -2.0 -3.0 -4.0 -2.0 
-2.0 -4.0 -3.0 -4.0 -1.0 -1.0 0.0 -2.0 -3.0 -4.0 -1.0 -1.0 0.0 -2.0 -2.0 -4.0 0.0 -2.0 -1.0 -2.0 0.0 -3.0 -4.0 -3.0 127.0 -3.0 -2.0 0.0 -2.0 -2.0 -2.0 -3.0 -3.0 0.0 -2.0 0.0 0.0 -1.0 -4.0 -4.0 -2.0 -3.0 -1.0 -4.0 -3.0 -4.0 -2.0 -2.0 -4.0 0.0 -2.0 -3.0 -4.0 -2.0 -3.0 0.0 0.0 -1.0 0.0 -4.0 -3.0 0.0 -2.0 -1.0 0.0 
-1.0 -3.0 -2.0 -3.0 -3.0 -1.0 -1.0 0.0 0.0 -1.0 0.0 -2.0 -3.0 -4.0 -2.0 -1.0 -3.0 0.0 -4.0 -3.0 -2.0 -3.0 -4.0 -4.0 -3.0 135.0 0.0 -2.0 -4.0 -4.0 -4.0 -2.0 -2.0 -2.0 -3.0 -4.0 -2.0 -4.0 -1.0 -1.0 -3.0 -2.0 -4.0 -3.0 0.0 -4.0 -3.0 -4.0 0.0 0.0 -1.0 -4.0 -2.0 0.0 -1.0 -4.0 -1.0 0.0 -2.0 -2.0 -1.0 -2.0 0.0 -4.0 0.0 
0.0 -3.0 -2.0 -4.0 -1.0 -1.0 -4.0 -4.0 0.0 -1.0 0.0 -4.0 -3.0 -1.0 -2.0 -3.0 0.0 -3.0 0.0 -3.0 0.0 -1.0 -3.0 -1.0 0.0 -4.0 127.0 0.0 -2.0 -2.0 -2.0 -4.0 -2.0 -2.0 -1.0 -2.0 -4.0 -2.0 -3.0 -1.0 0.0 -3.0 -3.0 -4.0 -4.0 0.0 0.0 -3.0 -2.0 -4.0 -1.0 -4.0 -4.0 -1.0 -4.0 0.0 0.0 -4.0 -1.0 -2.0 -3.0 0.0 -4.0 0.0 -1.0 
-4.0 -3.0 -1.0 -2.0 -4.0 -2.0 -4.0 -3.0 -4.0 0.0 -1.0 -2.0 -1.0 -1.0 -2.0 -1.0 0.0 -1.0 -1.0 -1.0 0.0 -2.0 0.0 0.0 -2.0 -3.0 -2.0 133.0 -1.0 -1.0 -4.0 -3.0 -3.0 -1.0 -1.0 -1.0 -2.0 -3.0 -4.0 -3.0 -3.0 -2.0 -1.0 -1.0 -3.0 -4.0 0.0 -2.0 -1.0 -4.0 -4.0 -3.0 -2.0 0.0 -4.0 -4.0 -3.0 -4.0 -2.0 0.0 -2.0 -2.0 -4.0 -4.0 0.0 
-4.0 -3.0 -4.0 -1.0 -3.0 -1.0 -3.0 -1.0 -2.0 -4.0 0.0 -4.0 -4.0 -2.0 -1.0 0.0 -1.0 -3.0 -2.0 -1.0 0.0 -1.0 -3.0 -2.0 -2.0 -2.0 -4.0 0.0 139.0 -2.0 -2.0 -3.0 0.0 -3.0 -2.0 -3.0 -2.0 -4.0 -3.0 -2.0 -4.0 0.0 -1.0 -2.0 -1.0 -3.0 -1.0 -4.0 -4.0 -3.0 -3.0 -4.0 -4.0 -2.0 -4.0 -1.0 0.0 0.0 -2.0 -2.0 -3.0 -1.0 0.0 -2.0 -4.0 
-3.0 -1.0 0.0 -3.0 -3.0 0.0 -4.0 0.0 -1.0 0.0 -2.0 -1.0 0.0 -1.0 0.0 -1.0 -2.0 -4.0 -1.0 -3.0 -2.0 -2.0 -3.0 -2.0 -2.0 -4.0 -2.0 -4.0 -4.0 115.0 -2.0 0.0 -3.0 -4.0 0.0 0.0 -1.0 -2.0 -2.0 -1.0 -1.0 -3.0 0.0 0.0 -1.0 -2.0 0.0 -4.0 -2.0 0.0 -3.0 -2.0 -2.0 -1.0 -3.0 -1.0 -4.0 -1.0 -3.0 -1.0 -1.0 -3.0 -1.0 -3.0 -3.0 
-2.0 0.0 -3.0 -1.0 -2.0 -2.0 -2.0 -2.0 -2.0 -4.0 -4.0 -4.0 -3.0 -4.0 -2.0 -4.0 -3.0 0.0 -3.0 -3.0 -4.0 -1.0 -3.0 -3.0 0.0 -2.0 -3.0 -1.0 -4.0 -3.0 129.0 0.0 -1.0 -1.0 0.0 0.0 0.0 -3.0 -1.0 -1.0 -1.0 0.0 0.0 -2.0 -2.0 -4.0 -4.0 -4.0 -2.0 -4.0 -1.0 -1.0 -2.0 0.0 -2.0 0.0 0.0 -3.0 -2.0 0.0 -4.0 -2.0 -3.0 -4.0 -1.0 
-1.0 -3.0 0.0 -3.0 -4.0 0.0 -4.0 -3.0 -1.0 -3.0 -1.0 -2.0 -4.0 -3.0 -2.0 -3.0 -4.0 -1.0 -1.0 -2.0 -1.0 -1.0 -1.0 -3.0 -2.0 -3.0 -4.0 -3.0 -4.0 -4.0 -4.0 145.0 -1.0 -3.0 0.0 -4.0 -3.0 -4.0 -4.0 -4.0 -4.0 -1.0 -3.0 0.0 -2.0 -2.0 -1.0 0.0 -4.0 -4.0 -3.0 -1.0 -4.0 -1.0 -1.0 -1.0 -2.0 -1.0 -2.0 -1.0 -2.0 0.0 -2.0 -1.0 -4.0 
-2.0 -2.0 -2.0 -1.0 0.0 -2.0 -2.0 -3.0 -1.0 0.0 -2.0 -2.0 -1.0 -2.0 0.0 -1.0 -3.0 -4.0 -4.0 0.0 -4.0 -3.0 0.0 0.0 -2.0 -4.0 -4.0 -3.0 -2.0 -2.0 -1.0 -3.0 142.0 -4.0 -4.0 -1.0 -2.0 -3.0 -4.0 -1.0 0.0 -2.0 -3.0 -4.0 0.0 -4.0 -1.0 -3.0 -4.0 -1.0 -3.0 -3.0 -4.0 -3.0 -1.0 -2.0 0.0 0.0 -4.0 -4.0 -3.0 -4.0 -3.0 -3.0 -2.0 
-1.0 -3.0 -1.0 -1.0 0.0 -1.0 -2.0 -3.0 0.0 -1.0 -4.0 -3.0 -4.0 -4.0 -4.0 0.0 -2.0 0.0 -3.0 -1.0 0.0 -1.0 0.0 -3.0 -3.0 0.0 0.0 -3.0 -2.0 -2.0 -2.0 -3.0 -3.0 133.0 -1.0 -4.0 -4.0 0.0 -3.0 0.0 -4.0 -1.0 -2.0 -3.0 -4.0 -4.0 -3.0 0.0 -1.0 -1.0 -2.0 -4.0 -2.0 -3.0 -1.0 -4.0 0.0 -4.0 -3.0 0.0 -2.0 -4.0 -4.0 -2.0 -3.0 
-4.0 -4.0 -2.0 -2.0 -2.0 -4.0 -1.0 -3.0 -3.0 -3.0 -4.0 -4.0 -2.0 -4.0 -3.0 -2.0 -3.0 -2.0 -4.0 -2.0 -4.0 0.0 -2.0 0.0 -1.0 -2.0 -2.0 0.0 -2.0 -4.0 -2.0 -2.0 -4.0 -3.0 148.0 -4.0 -2.0 -3.0 0.0 -1.0 -2.0 -2.0 0.0 -1.0 -2.0 -4.0 -3.0 -2.0 -1.0 -1.0 -4.0 -3.0 -4.0 -4.0 -1.0 0.0 -2.0 0.0 -3.0 0.0 -4.0 -1.0 -4.0 -2.0 -2.0 
0.0 -3.0 -2.0 -4.0 -4.0 0.0 0.0 -2.0 0.0 -4.0 -2.0 -2.0 0.0 -2.0 -2.0 -3.0 -4.0 -1.0 -4.0 -3.0 0.0 -2.0 -1.0 -3.0 -2.0 -3.0 0.0 -3.0 -1.0 -4.0 -2.0 -2.0 -1.0 0.0 -3.0 124.0 -1.0 -1.0 -4.0 0.0 -3.0 -2.0 -4.0 -3.0 -2.0 -4.0 -3.0 -1.0 0.0 -1.0 -4.0 -1.0 -1.0 -1.0 -1.0 -4.0 -3.0 0.0 0.0 -4.0 -4.0 0.0 -1.0 0.0 -2.0 
-3.0 -2.0 -3.0 -4.0 -1.0 -2.0 -2.0 -1.0 -3.0 -2.0 0.0 -2.0 -4.0 -3.0 -3.0 -1.0 -2.0 0.0 -3.0 -4.0 -2.0 -3.0 -1.0 -1.0 -2.0 -2.0 -2.0 -3.0 -1.0 -3.0 -2.0 0.0 0.0 -2.0 -2.0 0.0 123.0 -3.0 -3.0 0.0 -1.0 -1.0 -4.0 -3.0 -1.0 -4.0 -1.0 0.0 0.0 -3.0 0.0 -3.0 -3.0 -3.0 0.0 0.0 -1.0 -2.0 -4.0 -4.0 -3.0 0.0 -1.0 -2.0 -2.0 
0.0 0.0 -4.0 -1.0 -2.0 -3.0 -1.0 -2.0 -1.0 -2.0 -2.0 -2.0 -1.0 -4.0 -3.0 0.0 0.0 0.0 -3.0 -3.0 -3.0 -4.0 -2.0 0.0 0.0 -2.0 -3.0 -4.0 -2.0 -1.0 -3.0 -3.0 -3.0 -1.0 0.0 -1.0 0.0 125.0 0.0 -2.0 -2.0 -1.0 -1.0 -2.0 -2.0 -1.0 -2.0 -4.0 -1.0 0.0 0.0 -4.0 -4.0 -2.0 0.0 -4.0 -4.0 -4.0 -3.0 -3.0 0.0 -3.0 -2.0 -4.0 -4.0 
0.0 -4.0 -2.0 -4.0 -2.0 -2.0 -1.0 -2.0 0.0 -1.0 -1.0 -2.0 -2.0 0.0 -3.0 -3.0 -2.0 -4.0 -2.0 -2.0 -2.0 0.0 -4.0 0.0 -2.0 -3.0 -4.0 -2.0 -4.0 -2.0 -2.0 -4.0 -3.0 -3.0 -4.0 0.0 -3.0 -4.0 124.0 0.0 0.0 -1.0 0.0 -1.0 -1.0 0.0 -2.0 0.0 -4.0 -1.0 -2.0 -2.0 -4.0 0.0 -2.0 -1.0 -3.0 -3.0 -4.0 0.0 0.0 -2.0 -3.0 -1.0 -2.0 
-4.0 -1.0 -2.0 -3.0 -1.0 -2.0 -4.0 -1.0 -4.0 -3.0 -4.0 0.0 -1.0 -4.0 -4.0 0.0 0.0 0.0 -3.0 -4.0 0.0 -1.0 -1.0 -1.0 -4.0 0.0 -2.0 -3.0 -2.0 -3.0 -4.0 -3.0 -3.0 -2.0 -2.0 -4.0 0.0 -3.0 0.0 128.0 -4.0 -3.0 -2.0 -3.0 0.0 -1.0 -3.0 -1.0 -2.0 0.0 0.0 -4.0 -4.0 0.0 -1.0 -1.0 -2.0 -4.0 -4.0 0.0 0.0 -4.0 -2.0 0.0 0.0 
-1.0 -2.0 -2.0 -1.0 -1.0 0.0 -2.0 -4.0 0.0 -2.0 0.0 0.0 -3.0 -2.0 -4.0 -1.0 -4.0 -4.0 -2.0 -3.0 -2.0 -2.0 -4.0 -2.0 -3.0 0.0 -4.0 0.0 0.0 -2.0 -4.0 -1.0 -3.0 -1.0 0.0 -1.0 -1.0 -1.0 0.0 -3.0 131.0 -3.0 -3.0 -4.0 -3.0 -3.0 -4.0 -4.0 -1.0 -2.0 -4.0 0.0 0.0 -4.0 -1.0 -1.0 -3.0 -2.0 -4.0 -4.0 -4.0 0.0 0.0 -3.0 -2.0 
-4.0 -2.0 -1.0 0.0 -2.0 -1.0 -2.0 -2.0 -2.0 -4.0 -4.0 -2.0 -4.0 -2.0 -2.0 -1.0 -2.0 -3.0 -3.0 -2.0 -4.0 0.0 -4.0 -2.0 -3.0 -2.0 -3.0 -4.0 -3.0 -4.0 0.0 -1.0 -3.0 -4.0 -4.0 -4.0 -4.0 -1.0 -3.0 -1.0 0.0 139.0 0.0 -1.0 -2.0 -3.0 -2.0 -2.0 -2.0 0.0 -1.0 -1.0 -3.0 0.0 -2.0 -4.0 -1.0 -2.0 -1.0 -4.0 -3.0 0.0 -3.0 -3.0 0.0 
0.0 -4.0 0.0 -2.0 -1.0 -1.0 -3.0 -1.0 0.0 -2.0 -4.0 -2.0 -4.0 -1.0 -4.0 0.0 -3.0 -1.0 -4.0 -3.0 -2.0 0.0 -3.0 -2.0 -4.0 0.0 -3.0 -1.0 -3.0 0.0 -2.0 -4.0 -4.0 -2.0 -4.0 -4.0 -2.0 0.0 -3.0 -1.0 0.0 -4.0 127.0 -3.0 -1.0 -2.0 -1.0 -3.0 -1.0 -1.0 -1.0 -3.0 -4.0 -4.0 -2.0 -4.0 -1.0 0.0 0.0 -1.0 -2.0 -1.0 -2.0 0.0 -2.0 
-4.0 -1.0 -3.0 0.0 -2.0 -3.0 -2.0 -1.0 -2.0 0.0 -4.0 -1.0 -1.0 -3.0 -4.0 -1.0 -4.0 -3.0 -4.0 0.0 -1.0 -3.0 -4.0 -2.0 -4.0 -4.0 -2.0 -1.0 -3.0 -2.0 -4.0 -4.0 -4.0 0.0 -4.0 -4.0 -1.0 -2.0 0.0 -1.0 -2.0 -4.0 -4.0 149.0 -4.0 -2.0 -3.0 -4.0 0.0 -4.0 -3.0 -4.0 -1.0 -2.0 -3.0 -1.0 -4.0 -1.0 -1.0 -2.0 -4.0 -1.0 -2.0 0.0 0.0 
-1.0 -1.0 -1.0 -2.0 0.0 0.0 -3.0 -2.0 -1.0 -2.0 -2.0 0.0 -3.0 -3.0 -3.0 -3.0 -3.0 0.0 -4.0 0.0 -4.0 -2.0 -3.0 -3.0 -1.0 -4.0 0.0 -4.0 -3.0 -4.0 -3.0 -2.0 -4.0 -1.0 0.0 -3.0 -2.0 -3.0 -2.0 -2.0 -2.0 -2.0 0.0 -4.0 145.0 -3.0 -3.0 -3.0 -4.0 -4.0 -3.0 -2.0 -1.0 0.0 -4.0 0.0 -4.0 -2.0 -4.0 -1.0 -4.0 -4.0 -3.0 -1.0 -3.0 
0.0 -4.0 -4.0 0.0 0.0 -4.0 0.0 0.0 -3.0 -3.0 -4.0 -2.0 0.0 -2.0 -3.0 -3.0 -2.0 -1.0 -2.0 -2.0 -4.0 -1.0 -3.0 0.0 -1.0 -1.0 -4.0 -4.0 -1.0 -3.0 -2.0 -3.0 -3.0 -3.0 -2.0 -3.0 -3.0 0.0 -4.0 -2.0 -2.0 -2.0 0.0 -4.0 -1.0 136.0 -4.0 -1.0 0.0 -1.0 -4.0 -3.0 0.0 -4.0 -4.0 -2.0 0.0 -2.0 -4.0 -4.0 -4.0 -1.0 -1.0 -1.0 -1.0 
-1.0 -3.0 -1.0 -1.0 -3.0 -4.0 -2.0 -1.0 -2.0 -2.0 -3.0 -1.0 0.0 0.0 -2.0 -4.0 -2.0 -4.0 -2.0 -1.0 0.0 -2.0 -4.0 -3.0 -2.0 -4.0 -3.0 0.0 0.0 -2.0 -3.0 -1.0 -4.0 -1.0 -1.0 -4.0 -1.0 -4.0 -2.0 -2.0 0.0 -2.0 0.0 0.0 0.0 -4.0 125.0 -3.0 -2.0 -3.0 0.0 -2.0 -3.0 -4.0 -3.0 0.0 -1.0 -1.0 -3.0 -1.0 -4.0 -2.0 0.0 -3.0 -2.0 
-1.0 -4.0 -3.0 -2.0 -1.0 0.0 -3.0 -2.0 -4.0 -2.0 -3.0 -2.0 -3.0 -2.0 -2.0 0.0 -3.0 -4.0 -2.0 -1.0 0.0 -3.0 -1.0 -3.0 0.0 0.0 -3.0 -1.0 -4.0 -1.0 -3.0 0.0 -2.0 -2.0 -4.0 -2.0 0.0 -3.0 -1.0 -2.0 -2.0 0.0 -1.0 -2.0 -1.0 -2.0 0.0 115.0 0.0 -4.0 -4.0 0.0 -4.0 -3.0 -3.0 0.0 -2.0 0.0 0.0 -3.0 0.0 -3.0 -1.0 0.0 -1.0 
-4.0 0.0 -2.0 -3.0 -1.0 -4.0 -4.0 -2.0 -1.0 0.0 -2.0 -2.0 0.0 -4.0 -1.0 -4.0 0.0 -4.0 -2.0 -1.0 -2.0 -2.0 -3.0 -1.0 -3.0 -4.0 -4.0 -3.0 -2.0 -4.0 0.0 -3.0 -1.0 -4.0 -1.0 -4.0 -2.0 0.0 -4.0 0.0 -3.0 -1.0 -3.0 -2.0 -4.0 0.0 0.0 -1.0 142.0 -3.0 -2.0 -4.0 -2.0 0.0 -3.0 -3.0 -4.0 -4.0 -2.0 0.0 -2.0 -4.0 -1.0 -3.0 -3.0 
-3.0 -1.0 -4.0 -3.0 0.0 -2.0 -1.0 -2.0 -2.0 -3.0 0.0 -3.0 -1.0 -1.0 -4.0 -2.0 0.0 0.0 -1.0 0.0 -2.0 -2.0 -2.0 0.0 -4.0 -3.0 -4.0 -4.0 -1.0 -4.0 -4.0 -1.0 0.0 -4.0 0.0 0.0 -4.0 -1.0 -2.0 -3.0 0.0 -2.0 0.0 -1.0 -1.0 -1.0 -3.0 -1.0 -2.0 118.0 -2.0 -3.0 -1.0 0.0 -4.0 -4.0 0.0 -1.0 -1.0 -4.0 0.0 -3.0 -1.0 -2.0 -3.0 
-3.0 -2.0 0.0 -4.0 -3.0 -3.0 -3.0 -2.0 -3.0 -2.0 -4.0 -3.0 -1.0 -1.0 -4.0 -2.0 -2.0 -2.0 -1.0 -1.0 -2.0 -4.0 -3.0 -3.0 0.0 -2.0 -1.0 -4.0 -4.0 -3.0 -3.0 -3.0 -1.0 -2.0 -2.0 -1.0 -4.0 -1.0 -1.0 -2.0 -4.0 -4.0 0.0 -4.0 -4.0 0.0 -3.0 0.0 -1.0 -4.0 139.0 -1.0 -1.0 -2.0 -1.0 -2.0 -3.0 0.0 -1.0 -1.0 0.0 -4.0 -2.0 -3.0 -2.0 
0.0 -4.0 -1.0 -4.0 0.0 -2.0 0.0 -2.0 -4.0 -2.0 -3.0 -4.0 -2.0 0.0 -2.0 -3.0 -2.0 0.0 -3.0 0.0 -3.0 -2.0 -4.0 -3.0 -4.0 -3.0 -4.0 -2.0 -4.0 -3.0 -2.0 -4.0 0.0 0.0 0.0 -1.0 -3.0 -1.0 -2.0 0.0 -3.0 -4.0 -2.0 -2.0 -4.0 -2.0 -2.0 -3.0 0.0 -3.0 0.0 144.0 -4.0 -4.0 -4.0 -1.0 -2.0 -2.0 -3.0 -4.0 -3.0 -2.0 -2.0 -4.0 -1.0 
-2.0 -1.0 0.0 -3.0 -4.0 -4.0 -1.0 -3.0 -3.0 -2.0 -2.0 -3.0 -1.0 -2.0 -4.0 -4.0 -4.0 -4.0 -2.0 -3.0 -2.0 -1.0 -4.0 0.0 -4.0 -1.0 -1.0 -4.0 -2.0 0.0 -3.0 -3.0 0.0 -3.0 0.0 -4.0 -4.0 0.0 -3.0 -2.0 -2.0 -1.0 0.0 0.0 0.0 0.0 -3.0 -4.0 0.0 0.0 -1.0 -4.0 138.0 -2.0 -1.0 -2.0 -2.0 -4.0 -1.0 -3.0 -4.0 -4.0 0.0 -4.0 -3.0 
0.0 -4.0 0.0 -1.0 0.0 -4.0 -4.0 -3.0 -1.0 0.0 -1.0 -4.0 0.0 0.0 0.0 -4.0 -2.0 0.0 -4.0 -1.0 -1.0 -3.0 -2.0 -3.0 -3.0 -2.0 -3.0 -3.0 -3.0 -4.0 -2.0 -1.0 -4.0 0.0 -2.0 -2.0 -1.0 0.0 -4.0 -1.0 0.0 0.0 -4.0 -3.0 0.0 -1.0 -4.0 -2.0 0.0 -3.0 -1.0 -1.0 -1.0 108.0 -2.0 -1.0 -1.0 -4.0 -1.0 0.0 -1.0 0.0 -1.0 0.0 0.0 
-3.0 0.0 0.0 0.0 -2.0 -2.0 -2.0 0.0 -3.0 -4.0 -2.0 0.0 -2.0 -4.0 -2.0 -4.0 -1.0 -2.0 0.0 -3.0 0.0 -4.0 -2.0 -2.0 -2.0 -3.0 0.0 -4.0 0.0 -4.0 -3.0 -1.0 -3.0 -4.0 -3.0 -3.0 -3.0 -2.0 -1.0 -3.0 0.0 -3.0 0.0 0.0 -1.0 -1.0 -4.0 -2.0 -1.0 -3.0 -4.0 -2.0 -3.0 0.0 137.0 -3.0 -4.0 -3.0 -3.0 -4.0 -2.0 -2.0 -4.0 -1.0 -4.0 
-4.0 -1.0 -2.0 -2.0 -4.0 -2.0 -3.0 -4.0 -3.0 0.0 -3.0 -2.0 -2.0 0.0 -1.0 -4.0 -1.0 -4.0 -4.0 -3.0 -4.0 -1.0 0.0 -3.0 -1.0 -2.0 -1.0 -4.0 -3.0 0.0 0.0 0.0 -4.0 -3.0 -1.0 -2.0 -1.0 -1.0 -3.0 -3.0 -4.0 -3.0 -1.0 -1.0 -2.0 0.0 -4.0 0.0 -4.0 -2.0 -2.0 -3.0 -2.0 -3.0 -3.0 143.0 -1.0 -4.0 -4.0 -4.0 -1.0 -3.0 -1.0 -1.0 -4.0 
-1.0 0.0 0.0 -3.0 -2.0 -1.0 -2.0 -2.0 -1.0 -2.0 -1.0 0.0 -1.0 -2.0 -2.0 0.0 -2.0 -3.0 -4.0 0.0 -4.0 0.0 -2.0 -1.0 -3.0 0.0 -2.0 -4.0 -1.0 -3.0 -2.0 -4.0 -1.0 -3.0 -3.0 -4.0 -1.0 -1.0 -4.0 -4.0 0.0 -4.0 -1.0 -1.0 -3.0 0.0 -2.0 0.0 -1.0 -1.0 -1.0 -4.0 -3.0 -4.0 -1.0 -3.0 122.0 -2.0 -1.0 -3.0 -2.0 -1.0 -4.0 -2.0 -2.0 
-2.0 -3.0 0.0 0.0 -3.0 -2.0 -2.0 -3.0 -2.0 -1.0 -2.0 0.0 -1.0 0.0 -1.0 -1.0 -3.0 0.0 -3.0 -1.0 -1.0 0.0 -2.0 -3.0 -4.0 -3.0 -3.0 -2.0 -3.0 0.0 0.0 -4.0 -1.0 -1.0 -1.0 -2.0 0.0 0.0 -1.0 -4.0 0.0 -3.0 -2.0 -2.0 -3.0 0.0 -1.0 -1.0 0.0 -4.0 -3.0 0.0 0.0 -4.0 -3.0 -1.0 -3.0 103.0 -2.0 -1.0 -3.0 0.0 0.0 -1.0 -1.0 
-3.0 -2.0 -1.0 -2.0 -1.0 -4.0 -3.0 -1.0 0.0 -3.0 -4.0 0.0 -4.0 -2.0 -3.0 -2.0 -2.0 -1.0 -4.0 -2.0 -1.0 -2.0 -4.0 0.0 -3.0 -4.0 -3.0 -4.0 -4.0 -1.0 -1.0 -4.0 -2.0 0.0 -4.0 0.0 -4.0 0.0 -4.0 0.0 -2.0 -1.0 -3.0 0.0 -2.0 -2.0 -4.0 0.0 -4.0 -2.0 -3.0 -2.0 -4.0 -3.0 -1.0 -4.0 0.0 -3.0 140.0 -2.0 -4.0 -3.0 -2.0 0.0 0.0 
0.0 -1.0 -1.0 -4.0 -1.0 -3.0 -1.0 -4.0 0.0 0.0 -2.0 -2.0 -3.0 -3.0 -3.0 0.0 -1.0 -2.0 0.0 -4.0 -4.0 -4.0 -1.0 -3.0 -3.0 -3.0 -2.0 -4.0 -1.0 -2.0 -4.0 -1.0 -4.0 0.0 -3.0 -4.0 -3.0 -3.0 -2.0 0.0 -1.0 -2.0 -3.0 0.0 -3.0 -2.0 0.0 -4.0 -4.0 -2.0 0.0 -2.0 -4.0 -3.0 -2.0 -3.0 -3.0 -1.0 -1.0 136.0 -4.0 -1.0 -4.0 0.0 -1.0 
-3.0 -2.0 -1.0 0.0 -1.0 -2.0 -3.0 -2.0 -4.0 -2.0 0.0 -3.0 -2.0 -2.0 -1.0 -4.0 -3.0 -3.0 -3.0 -1.0 -4.0 0.0 0.0 -3.0 -1.0 -4.0 0.0 -4.0 -1.0 -3.0 -3.0 -4.0 -1.0 -2.0 -3.0 -4.0 -3.0 -2.0 0.0 -4.0 -2.0 0.0 -1.0 -4.0 0.0 -1.0 -2.0 0.0 -1.0 -2.0 -3.0 0.0 -2.0 0.0 -1.0 -3.0 0.0 0.0 -3.0 -3.0 128.0 -3.0 -4.0 -1.0 -4.0 
-2.0 0.0 -4.0 -3.0 -3.0 -3.0 -1.0 -2.0 0.0 -3.0 -4.0 0.0 -3.0 -3.0 -3.0 0.0 0.0 0.0 0.0 -1.0 -4.0 0.0 -2.0 -4.0 -4.0 -3.0 -3.0 -4.0 -4.0 0.0 -2.0 -1.0 0.0 0.0 -1.0 -3.0 -1.0 -1.0 -4.0 0.0 -2.0 -2.0 -1.0 -3.0 0.0 0.0 -1.0 0.0 -4.0 -1.0 -4.0 -3.0 0.0 -4.0 0.0 -3.0 -1.0 -4.0 -2.0 0.0 -1.0 120.0 -3.0 -3.0 -2.0 
-4.0 0.0 -3.0 -3.0 0.0 -2.0 -1.0 -3.0 -4.0 -1.0 -4.0 -4.0 -1.0 0.0 -2.0 -1.0 0.0 -2.0 0.0 -2.0 -3.0 -4.0 -4.0 -1.0 -3.0 -3.0 -4.0 -1.0 -2.0 -4.0 -3.0 -2.0 -2.0 -2.0 -1.0 -1.0 -3.0 -4.0 -3.0 -2.0 -4.0 -3.0 -3.0 -4.0 -4.0 -2.0 -4.0 -4.0 -1.0 -2.0 -4.0 -4.0 0.0 -1.0 -2.0 -1.0 -2.0 -3.0 -1.0 -4.0 -4.0 -4.0 155.0 -3.0 -2.0 
-4.0 -4.0 -1.0 -3.0 -1.0 0.0 -4.0 -3.0 -2.0 -2.0 -4.0 0.0 -4.0 -4.0 -4.0 -2.0 -4.0 -4.0 -1.0 0.0 -3.0 -4.0 -4.0 -1.0 0.0 -2.0 -1.0 -1.0 -4.0 -4.0 -4.0 -1.0 -2.0 -2.0 -2.0 -1.0 -3.0 0.0 -1.0 -1.0 -3.0 -2.0 0.0 -2.0 -2.0 0.0 -3.0 -4.0 0.0 -3.0 -2.0 -2.0 0.0 -1.0 0.0 -2.0 0.0 -4.0 0.0 -4.0 -2.0 -4.0 -2.0 136.0 -2.0 
-1.0 -1.0 -1.0 -2.0 -1.0 -4.0 -2.0 0.0 -3.0 -4.0 -2.0 -4.0 -3.0 -4.0 -1.0 -4.0 -1.0 -4.0 -3.0 -4.0 -4.0 -3.0 -4.0 -2.0 -2.0 0.0 -1.0 -1.0 -4.0 0.0 0.0 -2.0 -4.0 -3.0 -4.0 0.0 -1.0 -4.0 -2.0 -4.0 0.0 -1.0 -4.0 -4.0 0.0 -4.0 -3.0 0.0 -3.0 -2.0 -3.0 0.0 -4.0 -2.0 -4.0 -3.0 -1.0 -3.0 0.0 -4.0 0.0 -2.0 -3.0 -1.0 145.0 
