224.86 -1.0 -3.0 -1.0 0.0 0.0 -3.0 -4.0 -1.0 -2.0 -3.0 -3.0 -4.0 -4.0 -3.0 -3.0 -3.0 0.0 0.0 -3.0 -2.0 -1.0 -1.0 -1.0 -3.0 -3.0 -1.0 -2.0 -2.0 -3.0 -2.0 -2.0 -1.0 -3.0 -2.0 -3.0 -4.0 -1.0 -4.0 0.0 -4.0 -4.0 -2.0 -4.0 0.0 -1.0 -1.0 -4.0 0.0 -2.0 -2.0 -3.0 -2.0 0.0 -2.0 -2.0 0.0 -4.0 -4.0 -3.0 -1.0 -2.0 -2.0 -4.0 -4.0 -3.0 -4.0 -2.0 -2.0 0.0 -1.0 -1.0 -3.0 0.0 -1.0 -1.0 -4.0 0.0 -3.0 -1.0 -2.0 -3.0 -3.0 -4.0 -2.0 -4.0 -1.0 -4.0 -4.0 -3.0 -1.0 -1.0 0.0 -2.0 0.0 -2.0 0.0 0.0 0.0 0.0 0.0 -2.0 -4.0 0.0 -2.0 -4.0 -3.0 -1.0 -1.0 -3.0 -1.0 -1.0 -1.0 -2.0 0.0 
-3.0 244.0 -1.0 -1.0 -4.0 -4.0 -1.0 -3.0 -1.0 -4.0 -4.0 0.0 -4.0 -4.0 -4.0 0.0 -3.0 -1.0 -1.0 -3.0 0.0 -3.0 0.0 -1.0 -3.0 -2.0 0.0 -4.0 -4.0 -3.0 -2.0 -4.0 0.0 -1.0 -2.0 -2.0 -4.0 -4.0 0.0 -1.0 -4.0 -2.0 -1.0 -4.0 0.0 -2.0 0.0 -4.0 -3.0 -2.0 -3.0 -2.0 -1.0 -4.0 -3.0 0.0 -4.0 -2.0 -4.0 -4.0 0.0 -4.0 0.0 -3.0 -4.0 -3.0 -1.0 -3.0 -1.0 -2.0 0.0 -1.0 -4.0 -3.0 -2.0 -2.0 -1.0 0.0 0.0 -2.0 -3.0 -2.0 0.0 -4.0 -1.0 -4.0 -1.0 -1.0 -1.0 0.0 -1.0 -3.0 -3.0 -3.0 -1.0 -1.0 0.0 -4.0 -4.0 -2.0 -1.0 -4.0 -3.0 -3.0 0.0 -3.0 -1.0 -2.0 -3.0 -2.0 -3.0 -3.0 0.0 -2.0 -4.0 
-2.0 -2.0 251.0 0.0 -1.0 -4.0 0.0 -3.0 0.0 -4.0 -1.0 0.0 -2.0 -4.0 -2.0 -2.0 -3.0 -1.0 -4.0 -4.0 -3.0 -3.0 -1.0 0.0 -3.0 -2.0 -3.0 -2.0 -4.0 -1.0 -1.0 -3.0 0.0 -4.0 -1.0 -3.0 -2.0 -2.0 -3.0 -4.0 -3.0 0.0 -4.0 -1.0 -1.0 -4.0 -4.0 -3.0 -3.0 -3.0 -1.0 0.0 -3.0 -3.0 -3.0 -4.0 -3.0 -3.0 0.0 0.0 -3.0 -3.0 -2.0 -4.0 -2.0 -2.0 -3.0 0.0 0.0 -3.0 -2.0 -4.0 -1.0 -1.0 -2.0 -3.0 -2.0 -3.0 -3.0 -3.0 -1.0 -4.0 -3.0 -1.0 -3.0 -4.0 0.0 0.0 -1.0 -4.0 -4.0 -1.0 0.0 -4.0 -1.0 -4.0 -2.0 -2.0 -2.0 -2.0 -3.0 -2.0 0.0 -4.0 0.0 -1.0 -4.0 -1.0 -1.0 -4.0 -4.0 -1.0 -2.0 -2.0 -3.0 
-2.0 -2.0 -3.0 241.0 -3.0 -3.0 -2.0 -4.0 -4.0 -2.0 -2.0 0.0 -2.0 -4.0 -1.0 -3.0 -1.0 -3.0 -2.0 -2.0 -3.0 -1.0 -1.0 0.0 -2.0 -4.0 -4.0 -2.0 -3.0 0.0 -3.0 -4.0 -3.0 -4.0 -3.0 0.0 -1.0 -2.0 -3.0 0.0 -4.0 -3.0 -4.0 0.0 -4.0 -1.0 -2.0 0.0 -2.0 -2.0 -3.0 -4.0 -2.0 -1.0 -1.0 -2.0 -3.0 -1.0 -3.0 -4.0 -1.0 -3.0 -2.0 -3.0 -1.0 -2.0 0.0 -4.0 -4.0 -3.0 -1.0 -2.0 -2.0 0.0 -2.0 -2.0 0.0 -4.0 -1.0 0.0 -2.0 -4.0 -4.0 -3.0 -4.0 -3.0 0.0 0.0 -3.0 -2.0 -1.0 0.0 -4.0 -2.0 -4.0 0.0 -4.0 -1.0 -4.0 0.0 -2.0 -3.0 0.0 0.0 0.0 -2.0 0.0 -4.0 -2.0 -2.0 0.0 -4.0 -4.0 -1.0 -1.0 
-2.0 -4.0 -3.0 -3.0 212.0 -1.0 -2.0 0.0 -4.0 -1.0 -1.0 -2.0 0.0 -4.0 -4.0 -3.0 -3.0 -4.0 -1.0 -1.0 0.0 -2.0 -2.0 -2.0 0.0 0.0 -2.0 -1.0 -2.0 -3.0 -3.0 -4.0 0.0 0.0 -1.0 -3.0 -4.0 -1.0 -2.0 -1.0 -1.0 0.0 0.0 -1.0 -3.0 -3.0 0.0 -2.0 0.0 -1.0 -3.0 -1.0 0.0 -3.0 0.0 -1.0 -3.0 0.0 -2.0 -3.0 -1.0 -4.0 0.0 -4.0 0.0 -2.0 -1.0 -1.0 0.0 -1.0 0.0 -4.0 -3.0 -4.0 -1.0 -3.0 0.0 -4.0 -3.0 -4.0 0.0 -4.0 -2.0 -4.0 -4.0 -1.0 -2.0 -1.0 -1.0 -3.0 -2.0 -4.0 -4.0 -1.0 -2.0 -3.0 -3.0 -2.0 -2.0 -3.0 0.0 0.0 -1.0 0.0 -3.0 -3.0 0.0 -2.0 -4.0 -3.0 -2.0 -1.0 0.0 -1.0 -1.0 
-4.0 0.0 -2.0 -3.0 -3.0 251.0 -3.0 -2.0 -1.0 -2.0 -3.0 -2.0 -1.0 -4.0 -1.0 -4.0 -4.0 -4.0 -4.0 -4.0 -1.0 -1.0 0.0 -2.0 -1.0 -4.0 -1.0 -1.0 -2.0 -2.0 0.0 -3.0 -3.0 -3.0 -3.0 -4.0 -3.0 -4.0 -2.0 -1.0 -4.0 0.0 -4.0 -4.0 -4.0 -2.0 -4.0 -3.0 -2.0 0.0 -2.0 -3.0 -4.0 -2.0 -2.0 -4.0 -4.0 -1.0 0.0 -4.0 0.0 -1.0 0.0 -4.0 -4.0 -2.0 -3.0 -3.0 -1.0 -1.0 -1.0 -2.0 -1.0 0.0 -1.0 -4.0 -3.0 -1.0 -3.0 -4.0 -4.0 0.0 0.0 -4.0 0.0 -3.0 -1.0 0.0 -2.0 0.0 -3.0 -2.0 -2.0 -1.0 -4.0 -4.0 -4.0 -4.0 0.0 0.0 -4.0 0.0 -3.0 0.0 -4.0 -3.0 -2.0 -4.0 -3.0 -2.0 0.0 -2.0 0.0 -1.0 -1.0 
-4.0 -4.0 -2.0 -2.0 -1.0 -3.0 211.0 -1.0 -1.0 0.0 -1.0 -1.0 -2.0 -3.0 -3.0 -3.0 -4.0 0.0 0.0 -1.0 -2.0 -1.0 0.0 0.0 0.0 -1.0 -2.0 -4.0 -4.0 -4.0 -4.0 -3.0 -3.0 -4.0 -2.0 -3.0 -3.0 -4.0 -2.0 -1.0 -1.0 -3.0 -2.0 0.0 -3.0 -4.0 -2.0 0.0 -1.0 -1.0 0.0 0.0 -4.0 -2.0 -3.0 0.0 -1.0 0.0 -2.0 -2.0 -4.0 -4.0 -2.0 -3.0 0.0 0.0 -2.0 0.0 -1.0 -2.0 -1.0 -1.0 -3.0 -1.0 -4.0 -4.0 -1.0 -4.0 -1.0 -4.0 0.0 -1.0 0.0 -2.0 -3.0 -2.0 -2.0 0.0 0.0 -3.0 -4.0 -2.0 -1.0 -1.0 -2.0 -2.0 0.0 -3.0 -1.0 -2.0 -2.0 -1.0 -1.0 -1.0 -1.0 -1.0 -1.0 -1.0 -2.0 -4.0 -1.0 -3.0 -4.0 0.0 -1.0 
-1.0 -2.0 -2.0 -1.0 -4.0 -1.0 0.0 212.0 -2.0 -2.0 0.0 -3.0 -3.0 -1.0 -2.0 0.0 -3.0 -3.0 -1.0 -3.0 -2.0 0.0 -1.0 -1.0 -1.0 -2.0 0.0 -2.0 -3.0 0.0 -1.0 0.0 -3.0 -2.0 -1.0 -2.0 -2.0 -3.0 -3.0 -1.0 -1.0 -4.0 0.0 -2.0 -1.0 -3.0 -3.0 -4.0 -2.0 0.0 0.0 0.0 -1.0 -3.0 -4.0 -4.0 0.0 -2.0 -2.0 -3.0 -2.0 -2.0 -2.0 0.0 0.0 -4.0 -1.0 -3.0 -3.0 -4.0 -2.0 0.0 -3.0 -3.0 -3.0 -3.0 -1.0 -2.0 -1.0 -4.0 0.0 -3.0 -4.0 -1.0 -3.0 0.0 -2.0 -2.0 -3.0 -2.0 -3.0 -2.0 -3.0 0.0 0.0 -3.0 -2.0 -3.0 -1.0 -2.0 -1.0 -4.0 -3.0 0.0 -1.0 -3.0 0.0 -1.0 -3.0 0.0 -4.0 -2.0 -1.0 -3.0 -1.0 
-2.0 0.0 -2.0 -4.0 -2.0 0.0 0.0 -1.0 224.0 -3.0 -2.0 -1.0 -4.0 -2.0 -1.0 -2.0 -1.0 -4.0 -2.0 -2.0 -1.0 0.0 -2.0 -4.0 0.0 -4.0 -3.0 -1.0 -4.0 -1.0 -1.0 -2.0 -2.0 0.0 0.0 -3.0 0.0 -2.0 -3.0 -3.0 -4.0 -2.0 -3.0 0.0 -3.0 -2.0 -1.0 -3.0 -4.0 -4.0 -2.0 -1.0 -1.0 -1.0 0.0 -2.0 -4.0 -2.0 -4.0 -4.0 0.0 -4.0 0.0 0.0 -3.0 -2.0 -4.0 0.0 -3.0 -4.0 -1.0 -3.0 -2.0 -1.0 -3.0 -1.0 0.0 -1.0 -1.0 -3.0 -1.0 -2.0 -2.0 0.0 -3.0 -4.0 -4.0 -4.0 -2.0 0.0 -2.0 -1.0 0.0 -1.0 -4.0 0.0 -2.0 -1.0 -1.0 -3.0 -3.0 -4.0 -4.0 -4.0 0.0 -4.0 -2.0 -1.0 -2.0 -1.0 -3.0 -2.0 0.0 -1.0 -2.0 
-2.0 -3.0 -3.0 -3.0 0.0 -2.0 -1.0 -4.0 -1.0 253.0 -3.0 -1.0 -3.0 -2.0 -3.0 -3.0 -4.0 -3.0 -4.0 -4.0 -4.0 -3.0 -1.0 -4.0 -3.0 -1.0 0.0 -4.0 -1.0 -2.0 0.0 -4.0 -1.0 -2.0 -1.0 -2.0 -4.0 -4.0 -2.0 -4.0 -4.0 -2.0 -1.0 0.0 0.0 -2.0 -1.0 -1.0 -2.0 -4.0 -3.0 -3.0 -2.0 -2.0 -2.0 0.0 -2.0 -4.0 -2.0 -4.0 -4.0 -3.0 -2.0 -3.0 -3.0 -3.0 -1.0 -4.0 0.0 -3.0 0.0 -4.0 -4.0 -1.0 -1.0 -4.0 -4.0 -2.0 0.0 0.0 -2.0 -4.0 -1.0 0.0 -4.0 -1.0 -4.0 -3.0 0.0 -1.0 -2.0 -3.0 -4.0 0.0 -2.0 -2.0 -4.0 0.0 0.0 -1.0 0.0 0.0 -3.0 -1.0 -2.0 -3.0 -1.0 -4.0 -3.0 -1.0 -1.0 -3.0 -4.0 -2.0 -4.0 
-2.0 0.0 0.0 0.0 -4.0 0.0 -2.0 0.0 -3.0 -1.0 244.0 -2.0 -2.0 -4.0 -3.0 -1.0 -4.0 0.0 -3.0 -1.0 -1.0 -4.0 -1.0 -1.0 -4.0 -4.0 -2.0 -1.0 0.0 -1.0 -2.0 -4.0 0.0 -2.0 -3.0 -2.0 -3.0 -1.0 -4.0 -3.0 -2.0 -3.0 -1.0 0.0 -1.0 -1.0 -2.0 0.0 -2.0 -3.0 -3.0 0.0 -4.0 -3.0 -4.0 0.0 -4.0 -3.0 -2.0 -4.0 -3.0 -4.0 -1.0 -2.0 -3.0 -4.0 -2.0 -1.0 -4.0 -3.0 -2.0 -3.0 -4.0 -1.0 -4.0 0.0 -2.0 -3.0 -1.0 -2.0 -3.0 -3.0 0.0 -2.0 -2.0 -1.0 -1.0 -1.0 -1.0 -2.0 -1.0 -1.0 0.0 -3.0 -4.0 0.0 -3.0 -3.0 -2.0 -4.0 -2.0 -3.0 -2.0 -4.0 -3.0 -3.0 -4.0 -4.0 -1.0 -1.0 0.0 -3.0 -3.0 -4.0 -4.0 
0.0 -2.0 -1.0 -2.0 0.0 0.0 -4.0 -1.0 -2.0 -2.0 -4.0 232.0 -2.0 -4.0 -2.0 -1.0 -3.0 -3.0 -4.0 0.0 -2.0 -4.0 0.0 0.0 0.0 -2.0 -3.0 -2.0 -1.0 -1.0 -4.0 -1.0 -1.0 -3.0 0.0 -2.0 -2.0 -3.0 -1.0 -4.0 -1.0 0.0 0.0 -3.0 -1.0 -4.0 0.0 0.0 -1.0 0.0 -2.0 -3.0 -2.0 -4.0 0.0 -3.0 -2.0 0.0 -3.0 0.0 -2.0 -4.0 -4.0 0.0 -4.0 -3.0 -2.0 0.0 -2.0 -4.0 -3.0 -3.0 -2.0 -1.0 -3.0 -2.0 -2.0 -3.0 -3.0 -4.0 -3.0 -1.0 -2.0 -1.0 -4.0 0.0 -4.0 -1.0 -3.0 -1.0 -1.0 -2.0 -2.0 -3.0 -3.0 -1.0 -1.0 -2.0 -3.0 -4.0 -4.0 -2.0 -4.0 -3.0 -1.0 -2.0 -4.0 -2.0 -3.0 -4.0 0.0 -1.0 -4.0 0.0 -3.0 
-4.0 -1.0 -2.0 -2.0 0.0 -1.0 -2.0 -4.0 -2.0 -3.0 -3.0 -1.0 213.0 -2.0 -2.0 -2.0 -1.0 -3.0 -2.0 -3.0 -1.0 -1.0 -2.0 -2.0 -1.0 -3.0 -4.0 -4.0 0.0 -3.0 -1.0 -3.0 -3.0 -4.0 -3.0 -4.0 -4.0 0.0 0.0 -4.0 -3.0 -1.0 -1.0 0.0 -3.0 0.0 0.0 0.0 -1.0 -3.0 -3.0 0.0 0.0 -2.0 -4.0 -3.0 -2.0 -2.0 0.0 0.0 0.0 0.0 -3.0 -2.0 -1.0 -1.0 -3.0 0.0 -1.0 -4.0 0.0 -4.0 -4.0 -3.0 0.0 0.0 -3.0 -3.0 -1.0 -4.0 0.0 -2.0 -4.0 0.0 -1.0 0.0 -3.0 -1.0 -2.0 -1.0 -3.0 -2.0 -1.0 -3.0 -2.0 0.0 0.0 -2.0 -4.0 -1.0 -2.0 -4.0 0.0 -2.0 0.0 -3.0 -4.0 -4.0 0.0 -2.0 -1.0 -4.0 0.0 0.0 -3.0 
-2.0 -2.0 -3.0 -2.0 -3.0 -2.0 -4.0 -1.0 -2.0 -1.0 -4.0 0.0 0.0 221.0 -2.0 0.0 -4.0 0.0 -3.0 -3.0 -4.0 -3.0 -2.0 -3.0 -1.0 -2.0 -4.0 0.0 -4.0 -1.0 -4.0 0.0 -4.0 -2.0 -2.0 -1.0 -2.0 -1.0 -4.0 0.0 -1.0 -2.0 0.0 -1.0 0.0 -4.0 -3.0 -1.0 -3.0 -4.0 -2.0 -1.0 -2.0 -3.0 -2.0 0.0 -1.0 0.0 -3.0 0.0 -3.0 -1.0 -2.0 -4.0 0.0 -4.0 -2.0 -2.0 -1.0 -2.0 -1.0 -1.0 -2.0 -3.0 -4.0 -3.0 -1.0 -1.0 0.0 0.0 -1.0 -3.0 -2.0 -1.0 -4.0 -2.0 0.0 -4.0 -1.0 -4.0 -2.0 0.0 -1.0 -4.0 -2.0 -4.0 -2.0 -3.0 -1.0 -1.0 0.0 -3.0 -3.0 0.0 0.0 -4.0 -4.0 -3.0 0.0 0.0 -2.0 -4.0 -3.0 0.0 -1.0 
-1.0 0.0 -2.0 0.0 0.0 -4.0 0.0 -2.0 0.0 -4.0 -3.0 -2.0 -3.0 -3.0 232.0 -2.0 -4.0 0.0 -3.0 -3.0 -3.0 -3.0 -4.0 -1.0 -4.0 -1.0 -1.0 0.0 -4.0 0.0 -2.0 -4.0 -2.0 -4.0 0.0 -4.0 0.0 -2.0 -4.0 -4.0 -3.0 -3.0 -3.0 -3.0 -1.0 -3.0 0.0 -3.0 0.0 0.0 -1.0 -3.0 0.0 -4.0 -2.0 -2.0 -2.0 0.0 -3.0 -3.0 0.0 -4.0 0.0 -2.0 -3.0 -3.0 -4.0 -4.0 0.0 -2.0 -2.0 -2.0 -4.0 -3.0 -2.0 -3.0 -2.0 0.0 -1.0 0.0 -2.0 -2.0 -3.0 -4.0 -2.0 -2.0 -4.0 -2.0 0.0 -2.0 -3.0 0.0 -2.0 -4.0 -2.0 -3.0 -2.0 -3.0 -1.0 -3.0 0.0 0.0 0.0 0.0 -1.0 -2.0 -1.0 -2.0 -1.0 -4.0 -3.0 -1.0 -3.0 -1.0 -4.0 
-2.0 -1.0 0.0 -1.0 -4.0 -2.0 -1.0 -4.0 -1.0 -4.0 -4.0 -1.0 0.0 0.0 -2.0 223.0 0.0 0.0 -2.0 -3.0 -1.0 -3.0 -1.0 -3.0 -3.0 -1.0 -3.0 0.0 -3.0 -3.0 -4.0 0.0 -4.0 -3.0 0.0 -4.0 -1.0 -2.0 -4.0 -1.0 -1.0 -3.0 -1.0 0.0 -3.0 -4.0 0.0 -1.0 -2.0 0.0 -1.0 -1.0 -3.0 -2.0 -3.0 -1.0 -4.0 -4.0 -4.0 -2.0 0.0 -2.0 -4.0 -3.0 -1.0 0.0 0.0 -4.0 -4.0 0.0 -1.0 -4.0 -4.0 -3.0 -3.0 -4.0 -1.0 0.0 -2.0 -2.0 0.0 -2.0 -4.0 -3.0 -4.0 -3.0 -3.0 0.0 0.0 -2.0 -3.0 -2.0 0.0 -1.0 -4.0 -4.0 -2.0 -1.0 -4.0 0.0 -4.0 0.0 -2.0 -1.0 0.0 -4.0 -1.0 0.0 0.0 0.0 -3.0 -4.0 -2.0 0.0 -2.0 
-2.0 -4.0 -3.0 -2.0 -4.0 -1.0 0.0 -3.0 -3.0 -1.0 -2.0 -1.0 -2.0 -2.0 -3.0 -1.0 247.0 0.0 -2.0 -3.0 -3.0 -3.0 -3.0 0.0 -3.0 -4.0 -2.0 -1.0 -4.0 -2.0 -2.0 -3.0 0.0 -3.0 -3.0 -1.0 -1.0 -2.0 -2.0 -4.0 -1.0 -2.0 -3.0 -3.0 -4.0 -2.0 -3.0 -1.0 -2.0 0.0 -2.0 -3.0 0.0 -2.0 -1.0 0.0 -3.0 -2.0 -4.0 -2.0 -3.0 -4.0 0.0 -2.0 -3.0 -2.0 -3.0 -2.0 -2.0 -2.0 -2.0 -4.0 -2.0 -1.0 -3.0 -3.0 -3.0 -3.0 -4.0 -2.0 -3.0 -4.0 -1.0 0.0 -2.0 -2.0 -2.0 -3.0 -1.0 -3.0 -4.0 -3.0 -3.0 -3.0 -1.0 -2.0 -1.0 -3.0 -4.0 -3.0 -4.0 0.0 -1.0 -1.0 -1.0 0.0 0.0 -1.0 -4.0 -3.0 -1.0 0.0 -4.0 -4.0 0.0 
-3.0 -4.0 -4.0 -3.0 -3.0 0.0 0.0 -3.0 -3.0 -4.0 0.0 -2.0 -3.0 -1.0 -4.0 -3.0 -4.0 232.0 -4.0 -2.0 -2.0 -4.0 -2.0 -1.0 -1.0 -3.0 -4.0 -2.0 -4.0 -2.0 -3.0 -2.0 -2.0 -4.0 -4.0 -3.0 -4.0 -3.0 -3.0 0.0 -1.0 -1.0 -1.0 -3.0 0.0 -2.0 -3.0 -4.0 -3.0 -1.0 -4.0 0.0 0.0 -3.0 0.0 -3.0 -1.0 -4.0 -2.0 -1.0 0.0 -3.0 -4.0 -3.0 -4.0 0.0 -4.0 0.0 -2.0 -2.0 -2.0 -2.0 0.0 -2.0 -2.0 -4.0 -1.0 -2.0 -2.0 -3.0 0.0 -1.0 0.0 -1.0 -1.0 -3.0 -2.0 -3.0 -2.0 -2.0 -2.0 -1.0 -3.0 -1.0 0.0 -3.0 -4.0 0.0 0.0 -4.0 -1.0 0.0 -2.0 0.0 0.0 -4.0 0.0 0.0 -1.0 -1.0 -2.0 0.0 -4.0 -2.0 0.0 
0.0 -3.0 -1.0 -4.0 -1.0 -1.0 -4.0 -1.0 0.0 -4.0 -4.0 -1.0 0.0 -3.0 -3.0 -1.0 0.0 -2.0 212.0 -3.0 0.0 -1.0 -2.0 -4.0 -4.0 -3.0 -2.0 -2.0 -3.0 -2.0 0.0 -2.0 -4.0 -4.0 -2.0 -1.0 0.0 -2.0 0.0 -1.0 -2.0 -2.0 -4.0 -2.0 -3.0 -3.0 -3.0 -1.0 -1.0 -3.0 0.0 0.0 -4.0 -4.0 -2.0 -1.0 -2.0 0.0 0.0 -2.0 -1.0 -1.0 -4.0 -1.0 -2.0 -1.0 -2.0 0.0 -2.0 -1.0 -2.0 -2.0 -1.0 -2.0 -1.0 0.0 -4.0 -1.0 0.0 -2.0 -4.0 -2.0 -2.0 -3.0 -2.0 -2.0 -3.0 -1.0 -1.0 -3.0 -4.0 -4.0 -1.0 0.0 -3.0 0.0 -4.0 -3.0 -3.0 -4.0 0.0 -1.0 -1.0 0.0 -3.0 -1.0 -1.0 -2.0 -3.0 -2.0 0.0 -1.0 -1.0 -1.0 -2.0 
-2.0 -2.0 -2.0 -4.0 -3.0 -4.0 -3.0 -2.0 -3.0 0.0 -2.0 -4.0 0.0 -1.0 -2.0 -1.0 -1.0 -1.0 0.0 204.0 0.0 0.0 -4.0 -4.0 -2.0 0.0 0.0 -1.0 -4.0 -1.0 0.0 0.0 -4.0 -3.0 -4.0 -1.0 0.0 -2.0 -4.0 -3.0 -2.0 -3.0 -1.0 -1.0 0.0 -3.0 0.0 0.0 0.0 0.0 -2.0 0.0 -3.0 -3.0 -1.0 -2.0 0.0 -4.0 -3.0 -4.0 -4.0 0.0 -1.0 -2.0 -3.0 -1.0 -2.0 0.0 -1.0 -2.0 0.0 0.0 -4.0 -2.0 -2.0 -2.0 -1.0 -1.0 -4.0 -1.0 -3.0 -3.0 -4.0 -4.0 -4.0 -3.0 -4.0 -2.0 -1.0 -2.0 -3.0 0.0 -3.0 0.0 0.0 -3.0 -4.0 -4.0 -1.0 -3.0 -4.0 -1.0 -1.0 0.0 0.0 -1.0 0.0 0.0 -1.0 -2.0 -2.0 0.0 -1.0 0.0 -1.0 
-3.0 -2.0 -1.0 -2.0 -1.0 -3.0 0.0 -4.0 0.0 -4.0 -2.0 -4.0 -3.0 -4.0 -1.0 -1.0 -1.0 0.0 -1.0 -3.0 255.0 -1.0 -3.0 -4.0 -3.0 -3.0 -1.0 -2.0 -3.0 0.0 -3.0 0.0 -2.0 0.0 -1.0 -4.0 -4.0 -4.0 0.0 -3.0 -3.0 -4.0 -2.0 -4.0 -1.0 -3.0 -4.0 0.0 -3.0 -1.0 -4.0 -4.0 -2.0 0.0 -4.0 -3.0 -3.0 0.0 -3.0 -2.0 0.0 0.0 -2.0 -1.0 -2.0 -2.0 -1.0 0.0 0.0 0.0 0.0 -2.0 -4.0 -4.0 -1.0 -4.0 -3.0 -3.0 -4.0 -3.0 0.0 -4.0 -2.0 -4.0 -4.0 -4.0 -3.0 -3.0 0.0 -1.0 -4.0 -4.0 -2.0 -4.0 -1.0 -4.0 -3.0 0.0 -2.0 -3.0 -2.0 -3.0 -3.0 -4.0 0.0 -4.0 -1.0 -3.0 -2.0 -3.0 -4.0 -3.0 0.0 -2.0 -2.0 
-3.0 -4.0 -2.0 -2.0 -3.0 -2.0 -1.0 -3.0 -1.0 -3.0 -1.0 -1.0 -3.0 0.0 -2.0 -2.0 0.0 -4.0 -4.0 -3.0 -2.0 223.0 -1.0 -4.0 -2.0 -3.0 0.0 -2.0 0.0 -2.0 -2.0 -3.0 -4.0 -3.0 -2.0 0.0 -4.0 0.0 -3.0 0.0 -2.0 -1.0 0.0 -2.0 -1.0 0.0 0.0 0.0 -1.0 -2.0 -3.0 -4.0 -1.0 -4.0 -1.0 0.0 0.0 0.0 -1.0 -4.0 -2.0 -4.0 -4.0 -4.0 -3.0 0.0 -1.0 -3.0 -3.0 0.0 -1.0 0.0 -4.0 -2.0 0.0 -2.0 -1.0 -2.0 -1.0 -4.0 -1.0 0.0 -4.0 0.0 -3.0 0.0 -1.0 -4.0 -4.0 -1.0 -4.0 -2.0 -1.0 -4.0 -2.0 0.0 -1.0 0.0 0.0 0.0 -3.0 -4.0 -3.0 -4.0 -3.0 -3.0 -4.0 0.0 0.0 -3.0 -4.0 -2.0 -4.0 -1.0 -4.0 
-3.0 -1.0 -1.0 0.0 -3.0 -4.0 -2.0 -3.0 -4.0 0.0 -2.0 0.0 0.0 -3.0 -1.0 -2.0 -1.0 -3.0 -1.0 -3.0 -2.0 -2.0 198.0 -1.0 -2.0 0.0 -3.0 -4.0 -4.0 -3.0 -3.0 -2.0 -3.0 -4.0 0.0 -1.0 -2.0 0.0 -3.0 -2.0 -1.0 -1.0 -1.0 -4.0 -4.0 -1.0 -3.0 -1.0 -1.0 -4.0 -3.0 -2.0 0.0 -3.0 -1.0 -2.0 0.0 -1.0 -2.0 0.0 -2.0 -3.0 -4.0 -4.0 -1.0 -4.0 -4.0 -4.0 -4.0 -1.0 -2.0 -1.0 -2.0 -2.0 -1.0 -1.0 -4.0 -1.0 0.0 -1.0 0.0 -2.0 0.0 0.0 -2.0 0.0 -4.0 -1.0 -2.0 0.0 -1.0 0.0 -1.0 0.0 -1.0 0.0 -1.0 -1.0 -1.0 -1.0 -1.0 0.0 0.0 -1.0 0.0 0.0 -1.0 -4.0 -2.0 -2.0 -2.0 -2.0 -2.0 -1.0 -3.0 
-3.0 -2.0 0.0 -1.0 -1.0 -1.0 -1.0 -4.0 -1.0 -3.0 -3.0 -3.0 -2.0 -1.0 -3.0 -4.0 0.0 -4.0 -2.0 -1.0 -3.0 -2.0 -1.0 225.0 -2.0 -1.0 -3.0 -3.0 -3.0 0.0 -1.0 0.0 -1.0 -1.0 -4.0 -1.0 0.0 -3.0 0.0 -4.0 -1.0 -2.0 0.0 -2.0 -1.0 -3.0 -1.0 -3.0 -3.0 -3.0 -2.0 -4.0 0.0 -4.0 -1.0 -3.0 -3.0 -3.0 -4.0 -3.0 -4.0 -2.0 -4.0 0.0 0.0 0.0 -3.0 -1.0 -1.0 -2.0 -2.0 0.0 0.0 -1.0 -4.0 0.0 -2.0 0.0 -3.0 -1.0 -3.0 -4.0 -4.0 -2.0 -2.0 0.0 -3.0 -3.0 -3.0 -1.0 0.0 0.0 0.0 -1.0 -2.0 -1.0 -1.0 -4.0 -2.0 -4.0 -4.0 -4.0 -3.0 -3.0 -2.0 -1.0 -4.0 -4.0 -1.0 0.0 -1.0 -1.0 -4.0 -2.0 -2.0 
-3.0 0.0 -1.0 -1.0 0.0 -3.0 -3.0 -4.0 -3.0 -1.0 -1.0 -3.0 -3.0 0.0 -4.0 0.0 -2.0 -4.0 -1.0 -2.0 -1.0 -4.0 -3.0 0.0 231.0 -3.0 -3.0 -1.0 -4.0 0.0 -2.0 0.0 -3.0 -2.0 -3.0 -2.0 -3.0 -3.0 -3.0 0.0 0.0 -3.0 -2.0 -4.0 0.0 -1.0 -2.0 -1.0 -3.0 -4.0 -1.0 -2.0 0.0 -1.0 -4.0 -2.0 -3.0 -2.0 0.0 -1.0 -2.0 -4.0 -2.0 0.0 -3.0 -4.0 -2.0 -4.0 -1.0 0.0 -1.0 -4.0 -2.0 -1.0 -4.0 -3.0 -2.0 -2.0 -3.0 0.0 -1.0 -1.0 -4.0 -4.0 -2.0 -4.0 -2.0 -1.0 0.0 -3.0 -4.0 -3.0 -2.0 -3.0 -3.0 -2.0 -4.0 -2.0 -1.0 0.0 -2.0 -4.0 -1.0 -3.0 -4.0 -1.0 -2.0 0.0 -3.0 -4.0 -2.0 0.0 0.0 0.0 0.0 
-4.0 -1.0 -3.0 -2.0 -2.0 -2.0 -4.0 0.0 -4.0 0.0 -3.0 -2.0 -3.0 -2.0 -4.0 -4.0 -4.0 -4.0 -1.0 -4.0 -4.0 0.0 -2.0 -2.0 -3.0 256.0 -4.0 -1.0 -2.0 0.0 -4.0 0.0 -3.0 -4.0 -3.0 0.0 -2.0 -4.0 -4.0 0.0 -3.0 -4.0 -2.0 -2.0 0.0 -4.0 0.0 -1.0 -1.0 -4.0 -4.0 -4.0 -1.0 -4.0 -3.0 -1.0 -3.0 0.0 -3.0 -4.0 -2.0 -1.0 -1.0 -2.0 0.0 -1.0 -1.0 -4.0 -3.0 -2.0 -3.0 -1.0 -2.0 -1.0 -2.0 -4.0 0.0 -3.0 -4.0 -2.0 -1.0 -4.0 0.0 -2.0 -2.0 -3.0 -2.0 -4.0 -4.0 -1.0 0.0 0.0 0.0 -2.0 -4.0 -4.0 -2.0 -1.0 -1.0 -1.0 -3.0 -1.0 -4.0 0.0 -1.0 0.0 -4.0 -3.0 -2.0 -4.0 -3.0 0.0 -4.0 -4.0 -3.0 
-3.0 0.0 0.0 0.0 -2.0 -2.0 -1.0 -2.0 -1.0 -3.0 0.0 -4.0 -4.0 0.0 -3.0 -2.0 0.0 -4.0 -1.0 -3.0 -2.0 -4.0 -1.0 -4.0 -4.0 -4.0 237.0 -1.0 -3.0 -3.0 -1.0 0.0 -2.0 0.0 -4.0 -2.0 -4.0 -1.0 -2.0 0.0 0.0 -1.0 -4.0 -4.0 -4.0 -1.0 -4.0 -2.0 -3.0 -2.0 -1.0 -3.0 0.0 -3.0 -4.0 -4.0 -1.0 0.0 0.0 -2.0 -4.0 -1.0 -3.0 -3.0 -1.0 -2.0 -1.0 -1.0 -4.0 -2.0 -3.0 -2.0 -2.0 -3.0 0.0 -2.0 -4.0 -4.0 0.0 -3.0 -3.0 0.0 -1.0 0.0 -4.0 -1.0 -4.0 -4.0 -2.0 -4.0 -4.0 -4.0 -3.0 -2.0 -4.0 -2.0 -2.0 -3.0 0.0 -1.0 -2.0 -1.0 -4.0 -1.0 0.0 -1.0 -3.0 0.0 -3.0 -1.0 0.0 -4.0 -3.0 0.0 -1.0 
-1.0 -2.0 -1.0 -2.0 -1.0 -2.0 -1.0 -1.0 -2.0 -1.0 -4.0 -3.0 -1.0 -1.0 -1.0 0.0 -1.0 -4.0 0.0 -4.0 0.0 -4.0 -2.0 -1.0 0.0 0.0 -4.0 216.0 0.0 -1.0 -2.0 -1.0 -4.0 -4.0 -3.0 -2.0 -3.0 -4.0 -1.0 -2.0 -1.0 -3.0 -3.0 -4.0 0.0 -1.0 -4.0 -1.0 -4.0 -1.0 -2.0 -2.0 0.0 -3.0 -4.0 -3.0 0.0 -4.0 -2.0 0.0 0.0 -2.0 -3.0 -4.0 -1.0 0.0 -4.0 -2.0 -1.0 -1.0 0.0 -4.0 -1.0 -2.0 0.0 -1.0 -4.0 -3.0 -4.0 -3.0 -1.0 -4.0 -4.0 -4.0 0.0 0.0 -2.0 0.0 -3.0 -2.0 0.0 -3.0 -1.0 -1.0 -1.0 -1.0 -3.0 -2.0 -2.0 -1.0 -1.0 -3.0 0.0 0.0 -4.0 -3.0 -1.0 -2.0 -2.0 0.0 -3.0 -1.0 -4.0 -4.0 0.0 
-1.0 -4.0 -2.0 0.0 0.0 0.0 -2.0 -2.0 -3.0 -2.0 -1.0 0.0 -1.0 0.0 -2.0 -4.0 0.0 -2.0 -4.0 -1.0 0.0 0.0 0.0 -3.0 0.0 0.0 -3.0 0.0 224.0 0.0 -2.0 -1.0 -4.0 -1.0 -2.0 -1.0 -1.0 -3.0 -2.0 -4.0 -2.0 -4.0 -3.0 -1.0 -3.0 -3.0 0.0 -2.0 -1.0 -4.0 -3.0 -3.0 -3.0 -2.0 -3.0 -2.0 -3.0 -4.0 -4.0 -2.0 -2.0 -4.0 -3.0 -3.0 -2.0 -1.0 -3.0 0.0 -2.0 -1.0 -3.0 -1.0 -3.0 -2.0 0.0 -3.0 0.0 0.0 -1.0 -1.0 -1.0 -4.0 -1.0 -4.0 -3.0 0.0 -1.0 0.0 -3.0 -2.0 -3.0 -2.0 -1.0 -4.0 -1.0 -3.0 -1.0 -2.0 -3.0 0.0 -4.0 -4.0 -4.0 -1.0 -4.0 -3.0 -4.0 0.0 -3.0 0.0 -4.0 -4.0 -1.0 -2.0 -2.0 
-3.0 0.0 0.0 -2.0 -3.0 -4.0 -1.0 0.0 -1.0 -1.0 -2.0 -1.0 -1.0 -2.0 -1.0 -1.0 -2.0 -4.0 -3.0 -1.0 0.0 -4.0 -4.0 0.0 -1.0 -1.0 -4.0 -1.0 0.0 208.0 -4.0 -4.0 -1.0 -3.0 0.0 -4.0 -3.0 0.0 -3.0 0.0 -2.0 0.0 -3.0 -3.0 0.0 -3.0 -3.0 -2.0 -1.0 -4.0 -4.0 -1.0 -1.0 -2.0 -3.0 -1.0 -3.0 -1.0 -4.0 -3.0 -3.0 -3.0 -3.0 -2.0 -1.0 -1.0 -2.0 -3.0 -3.0 -1.0 -1.0 -3.0 0.0 -4.0 -1.0 -1.0 -1.0 -2.0 -1.0 0.0 -4.0 -2.0 -4.0 -3.0 0.0 -2.0 0.0 0.0 -1.0 -2.0 -2.0 -1.0 -4.0 0.0 -3.0 -4.0 -2.0 0.0 0.0 -4.0 -1.0 0.0 0.0 -2.0 -4.0 -2.0 -1.0 -4.0 0.0 -1.0 -2.0 0.0 0.0 -3.0 0.0 
-4.0 -1.0 -1.0 -3.0 0.0 -4.0 -1.0 -2.0 -2.0 -2.0 -4.0 -1.0 -1.0 -3.0 -3.0 -1.0 -2.0 -1.0 -3.0 -1.0 -4.0 -4.0 -1.0 -3.0 -3.0 -4.0 -3.0 -2.0 0.0 0.0 228.0 -3.0 0.0 -3.0 0.0 0.0 0.0 -3.0 -4.0 -2.0 -2.0 -1.0 -3.0 -3.0 -2.0 0.0 -3.0 -4.0 -2.0 -3.0 -2.0 -4.0 -2.0 -4.0 -2.0 -2.0 -4.0 -1.0 -1.0 -4.0 -3.0 -4.0 -3.0 0.0 -3.0 -2.0 0.0 -3.0 -4.0 0.0 -2.0 0.0 -4.0 -1.0 -1.0 -3.0 0.0 -2.0 -1.0 -2.0 -1.0 -4.0 0.0 -1.0 -2.0 -3.0 0.0 -2.0 0.0 -4.0 -3.0 -4.0 -1.0 -3.0 -1.0 -1.0 -4.0 0.0 -1.0 -4.0 0.0 0.0 0.0 -3.0 0.0 -4.0 -3.0 -1.0 -1.0 -3.0 -1.0 -1.0 -2.0 -2.0 -2.0 
-3.0 0.0 0.0 0.0 -1.0 -3.0 -3.0 -4.0 -1.0 -4.0 -1.0 0.0 -2.0 -4.0 -1.0 -2.0 0.0 0.0 -3.0 -1.0 -4.0 0.0 -4.0 -1.0 -4.0 -1.0 -2.0 -1.0 -2.0 0.0 -4.0 227.0 -4.0 -4.0 -2.0 0.0 -2.0 -2.0 -4.0 -1.0 0.0 -4.0 -4.0 -1.0 -1.0 -4.0 -2.0 -2.0 -1.0 -4.0 -1.0 -4.0 -2.0 -4.0 -3.0 -1.0 -1.0 -1.0 -1.0 -1.0 -3.0 -2.0 -4.0 0.0 -2.0 -1.0 0.0 -2.0 0.0 -1.0 -1.0 -2.0 -4.0 -2.0 -2.0 -3.0 -1.0 -2.0 -4.0 -1.0 0.0 -4.0 -4.0 -4.0 -3.0 -3.0 0.0 -1.0 -4.0 -3.0 -4.0 0.0 -2.0 -3.0 -2.0 -2.0 -1.0 0.0 -4.0 -1.0 -1.0 -3.0 -1.0 -4.0 -2.0 0.0 -1.0 -3.0 -4.0 -2.0 -2.0 0.0 -1.0 -3.0 -1.0 
-3.0 -2.0 0.0 -2.0 -4.0 -1.0 -3.0 -1.0 -4.0 -1.0 -1.0 -1.0 0.0 0.0 -1.0 -2.0 -2.0 -1.0 -4.0 -4.0 -4.0 -4.0 -3.0 -4.0 -1.0 -3.0 -2.0 0.0 0.0 -4.0 -3.0 -1.0 225.0 -3.0 -3.0 -1.0 0.0 -4.0 -2.0 -4.0 -2.0 -3.0 0.0 -4.0 -3.0 0.0 -4.0 -2.0 -1.0 -1.0 -3.0 -2.0 -4.0 0.0 -2.0 -3.0 0.0 -3.0 -2.0 -2.0 -2.0 -4.0 0.0 -3.0 -1.0 0.0 -2.0 -1.0 -3.0 -1.0 -2.0 -2.0 -3.0 -4.0 -1.0 -4.0 0.0 0.0 -4.0 -1.0 -3.0 -2.0 -3.0 -4.0 -2.0 -2.0 0.0 -1.0 -4.0 -1.0 -4.0 -1.0 -2.0 -2.0 0.0 -2.0 -2.0 0.0 -4.0 -1.0 -3.0 -1.0 -1.0 0.0 -4.0 -1.0 0.0 0.0 -4.0 -2.0 -1.0 -1.0 -3.0 0.0 -2.0 
-1.0 0.0 -4.0 -2.0 0.0 0.0 -1.0 -4.0 -3.0 -4.0 0.0 -3.0 -4.0 -1.0 -1.0 -4.0 -4.0 0.0 0.0 -3.0 -4.0 0.0 -2.0 -4.0 0.0 -1.0 0.0 -1.0 0.0 0.0 0.0 -3.0 -2.0 209.0 -3.0 0.0 -3.0 -3.0 0.0 -4.0 0.0 0.0 0.0 -3.0 -2.0 -2.0 0.0 -4.0 0.0 -2.0 -1.0 0.0 -2.0 -4.0 0.0 -2.0 -3.0 -4.0 -3.0 0.0 -2.0 -3.0 -2.0 -1.0 -4.0 -2.0 -2.0 -1.0 0.0 0.0 -2.0 0.0 -3.0 -4.0 -1.0 -1.0 -3.0 -3.0 -1.0 -2.0 -2.0 -3.0 0.0 -2.0 0.0 -4.0 -1.0 -3.0 -4.0 0.0 -1.0 -3.0 -4.0 -1.0 0.0 -2.0 -3.0 -3.0 -4.0 -4.0 -1.0 -2.0 -1.0 0.0 -4.0 -3.0 -1.0 -3.0 -4.0 -4.0 -1.0 0.0 -1.0 0.0 -2.0 
-3.0 -2.0 -2.0 -3.0 -4.0 -1.0 -4.0 0.0 -1.0 -2.0 -3.0 -4.0 -2.0 -4.0 0.0 0.0 -1.0 -1.0 -2.0 0.0 -4.0 0.0 -2.0 -3.0 -4.0 -3.0 -3.0 0.0 -4.0 -1.0 -2.0 -1.0 -4.0 -2.0 233.0 -1.0 -2.0 -3.0 -3.0 -4.0 -3.0 -2.0 -2.0 -1.0 0.0 0.0 0.0 -1.0 -3.0 -2.0 -4.0 -2.0 -4.0 -2.0 -2.0 -4.0 -2.0 -2.0 -1.0 0.0 -3.0 -1.0 0.0 -4.0 0.0 0.0 0.0 -3.0 -3.0 -1.0 -2.0 -4.0 -4.0 -2.0 -1.0 -1.0 -4.0 -2.0 -4.0 -1.0 -2.0 0.0 -3.0 -3.0 -1.0 0.0 -4.0 -1.0 0.0 -3.0 -4.0 -4.0 -1.0 -4.0 -3.0 -4.0 0.0 -4.0 -3.0 -1.0 -2.0 -1.0 -2.0 -3.0 -1.0 -3.0 -4.0 -2.0 0.0 0.0 0.0 0.0 -2.0 -4.0 -2.0 
-2.0 -2.0 -4.0 -3.0 -3.0 0.0 -1.0 -2.0 -4.0 -3.0 -4.0 -4.0 -2.0 -2.0 -2.0 -4.0 -2.0 0.0 -2.0 -4.0 -1.0 -4.0 -1.0 0.0 0.0 -3.0 -2.0 -1.0 -1.0 -2.0 -4.0 -4.0 -2.0 -4.0 -4.0 259.0 -1.0 0.0 0.0 -3.0 -3.0 0.0 -4.0 0.0 0.0 -4.0 -1.0 -2.0 -4.0 -2.0 -2.0 0.0 -4.0 0.0 -3.0 -4.0 -4.0 -3.0 0.0 -3.0 -1.0 -4.0 -1.0 -3.0 -3.0 -3.0 -4.0 0.0 -4.0 -4.0 -2.0 0.0 -3.0 -3.0 -4.0 -3.0 0.0 -1.0 -3.0 -4.0 -1.0 -3.0 -3.0 -4.0 -2.0 0.0 -3.0 -2.0 -3.0 -2.0 -2.0 -1.0 -3.0 0.0 -3.0 -4.0 -4.0 -1.0 -4.0 -1.0 -4.0 -1.0 -3.0 -3.0 -2.0 -1.0 -4.0 0.0 -3.0 -3.0 -2.0 0.0 -1.0 -4.0 -2.0 
-1.0 0.0 0.0 0.0 -4.0 -4.0 -1.0 -1.0 -3.0 0.0 0.0 -4.0 -4.0 -3.0 -3.0 -4.0 -1.0 -2.0 -1.0 -3.0 -1.0 0.0 -3.0 0.0 -3.0 -1.0 0.0 -3.0 0.0 -4.0 -1.0 0.0 -1.0 -2.0 0.0 -4.0 224.0 -4.0 -4.0 -4.0 -1.0 -2.0 -1.0 -4.0 -3.0 0.0 -2.0 -2.0 -1.0 0.0 0.0 -3.0 -1.0 -3.0 -2.0 -3.0 -1.0 0.0 -1.0 -1.0 -3.0 -4.0 -2.0 0.0 -4.0 0.0 -4.0 0.0 0.0 -2.0 -4.0 -2.0 -3.0 -1.0 -1.0 -1.0 -4.0 0.0 -4.0 0.0 -2.0 -3.0 -4.0 -3.0 -3.0 -1.0 -1.0 -3.0 0.0 0.0 -3.0 -1.0 -4.0 -2.0 -3.0 -2.0 -4.0 0.0 -1.0 -4.0 -4.0 -3.0 -4.0 -2.0 -4.0 0.0 -3.0 -4.0 -1.0 -3.0 -2.0 -3.0 -1.0 -1.0 -1.0 
-4.0 -1.0 -1.0 -2.0 -4.0 -4.0 -1.0 -1.0 -4.0 -3.0 -2.0 -3.0 0.0 -2.0 0.0 0.0 -2.0 -2.0 -1.0 -4.0 0.0 -2.0 -4.0 -4.0 -2.0 -1.0 -1.0 -2.0 -4.0 -3.0 -2.0 -4.0 -4.0 -4.0 0.0 -3.0 0.0 233.0 -2.0 0.0 0.0 0.0 -2.0 -3.0 -2.0 -1.0 -4.0 -1.0 -1.0 -3.0 0.0 -2.0 -2.0 -3.0 -4.0 -2.0 -2.0 -1.0 0.0 -1.0 -4.0 -4.0 -2.0 -4.0 0.0 -4.0 0.0 -1.0 -2.0 -4.0 -4.0 -1.0 -2.0 -1.0 -3.0 -1.0 -4.0 -3.0 -3.0 -3.0 0.0 0.0 0.0 -1.0 -1.0 0.0 -3.0 -3.0 -3.0 -4.0 0.0 0.0 -4.0 -1.0 -2.0 -2.0 -4.0 -4.0 0.0 -4.0 -3.0 -3.0 -2.0 0.0 -2.0 -3.0 -2.0 -4.0 -3.0 0.0 0.0 -3.0 -4.0 -1.0 0.0 
-4.0 -1.0 -3.0 -2.0 -2.0 -4.0 -3.0 -3.0 -2.0 0.0 -1.0 -1.0 0.0 -2.0 -1.0 -4.0 -1.0 -2.0 -2.0 0.0 -4.0 -2.0 -3.0 -4.0 0.0 0.0 0.0 -2.0 -4.0 -2.0 -3.0 -2.0 0.0 -3.0 -3.0 -3.0 -1.0 -2.0 221.0 -3.0 -2.0 -3.0 -4.0 -3.0 -4.0 -1.0 -4.0 -1.0 0.0 0.0 0.0 -1.0 0.0 0.0 -4.0 -4.0 -3.0 -1.0 0.0 -1.0 -4.0 -1.0 -1.0 0.0 -2.0 -1.0 -4.0 -3.0 0.0 -2.0 -2.0 -4.0 -1.0 -3.0 -2.0 -4.0 -3.0 -4.0 -1.0 -3.0 -2.0 -2.0 -1.0 0.0 -4.0 -1.0 -1.0 -3.0 -2.0 -1.0 -3.0 -1.0 0.0 -3.0 0.0 0.0 -3.0 0.0 0.0 -1.0 0.0 -2.0 -1.0 -2.0 -4.0 -4.0 0.0 -3.0 -2.0 -3.0 -1.0 -3.0 -1.0 -4.0 -3.0 
-4.0 -3.0 -3.0 -2.0 -1.0 -3.0 -1.0 -3.0 -4.0 -1.0 0.0 0.0 -3.0 -1.0 -2.0 -2.0 -2.0 -1.0 0.0 -3.0 -1.0 0.0 -2.0 0.0 -4.0 -3.0 -2.0 -1.0 -4.0 -4.0 -3.0 0.0 -4.0 -2.0 -2.0 0.0 0.0 0.0 -3.0 227.0 0.0 -1.0 -1.0 0.0 -4.0 -2.0 -2.0 -4.0 -4.0 0.0 -2.0 0.0 -3.0 -3.0 -3.0 0.0 -1.0 -2.0 -3.0 -2.0 -2.0 -3.0 -4.0 -1.0 -4.0 -1.0 -1.0 -3.0 -4.0 0.0 -4.0 -4.0 0.0 -2.0 -2.0 -1.0 -1.0 -2.0 -4.0 -4.0 -4.0 -1.0 -1.0 -2.0 -1.0 0.0 -2.0 -3.0 -2.0 -2.0 -1.0 0.0 -1.0 -4.0 -4.0 -4.0 0.0 -4.0 0.0 -4.0 -1.0 -1.0 -3.0 -4.0 -2.0 -1.0 0.0 -2.0 -3.0 -2.0 -3.0 0.0 -4.0 -3.0 0.0 
-1.0 -4.0 0.0 -4.0 -2.0 0.0 -2.0 -3.0 0.0 -4.0 -3.0 -4.0 -3.0 -3.0 -4.0 -3.0 -1.0 0.0 -1.0 -3.0 -1.0 -4.0 -2.0 -3.0 0.0 0.0 0.0 -1.0 0.0 0.0 -4.0 -2.0 -1.0 -3.0 -3.0 -3.0 0.0 0.0 -3.0 -4.0 228.0 0.0 -2.0 -1.0 -4.0 -1.0 0.0 -3.0 -1.0 -2.0 -4.0 0.0 -1.0 -3.0 0.0 -2.0 0.0 -2.0 -3.0 -4.0 -1.0 -3.0 -1.0 -1.0 -4.0 -1.0 -3.0 -3.0 -2.0 -1.0 0.0 -2.0 -3.0 -4.0 -1.0 -3.0 -3.0 -4.0 -4.0 0.0 0.0 -3.0 -1.0 -3.0 -1.0 -4.0 -3.0 0.0 0.0 -2.0 -3.0 -3.0 0.0 -4.0 -3.0 0.0 -1.0 -2.0 -1.0 -3.0 -3.0 0.0 -1.0 0.0 -3.0 -1.0 -3.0 0.0 -4.0 -4.0 -4.0 -3.0 -1.0 -4.0 -4.0 
-3.0 -2.0 -2.0 -1.0 -4.0 -2.0 -1.0 -3.0 -3.0 -4.0 -1.0 -2.0 -3.0 -1.0 -3.0 0.0 -1.0 -1.0 -2.0 0.0 -2.0 -1.0 -3.0 -2.0 -1.0 -1.0 0.0 -2.0 -4.0 -1.0 0.0 -1.0 -3.0 -2.0 0.0 -4.0 -3.0 -2.0 0.0 -1.0 -3.0 222.0 -3.0 -2.0 -3.0 0.0 0.0 -2.0 -1.0 -3.0 0.0 -2.0 -3.0 -2.0 -4.0 -2.0 -1.0 -3.0 -1.0 -3.0 -4.0 -4.0 -2.0 -1.0 -1.0 -1.0 0.0 -1.0 0.0 -4.0 -1.0 -4.0 0.0 -2.0 -2.0 -4.0 0.0 -4.0 -4.0 -2.0 -1.0 -4.0 0.0 0.0 -2.0 0.0 -4.0 -3.0 -3.0 0.0 0.0 -1.0 -4.0 -4.0 -2.0 -4.0 -3.0 -1.0 -1.0 -4.0 -3.0 0.0 -4.0 0.0 -3.0 -4.0 -1.0 -3.0 -2.0 0.0 -4.0 0.0 -3.0 -3.0 0.0 
-4.0 -2.0 -1.0 -4.0 0.0 -3.0 -1.0 -3.0 -4.0 -4.0 0.0 -1.0 -4.0 -2.0 0.0 -1.0 -3.0 -2.0 0.0 -1.0 0.0 -4.0 -3.0 -2.0 -3.0 -2.0 -1.0 -2.0 0.0 -1.0 0.0 0.0 -4.0 0.0 -4.0 -1.0 0.0 -3.0 -1.0 -2.0 0.0 -1.0 210.0 -3.0 -1.0 -1.0 -1.0 -2.0 -1.0 -3.0 -4.0 0.0 0.0 -2.0 -2.0 -4.0 -4.0 -3.0 -2.0 -4.0 -1.0 0.0 -3.0 0.0 -1.0 -2.0 -1.0 -3.0 -3.0 0.0 -3.0 -1.0 0.0 -2.0 -2.0 -3.0 -2.0 -4.0 -4.0 -4.0 -4.0 0.0 -3.0 -1.0 -3.0 -1.0 0.0 -1.0 -2.0 0.0 -1.0 -3.0 -1.0 -3.0 0.0 -4.0 0.0 -2.0 -4.0 0.0 -2.0 0.0 0.0 -1.0 -1.0 -2.0 -2.0 -4.0 -1.0 0.0 -4.0 -3.0 -3.0 0.0 -4.0 
-1.0 -1.0 0.0 -4.0 -4.0 -4.0 0.0 -3.0 -3.0 0.0 -1.0 0.0 -1.0 -2.0 -3.0 -4.0 -3.0 -1.0 -4.0 -4.0 -4.0 -3.0 -2.0 -4.0 0.0 -3.0 -3.0 0.0 -1.0 -1.0 -2.0 -1.0 0.0 0.0 -4.0 -4.0 -2.0 0.0 -1.0 -1.0 -1.0 -1.0 -1.0 223.0 -1.0 -2.0 -2.0 0.0 -4.0 0.0 -4.0 -2.0 -4.0 -3.0 -1.0 0.0 -1.0 -2.0 -1.0 -3.0 -4.0 -3.0 -3.0 0.0 0.0 -4.0 -2.0 -4.0 -2.0 -2.0 -2.0 -1.0 -1.0 -2.0 -3.0 -2.0 -2.0 -4.0 -4.0 0.0 -4.0 -2.0 0.0 0.0 -1.0 -1.0 -2.0 -1.0 -4.0 -3.0 -2.0 -2.0 -3.0 0.0 0.0 -1.0 -2.0 -2.0 -4.0 0.0 -3.0 -3.0 -4.0 -3.0 0.0 0.0 -2.0 0.0 -3.0 -3.0 0.0 -2.0 -3.0 -2.0 -4.0 
-1.0 0.0 -3.0 -1.0 -2.0 -3.0 -4.0 0.0 -4.0 -4.0 -2.0 -3.0 -2.0 0.0 -1.0 -2.0 0.0 -1.0 0.0 -2.0 -1.0 -3.0 -2.0 -3.0 -2.0 -1.0 -1.0 -1.0 -2.0 0.0 -4.0 -1.0 -2.0 -3.0 -1.0 -2.0 -2.0 0.0 0.0 -4.0 -3.0 -2.0 -3.0 -3.0 218.0 -3.0 -2.0 -2.0 -1.0 -2.0 -3.0 -1.0 -2.0 -3.0 0.0 -1.0 -4.0 0.0 -1.0 -3.0 -3.0 0.0 -2.0 -4.0 -3.0 -1.0 -3.0 -3.0 -1.0 -4.0 -3.0 -4.0 -2.0 0.0 0.0 -3.0 -3.0 -4.0 0.0 -2.0 -3.0 -2.0 -1.0 -3.0 -3.0 -2.0 -2.0 -3.0 -3.0 -1.0 0.0 -2.0 -2.0 -1.0 0.0 -1.0 -2.0 -1.0 -3.0 -1.0 -2.0 0.0 -4.0 -2.0 -3.0 -1.0 0.0 -4.0 -1.0 -3.0 -3.0 0.0 0.0 -3.0 -2.0 
-1.0 -2.0 -2.0 -3.0 -3.0 -1.0 -4.0 -4.0 -4.0 -3.0 -2.0 -1.0 0.0 -3.0 0.0 -2.0 -1.0 -3.0 -3.0 -4.0 -1.0 0.0 -1.0 -4.0 -4.0 0.0 -2.0 -2.0 -3.0 -3.0 -4.0 0.0 0.0 -3.0 -4.0 0.0 0.0 -1.0 -2.0 -1.0 -3.0 -2.0 -2.0 -4.0 0.0 234.0 -2.0 -3.0 -2.0 0.0 -2.0 0.0 0.0 -2.0 -3.0 0.0 -3.0 -4.0 0.0 -4.0 -1.0 0.0 -4.0 -3.0 -2.0 -3.0 -3.0 0.0 -1.0 -2.0 -3.0 -3.0 -4.0 0.0 -1.0 -3.0 0.0 -4.0 0.0 -3.0 -2.0 -2.0 -3.0 0.0 -3.0 -1.0 -2.0 -4.0 -3.0 -4.0 0.0 -2.0 0.0 -3.0 -1.0 -2.0 -1.0 -3.0 -3.0 -3.0 -1.0 -3.0 -3.0 0.0 -2.0 -3.0 -1.0 -2.0 -4.0 -2.0 -4.0 -2.0 -2.0 -3.0 -3.0 
-1.0 -4.0 -2.0 -4.0 -2.0 -2.0 -2.0 -3.0 0.0 0.0 0.0 -3.0 -2.0 -3.0 -3.0 -1.0 -2.0 0.0 -1.0 -2.0 -4.0 0.0 -4.0 0.0 -4.0 0.0 -1.0 -3.0 -4.0 -1.0 -2.0 -1.0 -4.0 -1.0 -4.0 0.0 -3.0 -3.0 -4.0 -3.0 -1.0 -1.0 -3.0 -1.0 -3.0 -2.0 236.0 0.0 -2.0 -1.0 -3.0 -1.0 -4.0 -2.0 0.0 -2.0 0.0 -2.0 -2.0 -4.0 -3.0 -2.0 -4.0 0.0 -4.0 -2.0 -4.0 -1.0 -2.0 -2.0 0.0 -4.0 -2.0 -1.0 -3.0 -3.0 -3.0 -4.0 -1.0 -1.0 -2.0 -2.0 -2.0 -2.0 -4.0 0.0 -3.0 -2.0 -4.0 -2.0 -4.0 -1.0 -1.0 -1.0 -2.0 -3.0 -4.0 0.0 -1.0 -1.0 -4.0 -2.0 0.0 -3.0 -2.0 -2.0 -4.0 -1.0 -4.0 -2.0 0.0 -2.0 -2.0 -3.0 -1.0 
-4.0 -3.0 -3.0 -2.0 -2.0 -3.0 -4.0 -2.0 0.0 -4.0 -4.0 -3.0 0.0 -2.0 -1.0 -4.0 -2.0 -2.0 -3.0 -3.0 -3.0 -2.0 -2.0 -2.0 -3.0 0.0 -3.0 0.0 -4.0 -4.0 0.0 0.0 -3.0 -4.0 -3.0 -3.0 -4.0 0.0 0.0 -3.0 -3.0 -3.0 -4.0 0.0 -4.0 -1.0 -1.0 248.0 -1.0 -1.0 -3.0 0.0 -3.0 -3.0 -1.0 -3.0 -3.0 -2.0 -3.0 -2.0 -4.0 -4.0 -1.0 -2.0 -1.0 0.0 0.0 -1.0 -3.0 -1.0 -3.0 -4.0 -4.0 -1.0 -3.0 -2.0 -3.0 -4.0 -1.0 -1.0 -3.0 -1.0 0.0 -4.0 -4.0 -2.0 0.0 -3.0 -4.0 0.0 -2.0 -1.0 -3.0 -1.0 -4.0 -3.0 -1.0 -1.0 -3.0 -4.0 -4.0 -2.0 0.0 0.0 -3.0 0.0 -2.0 -1.0 -4.0 -1.0 -2.0 -3.0 -2.0 -2.0 0.0 
-3.0 0.0 0.0 0.0 -2.0 -1.0 -1.0 -4.0 -1.0 -2.0 -1.0 -1.0 0.0 -3.0 -4.0 -2.0 -4.0 -2.0 0.0 -3.0 -4.0 0.0 -1.0 -3.0 -1.0 -4.0 0.0 -2.0 -3.0 -4.0 -2.0 0.0 -3.0 -2.0 -1.0 -3.0 -3.0 -1.0 -1.0 0.0 -1.0 0.0 -4.0 0.0 -1.0 -3.0 -2.0 -1.0 210.0 -4.0 -2.0 -3.0 -4.0 0.0 -2.0 0.0 -4.0 -3.0 -1.0 -3.0 -1.0 -4.0 0.0 0.0 -1.0 -2.0 0.0 0.0 -1.0 0.0 -3.0 -4.0 -3.0 -1.0 -1.0 -2.0 -2.0 -3.0 0.0 -2.0 -1.0 -4.0 0.0 -4.0 -2.0 -4.0 0.0 0.0 0.0 -4.0 -4.0 -2.0 -1.0 -1.0 -3.0 0.0 -1.0 -3.0 -3.0 -2.0 -1.0 -3.0 0.0 -2.0 -1.0 -2.0 0.0 -3.0 -3.0 -3.0 -4.0 -2.0 -2.0 -3.0 -2.0 
-2.0 -3.0 -1.0 -3.0 0.0 0.0 -2.0 -2.0 -3.0 0.0 -2.0 -4.0 -2.0 -1.0 -3.0 -1.0 0.0 0.0 -1.0 -1.0 -4.0 -1.0 0.0 -1.0 -4.0 -1.0 -2.0 -3.0 -3.0 0.0 -4.0 -3.0 -4.0 -2.0 -2.0 -4.0 -2.0 0.0 -4.0 -4.0 -3.0 0.0 -3.0 -3.0 0.0 -3.0 -1.0 0.0 -1.0 238.0 -4.0 -3.0 -2.0 -3.0 -4.0 -1.0 -4.0 -3.0 -3.0 0.0 0.0 -4.0 -4.0 -4.0 -2.0 -4.0 -2.0 -4.0 -4.0 0.0 -4.0 -4.0 -2.0 -4.0 -3.0 -3.0 -4.0 0.0 0.0 0.0 0.0 -2.0 -1.0 -1.0 -3.0 -3.0 -3.0 -3.0 -2.0 -3.0 -2.0 -1.0 0.0 -3.0 -2.0 -4.0 -1.0 -2.0 -1.0 -3.0 -3.0 -4.0 0.0 -3.0 -1.0 0.0 -1.0 -2.0 0.0 -4.0 0.0 -4.0 -2.0 0.0 -2.0 
0.0 -2.0 -1.0 -4.0 -4.0 -1.0 -4.0 -3.0 -4.0 -1.0 -3.0 -3.0 -4.0 -1.0 -2.0 -3.0 0.0 -2.0 -2.0 -1.0 -4.0 -2.0 -1.0 -1.0 -4.0 -1.0 -2.0 -3.0 -1.0 -4.0 -3.0 0.0 0.0 -1.0 -2.0 -4.0 -1.0 0.0 -1.0 0.0 0.0 -2.0 -4.0 -3.0 -1.0 0.0 0.0 -2.0 0.0 -1.0 204.0 -2.0 -2.0 -1.0 -2.0 -4.0 -4.0 0.0 -2.0 -1.0 -3.0 -1.0 -1.0 0.0 0.0 -2.0 0.0 -2.0 -1.0 -1.0 -2.0 -1.0 -1.0 -4.0 -1.0 -2.0 0.0 -3.0 0.0 -3.0 -2.0 -1.0 -3.0 0.0 -3.0 -1.0 -2.0 -3.0 -3.0 -2.0 0.0 -4.0 -1.0 0.0 -2.0 -4.0 -4.0 -1.0 -1.0 -4.0 -3.0 0.0 -3.0 -2.0 -2.0 0.0 -2.0 -1.0 0.0 -1.0 -1.0 -1.0 0.0 -4.0 -4.0 
-1.0 -4.0 -3.0 -2.0 -2.0 -2.0 -3.0 -1.0 -4.0 0.0 -2.0 -4.0 -1.0 -2.0 0.0 -3.0 -1.0 -3.0 -2.0 -3.0 -3.0 -4.0 -2.0 0.0 0.0 -3.0 -4.0 -1.0 -4.0 -3.0 -3.0 -2.0 -1.0 0.0 -2.0 -2.0 -2.0 -1.0 -1.0 -4.0 -1.0 0.0 -1.0 -1.0 0.0 -2.0 -4.0 -1.0 -1.0 -4.0 -3.0 230.0 -3.0 -3.0 -4.0 -3.0 -3.0 -4.0 -2.0 -3.0 0.0 -3.0 -3.0 0.0 -4.0 -2.0 -4.0 -1.0 -1.0 -1.0 -3.0 -2.0 -3.0 -3.0 0.0 -1.0 -4.0 -2.0 -1.0 -4.0 -3.0 -1.0 -1.0 -4.0 -3.0 0.0 -2.0 -2.0 -1.0 -1.0 -2.0 -2.0 0.0 -1.0 0.0 0.0 -1.0 0.0 -1.0 -4.0 -4.0 -3.0 -3.0 -3.0 0.0 0.0 -4.0 -1.0 -2.0 -1.0 -1.0 0.0 -4.0 -1.0 -4.0 
-3.0 -2.0 -3.0 -2.0 -1.0 -4.0 -1.0 -2.0 -1.0 -1.0 0.0 -3.0 -1.0 -1.0 -1.0 0.0 -4.0 0.0 -4.0 -4.0 0.0 0.0 -4.0 -4.0 0.0 -4.0 -1.0 -4.0 -4.0 -4.0 0.0 -1.0 0.0 -3.0 0.0 -3.0 -2.0 -3.0 -1.0 -4.0 -2.0 -1.0 -4.0 -2.0 -1.0 -2.0 -2.0 -3.0 0.0 -2.0 -1.0 -2.0 217.0 -3.0 -4.0 -2.0 0.0 -3.0 -4.0 0.0 -4.0 -3.0 -2.0 0.0 -3.0 -4.0 -2.0 0.0 -4.0 -1.0 -4.0 -2.0 -4.0 -4.0 -4.0 0.0 -2.0 0.0 0.0 -2.0 0.0 -1.0 0.0 -3.0 -1.0 -2.0 -1.0 -3.0 0.0 -2.0 0.0 -1.0 -4.0 0.0 -2.0 0.0 -1.0 -3.0 -1.0 0.0 0.0 -1.0 -3.0 -4.0 -3.0 -1.0 0.0 -4.0 0.0 0.0 0.0 -3.0 -2.0 -4.0 -4.0 
-3.0 -3.0 -3.0 -4.0 -2.0 -3.0 -3.0 -2.0 -4.0 -3.0 -3.0 -2.0 -2.0 -2.0 -2.0 -2.0 0.0 -3.0 -2.0 -3.0 -3.0 -1.0 -4.0 -2.0 -4.0 -2.0 -3.0 -3.0 -4.0 -3.0 -3.0 -2.0 -4.0 -1.0 -3.0 -1.0 -2.0 0.0 -3.0 0.0 -3.0 -3.0 -1.0 -3.0 -2.0 -2.0 0.0 -1.0 -4.0 -4.0 -2.0 -1.0 -4.0 263.0 -4.0 -4.0 0.0 0.0 -3.0 -2.0 -2.0 -2.0 -1.0 -2.0 -1.0 -4.0 -4.0 -4.0 -3.0 -3.0 -3.0 -2.0 -3.0 -4.0 -4.0 -4.0 0.0 -3.0 -2.0 -2.0 -4.0 -1.0 -3.0 -2.0 -3.0 0.0 -1.0 -2.0 -3.0 -1.0 -3.0 -3.0 0.0 0.0 -4.0 0.0 0.0 -3.0 -4.0 -3.0 -4.0 0.0 -3.0 -2.0 -3.0 -1.0 0.0 -1.0 -4.0 -3.0 0.0 -1.0 -2.0 -2.0 -2.0 
-3.0 -1.0 -3.0 -3.0 -3.0 -3.0 -2.0 -4.0 0.0 -1.0 -3.0 -2.0 0.0 -2.0 -2.0 -3.0 -4.0 0.0 -4.0 0.0 -1.0 -2.0 -3.0 -1.0 -2.0 0.0 -2.0 -3.0 0.0 -2.0 -3.0 -3.0 -4.0 -2.0 0.0 -4.0 0.0 0.0 -4.0 -1.0 -1.0 -2.0 -1.0 0.0 -4.0 -3.0 -3.0 -4.0 -3.0 -4.0 -1.0 -2.0 -2.0 -1.0 237.0 -2.0 0.0 -3.0 -3.0 0.0 0.0 -4.0 -1.0 -2.0 -3.0 -3.0 -2.0 -3.0 0.0 -4.0 0.0 -2.0 -4.0 -4.0 -3.0 -2.0 -1.0 -4.0 -3.0 -4.0 0.0 -3.0 0.0 -1.0 -3.0 -4.0 -3.0 -3.0 -2.0 0.0 -2.0 -4.0 -3.0 -4.0 -1.0 -2.0 0.0 -4.0 0.0 -2.0 -2.0 -3.0 -4.0 0.0 0.0 -1.0 0.0 -3.0 -3.0 -4.0 -3.0 0.0 -4.0 -1.0 0.0 
-1.0 -3.0 -3.0 -1.0 -2.0 -2.0 0.0 -2.0 -1.0 -1.0 -1.0 -3.0 0.0 0.0 -3.0 -2.0 0.0 0.0 -1.0 -1.0 -4.0 -3.0 -1.0 0.0 -4.0 -1.0 -3.0 -2.0 0.0 0.0 -4.0 -3.0 -4.0 -2.0 -4.0 0.0 -3.0 -1.0 -4.0 -2.0 -1.0 -4.0 -1.0 -2.0 -1.0 -1.0 0.0 0.0 -2.0 -3.0 -3.0 -1.0 -3.0 -1.0 -4.0 232.0 -3.0 -2.0 0.0 -4.0 -4.0 -4.0 0.0 -1.0 -4.0 0.0 -3.0 -3.0 -2.0 -4.0 -1.0 -2.0 -1.0 -4.0 -2.0 -4.0 -3.0 -3.0 0.0 -3.0 0.0 -1.0 -1.0 -4.0 -3.0 -4.0 -3.0 0.0 -2.0 0.0 -2.0 -4.0 -4.0 -2.0 -4.0 -3.0 -2.0 0.0 -4.0 -1.0 0.0 0.0 -4.0 -2.0 -2.0 -3.0 -1.0 -4.0 -3.0 0.0 0.0 -2.0 -3.0 -4.0 -4.0 
0.0 0.0 -3.0 0.0 0.0 -2.0 -2.0 -2.0 0.0 -3.0 -1.0 -3.0 -3.0 -4.0 -3.0 -3.0 -3.0 -1.0 -4.0 0.0 -3.0 -2.0 -2.0 -4.0 -1.0 0.0 -3.0 0.0 -1.0 -4.0 -1.0 -3.0 -2.0 -2.0 -3.0 -4.0 -4.0 0.0 -2.0 -3.0 -1.0 -2.0 0.0 -1.0 -3.0 -1.0 -1.0 -3.0 -2.0 -4.0 -1.0 0.0 0.0 -1.0 -2.0 0.0 217.0 -1.0 0.0 -1.0 -1.0 -4.0 -2.0 -4.0 0.0 -3.0 -2.0 -1.0 -3.0 -4.0 -2.0 0.0 -4.0 0.0 -4.0 -1.0 -4.0 -4.0 -3.0 -4.0 -4.0 -4.0 0.0 -1.0 -2.0 0.0 -2.0 -4.0 -1.0 -4.0 -1.0 -1.0 0.0 -3.0 0.0 -2.0 0.0 -2.0 0.0 -2.0 -2.0 0.0 -2.0 -1.0 -3.0 -1.0 -3.0 -3.0 -1.0 -4.0 -1.0 -3.0 -3.0 0.0 -2.0 
-3.0 -3.0 -1.0 -1.0 0.0 -4.0 -3.0 -4.0 -3.0 -4.0 -2.0 0.0 0.0 -4.0 0.0 -1.0 -1.0 -3.0 -1.0 -1.0 -4.0 -2.0 -4.0 -1.0 -2.0 0.0 0.0 -1.0 -3.0 -4.0 -4.0 -1.0 -3.0 -2.0 0.0 -4.0 0.0 -1.0 0.0 -4.0 0.0 -1.0 -1.0 -2.0 -3.0 -2.0 -2.0 -2.0 -4.0 -4.0 -1.0 -1.0 -3.0 0.0 -3.0 -3.0 -2.0 225.0 -3.0 -4.0 0.0 -4.0 0.0 -4.0 -1.0 -1.0 -2.0 0.0 -4.0 -3.0 -4.0 -1.0 -2.0 0.0 0.0 0.0 -3.0 -1.0 -2.0 -4.0 -3.0 -3.0 -2.0 -2.0 -2.0 -2.0 0.0 -3.0 -2.0 -1.0 -2.0 -2.0 -1.0 -2.0 -3.0 -2.0 0.0 -2.0 -4.0 -3.0 -4.0 -1.0 -2.0 -1.0 -1.0 -1.0 0.0 -3.0 -1.0 0.0 -3.0 -4.0 -3.0 -4.0 0.0 
-2.0 -1.0 0.0 -3.0 -1.0 -4.0 -1.0 -2.0 -3.0 -1.0 -3.0 -4.0 -1.0 -4.0 -1.0 -1.0 -3.0 0.0 -2.0 -4.0 -2.0 -3.0 -2.0 -3.0 -3.0 -1.0 0.0 -1.0 -3.0 -1.0 -1.0 -3.0 -1.0 -2.0 -1.0 -1.0 -2.0 -1.0 -4.0 -2.0 -2.0 -1.0 -2.0 -3.0 -1.0 0.0 -4.0 -3.0 -1.0 0.0 -2.0 -4.0 0.0 -2.0 -4.0 0.0 -3.0 -3.0 233.0 -1.0 -4.0 -2.0 -4.0 -2.0 -2.0 -4.0 -1.0 -4.0 -1.0 -3.0 -1.0 -1.0 -2.0 -3.0 -2.0 -1.0 -1.0 -3.0 -3.0 -4.0 -1.0 -2.0 -2.0 -1.0 0.0 -4.0 -4.0 -4.0 -4.0 0.0 -4.0 -1.0 -4.0 -3.0 -3.0 -1.0 -4.0 -3.0 -1.0 -4.0 -1.0 0.0 0.0 0.0 0.0 -3.0 0.0 -1.0 -2.0 -4.0 -2.0 -3.0 -2.0 -1.0 -2.0 
-4.0 -4.0 -3.0 -1.0 -4.0 -4.0 -3.0 -3.0 -4.0 -2.0 -1.0 -2.0 -2.0 -2.0 -4.0 0.0 -2.0 -3.0 -2.0 -1.0 -2.0 0.0 -4.0 -3.0 -4.0 -1.0 -4.0 0.0 -3.0 -4.0 -1.0 -4.0 0.0 -3.0 -4.0 0.0 -4.0 -1.0 -2.0 -3.0 -3.0 -3.0 -1.0 -1.0 -1.0 0.0 0.0 -1.0 -1.0 0.0 -3.0 -1.0 -4.0 -2.0 -3.0 0.0 0.0 -2.0 -1.0 237.0 -4.0 0.0 -1.0 -2.0 -4.0 -3.0 -2.0 -2.0 0.0 -2.0 -3.0 -2.0 -3.0 -4.0 -2.0 -1.0 -3.0 -1.0 -1.0 -4.0 -3.0 0.0 -2.0 -1.0 -4.0 -1.0 0.0 -2.0 -2.0 -3.0 -2.0 0.0 -2.0 -1.0 -3.0 -4.0 -1.0 -2.0 -4.0 0.0 -4.0 -3.0 -1.0 -2.0 -1.0 0.0 -4.0 -3.0 -1.0 -4.0 -1.0 -2.0 0.0 -3.0 -2.0 
0.0 -2.0 -1.0 0.0 -3.0 -1.0 -2.0 -1.0 -4.0 -2.0 -2.0 -3.0 -3.0 -4.0 -4.0 0.0 -3.0 -4.0 -2.0 -3.0 -1.0 -2.0 -1.0 -4.0 -3.0 -3.0 0.0 0.0 0.0 -3.0 0.0 -3.0 -2.0 -2.0 -1.0 0.0 -1.0 0.0 -3.0 -1.0 -2.0 -2.0 -2.0 -2.0 -2.0 -3.0 -3.0 -1.0 -4.0 -1.0 -2.0 -3.0 0.0 -2.0 -2.0 -1.0 -4.0 -1.0 -1.0 -1.0 228.0 -1.0 -2.0 -3.0 -3.0 -3.0 -2.0 -3.0 -4.0 0.0 0.0 -4.0 -4.0 -2.0 -1.0 -2.0 0.0 -4.0 -1.0 -2.0 0.0 -2.0 -4.0 -3.0 -4.0 -2.0 0.0 -1.0 0.0 -4.0 -3.0 -2.0 -2.0 -4.0 -2.0 -4.0 -3.0 -4.0 -1.0 -1.0 -1.0 -1.0 -4.0 -1.0 -3.0 -1.0 -3.0 -2.0 -1.0 -3.0 -3.0 0.0 -1.0 0.0 -4.0 
0.0 -2.0 -4.0 -2.0 -2.0 -1.0 -4.0 -2.0 -3.0 -3.0 0.0 0.0 0.0 0.0 -4.0 -3.0 -1.0 -3.0 -2.0 -3.0 -4.0 0.0 0.0 0.0 -4.0 -1.0 -4.0 -1.0 -4.0 -2.0 0.0 -2.0 0.0 -3.0 0.0 -3.0 -2.0 -2.0 0.0 -3.0 -1.0 -1.0 -3.0 -3.0 -2.0 -2.0 -1.0 0.0 -4.0 0.0 -1.0 -2.0 -4.0 -2.0 -3.0 -2.0 -1.0 -3.0 0.0 0.0 -3.0 234.0 -2.0 -3.0 -3.0 -1.0 -3.0 -4.0 -4.0 0.0 -3.0 -2.0 0.0 -3.0 -3.0 -1.0 -1.0 0.0 -3.0 0.0 -4.0 0.0 -1.0 -3.0 0.0 -3.0 -2.0 0.0 -1.0 -3.0 -3.0 -3.0 -4.0 -3.0 -3.0 -3.0 -4.0 -2.0 -4.0 -4.0 -4.0 -2.0 -1.0 -3.0 -1.0 -4.0 -2.0 -4.0 -2.0 -2.0 0.0 -2.0 -4.0 -2.0 -3.0 
-4.0 -4.0 -2.0 -4.0 -2.0 -1.0 -1.0 -1.0 -4.0 -4.0 -1.0 0.0 0.0 -2.0 -4.0 0.0 -1.0 -4.0 0.0 -2.0 -4.0 -1.0 -4.0 -2.0 -3.0 -3.0 -1.0 -3.0 -3.0 -4.0 0.0 -4.0 0.0 -2.0 -1.0 -3.0 -4.0 -1.0 -2.0 -3.0 -2.0 -3.0 -4.0 -3.0 -2.0 -2.0 -3.0 -2.0 -4.0 -1.0 0.0 -3.0 -3.0 -1.0 -4.0 -1.0 -2.0 -2.0 -3.0 0.0 0.0 -3.0 248.0 0.0 -4.0 -2.0 0.0 0.0 -4.0 -4.0 -4.0 -1.0 -4.0 -3.0 -1.0 -2.0 -1.0 -4.0 -4.0 -3.0 -4.0 0.0 -1.0 -2.0 -3.0 0.0 0.0 0.0 -3.0 -3.0 0.0 0.0 -1.0 -3.0 -4.0 0.0 0.0 -2.0 0.0 -2.0 -4.0 -3.0 -3.0 -4.0 0.0 -3.0 -4.0 -2.0 -4.0 0.0 -2.0 -4.0 -3.0 -3.0 -3.0 
-3.0 -3.0 -1.0 -3.0 -2.0 -4.0 -1.0 -1.0 -1.0 -4.0 0.0 -3.0 -4.0 -3.0 -4.0 -3.0 -2.0 0.0 -4.0 -4.0 -2.0 0.0 -2.0 0.0 -3.0 -1.0 0.0 0.0 -4.0 -2.0 -3.0 -2.0 -4.0 -2.0 -4.0 -2.0 -4.0 -1.0 -1.0 0.0 -2.0 -4.0 -3.0 -1.0 0.0 -1.0 -2.0 -4.0 -1.0 -4.0 -2.0 -2.0 0.0 -4.0 0.0 -1.0 -1.0 -4.0 -3.0 -3.0 -1.0 0.0 -2.0 228.0 -4.0 0.0 -4.0 -2.0 -2.0 -1.0 -1.0 -1.0 -3.0 -2.0 -4.0 -4.0 0.0 -2.0 -4.0 -4.0 -4.0 -1.0 -4.0 -4.0 -4.0 -3.0 0.0 -1.0 -4.0 -2.0 0.0 0.0 0.0 0.0 -2.0 0.0 -3.0 -4.0 0.0 -3.0 -1.0 -1.0 -3.0 0.0 -1.0 -4.0 -3.0 0.0 0.0 0.0 0.0 -1.0 -1.0 -3.0 -1.0 
-4.0 -2.0 -1.0 -4.0 -3.0 0.0 -3.0 -2.0 -4.0 -3.0 -3.0 0.0 -4.0 0.0 -4.0 -1.0 0.0 0.0 -4.0 -2.0 -2.0 -4.0 -3.0 -1.0 -3.0 -2.0 -1.0 -3.0 -4.0 -2.0 -3.0 -3.0 -3.0 -3.0 -3.0 -2.0 0.0 -4.0 -2.0 -4.0 0.0 -2.0 -2.0 -2.0 -3.0 -3.0 -2.0 -1.0 -4.0 -1.0 0.0 -4.0 -4.0 -2.0 -2.0 -4.0 -4.0 -1.0 -2.0 -3.0 -1.0 -1.0 -4.0 -3.0 259.0 -2.0 -2.0 0.0 -4.0 -4.0 0.0 -4.0 -2.0 -1.0 -4.0 -1.0 -3.0 -2.0 0.0 -2.0 0.0 -2.0 -3.0 -2.0 -2.0 -1.0 -2.0 0.0 -2.0 -4.0 -4.0 -3.0 -3.0 -3.0 -2.0 -4.0 0.0 -3.0 -3.0 -2.0 -1.0 0.0 -3.0 -2.0 -4.0 -1.0 0.0 -4.0 -1.0 -3.0 -4.0 -1.0 -1.0 -3.0 -4.0 
-4.0 -2.0 -2.0 -4.0 -4.0 -2.0 0.0 0.0 -1.0 -4.0 -4.0 -1.0 -2.0 0.0 -1.0 -1.0 -1.0 -3.0 -4.0 -3.0 -4.0 -4.0 0.0 -2.0 -1.0 -2.0 -1.0 -3.0 0.0 -4.0 -4.0 0.0 -3.0 0.0 -4.0 -1.0 -2.0 -1.0 -2.0 -2.0 -4.0 -1.0 -4.0 -1.0 -3.0 0.0 -4.0 0.0 0.0 0.0 0.0 -4.0 -1.0 -3.0 -1.0 -1.0 -2.0 -2.0 -4.0 -3.0 -2.0 0.0 -4.0 -2.0 -1.0 223.0 -4.0 -2.0 -4.0 -2.0 -4.0 -4.0 -4.0 0.0 0.0 0.0 -1.0 -2.0 -1.0 -1.0 -1.0 0.0 -4.0 -2.0 -1.0 -4.0 -2.0 0.0 -3.0 -3.0 -3.0 -3.0 -2.0 -2.0 0.0 0.0 -1.0 -1.0 -3.0 -3.0 -4.0 0.0 -1.0 -4.0 -1.0 -1.0 -4.0 0.0 0.0 -3.0 -1.0 -2.0 -3.0 -2.0 0.0 
0.0 -4.0 -3.0 -3.0 -3.0 -2.0 -4.0 -2.0 -1.0 -1.0 0.0 0.0 0.0 0.0 -3.0 0.0 -4.0 -1.0 -4.0 -2.0 -4.0 -3.0 0.0 0.0 0.0 -4.0 -3.0 -3.0 -1.0 -1.0 -2.0 -2.0 -1.0 -4.0 -4.0 -3.0 -2.0 0.0 -3.0 0.0 -2.0 -3.0 -3.0 -4.0 -4.0 -3.0 -2.0 -3.0 -1.0 0.0 -1.0 -1.0 -1.0 -2.0 -4.0 -1.0 0.0 -3.0 -1.0 -3.0 -2.0 -2.0 -4.0 -1.0 -4.0 -3.0 223.0 -1.0 -1.0 0.0 -1.0 -2.0 -1.0 -2.0 -3.0 0.0 -3.0 -1.0 -3.0 -1.0 0.0 -3.0 -1.0 -2.0 -3.0 -2.0 -2.0 0.0 0.0 -4.0 -1.0 -2.0 -3.0 -2.0 0.0 -1.0 -4.0 -4.0 -2.0 -1.0 -4.0 -4.0 -4.0 0.0 -2.0 0.0 -3.0 -3.0 -2.0 0.0 -2.0 -3.0 -1.0 0.0 -4.0 
-4.0 0.0 -2.0 0.0 -2.0 -2.0 -2.0 -3.0 -2.0 0.0 -4.0 -2.0 -1.0 0.0 -3.0 0.0 -1.0 -3.0 -1.0 -3.0 -4.0 0.0 -3.0 -4.0 -3.0 0.0 -3.0 -4.0 0.0 -2.0 0.0 -2.0 -4.0 -4.0 -3.0 -2.0 -1.0 -2.0 0.0 -4.0 -2.0 -4.0 0.0 0.0 -1.0 -3.0 -4.0 -3.0 0.0 0.0 -4.0 -2.0 0.0 -1.0 -4.0 -1.0 -4.0 -3.0 -4.0 -4.0 -2.0 0.0 -3.0 -2.0 -3.0 -1.0 -2.0 217.0 0.0 -4.0 -2.0 -2.0 -2.0 -2.0 -1.0 -3.0 -4.0 -1.0 -1.0 -2.0 -2.0 0.0 -1.0 -4.0 -1.0 -4.0 -2.0 -1.0 -2.0 -2.0 0.0 0.0 -2.0 -2.0 -1.0 -1.0 -3.0 -3.0 -1.0 -2.0 -3.0 -3.0 -1.0 -1.0 -1.0 -2.0 0.0 -3.0 0.0 -1.0 0.0 0.0 -3.0 -2.0 -2.0 
-3.0 0.0 -3.0 -2.0 0.0 -2.0 -4.0 -3.0 -3.0 0.0 -1.0 0.0 -4.0 -1.0 -2.0 -1.0 -1.0 -3.0 -1.0 0.0 -3.0 -3.0 0.0 -4.0 0.0 -3.0 -3.0 -4.0 -4.0 -3.0 0.0 -4.0 -2.0 -2.0 -2.0 0.0 -3.0 -2.0 -4.0 -3.0 -3.0 0.0 -3.0 0.0 -3.0 -2.0 -1.0 -1.0 0.0 -4.0 0.0 -4.0 -2.0 -3.0 -4.0 -4.0 -4.0 -1.0 -1.0 0.0 -3.0 -3.0 -4.0 -1.0 -2.0 -2.0 -3.0 -4.0 225.0 -1.0 -2.0 -2.0 -1.0 -2.0 0.0 -4.0 -2.0 -4.0 -2.0 -2.0 0.0 -3.0 0.0 -3.0 -1.0 -2.0 -4.0 0.0 -1.0 -2.0 -2.0 0.0 -2.0 -3.0 0.0 0.0 -2.0 0.0 0.0 -3.0 -1.0 -2.0 -4.0 -1.0 -1.0 0.0 -2.0 -2.0 -1.0 -4.0 -4.0 -1.0 -2.0 -4.0 -1.0 
0.0 -4.0 -2.0 0.0 -4.0 -3.0 -2.0 -4.0 0.0 -2.0 -4.0 -2.0 -2.0 -1.0 0.0 -3.0 -4.0 -3.0 -4.0 -2.0 -3.0 0.0 -1.0 -3.0 -1.0 -4.0 0.0 -4.0 -4.0 -4.0 -2.0 -4.0 -3.0 -3.0 0.0 0.0 -1.0 -3.0 -3.0 -3.0 -3.0 -3.0 -4.0 -1.0 -2.0 -1.0 -3.0 0.0 -2.0 -3.0 -1.0 -1.0 -1.0 -2.0 -3.0 -1.0 0.0 -3.0 -2.0 -3.0 -1.0 0.0 0.0 -1.0 -3.0 -2.0 -4.0 -4.0 -4.0 240.0 -4.0 -3.0 -1.0 -3.0 -2.0 -4.0 -4.0 -4.0 -1.0 0.0 -2.0 -1.0 -2.0 -1.0 -2.0 -4.0 0.0 -1.0 0.0 -1.0 -2.0 -2.0 -3.0 -2.0 -1.0 0.0 0.0 -4.0 -2.0 -4.0 -2.0 -4.0 0.0 -3.0 0.0 -3.0 -4.0 -1.0 0.0 -1.0 -1.0 -3.0 -4.0 0.0 -4.0 
-4.0 0.0 -1.0 0.0 -2.0 -2.0 -2.0 -3.0 0.0 -4.0 -4.0 0.0 -2.0 -3.0 -3.0 -3.0 -2.0 -4.0 -3.0 0.0 -2.0 -4.0 -4.0 0.0 -1.0 -3.0 0.0 -4.0 -4.0 -3.0 -1.0 -3.0 -1.0 -2.0 -4.0 -3.0 -3.0 0.0 -2.0 -4.0 0.0 0.0 -1.0 -1.0 0.0 -1.0 -4.0 -3.0 -4.0 -2.0 -2.0 0.0 -2.0 -3.0 -1.0 -4.0 -3.0 0.0 -3.0 -3.0 -1.0 -3.0 -4.0 -2.0 -1.0 0.0 -4.0 0.0 -2.0 -2.0 240.0 0.0 -1.0 -4.0 -1.0 0.0 -1.0 -3.0 -3.0 -2.0 -2.0 -4.0 -1.0 -4.0 0.0 -2.0 -3.0 -3.0 0.0 -3.0 -4.0 -2.0 -2.0 -4.0 0.0 -3.0 -4.0 -1.0 0.0 -2.0 -3.0 -3.0 -4.0 -3.0 0.0 -2.0 -1.0 -1.0 -3.0 -3.0 -3.0 -3.0 -2.0 -3.0 -1.0 
0.0 -3.0 0.0 -3.0 0.0 -4.0 -3.0 -1.0 -3.0 -2.0 0.0 -2.0 -4.0 -3.0 -2.0 -4.0 -1.0 0.0 -4.0 0.0 -4.0 -3.0 0.0 -2.0 -3.0 -3.0 -2.0 -4.0 -1.0 0.0 -4.0 -2.0 -3.0 -3.0 -3.0 0.0 -4.0 -3.0 -3.0 -1.0 0.0 -4.0 -2.0 -1.0 -3.0 -2.0 -3.0 -3.0 -1.0 -2.0 -4.0 -1.0 -1.0 -3.0 -3.0 -1.0 0.0 -1.0 0.0 -1.0 0.0 -4.0 -3.0 0.0 -4.0 -1.0 -2.0 -1.0 0.0 -4.0 -2.0 233.0 -4.0 -1.0 -2.0 -4.0 -2.0 -3.0 -1.0 -2.0 -3.0 -1.0 -3.0 -4.0 -4.0 -2.0 -2.0 0.0 0.0 -4.0 0.0 0.0 -4.0 -4.0 -1.0 0.0 -3.0 -1.0 0.0 -4.0 -4.0 -2.0 -1.0 -1.0 -1.0 -1.0 -2.0 -3.0 -2.0 -4.0 0.0 -1.0 -4.0 0.0 -4.0 
-3.0 -4.0 -3.0 0.0 -2.0 -3.0 -3.0 0.0 -2.0 -2.0 -2.0 -3.0 -1.0 0.0 -1.0 0.0 0.0 -1.0 -2.0 0.0 -3.0 0.0 0.0 -3.0 -2.0 -2.0 -2.0 -1.0 -1.0 -3.0 0.0 -1.0 0.0 0.0 0.0 0.0 -4.0 -2.0 -3.0 0.0 0.0 -1.0 0.0 -1.0 -1.0 -2.0 -2.0 0.0 -4.0 -1.0 -4.0 -4.0 -4.0 -2.0 -4.0 -3.0 -1.0 -1.0 -1.0 -2.0 -3.0 -1.0 -3.0 0.0 -2.0 -3.0 -1.0 -4.0 -2.0 -3.0 -4.0 -1.0 201.0 -2.0 -1.0 -1.0 -2.0 0.0 -4.0 -1.0 -3.0 -2.0 -4.0 -2.0 -3.0 -4.0 -2.0 -2.0 -1.0 -2.0 -3.0 0.0 -3.0 -1.0 -4.0 -1.0 -4.0 -2.0 -3.0 -1.0 -1.0 0.0 0.0 -2.0 0.0 -3.0 0.0 -2.0 -3.0 -2.0 -3.0 0.0 -1.0 0.0 -2.0 
-1.0 0.0 -4.0 -2.0 -4.0 -1.0 -3.0 -1.0 0.0 -2.0 -4.0 -3.0 -2.0 -2.0 -2.0 -2.0 -4.0 -4.0 -2.0 -1.0 0.0 -2.0 0.0 0.0 -2.0 -2.0 -2.0 -4.0 -4.0 -4.0 -4.0 -1.0 -4.0 -3.0 -3.0 -1.0 -4.0 -2.0 -3.0 -4.0 -2.0 -4.0 -3.0 -3.0 0.0 -1.0 -4.0 -2.0 0.0 -3.0 0.0 -1.0 -2.0 -3.0 0.0 -4.0 -1.0 0.0 -3.0 0.0 -2.0 -3.0 -2.0 -3.0 0.0 0.0 0.0 -2.0 0.0 -4.0 -2.0 -4.0 0.0 234.0 -2.0 -3.0 -3.0 0.0 -3.0 -2.0 -3.0 -4.0 -2.0 -1.0 -3.0 -3.0 -2.0 -2.0 0.0 -2.0 -1.0 -4.0 -1.0 -1.0 -1.0 -4.0 -1.0 0.0 0.0 -1.0 -3.0 -4.0 0.0 -2.0 -3.0 -1.0 0.0 -3.0 -4.0 -3.0 -3.0 -1.0 -2.0 -2.0 -3.0 
-3.0 -3.0 -1.0 0.0 -3.0 -3.0 -3.0 -3.0 -3.0 -3.0 0.0 -1.0 0.0 -3.0 -4.0 -2.0 -4.0 -4.0 -1.0 -2.0 0.0 -2.0 0.0 -4.0 -2.0 -3.0 -4.0 -1.0 -3.0 -3.0 -3.0 -1.0 0.0 -3.0 -2.0 -3.0 -4.0 -1.0 -2.0 0.0 0.0 -1.0 -1.0 -4.0 -4.0 -3.0 -3.0 -4.0 -2.0 0.0 0.0 0.0 -3.0 0.0 0.0 -2.0 -2.0 -4.0 -1.0 -4.0 0.0 -4.0 -3.0 -2.0 0.0 -3.0 -3.0 -4.0 -1.0 -4.0 -2.0 0.0 0.0 -1.0 234.0 -3.0 -2.0 -3.0 -2.0 -4.0 -3.0 -3.0 -3.0 0.0 -2.0 -1.0 0.0 -4.0 0.0 -2.0 -4.0 -2.0 0.0 -4.0 -1.0 0.0 0.0 -2.0 -4.0 -1.0 0.0 -4.0 -1.0 -2.0 -1.0 -4.0 -3.0 -3.0 0.0 -2.0 0.0 -3.0 -3.0 -2.0 -4.0 
-4.0 -4.0 -1.0 -4.0 -1.0 -4.0 -3.0 -4.0 0.0 -2.0 -2.0 -4.0 -3.0 -1.0 0.0 0.0 0.0 -4.0 -2.0 -1.0 -4.0 -3.0 -3.0 -1.0 0.0 -2.0 -1.0 -2.0 -1.0 -3.0 -1.0 -3.0 0.0 -4.0 -4.0 0.0 -2.0 0.0 -4.0 -2.0 -4.0 0.0 -1.0 -3.0 -3.0 0.0 -1.0 -3.0 -2.0 -1.0 -3.0 -4.0 -1.0 -3.0 -2.0 -3.0 -3.0 -1.0 -2.0 -3.0 -3.0 -1.0 -1.0 -3.0 0.0 -2.0 -4.0 -3.0 -1.0 0.0 -2.0 0.0 0.0 -3.0 -3.0 223.0 -1.0 -2.0 -3.0 0.0 -1.0 0.0 -4.0 -3.0 -4.0 -3.0 -3.0 -4.0 0.0 -4.0 0.0 -2.0 -1.0 -2.0 -2.0 -3.0 -1.0 0.0 0.0 -1.0 -4.0 -1.0 -4.0 -1.0 -3.0 -4.0 -1.0 0.0 -3.0 -2.0 -1.0 0.0 -1.0 0.0 -1.0 
-1.0 -3.0 -4.0 -4.0 -3.0 -1.0 -3.0 -3.0 0.0 -1.0 -2.0 -3.0 -4.0 -1.0 -2.0 -2.0 -3.0 -2.0 -2.0 -2.0 0.0 0.0 0.0 -3.0 0.0 0.0 0.0 -1.0 -3.0 -2.0 -3.0 0.0 -4.0 0.0 -1.0 -1.0 -1.0 -4.0 -1.0 -3.0 -4.0 -3.0 0.0 -4.0 -4.0 -1.0 0.0 -2.0 -2.0 -4.0 -1.0 -3.0 -1.0 -2.0 -3.0 0.0 -3.0 -3.0 -2.0 -1.0 -2.0 -2.0 -4.0 -3.0 -1.0 0.0 -4.0 -1.0 0.0 -2.0 0.0 -2.0 -4.0 -3.0 -1.0 -3.0 234.0 -4.0 -4.0 -3.0 -4.0 -2.0 -3.0 0.0 -4.0 -4.0 -3.0 0.0 -1.0 -2.0 -3.0 -3.0 -3.0 0.0 -2.0 0.0 0.0 -2.0 -3.0 -3.0 -1.0 -3.0 -4.0 0.0 -3.0 -3.0 -2.0 -1.0 -2.0 0.0 -2.0 -3.0 -1.0 -4.0 -4.0 
-1.0 -1.0 -1.0 -1.0 0.0 0.0 -4.0 -2.0 -4.0 -2.0 -2.0 -3.0 -2.0 -3.0 -1.0 0.0 0.0 -1.0 -3.0 0.0 -3.0 -2.0 0.0 -2.0 -2.0 -4.0 -3.0 0.0 -2.0 -3.0 -3.0 -1.0 -2.0 -3.0 -1.0 0.0 -2.0 -1.0 -1.0 0.0 -4.0 -4.0 -1.0 0.0 -1.0 -4.0 0.0 -4.0 -1.0 -3.0 -2.0 -3.0 0.0 -4.0 0.0 -1.0 -2.0 0.0 -4.0 -2.0 -3.0 -1.0 -3.0 -2.0 -3.0 -4.0 -4.0 -2.0 -2.0 -3.0 -2.0 -4.0 -4.0 0.0 0.0 -2.0 -1.0 222.0 -1.0 -2.0 -3.0 -2.0 0.0 0.0 -4.0 -2.0 -3.0 -1.0 -2.0 -2.0 -4.0 -1.0 0.0 -2.0 -3.0 0.0 -3.0 0.0 -1.0 -2.0 -1.0 -4.0 -1.0 0.0 -4.0 -4.0 -2.0 -3.0 -4.0 -4.0 -2.0 -3.0 -2.0 0.0 -4.0 
-2.0 -4.0 -1.0 -3.0 -1.0 -4.0 -4.0 -3.0 -4.0 -1.0 -3.0 -1.0 -4.0 -2.0 0.0 -1.0 -3.0 -4.0 -3.0 -1.0 -4.0 0.0 -4.0 -2.0 -2.0 -2.0 0.0 -1.0 -3.0 -4.0 -3.0 -4.0 -4.0 -4.0 -4.0 0.0 -1.0 -3.0 -1.0 -2.0 -2.0 -1.0 0.0 -2.0 -4.0 -4.0 -3.0 -3.0 -3.0 0.0 -4.0 -3.0 -1.0 -1.0 -1.0 -3.0 -3.0 -2.0 -1.0 -2.0 -3.0 -4.0 -3.0 -3.0 -2.0 0.0 0.0 -3.0 -2.0 -2.0 -4.0 -1.0 -2.0 -2.0 -2.0 0.0 0.0 -3.0 239.0 -1.0 -4.0 -3.0 -2.0 0.0 0.0 -2.0 -3.0 -1.0 -2.0 0.0 -3.0 -1.0 -2.0 -3.0 0.0 -3.0 0.0 -2.0 -3.0 -4.0 -3.0 -3.0 0.0 -2.0 -1.0 0.0 0.0 -1.0 -3.0 0.0 -4.0 -3.0 0.0 -3.0 -1.0 
-1.0 0.0 0.0 0.0 -3.0 -2.0 -2.0 -3.0 -2.0 0.0 -2.0 -1.0 -4.0 -2.0 0.0 -2.0 -4.0 -3.0 -4.0 -1.0 -3.0 0.0 -4.0 -4.0 0.0 -3.0 -3.0 -1.0 -1.0 -3.0 0.0 -1.0 -2.0 0.0 0.0 -3.0 -3.0 -1.0 -3.0 -4.0 -2.0 -2.0 -4.0 -3.0 -2.0 -1.0 -3.0 -2.0 0.0 -4.0 0.0 0.0 0.0 -2.0 0.0 -1.0 -2.0 -3.0 -4.0 -3.0 0.0 -3.0 -1.0 -1.0 -2.0 -3.0 -3.0 -1.0 -4.0 -4.0 -4.0 -1.0 -4.0 -4.0 -4.0 -3.0 -1.0 -2.0 -1.0 244.0 0.0 0.0 -2.0 -1.0 -3.0 -4.0 -4.0 -3.0 -4.0 -4.0 -1.0 -3.0 -2.0 -2.0 -3.0 -1.0 -3.0 -3.0 -3.0 -1.0 -4.0 -3.0 -4.0 -4.0 -1.0 -3.0 -4.0 -4.0 -2.0 -3.0 0.0 0.0 -4.0 -1.0 -1.0 
-2.0 -3.0 -1.0 -1.0 -3.0 -2.0 -1.0 0.0 -1.0 -3.0 -2.0 0.0 -3.0 0.0 -1.0 0.0 -1.0 0.0 -1.0 -3.0 -2.0 -1.0 -3.0 0.0 -1.0 -3.0 -3.0 0.0 -3.0 -1.0 -3.0 -2.0 -4.0 -4.0 -2.0 -3.0 -1.0 -4.0 -1.0 -4.0 0.0 0.0 -1.0 -2.0 -2.0 -4.0 -4.0 -1.0 -4.0 -3.0 -3.0 -4.0 -3.0 -3.0 0.0 -3.0 -1.0 0.0 0.0 -3.0 -1.0 -2.0 0.0 -3.0 -4.0 -4.0 -3.0 -2.0 0.0 -3.0 -1.0 -4.0 -2.0 -2.0 -3.0 -4.0 -1.0 0.0 -1.0 -3.0 230.0 0.0 -2.0 0.0 -3.0 -4.0 -4.0 -3.0 -1.0 0.0 -3.0 -2.0 -1.0 0.0 -3.0 -2.0 -3.0 -4.0 -2.0 0.0 -2.0 -2.0 -4.0 0.0 0.0 -3.0 -1.0 -2.0 -4.0 -3.0 -3.0 -4.0 -4.0 -1.0 -3.0 
-3.0 -2.0 -4.0 -2.0 -2.0 -3.0 -4.0 -2.0 -2.0 -4.0 -1.0 -1.0 -2.0 -1.0 -3.0 -1.0 -1.0 -4.0 -4.0 0.0 -3.0 -1.0 -1.0 -4.0 -2.0 -1.0 0.0 -3.0 -4.0 -4.0 0.0 0.0 -3.0 -4.0 -3.0 0.0 -1.0 -3.0 -2.0 0.0 -2.0 -1.0 0.0 -4.0 -2.0 -2.0 -4.0 -4.0 -1.0 0.0 0.0 0.0 -3.0 -3.0 -3.0 -4.0 -1.0 -1.0 -3.0 -1.0 -2.0 -3.0 -4.0 -3.0 -2.0 -1.0 0.0 -3.0 -4.0 -1.0 -3.0 0.0 -3.0 0.0 -4.0 0.0 -3.0 -1.0 -2.0 -2.0 -4.0 228.0 -1.0 -1.0 0.0 -3.0 -1.0 -4.0 0.0 -1.0 0.0 -1.0 -4.0 -3.0 -3.0 -3.0 -1.0 -2.0 0.0 -3.0 -3.0 -1.0 -2.0 -4.0 -4.0 -2.0 0.0 0.0 -1.0 -3.0 0.0 0.0 -1.0 -4.0 -3.0 
-4.0 -2.0 0.0 -1.0 -4.0 0.0 -1.0 -1.0 -3.0 -1.0 -3.0 0.0 -3.0 -1.0 -1.0 -1.0 -1.0 -3.0 -4.0 -3.0 0.0 0.0 -1.0 -1.0 -3.0 0.0 -4.0 -3.0 -3.0 -1.0 -1.0 -2.0 -2.0 -2.0 -3.0 -4.0 0.0 -2.0 -1.0 -1.0 -2.0 0.0 -1.0 -4.0 -3.0 0.0 -4.0 -3.0 -4.0 0.0 -1.0 0.0 0.0 0.0 -2.0 -1.0 -3.0 -3.0 -2.0 -4.0 -1.0 -4.0 -2.0 -3.0 -1.0 -1.0 0.0 -2.0 -1.0 -2.0 0.0 -4.0 -3.0 -1.0 0.0 -4.0 -1.0 -2.0 -1.0 -3.0 -3.0 -3.0 221.0 -1.0 -2.0 -4.0 -1.0 -4.0 -1.0 -3.0 -3.0 -1.0 -3.0 -4.0 -1.0 -4.0 -3.0 -4.0 -2.0 0.0 -1.0 -3.0 -4.0 0.0 -2.0 -3.0 -1.0 -3.0 -1.0 -1.0 -3.0 0.0 0.0 -4.0 -4.0 
-2.0 -2.0 -3.0 0.0 0.0 0.0 -3.0 -2.0 -1.0 -1.0 -4.0 -2.0 -2.0 0.0 0.0 -4.0 -3.0 -3.0 -4.0 -1.0 -2.0 -4.0 -1.0 -3.0 -1.0 -3.0 -3.0 -2.0 -1.0 -2.0 0.0 -4.0 0.0 -1.0 0.0 -1.0 -3.0 -4.0 -2.0 -4.0 -1.0 -1.0 -4.0 0.0 -3.0 -4.0 -2.0 -1.0 -1.0 0.0 -3.0 -3.0 -1.0 -1.0 -4.0 0.0 -3.0 -1.0 -3.0 -1.0 -3.0 -2.0 -1.0 -3.0 0.0 0.0 -1.0 -4.0 -4.0 -4.0 -2.0 -3.0 0.0 0.0 -3.0 0.0 -1.0 0.0 -2.0 0.0 -2.0 -4.0 -1.0 227.0 -2.0 -2.0 -4.0 -3.0 -2.0 -1.0 -4.0 -2.0 -1.0 -4.0 -2.0 0.0 0.0 0.0 -3.0 -4.0 -1.0 -2.0 -4.0 -4.0 -2.0 -1.0 -1.0 0.0 -3.0 -4.0 -4.0 -3.0 -4.0 -2.0 -3.0 
-3.0 0.0 -4.0 -2.0 0.0 -4.0 -2.0 -4.0 -3.0 0.0 -4.0 -2.0 0.0 -4.0 -3.0 -1.0 -1.0 -1.0 -3.0 -3.0 0.0 -4.0 0.0 0.0 -2.0 -2.0 -1.0 -4.0 0.0 -2.0 -4.0 -1.0 -3.0 -3.0 -1.0 -1.0 -3.0 -3.0 -2.0 -1.0 0.0 -1.0 -3.0 -4.0 -4.0 -3.0 0.0 0.0 0.0 -3.0 -2.0 -1.0 -2.0 -3.0 -4.0 -2.0 -4.0 -4.0 -4.0 0.0 -3.0 0.0 -2.0 0.0 0.0 -4.0 -3.0 -1.0 -3.0 -4.0 -4.0 -3.0 0.0 -4.0 0.0 -3.0 0.0 -4.0 -4.0 -3.0 -4.0 -3.0 -4.0 0.0 244.0 0.0 -3.0 -2.0 -2.0 0.0 -2.0 -3.0 0.0 -2.0 -3.0 -2.0 -4.0 -4.0 0.0 -4.0 0.0 -2.0 -1.0 -4.0 -2.0 -4.0 -3.0 -3.0 -4.0 -3.0 0.0 0.0 -3.0 -2.0 -1.0 
-3.0 -3.0 -2.0 -3.0 -4.0 -2.0 -4.0 -3.0 -4.0 -1.0 -1.0 -1.0 -3.0 -1.0 -3.0 -3.0 -4.0 -1.0 0.0 -4.0 0.0 -1.0 -4.0 -3.0 -3.0 -4.0 -4.0 -3.0 -2.0 -2.0 -2.0 -1.0 -2.0 -2.0 -3.0 -4.0 -3.0 -3.0 0.0 -4.0 -1.0 0.0 0.0 -1.0 -2.0 -2.0 -1.0 -3.0 0.0 0.0 -2.0 -1.0 -1.0 -3.0 -4.0 -4.0 -1.0 -3.0 -4.0 -2.0 -1.0 -2.0 -4.0 -4.0 -1.0 -1.0 -4.0 -2.0 -2.0 -4.0 -2.0 -1.0 -1.0 0.0 -3.0 -1.0 -2.0 -3.0 -3.0 -2.0 -4.0 -1.0 -1.0 0.0 0.0 250.0 -4.0 -1.0 0.0 -4.0 0.0 -1.0 -3.0 -2.0 -4.0 -4.0 -1.0 0.0 -4.0 -1.0 -3.0 -4.0 -4.0 -3.0 -3.0 -3.0 -4.0 -2.0 -3.0 0.0 -2.0 -1.0 -1.0 -4.0 0.0 
-2.0 -4.0 -4.0 0.0 0.0 0.0 0.0 -4.0 -2.0 -1.0 -1.0 -2.0 -1.0 -2.0 -1.0 -1.0 -2.0 -4.0 -4.0 -2.0 -4.0 -2.0 -4.0 -3.0 -3.0 -4.0 -3.0 -3.0 -1.0 -1.0 -4.0 -3.0 -3.0 -4.0 -3.0 -1.0 -2.0 0.0 -4.0 -2.0 -4.0 -3.0 -1.0 -3.0 0.0 0.0 -2.0 0.0 0.0 -3.0 -2.0 -2.0 -3.0 -4.0 0.0 -4.0 -1.0 -4.0 -4.0 0.0 -2.0 -1.0 -1.0 0.0 -1.0 -3.0 -1.0 -4.0 -1.0 -3.0 0.0 -2.0 0.0 -1.0 -4.0 -1.0 -4.0 -4.0 -1.0 0.0 0.0 -1.0 -3.0 0.0 -2.0 -4.0 234.0 -3.0 -2.0 0.0 -4.0 -3.0 -4.0 -3.0 -4.0 -1.0 -1.0 -2.0 -3.0 -2.0 -3.0 -2.0 0.0 -3.0 -1.0 -2.0 -4.0 -1.0 -2.0 -1.0 -3.0 -3.0 -1.0 0.0 -1.0 
0.0 -2.0 -4.0 0.0 -1.0 -1.0 0.0 -2.0 0.0 -3.0 0.0 -2.0 0.0 -2.0 -4.0 -4.0 0.0 -1.0 -4.0 -4.0 -1.0 -4.0 -4.0 -2.0 -3.0 -3.0 -2.0 -1.0 0.0 -1.0 -2.0 0.0 -2.0 -2.0 -2.0 -3.0 -1.0 0.0 -3.0 -2.0 -3.0 -3.0 -4.0 -1.0 -3.0 -4.0 -3.0 -1.0 0.0 -2.0 -3.0 -2.0 -3.0 -4.0 -1.0 -4.0 -4.0 0.0 -1.0 -2.0 -2.0 -3.0 -3.0 0.0 -4.0 0.0 -4.0 -4.0 0.0 -4.0 0.0 -3.0 0.0 -2.0 -1.0 -3.0 -4.0 -4.0 -3.0 0.0 -2.0 0.0 -1.0 -2.0 -1.0 -3.0 -1.0 230.0 -4.0 0.0 -3.0 -1.0 -3.0 -4.0 0.0 -2.0 -4.0 0.0 -2.0 -4.0 -1.0 -1.0 -3.0 0.0 0.0 -1.0 -4.0 -2.0 -3.0 -3.0 -3.0 -1.0 -1.0 -3.0 -3.0 
-1.0 -1.0 -3.0 -4.0 0.0 -4.0 -2.0 0.0 -1.0 -1.0 -3.0 -4.0 0.0 -1.0 -2.0 -2.0 -4.0 -2.0 -2.0 0.0 -1.0 -4.0 -4.0 -3.0 -1.0 -3.0 -1.0 -4.0 -1.0 -1.0 -1.0 -3.0 -3.0 -1.0 -3.0 -3.0 -2.0 -2.0 0.0 0.0 -3.0 -4.0 -1.0 0.0 -1.0 -4.0 -2.0 -1.0 -3.0 -3.0 -4.0 -1.0 -2.0 -1.0 -1.0 0.0 -1.0 -2.0 0.0 -4.0 -3.0 0.0 -2.0 0.0 -3.0 0.0 -3.0 -2.0 -4.0 0.0 0.0 -4.0 0.0 -2.0 -4.0 -1.0 -1.0 -2.0 -2.0 0.0 -2.0 -3.0 -3.0 -1.0 -2.0 -4.0 -1.0 -4.0 217.0 -2.0 -2.0 -4.0 -4.0 0.0 -1.0 0.0 -4.0 -3.0 -2.0 0.0 -1.0 0.0 -2.0 -2.0 -4.0 -3.0 0.0 0.0 -2.0 -2.0 -2.0 -1.0 -2.0 -4.0 -1.0 
-3.0 -4.0 -3.0 -2.0 -2.0 0.0 -3.0 -2.0 -4.0 -1.0 -1.0 -4.0 -3.0 -1.0 0.0 -4.0 -1.0 -4.0 -1.0 -1.0 -2.0 -3.0 -3.0 -3.0 -2.0 -1.0 -3.0 -1.0 -3.0 -1.0 -4.0 -2.0 -4.0 0.0 -2.0 0.0 -2.0 -2.0 -1.0 -1.0 -1.0 -4.0 -2.0 -4.0 -4.0 0.0 -4.0 -4.0 -4.0 0.0 -4.0 -3.0 -4.0 -3.0 -3.0 0.0 -3.0 -1.0 -2.0 -3.0 0.0 -2.0 0.0 0.0 0.0 -4.0 -2.0 -1.0 -2.0 -4.0 -4.0 -4.0 -2.0 -2.0 -3.0 -4.0 0.0 -3.0 -3.0 -4.0 -1.0 -4.0 -2.0 -2.0 -3.0 -2.0 -3.0 -1.0 -2.0 237.0 -1.0 0.0 -2.0 0.0 0.0 -1.0 -4.0 -2.0 0.0 -1.0 -1.0 -2.0 -2.0 -1.0 -1.0 -1.0 0.0 -2.0 -1.0 -3.0 -2.0 -4.0 0.0 -1.0 -4.0 
0.0 -2.0 0.0 0.0 -4.0 -4.0 0.0 -4.0 0.0 -4.0 -4.0 -3.0 -3.0 -3.0 -2.0 0.0 -4.0 -4.0 -3.0 -4.0 0.0 -2.0 -4.0 -4.0 -4.0 0.0 -4.0 -3.0 -3.0 0.0 0.0 -2.0 0.0 -3.0 -4.0 -3.0 0.0 -1.0 0.0 0.0 -3.0 -4.0 -4.0 -4.0 -3.0 -3.0 0.0 0.0 -1.0 -1.0 0.0 -2.0 -3.0 -1.0 -3.0 -4.0 -1.0 -3.0 -2.0 -4.0 -3.0 -2.0 -4.0 -1.0 -4.0 -1.0 -4.0 -2.0 -1.0 -4.0 -1.0 -4.0 -3.0 -2.0 0.0 -4.0 -2.0 -3.0 -4.0 -3.0 -3.0 -2.0 -3.0 -1.0 0.0 0.0 0.0 -1.0 -4.0 0.0 247.0 0.0 -4.0 -3.0 -4.0 -1.0 -2.0 -1.0 -4.0 -4.0 0.0 -1.0 -3.0 -4.0 -3.0 -2.0 -1.0 -1.0 -1.0 -1.0 -4.0 -1.0 -1.0 -1.0 -3.0 
-3.0 -3.0 -2.0 -2.0 0.0 -4.0 -1.0 -2.0 0.0 -1.0 -4.0 -4.0 -1.0 -2.0 -1.0 -2.0 -2.0 -1.0 -2.0 -2.0 -2.0 0.0 0.0 0.0 -1.0 -4.0 -3.0 -1.0 -4.0 -3.0 -4.0 -2.0 -4.0 -1.0 0.0 -4.0 -3.0 -2.0 0.0 -4.0 -2.0 -4.0 -3.0 -3.0 0.0 -3.0 -4.0 -1.0 -4.0 -3.0 -4.0 -2.0 -1.0 -1.0 0.0 -1.0 -2.0 -1.0 -2.0 -3.0 -4.0 -1.0 -4.0 -4.0 -4.0 -4.0 -4.0 -3.0 -2.0 -2.0 -2.0 -3.0 -2.0 0.0 0.0 -1.0 -2.0 0.0 0.0 -3.0 -2.0 -3.0 -3.0 -4.0 -1.0 -2.0 -3.0 -3.0 -2.0 -3.0 -1.0 233.0 -4.0 -2.0 -1.0 -3.0 -2.0 0.0 -4.0 -1.0 -1.0 0.0 -1.0 0.0 -1.0 0.0 -2.0 -2.0 0.0 -2.0 -4.0 -1.0 -1.0 -3.0 -1.0 
-1.0 -2.0 -4.0 -3.0 -2.0 -1.0 0.0 0.0 -2.0 -1.0 -4.0 -4.0 -1.0 -2.0 -4.0 -2.0 -2.0 -3.0 -3.0 -2.0 0.0 -3.0 -1.0 -4.0 -2.0 -4.0 -1.0 0.0 -1.0 0.0 -4.0 -3.0 -3.0 0.0 0.0 -2.0 -1.0 -4.0 -3.0 0.0 -2.0 0.0 -2.0 0.0 -2.0 -3.0 -2.0 -2.0 0.0 -1.0 -4.0 -3.0 -4.0 -1.0 -4.0 -3.0 -4.0 -3.0 -3.0 -2.0 -1.0 -2.0 0.0 -1.0 0.0 -4.0 -1.0 0.0 -2.0 0.0 -4.0 -3.0 -3.0 0.0 -4.0 -1.0 -3.0 0.0 -1.0 -4.0 0.0 -3.0 0.0 0.0 0.0 0.0 -1.0 -2.0 -4.0 -4.0 -1.0 -1.0 233.0 -4.0 -3.0 -1.0 -4.0 -3.0 -4.0 -4.0 -4.0 -1.0 -4.0 -2.0 -1.0 -3.0 -2.0 -3.0 -3.0 -1.0 -3.0 0.0 -4.0 -4.0 -1.0 
0.0 -4.0 -3.0 0.0 -4.0 -4.0 -1.0 -2.0 -4.0 -4.0 -4.0 -1.0 -2.0 -3.0 -4.0 0.0 -3.0 -4.0 -2.0 -4.0 -2.0 -3.0 -3.0 -4.0 -4.0 -3.0 -3.0 -2.0 -4.0 -3.0 0.0 0.0 0.0 -4.0 -2.0 -1.0 -3.0 -3.0 0.0 0.0 -2.0 0.0 0.0 -2.0 -1.0 -2.0 -1.0 -3.0 0.0 -4.0 -1.0 -2.0 -1.0 0.0 -3.0 -1.0 -1.0 -1.0 -4.0 -2.0 -1.0 -4.0 -4.0 -1.0 -2.0 -2.0 -3.0 -2.0 -3.0 -1.0 0.0 -4.0 0.0 -2.0 -1.0 0.0 -2.0 -4.0 -1.0 -3.0 -1.0 -2.0 -3.0 -3.0 -4.0 -4.0 -4.0 -1.0 -1.0 -3.0 -2.0 -2.0 -4.0 237.0 -2.0 0.0 -1.0 -4.0 -1.0 -4.0 -3.0 -3.0 -2.0 0.0 0.0 -3.0 -3.0 0.0 -1.0 -1.0 0.0 0.0 -2.0 -3.0 -2.0 
-4.0 -1.0 -4.0 -2.0 -3.0 -3.0 0.0 -3.0 -4.0 -3.0 -3.0 0.0 -3.0 -4.0 0.0 -1.0 -1.0 -4.0 -4.0 -4.0 0.0 -1.0 -3.0 -4.0 -1.0 -4.0 -1.0 -4.0 -4.0 -1.0 -1.0 -1.0 0.0 -3.0 -4.0 0.0 -4.0 -3.0 -4.0 -3.0 -3.0 -3.0 0.0 0.0 -3.0 -1.0 -2.0 0.0 -3.0 -2.0 -4.0 -1.0 -3.0 -1.0 -1.0 -2.0 0.0 -1.0 -2.0 -1.0 -4.0 -4.0 -1.0 0.0 0.0 -3.0 -4.0 -3.0 -4.0 -3.0 -4.0 -2.0 -4.0 -4.0 0.0 -1.0 -1.0 -3.0 -3.0 -4.0 0.0 -4.0 -2.0 -2.0 -3.0 -2.0 -3.0 -1.0 -4.0 -2.0 -2.0 -3.0 -1.0 -2.0 246.0 -1.0 -1.0 -1.0 -1.0 -2.0 -2.0 -1.0 0.0 -3.0 -3.0 -3.0 -2.0 0.0 -2.0 0.0 -2.0 -2.0 0.0 -4.0 -3.0 
-4.0 -3.0 -3.0 -3.0 0.0 -1.0 -1.0 -2.0 -3.0 -1.0 -4.0 -1.0 -1.0 0.0 -3.0 -1.0 0.0 -1.0 -1.0 0.0 -2.0 -2.0 -2.0 -3.0 -2.0 0.0 -3.0 -2.0 -4.0 -4.0 0.0 0.0 -2.0 -4.0 -4.0 -3.0 -3.0 -1.0 0.0 -1.0 -2.0 -4.0 -1.0 0.0 -3.0 -4.0 -1.0 -1.0 -3.0 -2.0 -3.0 -3.0 0.0 -3.0 0.0 -4.0 -2.0 -2.0 -4.0 -2.0 -2.0 -2.0 -2.0 -3.0 -4.0 -2.0 0.0 -1.0 0.0 -4.0 -1.0 -2.0 -1.0 -3.0 -4.0 -1.0 -3.0 -1.0 0.0 -4.0 0.0 -4.0 -1.0 -2.0 -3.0 -4.0 0.0 -1.0 -3.0 -1.0 0.0 -4.0 -2.0 -4.0 -2.0 225.0 -4.0 -1.0 -1.0 -1.0 -1.0 0.0 -2.0 -3.0 -2.0 -1.0 -3.0 -1.0 0.0 -4.0 -4.0 -2.0 -2.0 -2.0 -1.0 
-2.0 0.0 -1.0 -3.0 -3.0 -3.0 -2.0 -3.0 -3.0 0.0 -4.0 -1.0 -3.0 -3.0 -4.0 -1.0 -3.0 0.0 0.0 0.0 0.0 -3.0 -3.0 -2.0 0.0 -3.0 -2.0 -4.0 0.0 0.0 -4.0 -2.0 -2.0 -4.0 0.0 -4.0 0.0 -2.0 -1.0 0.0 -2.0 -1.0 0.0 -1.0 -1.0 -1.0 -1.0 -2.0 -4.0 -2.0 -3.0 -1.0 -1.0 -4.0 -3.0 -2.0 -4.0 -3.0 -2.0 -1.0 0.0 -1.0 -4.0 0.0 -2.0 -2.0 0.0 -4.0 -2.0 0.0 -1.0 -2.0 -2.0 -1.0 -1.0 0.0 -1.0 -4.0 -1.0 -3.0 0.0 0.0 0.0 -3.0 0.0 0.0 -2.0 -2.0 -3.0 0.0 -3.0 -1.0 0.0 -2.0 -4.0 -1.0 191.0 0.0 -2.0 -3.0 0.0 -2.0 -3.0 -1.0 -3.0 0.0 0.0 0.0 -2.0 -2.0 0.0 0.0 -1.0 -2.0 -4.0 
0.0 0.0 0.0 -1.0 -4.0 -1.0 -4.0 -3.0 -3.0 -1.0 -2.0 -1.0 -4.0 0.0 0.0 -3.0 0.0 -4.0 -2.0 -3.0 -3.0 -4.0 -3.0 -2.0 0.0 -4.0 -3.0 -2.0 -1.0 -3.0 -4.0 0.0 -1.0 0.0 -4.0 0.0 0.0 -2.0 -2.0 -2.0 -2.0 -2.0 0.0 -1.0 -2.0 -3.0 -2.0 -1.0 0.0 -1.0 -3.0 -4.0 -1.0 -4.0 -1.0 0.0 -1.0 -2.0 -1.0 -2.0 -4.0 -4.0 -4.0 -2.0 0.0 -1.0 0.0 -2.0 0.0 -3.0 -2.0 0.0 -4.0 -4.0 -3.0 -4.0 -2.0 -4.0 -4.0 0.0 -1.0 0.0 0.0 -1.0 -4.0 -2.0 -1.0 -3.0 -2.0 -2.0 -3.0 0.0 0.0 -1.0 -4.0 -4.0 0.0 225.0 -3.0 -2.0 0.0 -1.0 -2.0 0.0 -2.0 -4.0 -2.0 -4.0 -4.0 -3.0 -3.0 -4.0 -2.0 -1.0 -4.0 
-1.0 -4.0 0.0 -3.0 -4.0 -4.0 -3.0 0.0 0.0 -1.0 -4.0 -3.0 -4.0 -2.0 -1.0 -3.0 0.0 -2.0 -3.0 0.0 -1.0 -3.0 -3.0 -1.0 -1.0 -3.0 -4.0 0.0 -1.0 -3.0 -3.0 -3.0 -2.0 0.0 -3.0 -2.0 -2.0 -1.0 -2.0 0.0 -2.0 -1.0 0.0 -2.0 -2.0 -2.0 0.0 0.0 -2.0 -4.0 0.0 -2.0 -3.0 -2.0 -4.0 0.0 -1.0 0.0 -4.0 0.0 -1.0 0.0 -4.0 -3.0 -1.0 -3.0 -1.0 -4.0 -1.0 -3.0 -3.0 -3.0 -4.0 -2.0 0.0 -3.0 -3.0 -2.0 -4.0 0.0 -3.0 -4.0 -3.0 -4.0 -4.0 -2.0 -1.0 -2.0 -4.0 -3.0 0.0 -3.0 -1.0 -2.0 -2.0 -4.0 -4.0 -3.0 226.0 -3.0 0.0 -4.0 -1.0 -2.0 -2.0 -1.0 0.0 -1.0 -2.0 -1.0 -3.0 0.0 -1.0 0.0 0.0 
-2.0 -3.0 0.0 -4.0 -1.0 -4.0 -4.0 -3.0 -2.0 -2.0 -2.0 -4.0 -2.0 -1.0 -1.0 -2.0 -2.0 -1.0 -1.0 -1.0 -1.0 -2.0 -4.0 -1.0 -1.0 -4.0 -3.0 0.0 -3.0 0.0 -3.0 -1.0 -1.0 -1.0 0.0 -1.0 -1.0 -1.0 -4.0 -1.0 -3.0 0.0 -1.0 -2.0 -3.0 0.0 -1.0 -4.0 -4.0 -1.0 -2.0 -2.0 0.0 -3.0 0.0 -4.0 -3.0 -2.0 -2.0 -1.0 -1.0 0.0 -2.0 -2.0 -1.0 -2.0 0.0 -2.0 -1.0 0.0 -1.0 0.0 -1.0 -4.0 -2.0 0.0 -4.0 -4.0 -3.0 0.0 0.0 -1.0 -1.0 -4.0 -2.0 -4.0 -3.0 -1.0 -4.0 -2.0 -1.0 -4.0 -3.0 -3.0 -3.0 -3.0 -1.0 -4.0 -1.0 215.0 -4.0 -3.0 -3.0 -1.0 -2.0 0.0 -4.0 -2.0 -1.0 0.0 -2.0 -3.0 0.0 0.0 -2.0 
0.0 -1.0 -1.0 -1.0 -4.0 -3.0 -3.0 0.0 -1.0 -1.0 0.0 -3.0 -4.0 -2.0 -4.0 -3.0 -3.0 -1.0 -2.0 -4.0 -3.0 -2.0 -4.0 -4.0 -1.0 -3.0 -2.0 -4.0 -4.0 0.0 -1.0 -4.0 -4.0 0.0 0.0 -1.0 -2.0 0.0 -1.0 -4.0 -4.0 -1.0 -3.0 0.0 -2.0 -4.0 0.0 -4.0 -4.0 -1.0 -4.0 -1.0 0.0 -3.0 -3.0 -2.0 -3.0 -2.0 0.0 -4.0 -4.0 -3.0 -2.0 -1.0 -4.0 0.0 -1.0 -3.0 -3.0 -1.0 -2.0 -2.0 -2.0 0.0 -2.0 0.0 -1.0 0.0 -1.0 -1.0 -4.0 -3.0 0.0 -2.0 -1.0 -1.0 -4.0 -2.0 0.0 0.0 -4.0 -1.0 -4.0 -1.0 -2.0 -3.0 -1.0 -1.0 -3.0 0.0 218.0 -2.0 0.0 -2.0 0.0 0.0 0.0 -4.0 -2.0 0.0 0.0 -4.0 -1.0 -2.0 -1.0 
-2.0 -4.0 -4.0 0.0 -2.0 -3.0 0.0 -2.0 -1.0 -3.0 -4.0 -1.0 -4.0 -4.0 -2.0 -4.0 -4.0 0.0 -2.0 -2.0 -1.0 -2.0 -3.0 -4.0 -1.0 -3.0 0.0 -2.0 -4.0 -1.0 0.0 -4.0 -1.0 -4.0 0.0 -4.0 -3.0 -4.0 -4.0 0.0 -3.0 -3.0 -2.0 -3.0 -4.0 -4.0 0.0 -4.0 -4.0 -2.0 -3.0 -3.0 -2.0 0.0 0.0 -4.0 -4.0 -4.0 0.0 -4.0 -2.0 -3.0 -4.0 -4.0 -1.0 -4.0 -3.0 -3.0 0.0 0.0 -3.0 -3.0 0.0 -2.0 -4.0 -1.0 -2.0 -4.0 -4.0 -3.0 -1.0 -4.0 -1.0 0.0 -4.0 -4.0 0.0 -3.0 -2.0 0.0 -4.0 -4.0 -3.0 -2.0 -2.0 -3.0 -4.0 -2.0 -4.0 -2.0 -3.0 279.0 -1.0 -1.0 -4.0 -4.0 -1.0 -3.0 -3.0 -2.0 -3.0 -1.0 -1.0 -4.0 -3.0 
0.0 0.0 -3.0 0.0 0.0 -2.0 -1.0 -2.0 0.0 -1.0 -4.0 -2.0 -2.0 -4.0 -3.0 0.0 0.0 -4.0 -2.0 0.0 -3.0 -4.0 -3.0 -2.0 0.0 0.0 -2.0 -2.0 -1.0 0.0 -2.0 -4.0 -2.0 -4.0 -3.0 -3.0 -4.0 -4.0 -3.0 -2.0 -4.0 -2.0 -1.0 -3.0 -3.0 -3.0 -2.0 -2.0 -1.0 -4.0 -1.0 -3.0 -3.0 -3.0 0.0 -4.0 -3.0 -4.0 -1.0 -4.0 0.0 -3.0 -4.0 -3.0 0.0 -2.0 -4.0 -1.0 -3.0 -2.0 -1.0 -3.0 0.0 -1.0 0.0 0.0 0.0 -1.0 -3.0 0.0 0.0 -2.0 -2.0 -2.0 -2.0 -1.0 -1.0 0.0 0.0 0.0 -4.0 -1.0 -1.0 -1.0 -1.0 0.0 -2.0 -4.0 -1.0 0.0 0.0 0.0 216.0 -4.0 -2.0 -1.0 -3.0 -4.0 -3.0 -1.0 0.0 -2.0 -4.0 -3.0 -4.0 
-4.0 -1.0 -2.0 -3.0 -4.0 -4.0 -3.0 0.0 -4.0 0.0 -4.0 -1.0 -3.0 -3.0 -3.0 -4.0 -3.0 -3.0 -3.0 -1.0 -1.0 -4.0 -3.0 0.0 -1.0 0.0 -3.0 -1.0 0.0 -4.0 -4.0 -2.0 -2.0 -2.0 -1.0 0.0 -2.0 -1.0 -3.0 -1.0 -3.0 0.0 -4.0 -2.0 -4.0 -2.0 -1.0 -1.0 -2.0 -3.0 0.0 -2.0 -2.0 0.0 -2.0 -1.0 0.0 -1.0 -4.0 -1.0 0.0 0.0 -1.0 -3.0 0.0 -3.0 -4.0 -3.0 -3.0 0.0 -4.0 0.0 -3.0 -3.0 0.0 -3.0 0.0 -4.0 -4.0 -3.0 -4.0 0.0 -4.0 -4.0 0.0 -2.0 -4.0 0.0 0.0 -3.0 -2.0 -1.0 -1.0 -2.0 -1.0 -3.0 -3.0 0.0 0.0 -3.0 -2.0 -4.0 -3.0 239.0 -3.0 -3.0 -3.0 0.0 -3.0 -1.0 -4.0 -4.0 -3.0 -3.0 -2.0 
0.0 -2.0 -4.0 -3.0 -3.0 -3.0 -4.0 -4.0 -1.0 0.0 -2.0 -4.0 -4.0 -3.0 -2.0 0.0 -3.0 -2.0 0.0 -3.0 -3.0 -4.0 -2.0 -4.0 -3.0 -4.0 -2.0 -3.0 -3.0 0.0 0.0 0.0 0.0 0.0 -1.0 0.0 0.0 0.0 -4.0 -1.0 -1.0 -4.0 -4.0 -3.0 -1.0 -1.0 0.0 -4.0 -3.0 -1.0 -1.0 -2.0 -4.0 -4.0 -1.0 -4.0 -2.0 -4.0 -3.0 -2.0 -1.0 -4.0 -4.0 -1.0 -1.0 -2.0 -4.0 0.0 0.0 -2.0 -3.0 -2.0 -2.0 0.0 -2.0 -4.0 -1.0 0.0 -1.0 -4.0 -2.0 -1.0 -1.0 0.0 -4.0 -1.0 -1.0 0.0 -4.0 -3.0 -1.0 0.0 -3.0 -4.0 -4.0 0.0 0.0 -4.0 -3.0 0.0 -3.0 -2.0 -3.0 0.0 229.0 -1.0 -2.0 0.0 -1.0 0.0 -4.0 -1.0 0.0 -4.0 -4.0 
0.0 0.0 0.0 -2.0 0.0 -4.0 -3.0 -2.0 -2.0 -3.0 -1.0 -2.0 0.0 -1.0 -4.0 -4.0 -3.0 0.0 -1.0 -3.0 0.0 -4.0 0.0 0.0 0.0 0.0 -3.0 -3.0 -4.0 0.0 -3.0 -2.0 0.0 -2.0 -3.0 0.0 -1.0 -1.0 0.0 -3.0 -2.0 -3.0 -1.0 -1.0 -1.0 -2.0 -4.0 0.0 0.0 -1.0 -2.0 -4.0 0.0 -3.0 -2.0 -1.0 -4.0 -2.0 -1.0 -3.0 -1.0 -1.0 -1.0 -1.0 -4.0 -2.0 -4.0 -3.0 0.0 -1.0 -3.0 -3.0 0.0 0.0 -2.0 0.0 -3.0 -2.0 -3.0 -1.0 -1.0 -2.0 0.0 -2.0 -1.0 -4.0 0.0 -2.0 0.0 -4.0 -3.0 -1.0 -1.0 -1.0 -1.0 -4.0 -1.0 -4.0 -3.0 0.0 0.0 0.0 -3.0 -3.0 -4.0 200.0 0.0 -3.0 -4.0 -2.0 -2.0 -2.0 -3.0 -3.0 0.0 
0.0 -2.0 -1.0 -2.0 -3.0 -3.0 -3.0 -2.0 -1.0 -4.0 -4.0 -1.0 0.0 -1.0 -4.0 0.0 -1.0 -1.0 -2.0 -3.0 -4.0 -4.0 0.0 -3.0 -2.0 0.0 -2.0 -4.0 -4.0 -3.0 -4.0 -2.0 -3.0 -1.0 -1.0 -1.0 -4.0 -1.0 -3.0 -3.0 -4.0 -4.0 0.0 -1.0 0.0 -2.0 0.0 -1.0 -4.0 -2.0 -3.0 0.0 -1.0 -3.0 -3.0 -2.0 -4.0 -1.0 -2.0 -4.0 -3.0 -1.0 -2.0 -3.0 -2.0 -2.0 -3.0 -2.0 -4.0 -4.0 -3.0 -4.0 -4.0 -4.0 -2.0 -1.0 -3.0 -2.0 0.0 -2.0 -3.0 -1.0 0.0 0.0 -3.0 -4.0 0.0 -4.0 -3.0 -2.0 -3.0 -2.0 -2.0 -3.0 -3.0 -2.0 -2.0 -1.0 -3.0 -3.0 -4.0 -1.0 -1.0 -3.0 0.0 -2.0 250.0 -2.0 -2.0 -4.0 -1.0 -2.0 -1.0 -1.0 -3.0 
0.0 0.0 0.0 -1.0 -2.0 0.0 -3.0 0.0 -1.0 0.0 -3.0 -3.0 -3.0 -2.0 -1.0 0.0 0.0 -2.0 -4.0 0.0 0.0 -3.0 -4.0 0.0 -2.0 -1.0 -4.0 -4.0 -2.0 -2.0 -3.0 -3.0 0.0 -4.0 -4.0 0.0 -2.0 -3.0 0.0 -2.0 -2.0 -1.0 -1.0 -2.0 -4.0 -1.0 -2.0 0.0 0.0 -1.0 -3.0 -3.0 -1.0 0.0 -2.0 0.0 -2.0 -4.0 -3.0 -2.0 0.0 0.0 -4.0 -3.0 -4.0 -1.0 -3.0 -3.0 0.0 0.0 -2.0 -4.0 0.0 0.0 -1.0 -3.0 -1.0 -3.0 -1.0 -4.0 -4.0 -3.0 -3.0 -3.0 -3.0 -1.0 0.0 -4.0 0.0 0.0 -2.0 0.0 0.0 -4.0 0.0 -1.0 -1.0 -4.0 -1.0 -3.0 -2.0 -1.0 0.0 -1.0 0.0 -4.0 -4.0 202.0 -2.0 -4.0 0.0 -3.0 -1.0 -1.0 -3.0 
0.0 -1.0 -1.0 -4.0 -1.0 -1.0 -3.0 -2.0 -1.0 -1.0 -4.0 -2.0 -2.0 -2.0 -4.0 0.0 -1.0 -4.0 0.0 -1.0 0.0 -3.0 -3.0 0.0 -1.0 0.0 -3.0 -2.0 -3.0 0.0 0.0 -2.0 -2.0 -3.0 0.0 -1.0 -4.0 -3.0 -1.0 -2.0 -4.0 -4.0 -4.0 -1.0 -4.0 -4.0 -2.0 -1.0 -1.0 0.0 0.0 -2.0 0.0 -4.0 0.0 -1.0 -1.0 -2.0 0.0 -3.0 -1.0 -3.0 -3.0 -1.0 -4.0 -3.0 0.0 0.0 -4.0 -2.0 0.0 -3.0 -4.0 -1.0 -4.0 -3.0 -3.0 -2.0 -3.0 -4.0 -2.0 -1.0 -4.0 -1.0 0.0 -2.0 -4.0 -4.0 -4.0 -1.0 -4.0 -2.0 -2.0 -4.0 -3.0 -2.0 -1.0 -3.0 0.0 -3.0 0.0 -2.0 -3.0 -4.0 -2.0 -4.0 -3.0 -3.0 235.0 -3.0 -1.0 -2.0 0.0 -3.0 -4.0 
-2.0 -3.0 0.0 -1.0 0.0 0.0 -4.0 -4.0 -3.0 -2.0 -2.0 -1.0 -2.0 0.0 -2.0 -1.0 -1.0 -4.0 -4.0 0.0 -4.0 -1.0 -1.0 -1.0 -2.0 -2.0 -4.0 -1.0 -4.0 -4.0 0.0 -1.0 -3.0 -2.0 -4.0 -3.0 -4.0 0.0 -4.0 -3.0 -2.0 -2.0 -2.0 -1.0 -1.0 -1.0 -3.0 -2.0 -2.0 -1.0 -1.0 -3.0 -4.0 0.0 -2.0 -2.0 -3.0 0.0 0.0 0.0 0.0 -1.0 -3.0 -2.0 -1.0 -3.0 -1.0 0.0 -3.0 0.0 0.0 -3.0 0.0 -2.0 -3.0 -4.0 -2.0 -2.0 0.0 -4.0 -3.0 0.0 -1.0 -2.0 -1.0 -2.0 -3.0 -3.0 -2.0 -1.0 -1.0 -2.0 -2.0 -4.0 -3.0 -1.0 -4.0 -2.0 -3.0 -4.0 -1.0 -2.0 0.0 -2.0 -1.0 -3.0 -4.0 -3.0 0.0 223.0 -1.0 -4.0 -2.0 -2.0 -4.0 
-1.0 -4.0 -2.0 -3.0 -1.0 -2.0 0.0 -3.0 -2.0 -4.0 -1.0 -1.0 -3.0 -4.0 -2.0 -1.0 0.0 -4.0 -2.0 -1.0 0.0 -3.0 0.0 -1.0 -3.0 0.0 -1.0 -2.0 0.0 0.0 -3.0 -1.0 -4.0 -3.0 0.0 -1.0 -3.0 -3.0 -4.0 -3.0 -4.0 -4.0 -2.0 0.0 0.0 -4.0 0.0 -1.0 -2.0 -4.0 -3.0 -1.0 -2.0 -3.0 -4.0 -2.0 -2.0 -2.0 0.0 -1.0 0.0 -3.0 -3.0 -2.0 0.0 -4.0 -4.0 -4.0 -3.0 0.0 0.0 -1.0 -1.0 -4.0 -1.0 -1.0 -2.0 -4.0 -2.0 -3.0 0.0 -2.0 -4.0 0.0 0.0 -4.0 -2.0 -3.0 -1.0 -1.0 -1.0 -3.0 -3.0 -3.0 -4.0 -4.0 0.0 -3.0 -1.0 -4.0 -2.0 0.0 -2.0 -1.0 -2.0 -3.0 -2.0 -3.0 -2.0 -4.0 231.0 -1.0 -1.0 -2.0 -4.0 
-1.0 -1.0 -1.0 -4.0 -3.0 -3.0 -3.0 0.0 -2.0 -3.0 -2.0 0.0 -4.0 -1.0 -3.0 -2.0 -3.0 0.0 -3.0 -4.0 -4.0 -3.0 -2.0 -2.0 -3.0 -2.0 -1.0 -1.0 -1.0 -3.0 -3.0 -3.0 0.0 -1.0 0.0 -2.0 0.0 -4.0 -3.0 -3.0 -2.0 -1.0 0.0 -4.0 -3.0 0.0 -3.0 -2.0 -4.0 -2.0 -4.0 -1.0 0.0 -4.0 -2.0 0.0 -4.0 0.0 -3.0 -4.0 -1.0 -2.0 -2.0 -4.0 -4.0 -4.0 -2.0 0.0 -2.0 -4.0 0.0 -2.0 0.0 -4.0 -1.0 0.0 -3.0 -4.0 -4.0 -2.0 -3.0 -2.0 -2.0 -1.0 -1.0 -4.0 -3.0 -4.0 0.0 -2.0 -1.0 -4.0 -2.0 -3.0 -4.0 -1.0 -3.0 -3.0 -1.0 -2.0 -4.0 -2.0 -3.0 -4.0 -2.0 -4.0 -3.0 -2.0 -1.0 -3.0 -1.0 249.0 -1.0 -1.0 0.0 
-3.0 0.0 -4.0 -3.0 -2.0 -1.0 -2.0 -4.0 0.0 -3.0 0.0 -2.0 -4.0 -3.0 -2.0 -4.0 -4.0 -1.0 -3.0 0.0 0.0 -4.0 -2.0 -4.0 0.0 -3.0 -3.0 0.0 0.0 -1.0 -3.0 -1.0 -3.0 -4.0 0.0 -1.0 -1.0 -2.0 -1.0 0.0 -3.0 -2.0 -3.0 -3.0 0.0 -1.0 -2.0 -3.0 -3.0 -2.0 -2.0 -3.0 -2.0 0.0 -4.0 -1.0 -2.0 -3.0 -2.0 -4.0 -1.0 0.0 -1.0 0.0 -4.0 -3.0 0.0 0.0 -3.0 -1.0 0.0 -1.0 -2.0 -2.0 0.0 -4.0 -1.0 0.0 -2.0 -1.0 -1.0 -4.0 -3.0 -1.0 0.0 -4.0 -3.0 -2.0 -4.0 -4.0 -3.0 0.0 -3.0 -4.0 0.0 -1.0 -2.0 -4.0 0.0 0.0 -1.0 -1.0 -4.0 -2.0 -1.0 -2.0 -3.0 -3.0 -1.0 -1.0 -3.0 -4.0 219.0 0.0 -1.0 
0.0 -1.0 0.0 -4.0 -2.0 -4.0 -4.0 -3.0 0.0 0.0 -1.0 -4.0 -2.0 -2.0 0.0 -1.0 -3.0 -3.0 -3.0 -2.0 -4.0 -4.0 0.0 -2.0 -1.0 -3.0 0.0 -4.0 -3.0 -2.0 -2.0 -2.0 0.0 -3.0 -3.0 -4.0 -1.0 -4.0 -3.0 0.0 -4.0 -3.0 -1.0 -3.0 -1.0 -3.0 -4.0 -3.0 -4.0 -2.0 -1.0 0.0 -4.0 -4.0 0.0 0.0 0.0 -4.0 0.0 -3.0 -1.0 -4.0 -3.0 -4.0 -3.0 -3.0 -3.0 0.0 -1.0 -4.0 -4.0 -4.0 -4.0 -3.0 -4.0 -4.0 -4.0 -2.0 0.0 -2.0 -2.0 0.0 0.0 -4.0 -4.0 -1.0 0.0 -3.0 -1.0 -2.0 -1.0 0.0 -1.0 -4.0 -3.0 -1.0 0.0 -3.0 -1.0 -1.0 0.0 -3.0 -1.0 0.0 -2.0 0.0 -3.0 -4.0 0.0 -1.0 -3.0 -4.0 -3.0 245.0 -4.0 
-3.0 0.0 -3.0 0.0 -1.0 -2.0 0.0 -1.0 -4.0 -1.0 -3.0 -1.0 -3.0 -4.0 -2.0 -1.0 -2.0 -3.0 -2.0 -4.0 -2.0 -2.0 -2.0 -4.0 -1.0 -3.0 0.0 -4.0 0.0 -4.0 -1.0 -1.0 -2.0 -1.0 -4.0 -2.0 -4.0 -4.0 -3.0 -2.0 -3.0 -1.0 -3.0 -3.0 -4.0 -4.0 0.0 -4.0 -2.0 -3.0 0.0 0.0 -3.0 0.0 -2.0 -3.0 0.0 -3.0 -4.0 0.0 -1.0 0.0 -1.0 -4.0 -1.0 -1.0 -2.0 -4.0 -1.0 0.0 -2.0 -3.0 0.0 -1.0 -4.0 -2.0 -3.0 -3.0 -3.0 -3.0 -3.0 -4.0 -4.0 -3.0 -2.0 -3.0 0.0 -4.0 -3.0 -4.0 -1.0 -3.0 0.0 0.0 -2.0 -3.0 -3.0 -3.0 -3.0 -2.0 -2.0 -1.0 -3.0 -4.0 -4.0 -1.0 -4.0 -2.0 -4.0 -2.0 -1.0 -3.0 -2.0 -1.0 251.0 
-12264.14 -13477.0 -14026.0 -12445.0 -11344.0 -12418.0 -10333.0 -11130.0 -11248.0 -11692.0 -12462.0 -11670.0 -9241.0 -9512.0 -9921.0 -9428.0 -10080.0 -7679.0 -8022.0 -7455.0 -10029.0 -8294.0 -5904.0 -7974.0 -7677.0 -7803.0 -7491.0 -6678.0 -7602.0 -5555.0 -5660.0 -6111.0 -5146.0 -5477.0 -5251.0 -5783.0 -5400.0 -4596.0 -4013.0 -4314.0 -4232.0 -3874.0 -3113.0 -3121.0 -2915.0 -3027.0 -2783.0 -1834.0 -2258.0 -2037.0 -977.0 -904.0 -659.0 -228.0 -703.0 -1355.0 -266.0 87.0 117.0 1174.0 444.0 76.0 1363.0 2277.0 2033.0 2292.0 2046.0 2687.0 2806.0 3362.0 3040.0 3457.0 2688.0 4139.0 4274.0 4796.0 4122.0 3756.0 6183.0 4391.0 4554.0 6049.0 4936.0 5416.0 6367.0 7451.0 7142.0 6642.0 6933.0 8409.0 8526.0 8449.0 7779.0 9425.0 9843.0 8547.0 8272.0 8527.0 9481.0 9082.0 10434.0 12205.0 10006.0 11140.0 11487.0 9185.0 12263.0 9714.0 11012.0 11415.0 11973.0 13363.0 12428.0 13999.0 13935.0 