30.86 -4.0 -1.0 0.0 -3.0 0.0 -3.0 -3.0 -3.0 -4.0 0.0 -3.0 -3.0 0.0 -4.0 
-4.0 29.0 -4.0 -2.0 -4.0 0.0 0.0 -2.0 -2.0 -4.0 0.0 -1.0 -3.0 0.0 -3.0 
-4.0 -1.0 28.0 -4.0 -3.0 -4.0 -4.0 -3.0 -1.0 0.0 -2.0 0.0 0.0 0.0 -2.0 
-3.0 -1.0 -2.0 33.0 -1.0 -2.0 -3.0 -4.0 0.0 -4.0 -3.0 -4.0 -3.0 -2.0 -1.0 
-2.0 -4.0 -4.0 -4.0 34.0 -2.0 -3.0 0.0 -1.0 -4.0 -4.0 -2.0 -4.0 0.0 0.0 
0.0 -2.0 0.0 -4.0 -2.0 29.0 -3.0 -2.0 -1.0 -4.0 -2.0 -2.0 -4.0 0.0 -3.0 
-3.0 -2.0 -3.0 -2.0 -4.0 -2.0 26.0 -1.0 -1.0 -3.0 -3.0 0.0 -1.0 0.0 -1.0 
-2.0 0.0 -4.0 -3.0 -1.0 -1.0 -1.0 27.0 -3.0 -4.0 -1.0 -3.0 -3.0 0.0 -1.0 
-2.0 0.0 -3.0 -2.0 -4.0 -2.0 -1.0 -3.0 29.0 -1.0 0.0 -1.0 -4.0 -4.0 -2.0 
-2.0 -4.0 -2.0 -1.0 -4.0 -4.0 -2.0 -2.0 -1.0 28.0 -1.0 -3.0 0.0 0.0 -2.0 
-1.0 -3.0 0.0 0.0 -4.0 -2.0 -4.0 -2.0 -1.0 -4.0 33.0 -4.0 -2.0 -3.0 -3.0 
-4.0 -4.0 -1.0 0.0 -4.0 -3.0 -1.0 -4.0 -3.0 -1.0 -1.0 31.0 -1.0 -4.0 0.0 
-3.0 -2.0 0.0 -1.0 -2.0 -4.0 0.0 -2.0 -3.0 -3.0 -3.0 -3.0 30.0 -3.0 -1.0 
-3.0 -3.0 -3.0 -2.0 0.0 -1.0 -3.0 -3.0 -1.0 -2.0 -2.0 -3.0 -4.0 34.0 -4.0 
-1.0 -1.0 0.0 0.0 -4.0 -2.0 -2.0 -2.0 -1.0 -4.0 -3.0 0.0 -1.0 0.0 21.0 
