22.986 0.0 -2.0 0.0 -2.0 0.0 -4.0 -3.0 -3.0 -3.0 -1.0 -3.0 0.0 -2.0 0.0 
-1.0 20.0 0.0 -2.0 -4.0 -2.0 -2.0 -3.0 -1.0 -2.0 -1.0 -1.0 -1.0 0.0 0.0 
0.0 0.0 30.0 -2.0 -3.0 -3.0 -4.0 -2.0 -3.0 0.0 0.0 -4.0 -3.0 -3.0 -3.0 
-3.0 -4.0 -4.0 27.0 -2.0 0.0 -3.0 -1.0 0.0 -2.0 0.0 -2.0 -3.0 -2.0 -1.0 
-3.0 0.0 -4.0 -4.0 33.0 -2.0 -4.0 -2.0 -1.0 0.0 -3.0 0.0 -4.0 -4.0 -2.0 
-4.0 0.0 0.0 -3.0 -3.0 24.0 -2.0 0.0 -2.0 -1.0 0.0 -3.0 -2.0 -2.0 -2.0 
0.0 -2.0 -1.0 -4.0 -1.0 0.0 21.0 -2.0 0.0 -4.0 -2.0 -1.0 -1.0 -3.0 0.0 
-3.0 -1.0 0.0 -3.0 0.0 -2.0 -4.0 25.0 -1.0 0.0 -4.0 -1.0 -2.0 -3.0 -1.0 
-2.0 -2.0 -1.0 0.0 -1.0 -4.0 -4.0 0.0 23.0 0.0 0.0 -1.0 -2.0 -2.0 -4.0 
0.0 -2.0 0.0 -2.0 -2.0 -3.0 -4.0 -3.0 0.0 29.0 -4.0 -3.0 -4.0 -1.0 -1.0 
-3.0 -2.0 -1.0 -2.0 0.0 -1.0 0.0 0.0 -3.0 -1.0 24.0 -4.0 -1.0 -2.0 -4.0 
-1.0 -4.0 -2.0 -2.0 -2.0 -3.0 -2.0 -1.0 0.0 -4.0 -2.0 28.0 -3.0 -1.0 -1.0 
-4.0 0.0 -3.0 -2.0 -1.0 -4.0 -2.0 -3.0 -2.0 -3.0 -1.0 -1.0 31.0 -4.0 -1.0 
-2.0 -3.0 -1.0 0.0 -3.0 -2.0 -1.0 -4.0 -1.0 -4.0 -1.0 -3.0 -2.0 28.0 -1.0 
-2.0 -1.0 0.0 -4.0 -2.0 -1.0 -4.0 -3.0 -4.0 0.0 0.0 -4.0 -1.0 0.0 26.0 
