145.936 -2.0 -4.0 -4.0 -1.0 -3.0 -1.0 0.0 -3.0 -4.0 0.0 -2.0 -3.0 -3.0 -3.0 -3.0 -2.0 -2.0 -1.0 -4.0 0.0 -2.0 -1.0 -4.0 -4.0 -3.0 -3.0 -4.0 -4.0 -4.0 -1.0 -3.0 -1.0 0.0 -4.0 -3.0 -4.0 -1.0 -1.0 -2.0 -4.0 -3.0 0.0 -1.0 -1.0 -3.0 -4.0 0.0 -2.0 -3.0 -1.0 -1.0 -4.0 -2.0 0.0 -3.0 -3.0 0.0 -1.0 -4.0 0.0 -2.0 -4.0 -4.0 -2.0 
-2.0 135.0 -3.0 -3.0 0.0 0.0 -1.0 -3.0 -4.0 -1.0 -3.0 -4.0 -1.0 -1.0 -4.0 0.0 -1.0 -1.0 -1.0 -4.0 -2.0 -3.0 0.0 -2.0 -2.0 0.0 -3.0 -2.0 -3.0 -4.0 -1.0 -3.0 -4.0 -2.0 -3.0 0.0 -4.0 -2.0 -2.0 0.0 0.0 -1.0 -2.0 -4.0 -2.0 -3.0 0.0 -1.0 -4.0 0.0 0.0 0.0 -4.0 -3.0 -1.0 -4.0 -4.0 0.0 -4.0 -3.0 -4.0 -2.0 -2.0 -4.0 -4.0 
-3.0 -3.0 133.0 -4.0 -1.0 -4.0 -4.0 -2.0 0.0 -1.0 -3.0 -3.0 -1.0 -2.0 -1.0 0.0 0.0 -3.0 0.0 -2.0 -3.0 -3.0 -3.0 0.0 -4.0 -2.0 0.0 0.0 -3.0 -3.0 -3.0 -1.0 -4.0 -4.0 0.0 -4.0 -1.0 -2.0 -4.0 -3.0 -1.0 -2.0 0.0 -4.0 -3.0 0.0 -3.0 -4.0 0.0 -2.0 -4.0 0.0 -3.0 -1.0 -2.0 -1.0 -1.0 -2.0 -2.0 -3.0 -3.0 0.0 -2.0 -3.0 -3.0 
-3.0 -1.0 -2.0 128.0 -2.0 -3.0 -3.0 -4.0 -4.0 0.0 -4.0 -1.0 -2.0 -1.0 0.0 -4.0 0.0 -1.0 -3.0 -2.0 -1.0 0.0 -1.0 -2.0 -3.0 -4.0 -4.0 -2.0 0.0 -4.0 -1.0 0.0 -3.0 -1.0 -2.0 -3.0 -4.0 -4.0 0.0 -3.0 -3.0 0.0 -2.0 0.0 -3.0 -4.0 -3.0 -4.0 -1.0 0.0 0.0 -3.0 0.0 -1.0 0.0 -3.0 -4.0 -3.0 -2.0 0.0 -2.0 -1.0 -3.0 -1.0 -3.0 
-1.0 -3.0 -4.0 -2.0 133.0 -2.0 -4.0 0.0 -1.0 -1.0 0.0 -3.0 -2.0 -2.0 -4.0 -2.0 -3.0 -2.0 -3.0 -4.0 -1.0 0.0 -3.0 -3.0 -3.0 -2.0 -4.0 -1.0 -1.0 -1.0 -3.0 0.0 -4.0 -1.0 -1.0 -3.0 -1.0 -2.0 -1.0 0.0 -3.0 -4.0 -1.0 -4.0 0.0 -3.0 -4.0 0.0 -1.0 0.0 -4.0 -3.0 -1.0 0.0 0.0 -3.0 -2.0 -2.0 -3.0 -3.0 -1.0 -2.0 -3.0 -4.0 -4.0 
-2.0 -4.0 -4.0 -4.0 0.0 134.0 -3.0 -3.0 -4.0 0.0 -1.0 -1.0 -3.0 -3.0 -3.0 -4.0 -1.0 -3.0 -1.0 -2.0 -2.0 -2.0 -4.0 -1.0 0.0 -3.0 -3.0 0.0 -3.0 -4.0 -3.0 0.0 -4.0 -3.0 -2.0 -3.0 0.0 -3.0 0.0 -3.0 0.0 -2.0 -3.0 0.0 -1.0 -2.0 -3.0 0.0 0.0 -2.0 -2.0 -2.0 -2.0 -3.0 -4.0 -1.0 -4.0 -3.0 -3.0 0.0 -4.0 0.0 -1.0 0.0 -3.0 
-4.0 -4.0 -1.0 -3.0 -3.0 -1.0 121.0 0.0 -2.0 -4.0 0.0 -2.0 -1.0 -2.0 0.0 0.0 -2.0 -3.0 -1.0 -1.0 -2.0 -4.0 -1.0 -1.0 -3.0 -4.0 -1.0 -1.0 -1.0 -4.0 0.0 -4.0 -2.0 -2.0 0.0 -4.0 -3.0 0.0 -4.0 -1.0 0.0 0.0 0.0 -3.0 0.0 -4.0 -1.0 -2.0 -2.0 -1.0 -3.0 0.0 -1.0 -4.0 0.0 -3.0 -1.0 0.0 -2.0 -3.0 -4.0 -3.0 -1.0 -3.0 -4.0 
-3.0 -3.0 -3.0 -3.0 -1.0 -4.0 -4.0 148.0 -1.0 0.0 -1.0 -3.0 -2.0 -4.0 -2.0 -4.0 -1.0 -1.0 0.0 -1.0 0.0 -4.0 -4.0 0.0 -2.0 -3.0 -2.0 0.0 -4.0 -4.0 -4.0 0.0 -3.0 0.0 0.0 -1.0 -4.0 -4.0 -1.0 -3.0 -2.0 -1.0 -4.0 0.0 0.0 0.0 -4.0 -4.0 -4.0 -3.0 -1.0 -4.0 -3.0 -3.0 0.0 -3.0 -2.0 -2.0 -4.0 -3.0 -3.0 -3.0 -4.0 -4.0 -3.0 
-4.0 0.0 0.0 -2.0 -2.0 0.0 -2.0 0.0 137.0 0.0 -4.0 -4.0 -1.0 -2.0 -4.0 -2.0 -2.0 -1.0 -1.0 -1.0 -3.0 -4.0 -3.0 -4.0 -2.0 0.0 -4.0 -2.0 -3.0 -4.0 0.0 -2.0 -2.0 -1.0 -4.0 -3.0 -3.0 0.0 -1.0 -4.0 -2.0 -4.0 0.0 -2.0 -3.0 -3.0 -3.0 -2.0 -4.0 -3.0 0.0 -3.0 -3.0 -1.0 -3.0 -3.0 -2.0 -4.0 -1.0 -2.0 -3.0 0.0 -3.0 0.0 -2.0 
-1.0 0.0 0.0 -4.0 0.0 -3.0 -1.0 -4.0 -1.0 112.0 -1.0 -1.0 -4.0 -3.0 -1.0 -3.0 -4.0 -2.0 0.0 0.0 -4.0 0.0 -2.0 -3.0 0.0 -3.0 -4.0 0.0 -1.0 -2.0 -3.0 -3.0 -2.0 0.0 0.0 0.0 -4.0 -3.0 0.0 -4.0 -1.0 -4.0 -1.0 -3.0 -4.0 -2.0 0.0 -2.0 -4.0 0.0 -1.0 0.0 -1.0 -1.0 0.0 -1.0 -1.0 -2.0 0.0 -3.0 -3.0 0.0 -4.0 0.0 -3.0 
-4.0 0.0 0.0 -3.0 -3.0 -3.0 0.0 -1.0 -2.0 -1.0 133.0 -4.0 -3.0 -1.0 0.0 -3.0 -3.0 0.0 -2.0 -3.0 -1.0 -3.0 -1.0 -1.0 -2.0 -3.0 0.0 -4.0 -1.0 -2.0 -2.0 0.0 -4.0 -2.0 -4.0 -2.0 -2.0 0.0 -4.0 -1.0 -1.0 0.0 -4.0 -2.0 -3.0 -3.0 -4.0 -3.0 -3.0 -1.0 -3.0 -4.0 -4.0 0.0 -2.0 -1.0 -1.0 -4.0 -3.0 -2.0 -4.0 -1.0 -1.0 -3.0 -1.0 
0.0 -2.0 0.0 -3.0 -2.0 -2.0 -2.0 -2.0 0.0 -2.0 0.0 107.0 0.0 -4.0 -2.0 -1.0 0.0 -3.0 -4.0 0.0 0.0 -2.0 -3.0 -1.0 -2.0 0.0 -2.0 -4.0 -4.0 0.0 -4.0 0.0 0.0 -4.0 -4.0 -3.0 0.0 0.0 0.0 -1.0 0.0 0.0 -2.0 -3.0 -1.0 -3.0 -4.0 0.0 -4.0 0.0 -3.0 -1.0 -2.0 0.0 0.0 -3.0 -2.0 -2.0 -1.0 -1.0 -3.0 0.0 -1.0 -4.0 -4.0 
-1.0 0.0 -4.0 -4.0 -4.0 -1.0 -2.0 -3.0 -1.0 -2.0 -2.0 -3.0 149.0 -4.0 -3.0 -3.0 -1.0 -4.0 -4.0 -4.0 -4.0 -1.0 -2.0 -2.0 -2.0 -1.0 -4.0 -4.0 -4.0 -3.0 -4.0 -4.0 -1.0 0.0 -4.0 -2.0 -4.0 -3.0 0.0 -3.0 -4.0 -4.0 0.0 -2.0 -3.0 -2.0 -4.0 0.0 -1.0 -4.0 -4.0 0.0 -3.0 -1.0 -2.0 0.0 -2.0 -3.0 -1.0 0.0 0.0 -3.0 -1.0 -2.0 -1.0 
-3.0 -1.0 -2.0 0.0 -2.0 -2.0 0.0 -3.0 -1.0 -1.0 -3.0 -4.0 -1.0 110.0 -4.0 -3.0 -2.0 0.0 -1.0 -3.0 -3.0 -3.0 0.0 -1.0 0.0 0.0 -2.0 -3.0 -2.0 -4.0 0.0 -4.0 0.0 -4.0 -4.0 -4.0 -2.0 -3.0 -3.0 0.0 -1.0 0.0 -2.0 -1.0 0.0 -4.0 -2.0 -1.0 -2.0 -1.0 -1.0 -2.0 0.0 -1.0 -2.0 -3.0 -4.0 -1.0 0.0 0.0 -2.0 0.0 0.0 -1.0 -1.0 
-2.0 -3.0 -2.0 -1.0 -3.0 -1.0 -2.0 -4.0 0.0 0.0 -2.0 0.0 -4.0 -4.0 119.0 0.0 -4.0 -2.0 -3.0 -1.0 -3.0 0.0 0.0 0.0 -4.0 -1.0 -3.0 -3.0 -4.0 -1.0 -3.0 0.0 0.0 -2.0 0.0 -1.0 -4.0 -1.0 -4.0 -3.0 0.0 -2.0 -3.0 0.0 0.0 -1.0 -1.0 -2.0 -4.0 -2.0 -2.0 -4.0 0.0 -2.0 -3.0 0.0 -4.0 -3.0 -2.0 -3.0 0.0 0.0 -2.0 -4.0 0.0 
0.0 -2.0 -3.0 -1.0 -2.0 -2.0 0.0 -2.0 -3.0 -4.0 -4.0 -4.0 -1.0 -4.0 0.0 148.0 0.0 -2.0 -3.0 -1.0 0.0 -2.0 -3.0 -1.0 -2.0 -1.0 -3.0 -4.0 -1.0 -4.0 -4.0 -1.0 -2.0 -1.0 -3.0 -1.0 -2.0 -3.0 -4.0 -4.0 -4.0 -2.0 -4.0 -3.0 -1.0 -2.0 -1.0 0.0 -4.0 0.0 -2.0 -3.0 -4.0 -4.0 -1.0 -3.0 -4.0 -4.0 -2.0 -3.0 0.0 -3.0 -4.0 -4.0 -2.0 
-3.0 0.0 -4.0 0.0 0.0 -2.0 -1.0 0.0 -2.0 -1.0 -4.0 -2.0 -1.0 -3.0 0.0 -1.0 132.0 -3.0 -4.0 -4.0 -4.0 -4.0 0.0 0.0 -3.0 0.0 -3.0 -2.0 -2.0 -2.0 -3.0 -1.0 -4.0 -2.0 -3.0 -3.0 -3.0 0.0 -1.0 -2.0 -1.0 -2.0 -2.0 -3.0 -4.0 -4.0 -1.0 -1.0 -3.0 0.0 -2.0 -4.0 0.0 -3.0 -3.0 0.0 -2.0 -4.0 -1.0 -1.0 -3.0 -3.0 -3.0 -1.0 -4.0 
0.0 -1.0 -2.0 -2.0 0.0 0.0 -1.0 -1.0 -4.0 -4.0 -3.0 -4.0 -3.0 -4.0 0.0 0.0 0.0 130.0 0.0 -3.0 -2.0 0.0 -3.0 -4.0 -4.0 -3.0 0.0 -1.0 -3.0 -2.0 -2.0 -3.0 -3.0 -4.0 -3.0 -2.0 0.0 -2.0 -4.0 -4.0 -4.0 -1.0 0.0 -3.0 0.0 0.0 -3.0 0.0 -3.0 -1.0 -1.0 -2.0 -3.0 -3.0 -4.0 -2.0 -2.0 -4.0 -4.0 -3.0 -2.0 0.0 0.0 -2.0 -2.0 
-3.0 -1.0 -2.0 -3.0 -1.0 -1.0 0.0 -2.0 0.0 -4.0 -3.0 -3.0 -1.0 0.0 -3.0 -1.0 0.0 0.0 123.0 -4.0 -1.0 -2.0 -3.0 -4.0 -1.0 -1.0 0.0 -1.0 -4.0 -4.0 -1.0 0.0 -3.0 -2.0 -4.0 0.0 -2.0 -2.0 -4.0 -4.0 -4.0 -4.0 -1.0 -1.0 0.0 0.0 -4.0 -2.0 -4.0 -1.0 -2.0 -4.0 -2.0 -3.0 -3.0 -3.0 -1.0 -4.0 -1.0 0.0 0.0 0.0 -1.0 -1.0 -2.0 
-2.0 -4.0 0.0 -4.0 -4.0 -3.0 0.0 -4.0 -1.0 -3.0 -4.0 -4.0 -4.0 -1.0 0.0 0.0 -1.0 -4.0 -2.0 129.0 0.0 0.0 -4.0 -4.0 -3.0 -1.0 -1.0 -3.0 -3.0 -1.0 0.0 -2.0 -4.0 0.0 -4.0 -4.0 0.0 -2.0 -2.0 -3.0 -2.0 -2.0 -1.0 -4.0 -1.0 -2.0 0.0 -1.0 -3.0 -2.0 0.0 0.0 0.0 0.0 -1.0 -4.0 -2.0 -1.0 -3.0 0.0 -2.0 -2.0 -4.0 -4.0 -2.0 
-3.0 0.0 -3.0 -2.0 -2.0 -2.0 0.0 -4.0 -4.0 -1.0 -4.0 -4.0 0.0 -4.0 -1.0 -2.0 -1.0 0.0 -2.0 -4.0 131.0 0.0 -3.0 -3.0 -4.0 -3.0 -3.0 -4.0 0.0 -2.0 -3.0 0.0 -3.0 -4.0 -3.0 -2.0 -2.0 -2.0 -3.0 -3.0 -3.0 -1.0 -1.0 0.0 0.0 0.0 -1.0 -1.0 -2.0 -2.0 -4.0 -1.0 -2.0 -2.0 0.0 -4.0 -4.0 -3.0 0.0 0.0 -4.0 -1.0 -1.0 -1.0 -3.0 
0.0 -1.0 -2.0 -3.0 -2.0 0.0 -4.0 -3.0 0.0 -1.0 -1.0 -1.0 -3.0 -1.0 0.0 -3.0 -1.0 -2.0 -4.0 0.0 -4.0 128.0 -2.0 0.0 0.0 -3.0 -2.0 -3.0 -3.0 -3.0 -1.0 -4.0 -3.0 -2.0 -4.0 -4.0 -4.0 -2.0 0.0 -4.0 0.0 -1.0 -1.0 -4.0 -1.0 -4.0 0.0 0.0 -4.0 -2.0 -1.0 -4.0 -1.0 -3.0 -4.0 -3.0 -4.0 0.0 -1.0 -3.0 0.0 -3.0 -2.0 0.0 -2.0 
-1.0 -4.0 -3.0 -3.0 -3.0 -3.0 -1.0 -4.0 0.0 0.0 -1.0 -2.0 0.0 -1.0 0.0 -4.0 0.0 -1.0 0.0 -4.0 0.0 -2.0 113.0 -4.0 -4.0 -4.0 -1.0 -2.0 -1.0 -4.0 -1.0 0.0 0.0 -4.0 -2.0 0.0 -2.0 -2.0 0.0 -2.0 -1.0 0.0 -4.0 -2.0 -1.0 0.0 -4.0 -1.0 0.0 -4.0 -4.0 -1.0 -1.0 -4.0 0.0 0.0 -4.0 -2.0 0.0 -1.0 -2.0 -2.0 -1.0 -3.0 -1.0 
-2.0 -3.0 -3.0 0.0 0.0 -4.0 -4.0 0.0 -2.0 -2.0 -4.0 -4.0 -1.0 -3.0 0.0 -4.0 -4.0 -4.0 -4.0 -3.0 -3.0 -4.0 -3.0 150.0 0.0 -3.0 -1.0 -4.0 -3.0 0.0 -1.0 -3.0 -4.0 -4.0 -2.0 0.0 -4.0 -3.0 -3.0 -1.0 -1.0 -3.0 -3.0 -3.0 0.0 -3.0 -4.0 0.0 0.0 -2.0 0.0 -2.0 -3.0 -4.0 -3.0 -4.0 0.0 0.0 0.0 -2.0 -3.0 -3.0 -2.0 -4.0 -4.0 
-4.0 -2.0 -3.0 -4.0 -1.0 0.0 0.0 -2.0 -1.0 -1.0 -1.0 -2.0 0.0 -1.0 -1.0 -2.0 -3.0 -2.0 -2.0 -4.0 -2.0 -4.0 -2.0 -3.0 125.0 -3.0 0.0 -4.0 -1.0 -2.0 -4.0 -2.0 -1.0 -1.0 0.0 -2.0 -3.0 -4.0 -1.0 -2.0 -1.0 0.0 -3.0 -4.0 0.0 -2.0 -1.0 -4.0 -2.0 -1.0 -1.0 -3.0 -3.0 0.0 -4.0 -3.0 -2.0 -3.0 -1.0 -4.0 -2.0 0.0 -3.0 -1.0 0.0 
-4.0 -1.0 -3.0 -2.0 -1.0 -1.0 -2.0 -1.0 -1.0 -1.0 -1.0 -4.0 -2.0 -4.0 0.0 -4.0 -2.0 -1.0 -4.0 -4.0 -3.0 -4.0 -1.0 0.0 0.0 134.0 0.0 0.0 0.0 -2.0 -3.0 -3.0 -2.0 -2.0 0.0 -3.0 -4.0 -1.0 -1.0 -4.0 -2.0 -4.0 -1.0 -1.0 -1.0 0.0 -1.0 -3.0 0.0 -4.0 0.0 -2.0 -3.0 -3.0 -4.0 -2.0 -3.0 -4.0 -4.0 -2.0 -4.0 -4.0 -3.0 -3.0 0.0 
-4.0 0.0 -2.0 -1.0 -1.0 -3.0 -4.0 0.0 0.0 0.0 -3.0 -2.0 -2.0 0.0 -1.0 0.0 -4.0 -1.0 -1.0 0.0 -4.0 -1.0 -4.0 -4.0 -2.0 -3.0 114.0 0.0 -1.0 0.0 -3.0 -3.0 -2.0 -2.0 -3.0 -1.0 -3.0 0.0 -2.0 -2.0 0.0 -2.0 -2.0 -2.0 -4.0 -1.0 -1.0 0.0 0.0 -3.0 -4.0 -2.0 -1.0 -4.0 -3.0 -2.0 -1.0 -2.0 -1.0 -1.0 -1.0 -1.0 -2.0 -3.0 -2.0 
-3.0 -3.0 -4.0 -1.0 0.0 -3.0 -1.0 -3.0 -4.0 0.0 -4.0 -3.0 -1.0 -3.0 -1.0 -1.0 0.0 -2.0 0.0 0.0 -2.0 -4.0 -3.0 -2.0 0.0 -1.0 -3.0 126.0 -2.0 -3.0 -4.0 -1.0 -3.0 -2.0 -4.0 0.0 -4.0 -3.0 -2.0 -2.0 0.0 -1.0 -3.0 -1.0 -1.0 -4.0 -3.0 -1.0 -1.0 0.0 -3.0 -1.0 -1.0 -1.0 -2.0 -1.0 -3.0 0.0 -4.0 -2.0 -1.0 -3.0 -2.0 -3.0 -2.0 
-2.0 -4.0 -4.0 -1.0 -3.0 -2.0 -3.0 -3.0 -4.0 -1.0 -2.0 -4.0 0.0 -4.0 -1.0 -1.0 0.0 -4.0 0.0 0.0 0.0 -4.0 -4.0 -3.0 0.0 -4.0 -3.0 -4.0 139.0 -1.0 0.0 -2.0 -3.0 0.0 0.0 -4.0 -2.0 -2.0 -4.0 -3.0 -3.0 -1.0 -4.0 -2.0 -1.0 0.0 -4.0 -2.0 0.0 -4.0 -4.0 -4.0 -1.0 -2.0 -4.0 -1.0 -2.0 -1.0 -4.0 -1.0 -3.0 -1.0 -2.0 -1.0 -1.0 
-4.0 -2.0 -4.0 -2.0 0.0 -3.0 -2.0 -2.0 0.0 -2.0 0.0 0.0 -3.0 -4.0 -1.0 -3.0 -2.0 0.0 -3.0 -1.0 -4.0 -3.0 -2.0 -3.0 -2.0 0.0 -1.0 -2.0 -1.0 135.0 -1.0 -1.0 -4.0 -3.0 -2.0 -2.0 -2.0 -4.0 0.0 0.0 -4.0 0.0 0.0 0.0 -2.0 0.0 -1.0 -4.0 0.0 -4.0 -3.0 -4.0 -3.0 -3.0 -3.0 -3.0 0.0 -3.0 -3.0 -3.0 -4.0 -3.0 -4.0 -3.0 -3.0 
-2.0 0.0 -4.0 -2.0 -3.0 -3.0 0.0 -3.0 0.0 0.0 -3.0 -2.0 0.0 -1.0 -1.0 -4.0 -2.0 -2.0 -2.0 0.0 -2.0 -1.0 0.0 -4.0 -3.0 -2.0 -4.0 -2.0 0.0 0.0 125.0 0.0 0.0 0.0 -4.0 -1.0 -4.0 -4.0 -1.0 -3.0 0.0 -4.0 -3.0 -1.0 0.0 -2.0 -4.0 -4.0 -1.0 -3.0 -3.0 -3.0 -4.0 -4.0 -1.0 -2.0 -1.0 -2.0 -4.0 -3.0 -2.0 -2.0 -2.0 0.0 -1.0 
-1.0 -2.0 -1.0 -2.0 -1.0 0.0 -2.0 -4.0 -4.0 -4.0 -1.0 0.0 -3.0 -2.0 -2.0 -4.0 -2.0 -1.0 -3.0 0.0 -4.0 0.0 0.0 0.0 0.0 0.0 -3.0 -4.0 -2.0 -3.0 -1.0 126.0 -2.0 -2.0 -1.0 0.0 0.0 -4.0 -1.0 0.0 -1.0 -3.0 0.0 -1.0 -2.0 -4.0 -3.0 -1.0 -4.0 -2.0 -4.0 -4.0 -3.0 -2.0 0.0 -4.0 -1.0 -3.0 -1.0 -2.0 -3.0 -4.0 -4.0 -1.0 -3.0 
-4.0 -3.0 -2.0 -1.0 0.0 -3.0 0.0 -1.0 -4.0 -1.0 -2.0 -1.0 -1.0 -3.0 -4.0 -4.0 -3.0 -1.0 -3.0 -3.0 -3.0 -1.0 -1.0 0.0 -3.0 -3.0 0.0 -2.0 -4.0 -4.0 -4.0 0.0 120.0 -1.0 -1.0 -1.0 -3.0 -3.0 -2.0 -1.0 -3.0 -2.0 0.0 -2.0 0.0 -2.0 -4.0 -2.0 -1.0 -1.0 -2.0 -1.0 -4.0 0.0 -2.0 -1.0 0.0 0.0 -1.0 -3.0 -4.0 0.0 0.0 -3.0 -1.0 
-3.0 -1.0 0.0 -3.0 -1.0 -1.0 0.0 -4.0 -2.0 -2.0 0.0 0.0 -3.0 -4.0 0.0 0.0 -3.0 -4.0 -3.0 -1.0 0.0 -4.0 -2.0 -1.0 -1.0 0.0 -4.0 -2.0 -2.0 -1.0 -2.0 -1.0 -2.0 114.0 -4.0 0.0 -2.0 -2.0 -3.0 -3.0 -2.0 -3.0 -1.0 -1.0 -4.0 -3.0 -2.0 0.0 -2.0 -2.0 -3.0 -1.0 -1.0 -2.0 -1.0 -3.0 -2.0 -2.0 -1.0 -2.0 -1.0 -2.0 -1.0 -1.0 0.0 
-2.0 -4.0 -2.0 0.0 -2.0 -3.0 0.0 -1.0 -3.0 0.0 -4.0 0.0 -3.0 0.0 -1.0 -1.0 -1.0 -4.0 -2.0 -4.0 -1.0 0.0 -4.0 -4.0 -2.0 -1.0 -2.0 -4.0 -1.0 0.0 -2.0 -3.0 0.0 0.0 124.0 -3.0 0.0 -3.0 0.0 -1.0 -4.0 -3.0 -2.0 -1.0 -4.0 -4.0 -4.0 -1.0 -3.0 -1.0 -3.0 0.0 -1.0 -2.0 -1.0 -2.0 -1.0 -4.0 -3.0 -3.0 -1.0 -1.0 -1.0 -4.0 -2.0 
-3.0 -1.0 -2.0 -2.0 -4.0 -1.0 -2.0 -1.0 -4.0 -3.0 -2.0 0.0 -4.0 -3.0 -3.0 -4.0 -4.0 -1.0 -1.0 -2.0 -4.0 -2.0 -4.0 -4.0 -1.0 -3.0 -3.0 0.0 -4.0 0.0 -3.0 -3.0 -2.0 0.0 -2.0 141.0 0.0 -2.0 -1.0 -1.0 -1.0 -1.0 -2.0 -1.0 -3.0 -4.0 -2.0 -3.0 -2.0 -4.0 0.0 0.0 -4.0 -1.0 -4.0 -4.0 -2.0 0.0 0.0 -2.0 -4.0 -4.0 -3.0 0.0 -4.0 
-1.0 -1.0 -2.0 -3.0 -3.0 -3.0 -4.0 -3.0 -2.0 -2.0 0.0 -1.0 -1.0 -4.0 -1.0 0.0 -3.0 -4.0 0.0 -1.0 -1.0 -3.0 -3.0 -4.0 -1.0 -3.0 -3.0 -2.0 -4.0 0.0 -3.0 -2.0 -4.0 -2.0 0.0 -1.0 135.0 -3.0 -2.0 -1.0 -4.0 -1.0 -3.0 -3.0 -2.0 -2.0 -3.0 -4.0 0.0 -3.0 0.0 -1.0 -4.0 -4.0 -4.0 0.0 -4.0 -1.0 -3.0 -1.0 0.0 -3.0 -2.0 -2.0 0.0 
-1.0 -3.0 0.0 -1.0 -1.0 -4.0 -4.0 -1.0 -2.0 0.0 -2.0 -4.0 -4.0 -3.0 -3.0 -3.0 -3.0 0.0 0.0 -3.0 -2.0 -2.0 -4.0 -2.0 0.0 0.0 -3.0 0.0 -3.0 -2.0 0.0 -1.0 -1.0 0.0 -2.0 -1.0 -2.0 117.0 -4.0 -2.0 -2.0 -1.0 0.0 -2.0 -2.0 -1.0 0.0 -3.0 0.0 0.0 -4.0 -1.0 -2.0 -4.0 -3.0 -4.0 -3.0 -2.0 0.0 -3.0 -3.0 0.0 -1.0 -2.0 -1.0 
-1.0 -2.0 0.0 0.0 -2.0 -4.0 -1.0 -3.0 -4.0 -1.0 -4.0 -2.0 -4.0 0.0 -4.0 -3.0 0.0 -3.0 0.0 0.0 -3.0 -3.0 -1.0 -1.0 0.0 -1.0 0.0 0.0 -4.0 -3.0 -1.0 -2.0 -4.0 -2.0 -2.0 -1.0 -3.0 0.0 119.0 -4.0 -4.0 -1.0 -2.0 -2.0 -1.0 0.0 -4.0 -2.0 -2.0 0.0 -3.0 -1.0 -2.0 -3.0 -1.0 -3.0 -1.0 0.0 -4.0 -3.0 -4.0 0.0 0.0 -3.0 0.0 
0.0 -2.0 -4.0 -2.0 -1.0 -2.0 -3.0 -2.0 0.0 -4.0 0.0 -1.0 -3.0 0.0 0.0 -2.0 -3.0 -1.0 -1.0 -4.0 -3.0 -2.0 -1.0 -4.0 -3.0 0.0 -4.0 -3.0 -2.0 -1.0 0.0 -4.0 -4.0 0.0 0.0 -3.0 -2.0 -2.0 -3.0 113.0 -4.0 0.0 -1.0 -2.0 -2.0 0.0 -4.0 0.0 -1.0 -2.0 0.0 -4.0 -1.0 -3.0 0.0 -2.0 0.0 0.0 -3.0 -2.0 -1.0 -2.0 -1.0 -1.0 -1.0 
-1.0 -1.0 -1.0 -1.0 0.0 0.0 -4.0 -3.0 -3.0 -4.0 -3.0 -3.0 -1.0 -3.0 -4.0 -4.0 0.0 -3.0 -4.0 -4.0 -1.0 -3.0 0.0 -2.0 -1.0 -3.0 -4.0 0.0 -4.0 -4.0 -1.0 0.0 -4.0 -3.0 -4.0 -4.0 -2.0 -4.0 -4.0 -2.0 138.0 0.0 0.0 -1.0 -3.0 -2.0 -2.0 -1.0 -3.0 0.0 -2.0 -4.0 -2.0 -4.0 -3.0 -1.0 -2.0 -1.0 -1.0 -4.0 -1.0 0.0 0.0 -4.0 0.0 
0.0 -1.0 0.0 -2.0 -2.0 -4.0 -3.0 -2.0 -3.0 -2.0 -2.0 -3.0 -2.0 0.0 -3.0 -1.0 -1.0 0.0 -3.0 -2.0 -2.0 -1.0 -2.0 -2.0 -1.0 0.0 -4.0 -1.0 -1.0 0.0 -4.0 -4.0 0.0 -1.0 -1.0 0.0 -3.0 0.0 -3.0 -4.0 -3.0 122.0 0.0 -4.0 -2.0 -1.0 -3.0 -4.0 -3.0 -1.0 -3.0 0.0 -4.0 0.0 -3.0 -3.0 -2.0 -2.0 -3.0 -3.0 0.0 -2.0 -2.0 -2.0 -2.0 
0.0 0.0 -2.0 -3.0 -4.0 0.0 -2.0 -4.0 -2.0 0.0 -2.0 0.0 -2.0 -2.0 -2.0 0.0 -4.0 -3.0 -4.0 0.0 -2.0 -3.0 -2.0 -2.0 -3.0 -1.0 -2.0 0.0 0.0 0.0 0.0 -2.0 -1.0 -1.0 -2.0 -1.0 0.0 -4.0 0.0 0.0 -1.0 0.0 103.0 0.0 -1.0 -2.0 -1.0 -2.0 0.0 -3.0 0.0 -1.0 -2.0 -4.0 -3.0 -4.0 -3.0 -2.0 -1.0 -1.0 -2.0 -1.0 -3.0 -2.0 -2.0 
-4.0 -1.0 -2.0 -2.0 -1.0 -2.0 -3.0 -2.0 -4.0 -2.0 -1.0 -2.0 -1.0 0.0 -4.0 -3.0 -1.0 -1.0 -2.0 -3.0 -1.0 -2.0 -2.0 0.0 -1.0 -1.0 -1.0 0.0 -1.0 -4.0 -1.0 -4.0 0.0 -3.0 -3.0 0.0 -2.0 -2.0 -2.0 -3.0 -1.0 0.0 -3.0 111.0 -2.0 -2.0 -4.0 -3.0 0.0 0.0 -3.0 -1.0 -2.0 -3.0 -2.0 0.0 -1.0 0.0 -1.0 -3.0 -1.0 0.0 -2.0 -3.0 0.0 
-3.0 -4.0 -1.0 -4.0 0.0 -4.0 -1.0 -4.0 -4.0 -4.0 -3.0 -2.0 0.0 -2.0 -1.0 -4.0 -4.0 -4.0 -1.0 -3.0 -3.0 -4.0 -2.0 0.0 -3.0 0.0 -2.0 0.0 -3.0 -1.0 -1.0 -4.0 -1.0 0.0 -1.0 -4.0 -2.0 -4.0 -3.0 -3.0 -1.0 0.0 0.0 -1.0 136.0 0.0 -4.0 0.0 -2.0 -2.0 0.0 -2.0 -4.0 0.0 -4.0 -3.0 -3.0 -1.0 -4.0 -3.0 -3.0 -3.0 -1.0 -1.0 0.0 
-1.0 -2.0 0.0 -2.0 0.0 -2.0 -1.0 -3.0 0.0 0.0 -3.0 -4.0 -4.0 0.0 -3.0 0.0 -4.0 -1.0 0.0 0.0 -1.0 -4.0 -2.0 -4.0 0.0 -2.0 -4.0 0.0 0.0 -1.0 0.0 -4.0 -3.0 -1.0 -2.0 -4.0 -1.0 -4.0 -3.0 -2.0 -1.0 -3.0 -2.0 -4.0 -1.0 119.0 -4.0 -4.0 -4.0 -2.0 -2.0 -3.0 -2.0 -1.0 0.0 0.0 0.0 0.0 -2.0 -2.0 -4.0 -3.0 0.0 0.0 -3.0 
-4.0 0.0 -4.0 -1.0 -1.0 -1.0 -2.0 -4.0 -3.0 -2.0 -4.0 -4.0 -4.0 -1.0 -1.0 -2.0 0.0 -3.0 0.0 -3.0 -4.0 -3.0 0.0 -3.0 -3.0 -3.0 -3.0 -2.0 -2.0 -3.0 -4.0 -3.0 -1.0 -1.0 0.0 -3.0 -4.0 -3.0 -2.0 -4.0 0.0 -4.0 -1.0 -1.0 0.0 0.0 130.0 0.0 0.0 -2.0 -1.0 0.0 0.0 -2.0 -3.0 -2.0 -1.0 -4.0 0.0 -4.0 -4.0 -1.0 -2.0 -3.0 0.0 
0.0 -3.0 -2.0 -2.0 0.0 -2.0 -1.0 -4.0 -2.0 -4.0 -4.0 -3.0 -2.0 -2.0 -4.0 -2.0 -2.0 0.0 -2.0 -1.0 -4.0 -2.0 -3.0 -2.0 0.0 -3.0 -2.0 -4.0 -2.0 -1.0 -3.0 -2.0 -3.0 -2.0 -1.0 -2.0 0.0 -4.0 -2.0 -2.0 -1.0 -1.0 -3.0 -3.0 -2.0 -3.0 -1.0 131.0 -1.0 -3.0 0.0 -2.0 -4.0 -4.0 -3.0 -2.0 -4.0 0.0 0.0 -2.0 0.0 0.0 0.0 -2.0 -4.0 
-4.0 -1.0 -1.0 -4.0 -1.0 -3.0 -1.0 -3.0 -1.0 -4.0 -4.0 -2.0 -3.0 -2.0 -4.0 -2.0 0.0 -4.0 0.0 -1.0 -4.0 -2.0 -1.0 -4.0 -4.0 -2.0 -2.0 -3.0 -4.0 -2.0 -1.0 -4.0 -4.0 -1.0 0.0 -2.0 -3.0 -4.0 0.0 -2.0 -1.0 -4.0 -4.0 0.0 -4.0 0.0 -1.0 0.0 148.0 -3.0 -4.0 -4.0 -4.0 -2.0 -1.0 -2.0 -3.0 -4.0 -4.0 -3.0 -2.0 -1.0 -2.0 -1.0 0.0 
0.0 0.0 -1.0 -1.0 -4.0 -3.0 -4.0 -1.0 -1.0 -1.0 -3.0 0.0 -4.0 -4.0 -3.0 -3.0 -4.0 -2.0 -3.0 0.0 -3.0 -4.0 0.0 -4.0 -1.0 -4.0 0.0 -1.0 -2.0 -2.0 -1.0 -1.0 0.0 -4.0 0.0 -3.0 -2.0 0.0 -1.0 -1.0 0.0 -2.0 -1.0 -2.0 -1.0 -1.0 -1.0 -1.0 -1.0 128.0 -4.0 -3.0 -2.0 -3.0 -3.0 -1.0 -3.0 -2.0 -2.0 -4.0 -2.0 -3.0 -4.0 -3.0 -3.0 
0.0 -3.0 -3.0 0.0 0.0 -4.0 -2.0 -1.0 -1.0 0.0 -1.0 -4.0 0.0 -4.0 -1.0 -2.0 -1.0 -2.0 0.0 -2.0 -1.0 0.0 0.0 -4.0 -4.0 -1.0 -1.0 0.0 -4.0 -4.0 -2.0 0.0 -3.0 -2.0 -4.0 -4.0 -4.0 -3.0 -2.0 -4.0 -3.0 -3.0 -2.0 -3.0 -2.0 -4.0 -2.0 -1.0 0.0 -2.0 128.0 -4.0 -2.0 -2.0 -2.0 -2.0 -1.0 0.0 -3.0 -3.0 -3.0 -1.0 -2.0 -2.0 -1.0 
-4.0 -4.0 -4.0 -2.0 -3.0 0.0 -2.0 -1.0 -1.0 -2.0 -1.0 -3.0 -2.0 -1.0 -2.0 -1.0 -3.0 0.0 0.0 -3.0 -1.0 -2.0 -4.0 -4.0 -3.0 0.0 -4.0 -1.0 -2.0 0.0 0.0 -2.0 -4.0 -1.0 -1.0 0.0 0.0 -4.0 -4.0 -4.0 -3.0 -2.0 -4.0 -3.0 0.0 -3.0 -2.0 -1.0 -1.0 0.0 -1.0 122.0 -1.0 -1.0 0.0 -3.0 0.0 -3.0 -1.0 -4.0 -4.0 -2.0 0.0 0.0 -3.0 
-4.0 -3.0 0.0 -3.0 -1.0 -3.0 -4.0 0.0 -3.0 -1.0 -3.0 0.0 -3.0 -3.0 -4.0 -4.0 -2.0 0.0 -2.0 -3.0 -3.0 -4.0 -1.0 -4.0 -3.0 -3.0 -4.0 -2.0 0.0 -1.0 0.0 -2.0 -4.0 -4.0 -1.0 0.0 -3.0 -1.0 -1.0 -2.0 0.0 -2.0 -1.0 -2.0 -2.0 -4.0 -3.0 -4.0 0.0 0.0 -4.0 0.0 128.0 -4.0 -1.0 0.0 -1.0 -2.0 -1.0 0.0 -2.0 -4.0 0.0 -1.0 -1.0 
-2.0 -2.0 -3.0 -1.0 -2.0 -1.0 -4.0 -2.0 0.0 -1.0 -3.0 -3.0 0.0 -2.0 -3.0 -3.0 -3.0 -1.0 -1.0 -3.0 0.0 -1.0 -1.0 -4.0 -3.0 0.0 -1.0 0.0 0.0 -3.0 -4.0 -3.0 0.0 -3.0 -3.0 0.0 -4.0 -2.0 -4.0 -2.0 -1.0 -2.0 -1.0 -3.0 -1.0 -2.0 -3.0 0.0 0.0 0.0 -2.0 -1.0 0.0 107.0 -2.0 0.0 0.0 -1.0 0.0 -1.0 0.0 -2.0 -1.0 -2.0 -4.0 
-4.0 0.0 -4.0 0.0 -3.0 0.0 -2.0 0.0 -2.0 -1.0 0.0 -2.0 0.0 -1.0 -3.0 -2.0 -2.0 0.0 -2.0 -3.0 0.0 -3.0 0.0 0.0 -2.0 0.0 0.0 -4.0 -1.0 0.0 -3.0 -3.0 -3.0 -3.0 -1.0 -2.0 0.0 0.0 0.0 -1.0 -3.0 -4.0 -3.0 -1.0 -2.0 -3.0 0.0 -3.0 -3.0 0.0 0.0 -2.0 0.0 -1.0 98.0 -1.0 0.0 -4.0 0.0 -4.0 -3.0 -3.0 0.0 -1.0 0.0 
-1.0 -4.0 -1.0 -2.0 0.0 0.0 -2.0 -4.0 0.0 -4.0 -4.0 -4.0 -3.0 0.0 -4.0 -4.0 0.0 -1.0 -4.0 -3.0 -2.0 -3.0 -4.0 -2.0 0.0 0.0 -1.0 -4.0 -2.0 -3.0 0.0 -3.0 -1.0 0.0 -4.0 -3.0 -3.0 -1.0 -3.0 -2.0 -4.0 -3.0 0.0 0.0 -2.0 -3.0 -3.0 -1.0 -4.0 -3.0 -1.0 -4.0 -3.0 -3.0 -1.0 134.0 -3.0 -4.0 0.0 -1.0 -1.0 0.0 0.0 -1.0 -3.0 
-4.0 0.0 -4.0 -2.0 0.0 -3.0 -1.0 -3.0 -2.0 -2.0 -3.0 -3.0 -4.0 -4.0 -1.0 -2.0 0.0 -4.0 -2.0 -4.0 -2.0 -1.0 -4.0 -2.0 -1.0 -3.0 -2.0 -3.0 -3.0 -2.0 -4.0 -3.0 -3.0 -1.0 -2.0 -2.0 0.0 -3.0 -1.0 -3.0 -2.0 -3.0 -3.0 -3.0 -4.0 -3.0 -4.0 -4.0 0.0 -1.0 -2.0 0.0 -2.0 -4.0 0.0 -4.0 153.0 0.0 -3.0 -4.0 -1.0 -3.0 -4.0 -2.0 -4.0 
-2.0 -2.0 -3.0 -3.0 -3.0 -2.0 -4.0 -3.0 -4.0 -4.0 -1.0 0.0 -1.0 -4.0 0.0 -3.0 -3.0 -1.0 -3.0 -4.0 -1.0 -3.0 0.0 -1.0 -4.0 -1.0 0.0 0.0 -3.0 -3.0 -3.0 -2.0 -1.0 -3.0 -2.0 -3.0 -2.0 -4.0 -4.0 -2.0 -3.0 0.0 -4.0 -2.0 -4.0 -1.0 -1.0 -3.0 0.0 0.0 0.0 -4.0 -2.0 -2.0 -1.0 -1.0 -3.0 133.0 -2.0 0.0 -3.0 -2.0 -1.0 -2.0 0.0 
-4.0 -1.0 0.0 -1.0 0.0 -1.0 -1.0 -1.0 0.0 -3.0 -4.0 -2.0 -3.0 0.0 -4.0 -1.0 -2.0 -2.0 0.0 -1.0 -2.0 -1.0 -1.0 -3.0 -2.0 -2.0 0.0 -2.0 -1.0 -4.0 -1.0 -2.0 -2.0 -2.0 -1.0 0.0 -1.0 -4.0 -4.0 -4.0 -1.0 -2.0 -3.0 -3.0 -2.0 -4.0 -3.0 -2.0 -3.0 0.0 -1.0 -4.0 -2.0 0.0 0.0 -3.0 -2.0 -4.0 120.0 -1.0 -3.0 -1.0 -3.0 -2.0 -1.0 
-2.0 -4.0 -3.0 -1.0 0.0 -1.0 -3.0 0.0 -1.0 -3.0 -3.0 -2.0 -3.0 -1.0 0.0 -1.0 0.0 -4.0 -4.0 0.0 -2.0 0.0 -3.0 -1.0 -4.0 -4.0 0.0 0.0 -2.0 0.0 -2.0 0.0 -4.0 -2.0 0.0 -4.0 -2.0 -2.0 0.0 -1.0 -3.0 -3.0 0.0 -3.0 -2.0 -4.0 -3.0 -2.0 0.0 0.0 -2.0 -3.0 -2.0 -1.0 0.0 -3.0 -3.0 -1.0 -4.0 115.0 -1.0 -2.0 -1.0 -1.0 -2.0 
-4.0 -1.0 0.0 -1.0 -2.0 -1.0 0.0 -2.0 -3.0 0.0 -3.0 -2.0 -4.0 -2.0 -3.0 -4.0 -4.0 -3.0 0.0 -4.0 -4.0 -3.0 -3.0 -4.0 -2.0 -1.0 -2.0 -1.0 -1.0 0.0 0.0 0.0 -1.0 -1.0 -3.0 -2.0 -3.0 -2.0 -2.0 0.0 -1.0 -4.0 -3.0 0.0 -4.0 -1.0 -3.0 -2.0 -4.0 -3.0 -4.0 -2.0 -2.0 -1.0 -4.0 -4.0 -1.0 -1.0 -2.0 -3.0 132.0 0.0 -1.0 -1.0 -3.0 
-1.0 0.0 -4.0 -1.0 0.0 -4.0 -2.0 -4.0 -2.0 -3.0 -1.0 -4.0 -3.0 -4.0 -1.0 -2.0 -1.0 -1.0 -1.0 -3.0 0.0 0.0 -4.0 -4.0 -4.0 -3.0 0.0 -2.0 -1.0 -3.0 -2.0 0.0 0.0 -3.0 -4.0 -4.0 -3.0 -3.0 -1.0 -2.0 -1.0 -2.0 0.0 -3.0 -4.0 -2.0 -3.0 -3.0 -3.0 -1.0 -2.0 -2.0 -3.0 0.0 -1.0 0.0 -1.0 -2.0 -4.0 0.0 -3.0 129.0 -3.0 0.0 -1.0 
-2.0 -2.0 -1.0 0.0 0.0 -3.0 0.0 -2.0 -3.0 -3.0 -2.0 -1.0 0.0 -1.0 -4.0 -2.0 -1.0 -2.0 -2.0 -3.0 -3.0 -3.0 0.0 -2.0 -3.0 -3.0 -2.0 -1.0 -4.0 0.0 -2.0 -1.0 -1.0 -3.0 0.0 0.0 -2.0 -4.0 -1.0 -4.0 -3.0 -1.0 -2.0 -4.0 -3.0 -1.0 -3.0 -3.0 -2.0 -2.0 -2.0 0.0 -1.0 -4.0 -2.0 -3.0 -4.0 -2.0 0.0 -2.0 -2.0 -4.0 127.0 -2.0 -2.0 
-1.0 -2.0 -2.0 0.0 -4.0 -1.0 -3.0 -2.0 -4.0 -1.0 -1.0 0.0 -2.0 -3.0 -3.0 -4.0 0.0 -2.0 -2.0 -3.0 0.0 0.0 -2.0 0.0 -3.0 0.0 0.0 -1.0 -2.0 -4.0 -4.0 -4.0 -4.0 -2.0 -2.0 -1.0 -1.0 -4.0 0.0 -3.0 -4.0 0.0 -1.0 -1.0 -2.0 0.0 -2.0 -3.0 -4.0 -2.0 -4.0 -3.0 -2.0 0.0 -1.0 -2.0 -4.0 -4.0 -4.0 -4.0 0.0 0.0 0.0 124.0 0.0 
-3.0 -3.0 0.0 -3.0 -3.0 -1.0 -1.0 -4.0 -4.0 -4.0 -2.0 -2.0 -3.0 -2.0 0.0 -4.0 -1.0 -1.0 -1.0 0.0 -1.0 -2.0 -1.0 -4.0 -2.0 -1.0 -3.0 -4.0 -1.0 -3.0 0.0 -3.0 0.0 -2.0 -4.0 -3.0 -3.0 -2.0 0.0 -2.0 -4.0 -2.0 0.0 -1.0 -3.0 -3.0 -1.0 0.0 -4.0 0.0 -2.0 -4.0 -1.0 -3.0 -3.0 -4.0 -1.0 -3.0 -4.0 -2.0 -3.0 -2.0 -2.0 -4.0 139.0 
-4609.064 -4499.0 -4000.0 -3648.0 -3808.0 -3387.0 -3221.0 -3994.0 -3501.0 -2546.0 -3181.0 -2428.0 -2618.0 -1842.0 -2133.0 -2907.0 -2370.0 -2151.0 -1790.0 -1440.0 -1388.0 -1603.0 -1034.0 -1255.0 -1026.0 -1216.0 -772.0 -551.0 -425.0 -718.0 -490.0 -433.0 302.0 146.0 124.0 524.0 584.0 684.0 751.0 1004.0 1277.0 922.0 1006.0 1471.0 1975.0 1421.0 2168.0 2160.0 2502.0 2032.0 2079.0 2545.0 3024.0 2596.0 2174.0 3260.0 3667.0 3732.0 2901.0 3159.0 3730.0 3938.0 3596.0 3856.0 4398.0 