231.886 -4.0 0.0 -4.0 0.0 -1.0 -4.0 -1.0 -1.0 0.0 -3.0 -2.0 0.0 0.0 -3.0 -3.0 -4.0 -1.0 -3.0 -1.0 0.0 0.0 0.0 -4.0 -1.0 0.0 -2.0 -2.0 -3.0 0.0 -1.0 -1.0 -4.0 -2.0 -2.0 -3.0 -4.0 -4.0 -4.0 0.0 -2.0 -3.0 -2.0 0.0 -1.0 -3.0 -1.0 -1.0 -4.0 -4.0 -4.0 0.0 -3.0 -2.0 0.0 -2.0 -4.0 -4.0 -1.0 -4.0 -3.0 -4.0 -3.0 -2.0 0.0 0.0 -2.0 -2.0 -1.0 -3.0 -1.0 -3.0 -4.0 -1.0 -3.0 0.0 0.0 -2.0 -1.0 -1.0 -1.0 -1.0 -4.0 -4.0 -3.0 -3.0 -4.0 -2.0 0.0 -2.0 -2.0 -1.0 -2.0 -2.0 -3.0 -3.0 -3.0 -2.0 -2.0 -2.0 -3.0 -1.0 0.0 -4.0 0.0 -3.0 -3.0 -2.0 -3.0 -3.0 -2.0 -1.0 -4.0 -2.0 -2.0 
0.0 238.0 -2.0 -1.0 -1.0 -1.0 -3.0 -1.0 -1.0 0.0 -2.0 -2.0 -4.0 -1.0 -2.0 -1.0 -3.0 0.0 -1.0 -2.0 -1.0 0.0 -4.0 -2.0 -4.0 -1.0 -4.0 0.0 -1.0 -2.0 -1.0 -3.0 -3.0 -1.0 -2.0 -4.0 -3.0 -2.0 -2.0 -1.0 -4.0 -1.0 0.0 -2.0 -3.0 -4.0 0.0 -1.0 -4.0 -3.0 -2.0 0.0 -4.0 -2.0 -2.0 -2.0 -4.0 -2.0 -2.0 -4.0 -3.0 0.0 -3.0 -2.0 -3.0 -2.0 -4.0 -1.0 -4.0 -3.0 -2.0 -4.0 0.0 -1.0 -2.0 -2.0 -3.0 0.0 -2.0 -1.0 0.0 -4.0 -4.0 -3.0 0.0 -1.0 -4.0 -3.0 -2.0 -4.0 -2.0 -1.0 0.0 -1.0 0.0 0.0 -4.0 -2.0 -1.0 -1.0 -3.0 -3.0 -4.0 -3.0 -4.0 -2.0 -3.0 -1.0 -3.0 -4.0 -4.0 -4.0 -4.0 -1.0 -1.0 
0.0 -4.0 198.0 0.0 -3.0 -2.0 0.0 -4.0 -3.0 0.0 -4.0 -4.0 0.0 0.0 -1.0 -2.0 -4.0 -4.0 -2.0 -4.0 0.0 -4.0 -2.0 -3.0 -2.0 -2.0 -2.0 0.0 0.0 -2.0 0.0 -4.0 -4.0 -1.0 0.0 -1.0 -1.0 -2.0 0.0 -2.0 -2.0 -1.0 0.0 0.0 -1.0 -4.0 0.0 -2.0 -1.0 0.0 0.0 -4.0 -4.0 -3.0 -3.0 -1.0 -4.0 -3.0 -2.0 0.0 -2.0 0.0 -1.0 -2.0 -3.0 0.0 0.0 0.0 -1.0 -3.0 -2.0 -3.0 -2.0 -2.0 -4.0 0.0 -1.0 0.0 -1.0 -1.0 -1.0 -1.0 0.0 -1.0 0.0 -2.0 -3.0 0.0 -1.0 -3.0 -3.0 -3.0 -2.0 0.0 0.0 -4.0 -1.0 -4.0 -4.0 -4.0 -4.0 -1.0 -1.0 0.0 -2.0 -2.0 -2.0 -3.0 0.0 -2.0 -1.0 -3.0 0.0 -3.0 -1.0 
-4.0 -3.0 -1.0 246.0 -1.0 0.0 -4.0 -2.0 -4.0 -1.0 -1.0 -1.0 0.0 -1.0 0.0 0.0 -2.0 -4.0 -3.0 0.0 -3.0 -3.0 -1.0 -3.0 -3.0 -4.0 -4.0 -3.0 -4.0 -2.0 -4.0 -4.0 -4.0 -2.0 -3.0 -3.0 -1.0 -4.0 0.0 0.0 -4.0 -4.0 -2.0 -3.0 -2.0 -2.0 -1.0 -1.0 -3.0 -3.0 0.0 -3.0 -4.0 -2.0 -4.0 -1.0 -3.0 -1.0 -4.0 -4.0 -3.0 0.0 -4.0 -4.0 -1.0 -2.0 -2.0 -1.0 0.0 -4.0 0.0 -3.0 -1.0 -1.0 -4.0 0.0 -2.0 -1.0 -4.0 -1.0 -1.0 -4.0 -1.0 -2.0 -4.0 0.0 -3.0 -3.0 -3.0 -3.0 0.0 0.0 -4.0 -3.0 -3.0 0.0 -2.0 -2.0 0.0 -1.0 -3.0 -2.0 -4.0 -4.0 -1.0 -1.0 -3.0 -1.0 0.0 -2.0 -2.0 -1.0 -1.0 -3.0 -3.0 
-3.0 -3.0 -4.0 -3.0 223.0 -3.0 -4.0 -2.0 -2.0 -1.0 -3.0 -3.0 -4.0 -3.0 -4.0 -4.0 0.0 -1.0 0.0 -1.0 -4.0 -1.0 -2.0 -1.0 -4.0 0.0 -2.0 0.0 0.0 -1.0 -1.0 0.0 -4.0 -1.0 -2.0 -2.0 -2.0 -1.0 -3.0 -2.0 -1.0 -1.0 -3.0 -1.0 -2.0 -2.0 -1.0 -1.0 -3.0 0.0 -1.0 -1.0 0.0 -4.0 0.0 -3.0 0.0 -4.0 -4.0 -2.0 -3.0 -1.0 0.0 -4.0 -3.0 -4.0 -3.0 -4.0 -1.0 -4.0 -3.0 -2.0 -4.0 -4.0 -1.0 0.0 -3.0 -1.0 -4.0 -1.0 -3.0 -1.0 0.0 -3.0 0.0 0.0 -2.0 0.0 -4.0 0.0 -3.0 -2.0 0.0 -1.0 -3.0 -2.0 -4.0 -2.0 0.0 0.0 -3.0 0.0 -3.0 -3.0 0.0 -4.0 -1.0 -2.0 -1.0 -4.0 -2.0 0.0 0.0 -1.0 -4.0 
-3.0 0.0 -2.0 -4.0 -4.0 233.0 -1.0 -4.0 0.0 -3.0 -3.0 -4.0 -2.0 -4.0 -2.0 0.0 -4.0 0.0 -1.0 0.0 0.0 -4.0 -3.0 0.0 -1.0 -4.0 -1.0 -2.0 -1.0 -4.0 -2.0 -3.0 -4.0 -2.0 -2.0 0.0 -4.0 -4.0 -1.0 -3.0 -1.0 -3.0 -4.0 -4.0 -3.0 -3.0 -4.0 -1.0 -2.0 -2.0 -1.0 -2.0 -3.0 -1.0 0.0 -3.0 0.0 -2.0 -2.0 0.0 0.0 -2.0 0.0 0.0 -4.0 -2.0 -1.0 -2.0 0.0 -4.0 0.0 -3.0 -2.0 -2.0 -2.0 -2.0 0.0 -1.0 -3.0 -2.0 -1.0 -2.0 -4.0 -3.0 -4.0 -1.0 -1.0 0.0 -4.0 -2.0 -1.0 0.0 -4.0 -4.0 -3.0 -4.0 -3.0 0.0 -2.0 -1.0 -2.0 -4.0 0.0 -2.0 -3.0 -2.0 -3.0 -3.0 -3.0 -1.0 -2.0 0.0 -1.0 -3.0 -1.0 
-2.0 0.0 -1.0 -2.0 -3.0 -3.0 237.0 -2.0 0.0 -1.0 -2.0 -4.0 -1.0 -2.0 -3.0 -2.0 0.0 -4.0 -3.0 -4.0 -4.0 -4.0 0.0 -4.0 -3.0 -1.0 -4.0 -4.0 -1.0 0.0 0.0 0.0 -4.0 -3.0 -3.0 -1.0 -1.0 -1.0 -3.0 -1.0 -1.0 -1.0 -4.0 -1.0 -2.0 0.0 0.0 0.0 -3.0 0.0 -4.0 -2.0 0.0 -3.0 -1.0 0.0 -2.0 -4.0 -3.0 -3.0 -2.0 -1.0 -4.0 -1.0 -2.0 -3.0 -2.0 -3.0 -4.0 -2.0 -4.0 -2.0 -2.0 -2.0 0.0 -3.0 -4.0 -4.0 -2.0 -1.0 -3.0 -3.0 -4.0 -4.0 -3.0 -2.0 -2.0 -2.0 -4.0 -1.0 -2.0 -4.0 -1.0 -2.0 0.0 -1.0 -3.0 -3.0 -2.0 -1.0 -1.0 0.0 -1.0 -4.0 -4.0 -3.0 -1.0 -3.0 -1.0 -1.0 -2.0 -2.0 0.0 -3.0 -1.0 
-2.0 -4.0 -3.0 0.0 -4.0 -3.0 -2.0 246.0 -3.0 -3.0 -4.0 -1.0 -1.0 -1.0 -1.0 -3.0 0.0 -3.0 -3.0 -4.0 -1.0 0.0 -4.0 -1.0 -1.0 -2.0 -1.0 -1.0 -3.0 -4.0 -4.0 -3.0 -4.0 -3.0 -2.0 -1.0 -2.0 -3.0 -3.0 -4.0 -2.0 0.0 -4.0 -2.0 -4.0 -2.0 -4.0 -1.0 -1.0 -4.0 -3.0 -2.0 0.0 -1.0 -2.0 -1.0 -1.0 -2.0 -2.0 -2.0 -1.0 -4.0 -2.0 -4.0 -4.0 -3.0 -3.0 0.0 -1.0 0.0 -3.0 -4.0 -3.0 -1.0 0.0 -2.0 -2.0 -4.0 0.0 -2.0 -1.0 -3.0 -3.0 0.0 -2.0 -2.0 -4.0 -3.0 0.0 0.0 0.0 -1.0 -2.0 0.0 -4.0 -3.0 -4.0 -2.0 0.0 -3.0 -2.0 -4.0 -3.0 -1.0 -4.0 -1.0 -3.0 -4.0 0.0 -3.0 -3.0 -3.0 0.0 -2.0 -1.0 
0.0 -2.0 -4.0 -3.0 -3.0 -2.0 -3.0 -2.0 245.0 -3.0 -1.0 -3.0 -1.0 0.0 -2.0 0.0 -1.0 -1.0 -2.0 -4.0 0.0 -4.0 -4.0 -4.0 -1.0 -3.0 -4.0 0.0 -2.0 0.0 -2.0 -2.0 -3.0 0.0 -2.0 -3.0 -1.0 -1.0 -2.0 0.0 0.0 -4.0 -1.0 -3.0 -2.0 -3.0 -2.0 0.0 -3.0 -3.0 -4.0 -4.0 -4.0 -3.0 -2.0 -4.0 -3.0 -3.0 -4.0 0.0 -3.0 -1.0 -4.0 -4.0 -2.0 0.0 -2.0 -1.0 -2.0 -2.0 -2.0 -1.0 -3.0 0.0 -1.0 -3.0 -1.0 -4.0 -3.0 -1.0 -3.0 0.0 -1.0 0.0 0.0 -4.0 -1.0 -4.0 -1.0 -4.0 -1.0 0.0 -3.0 -3.0 -1.0 -3.0 -4.0 -2.0 -4.0 -3.0 -2.0 -4.0 -4.0 -1.0 -4.0 -4.0 -2.0 0.0 -1.0 0.0 -4.0 0.0 -2.0 -4.0 -4.0 
-3.0 -4.0 -2.0 -1.0 -1.0 -1.0 -1.0 0.0 -4.0 232.0 -1.0 -3.0 -1.0 0.0 0.0 -2.0 -4.0 -1.0 -2.0 -2.0 -2.0 -2.0 0.0 -2.0 -2.0 -3.0 -2.0 -4.0 0.0 -2.0 -3.0 -4.0 -2.0 -4.0 -4.0 -3.0 -1.0 -1.0 -1.0 -3.0 -3.0 -2.0 -1.0 -3.0 0.0 -4.0 -3.0 -2.0 -4.0 -1.0 -3.0 -4.0 -4.0 -4.0 -2.0 0.0 0.0 -4.0 -4.0 -2.0 -2.0 -2.0 0.0 -4.0 0.0 -3.0 0.0 -4.0 0.0 -3.0 -4.0 -4.0 -1.0 -2.0 -1.0 0.0 -3.0 -4.0 -1.0 -3.0 -4.0 -4.0 -1.0 -3.0 -4.0 -3.0 0.0 -2.0 -2.0 -3.0 0.0 -1.0 0.0 0.0 -4.0 0.0 -2.0 -3.0 -1.0 0.0 -3.0 -4.0 -3.0 0.0 -2.0 -4.0 0.0 -2.0 0.0 -4.0 -1.0 0.0 0.0 -3.0 0.0 
0.0 -2.0 -4.0 -3.0 -4.0 -1.0 0.0 -1.0 -2.0 -1.0 226.0 -3.0 -3.0 -1.0 0.0 -3.0 0.0 0.0 -1.0 -4.0 0.0 -1.0 -1.0 -4.0 -1.0 -4.0 -2.0 -1.0 -2.0 -4.0 -1.0 0.0 -1.0 0.0 -4.0 -3.0 -3.0 -2.0 -2.0 -1.0 -1.0 -3.0 -1.0 0.0 -4.0 0.0 -4.0 -2.0 -1.0 0.0 0.0 0.0 -1.0 -3.0 -3.0 0.0 0.0 0.0 -3.0 -3.0 -4.0 -2.0 -2.0 -2.0 -2.0 -4.0 0.0 -3.0 -2.0 -4.0 -1.0 -4.0 -1.0 -2.0 -2.0 -4.0 -2.0 -4.0 -3.0 -2.0 -4.0 -1.0 -2.0 0.0 -4.0 0.0 -2.0 0.0 -3.0 -3.0 -3.0 -4.0 -4.0 0.0 -1.0 -4.0 -1.0 -1.0 -4.0 -3.0 -3.0 -4.0 -4.0 -4.0 -3.0 0.0 -1.0 -1.0 -1.0 -1.0 -1.0 -1.0 -1.0 -4.0 -4.0 
0.0 0.0 -3.0 0.0 -3.0 -2.0 -4.0 -2.0 -1.0 -3.0 -2.0 225.0 -1.0 0.0 0.0 -3.0 -3.0 0.0 -4.0 0.0 -3.0 0.0 -3.0 -1.0 -1.0 -4.0 -3.0 -3.0 -1.0 0.0 -3.0 -2.0 0.0 -1.0 -4.0 -4.0 -2.0 -1.0 0.0 -2.0 -2.0 -2.0 -1.0 -4.0 0.0 -3.0 -1.0 -4.0 -2.0 0.0 0.0 -2.0 -3.0 0.0 -4.0 -2.0 0.0 -2.0 -4.0 -2.0 0.0 -3.0 -2.0 -2.0 0.0 -2.0 -4.0 0.0 -3.0 -3.0 -1.0 -3.0 -3.0 -2.0 -2.0 -2.0 -2.0 0.0 -4.0 -4.0 0.0 -4.0 -1.0 -3.0 -2.0 -2.0 -4.0 -2.0 0.0 -4.0 -3.0 -1.0 0.0 -2.0 -4.0 0.0 -3.0 -4.0 -4.0 -4.0 -4.0 -2.0 0.0 -3.0 -1.0 -3.0 -4.0 0.0 -2.0 -2.0 -1.0 -2.0 -2.0 -2.0 -1.0 
-2.0 0.0 -3.0 -3.0 -3.0 -1.0 0.0 0.0 -2.0 0.0 -3.0 0.0 209.0 -3.0 -2.0 0.0 -3.0 0.0 -2.0 -2.0 -3.0 0.0 -2.0 -1.0 -3.0 -3.0 -2.0 -1.0 -4.0 -2.0 -1.0 -4.0 -1.0 0.0 -1.0 -1.0 -3.0 -2.0 0.0 -2.0 -2.0 -4.0 -4.0 -2.0 0.0 -3.0 -1.0 0.0 -4.0 0.0 -3.0 -1.0 -3.0 -2.0 -2.0 0.0 -2.0 -2.0 -3.0 -2.0 -4.0 0.0 -2.0 -2.0 -1.0 -2.0 -1.0 -2.0 -2.0 -3.0 -4.0 0.0 0.0 -4.0 -1.0 -1.0 -3.0 -2.0 -2.0 -4.0 -2.0 -1.0 0.0 -3.0 -1.0 -2.0 -3.0 -1.0 0.0 -2.0 -2.0 -2.0 0.0 0.0 -3.0 -4.0 0.0 0.0 -3.0 -1.0 -3.0 -3.0 -3.0 -1.0 -2.0 -3.0 -3.0 -3.0 -2.0 -2.0 -1.0 -2.0 0.0 -2.0 -4.0 
-4.0 -3.0 -4.0 0.0 -3.0 -2.0 -1.0 -4.0 -2.0 -4.0 0.0 -3.0 -4.0 253.0 -3.0 -3.0 -3.0 -3.0 -1.0 -4.0 -1.0 -3.0 -4.0 -3.0 -4.0 -4.0 -2.0 -1.0 -1.0 -4.0 -3.0 0.0 -3.0 -3.0 -4.0 -3.0 0.0 -4.0 -3.0 0.0 -3.0 -2.0 -4.0 -4.0 -3.0 -1.0 -1.0 -3.0 -4.0 0.0 -4.0 -1.0 -4.0 -3.0 0.0 -1.0 -4.0 -3.0 -2.0 -2.0 -2.0 -2.0 0.0 -3.0 -1.0 -2.0 -3.0 -4.0 0.0 0.0 0.0 0.0 -1.0 -2.0 -2.0 -1.0 -1.0 -2.0 -3.0 0.0 -4.0 -4.0 -4.0 -2.0 -4.0 -3.0 -1.0 -4.0 -3.0 -1.0 -3.0 -2.0 -3.0 -2.0 -3.0 -4.0 -1.0 -3.0 -1.0 -2.0 -1.0 0.0 -3.0 0.0 -1.0 -2.0 -1.0 -2.0 -3.0 -1.0 -2.0 0.0 -2.0 -2.0 0.0 
-3.0 -4.0 0.0 0.0 -2.0 -3.0 -1.0 0.0 0.0 -1.0 -3.0 0.0 -3.0 -2.0 231.0 -1.0 -3.0 -1.0 -4.0 -2.0 -1.0 0.0 -2.0 -4.0 -3.0 -3.0 0.0 -1.0 -1.0 0.0 -4.0 -4.0 -4.0 -4.0 -3.0 0.0 -4.0 0.0 -2.0 -3.0 -3.0 -4.0 -1.0 -3.0 0.0 0.0 -4.0 -1.0 -2.0 -1.0 -1.0 -2.0 -3.0 -4.0 -4.0 -1.0 0.0 -4.0 -3.0 -2.0 -4.0 0.0 -4.0 -1.0 0.0 0.0 -1.0 -3.0 -4.0 -1.0 -3.0 -1.0 0.0 -1.0 -4.0 -3.0 -3.0 0.0 -3.0 0.0 -4.0 -1.0 -4.0 -2.0 0.0 -3.0 0.0 -2.0 -3.0 -2.0 -3.0 0.0 -3.0 -3.0 -3.0 0.0 -4.0 0.0 -4.0 -2.0 -3.0 -1.0 -2.0 0.0 -3.0 -2.0 -3.0 0.0 -4.0 -4.0 -4.0 -1.0 -1.0 -2.0 -3.0 
0.0 -3.0 -3.0 -1.0 -2.0 -1.0 -3.0 -1.0 -2.0 -4.0 -4.0 -4.0 -3.0 -1.0 -4.0 231.0 -3.0 -4.0 -1.0 -2.0 -2.0 0.0 -3.0 -1.0 -3.0 -1.0 -2.0 0.0 -4.0 -3.0 -1.0 0.0 0.0 -1.0 -2.0 0.0 -2.0 -4.0 -4.0 -3.0 -1.0 -2.0 -4.0 -3.0 -1.0 -4.0 0.0 -4.0 -3.0 -3.0 -1.0 -4.0 0.0 -1.0 -3.0 -1.0 -2.0 -2.0 0.0 -3.0 -2.0 -2.0 -2.0 -4.0 -2.0 0.0 -1.0 -2.0 -2.0 -4.0 -3.0 -3.0 -3.0 0.0 0.0 0.0 0.0 -4.0 -4.0 -2.0 0.0 -4.0 0.0 -3.0 -3.0 -4.0 -3.0 -3.0 -1.0 -4.0 -1.0 -2.0 -4.0 0.0 0.0 -3.0 0.0 -1.0 -4.0 0.0 0.0 -3.0 -2.0 -3.0 -3.0 0.0 0.0 0.0 -4.0 -1.0 -4.0 -4.0 -1.0 0.0 -2.0 
0.0 -4.0 -4.0 -3.0 0.0 -1.0 -2.0 -2.0 -1.0 -1.0 -4.0 -1.0 0.0 0.0 -2.0 -2.0 213.0 -2.0 -4.0 -3.0 -2.0 -2.0 -1.0 -1.0 0.0 0.0 -1.0 -2.0 -3.0 -3.0 0.0 -4.0 -4.0 0.0 -2.0 0.0 0.0 -3.0 -1.0 -2.0 -3.0 -2.0 -1.0 -1.0 -3.0 -4.0 -2.0 0.0 0.0 -3.0 -1.0 -1.0 -3.0 0.0 -3.0 -2.0 -4.0 -1.0 -4.0 -3.0 -3.0 -2.0 0.0 -1.0 -4.0 -2.0 0.0 0.0 -1.0 0.0 -4.0 -3.0 0.0 -2.0 -1.0 -1.0 0.0 -1.0 -4.0 -4.0 -3.0 -4.0 -3.0 -1.0 -4.0 -4.0 -2.0 -1.0 -1.0 0.0 0.0 -4.0 -4.0 -4.0 0.0 -1.0 0.0 -3.0 -2.0 -2.0 -4.0 -3.0 -1.0 -1.0 -3.0 -4.0 -3.0 0.0 0.0 -3.0 -1.0 0.0 -2.0 -2.0 -2.0 
-2.0 -1.0 -1.0 -4.0 0.0 -4.0 0.0 -1.0 0.0 0.0 -3.0 -4.0 0.0 -1.0 -3.0 -1.0 -1.0 224.0 0.0 -3.0 0.0 -2.0 -2.0 -1.0 -4.0 -4.0 -2.0 -3.0 -3.0 -2.0 0.0 -2.0 -3.0 0.0 -2.0 0.0 0.0 -1.0 -2.0 -4.0 -2.0 -2.0 -1.0 0.0 0.0 0.0 -4.0 -3.0 -2.0 -4.0 -1.0 0.0 -4.0 -2.0 -2.0 -1.0 -1.0 -3.0 -1.0 -3.0 -2.0 -1.0 0.0 -4.0 -1.0 -1.0 -4.0 -4.0 -1.0 -3.0 0.0 -3.0 -4.0 -3.0 -2.0 -2.0 -2.0 0.0 -4.0 -3.0 -4.0 -3.0 -3.0 -3.0 -4.0 0.0 -4.0 0.0 -2.0 -4.0 -1.0 -3.0 -1.0 -4.0 0.0 -3.0 -4.0 -4.0 0.0 0.0 -3.0 -3.0 0.0 -2.0 -1.0 0.0 -4.0 -1.0 -3.0 -4.0 -2.0 -2.0 -4.0 0.0 -2.0 
-4.0 -1.0 -1.0 -4.0 -1.0 -1.0 -4.0 -2.0 -4.0 -4.0 -2.0 -1.0 -4.0 -3.0 -2.0 -2.0 -3.0 -1.0 256.0 0.0 0.0 -2.0 -4.0 -2.0 -1.0 -1.0 -2.0 -4.0 -2.0 -1.0 -4.0 -1.0 -4.0 -2.0 -1.0 -4.0 -4.0 -1.0 -4.0 -3.0 -1.0 -4.0 -3.0 -2.0 -1.0 -3.0 -2.0 -1.0 0.0 -4.0 -2.0 -3.0 -3.0 -4.0 -4.0 -1.0 0.0 0.0 -2.0 -2.0 -3.0 -4.0 -3.0 0.0 -4.0 -4.0 -4.0 -4.0 0.0 0.0 0.0 -1.0 -3.0 0.0 -3.0 -2.0 -3.0 -4.0 -3.0 0.0 -2.0 -1.0 0.0 -2.0 -4.0 0.0 -4.0 -2.0 -2.0 -3.0 -3.0 -1.0 -2.0 -2.0 -4.0 -3.0 -1.0 -2.0 -3.0 -4.0 -3.0 -1.0 -3.0 0.0 0.0 -3.0 -4.0 -4.0 -3.0 -4.0 0.0 -3.0 -1.0 -3.0 -1.0 
-4.0 -2.0 -4.0 -4.0 -1.0 -3.0 -3.0 -1.0 -4.0 -4.0 -4.0 -2.0 -1.0 -3.0 -1.0 -4.0 -1.0 0.0 -4.0 243.0 -3.0 -1.0 -4.0 -4.0 -1.0 0.0 -2.0 -1.0 -4.0 -4.0 -1.0 -4.0 -3.0 -4.0 -4.0 -4.0 0.0 -2.0 -3.0 -3.0 -1.0 0.0 -1.0 -3.0 -1.0 0.0 0.0 0.0 -3.0 -1.0 -2.0 0.0 -2.0 -3.0 -4.0 -1.0 -2.0 -3.0 -1.0 -3.0 0.0 0.0 0.0 -4.0 -4.0 0.0 -1.0 -4.0 -1.0 0.0 -3.0 -1.0 -4.0 0.0 -1.0 -4.0 -2.0 -2.0 -1.0 -2.0 -3.0 -1.0 -3.0 -3.0 -2.0 -2.0 -3.0 -2.0 -2.0 -3.0 -1.0 -4.0 -1.0 -3.0 -4.0 0.0 -4.0 -1.0 -2.0 0.0 0.0 -1.0 -3.0 0.0 -2.0 -1.0 -2.0 -4.0 -2.0 -4.0 -3.0 -4.0 -3.0 0.0 -3.0 
-2.0 -3.0 0.0 -1.0 -2.0 -3.0 -1.0 -4.0 -4.0 -4.0 -3.0 -1.0 -1.0 -4.0 -3.0 -3.0 0.0 -3.0 -4.0 0.0 221.0 -2.0 -3.0 0.0 -4.0 0.0 -1.0 -2.0 0.0 -2.0 -4.0 -2.0 0.0 -1.0 0.0 -1.0 -2.0 -1.0 0.0 0.0 -3.0 0.0 -1.0 -3.0 -3.0 -3.0 -3.0 -2.0 -2.0 -2.0 -4.0 -4.0 -3.0 -1.0 0.0 0.0 -1.0 -2.0 -2.0 -2.0 -2.0 -4.0 -3.0 -2.0 -3.0 0.0 -2.0 -1.0 -2.0 0.0 -4.0 0.0 -1.0 0.0 -2.0 -3.0 -4.0 -4.0 -2.0 -4.0 -3.0 -3.0 0.0 -2.0 -1.0 0.0 0.0 -4.0 -4.0 -3.0 -2.0 -1.0 0.0 -3.0 -1.0 0.0 -4.0 0.0 -3.0 -4.0 -1.0 -4.0 -3.0 -3.0 0.0 -3.0 -1.0 0.0 0.0 -4.0 0.0 -4.0 -2.0 0.0 -3.0 
-1.0 0.0 -2.0 0.0 -3.0 -1.0 -1.0 -3.0 -1.0 -4.0 -2.0 0.0 -2.0 0.0 -1.0 -2.0 -2.0 -2.0 -3.0 -4.0 -3.0 232.0 -2.0 -4.0 -2.0 0.0 -2.0 -2.0 -2.0 -4.0 -2.0 -2.0 0.0 0.0 -4.0 -3.0 -3.0 -3.0 -4.0 -3.0 0.0 -2.0 -3.0 -4.0 -1.0 -2.0 -3.0 -1.0 -4.0 -3.0 -1.0 0.0 -1.0 -3.0 0.0 -3.0 -4.0 0.0 -3.0 -3.0 0.0 -2.0 -4.0 0.0 -3.0 -1.0 -3.0 -3.0 -1.0 -2.0 -4.0 -1.0 -1.0 -4.0 -2.0 -1.0 -2.0 -2.0 0.0 -2.0 -2.0 -3.0 0.0 -1.0 -4.0 -4.0 -4.0 0.0 -4.0 0.0 -4.0 -3.0 -2.0 -3.0 0.0 -1.0 0.0 -3.0 -3.0 -3.0 -4.0 -1.0 -2.0 0.0 -2.0 -4.0 0.0 -2.0 0.0 -1.0 -2.0 -2.0 -4.0 -4.0 -2.0 
-1.0 -3.0 -2.0 -3.0 -2.0 -2.0 -4.0 0.0 -3.0 0.0 0.0 -3.0 0.0 -3.0 -2.0 -2.0 0.0 -2.0 0.0 -1.0 0.0 -1.0 219.0 -3.0 -1.0 -4.0 -1.0 -2.0 -4.0 -3.0 -4.0 -3.0 -2.0 -2.0 -4.0 -4.0 0.0 0.0 -3.0 -3.0 0.0 -2.0 0.0 -2.0 -1.0 -2.0 0.0 -3.0 -4.0 0.0 -2.0 -2.0 -2.0 -3.0 -1.0 -3.0 -2.0 -2.0 -1.0 0.0 -3.0 -4.0 -2.0 -2.0 -2.0 -4.0 -4.0 -1.0 -3.0 0.0 -3.0 -4.0 -1.0 -4.0 -3.0 -1.0 -3.0 -3.0 -3.0 -1.0 -3.0 -1.0 -4.0 -3.0 -2.0 -2.0 -2.0 -1.0 -1.0 -3.0 -1.0 -3.0 -1.0 -1.0 0.0 0.0 0.0 -2.0 -1.0 0.0 0.0 -4.0 -2.0 -1.0 -4.0 -2.0 -1.0 -3.0 -4.0 -4.0 0.0 -2.0 0.0 -1.0 0.0 
-3.0 -1.0 -4.0 -3.0 -3.0 -3.0 -2.0 -3.0 -1.0 -2.0 -2.0 -2.0 -2.0 -2.0 -1.0 -4.0 0.0 -1.0 -4.0 -2.0 -4.0 -3.0 -3.0 250.0 -4.0 -2.0 -4.0 0.0 0.0 -2.0 0.0 -3.0 -4.0 -1.0 -1.0 0.0 0.0 -4.0 0.0 -2.0 -4.0 -4.0 -3.0 0.0 -2.0 0.0 0.0 -2.0 -4.0 0.0 -4.0 -1.0 -4.0 0.0 -4.0 -4.0 -3.0 -2.0 -2.0 -4.0 0.0 -4.0 0.0 0.0 -2.0 0.0 -2.0 -3.0 -4.0 -2.0 -2.0 0.0 0.0 -2.0 -4.0 -3.0 0.0 -4.0 -4.0 -3.0 -3.0 -2.0 -3.0 0.0 -1.0 -2.0 -2.0 -2.0 -4.0 -2.0 -4.0 -2.0 -1.0 -1.0 -4.0 0.0 -3.0 -1.0 -3.0 -1.0 0.0 -2.0 -4.0 -4.0 -2.0 -3.0 -4.0 -4.0 -3.0 0.0 -3.0 -3.0 -4.0 -4.0 -1.0 
-4.0 -4.0 -4.0 -2.0 0.0 -2.0 -2.0 -4.0 -3.0 -4.0 -3.0 -2.0 -4.0 -3.0 -4.0 -3.0 -1.0 -3.0 -3.0 -2.0 -3.0 0.0 -4.0 -1.0 256.0 0.0 -3.0 -4.0 -3.0 -1.0 0.0 -2.0 -3.0 -1.0 0.0 -3.0 -3.0 -1.0 -4.0 -4.0 -2.0 -2.0 -2.0 -4.0 0.0 -3.0 -3.0 -3.0 -4.0 0.0 -4.0 -3.0 -1.0 -4.0 -1.0 -1.0 0.0 0.0 -2.0 0.0 0.0 -1.0 -1.0 -3.0 -3.0 -2.0 -2.0 -3.0 -2.0 0.0 0.0 -3.0 -3.0 -4.0 -2.0 -2.0 -1.0 -1.0 0.0 -1.0 -3.0 -3.0 -4.0 -4.0 0.0 -4.0 -2.0 -3.0 -1.0 -3.0 -2.0 -2.0 -3.0 -4.0 -2.0 -2.0 -4.0 0.0 -3.0 -3.0 -1.0 0.0 -4.0 -4.0 -3.0 -3.0 -2.0 -1.0 -4.0 -3.0 0.0 -3.0 -2.0 -4.0 0.0 
-3.0 -1.0 0.0 -4.0 -1.0 0.0 -4.0 -2.0 -2.0 -1.0 -3.0 0.0 0.0 -1.0 -1.0 -3.0 -1.0 0.0 0.0 0.0 -4.0 -3.0 -1.0 -4.0 0.0 221.0 -3.0 -3.0 -1.0 -4.0 -1.0 -2.0 0.0 -4.0 -2.0 -2.0 -2.0 0.0 -2.0 -1.0 -4.0 -1.0 -4.0 -1.0 -2.0 -4.0 -1.0 -3.0 -4.0 -1.0 -1.0 -1.0 0.0 0.0 -4.0 -4.0 0.0 -1.0 -2.0 -3.0 -2.0 -4.0 0.0 -1.0 -4.0 -1.0 -4.0 -3.0 -1.0 -1.0 -4.0 -3.0 -1.0 -4.0 -2.0 -4.0 -3.0 -3.0 -4.0 -1.0 0.0 0.0 -2.0 -1.0 -3.0 0.0 -2.0 0.0 -1.0 -4.0 -3.0 -3.0 -3.0 -4.0 -1.0 -1.0 0.0 -1.0 -4.0 -4.0 -4.0 -1.0 -1.0 -2.0 0.0 -4.0 -4.0 -1.0 -1.0 -3.0 0.0 -3.0 0.0 0.0 -3.0 
-4.0 -2.0 -4.0 0.0 0.0 0.0 -2.0 0.0 -4.0 -3.0 -2.0 -2.0 -1.0 0.0 -1.0 -2.0 0.0 -3.0 0.0 -4.0 -3.0 -3.0 -3.0 0.0 -2.0 -1.0 208.0 -2.0 -2.0 -1.0 -2.0 -3.0 -3.0 -3.0 -4.0 -2.0 0.0 0.0 -1.0 -1.0 -1.0 -1.0 0.0 0.0 0.0 -2.0 -4.0 -2.0 0.0 -4.0 -3.0 -2.0 -4.0 -1.0 -4.0 -4.0 -2.0 -1.0 -3.0 0.0 -3.0 -2.0 -1.0 -1.0 -2.0 -2.0 -3.0 -4.0 -1.0 -4.0 -3.0 0.0 -1.0 -1.0 -3.0 -3.0 -1.0 0.0 -4.0 -4.0 0.0 -2.0 -4.0 0.0 -2.0 -1.0 0.0 -3.0 -2.0 -4.0 -2.0 -2.0 -3.0 0.0 -1.0 -2.0 -3.0 0.0 -2.0 -1.0 -2.0 -3.0 -4.0 -2.0 -1.0 -1.0 -4.0 0.0 0.0 -1.0 0.0 -1.0 -1.0 -1.0 -2.0 
-1.0 -2.0 -2.0 -3.0 0.0 -1.0 -4.0 -4.0 -4.0 -1.0 -2.0 -3.0 -1.0 -2.0 -2.0 -4.0 0.0 -4.0 -1.0 -2.0 -2.0 0.0 -1.0 0.0 0.0 -1.0 -2.0 229.0 -3.0 -2.0 -2.0 -2.0 -4.0 -2.0 -3.0 -4.0 -4.0 -2.0 -1.0 -4.0 -3.0 0.0 -3.0 -4.0 -1.0 0.0 0.0 -4.0 -2.0 0.0 -1.0 -3.0 -1.0 -3.0 0.0 0.0 -4.0 -3.0 -3.0 -1.0 -1.0 0.0 -4.0 0.0 -3.0 -1.0 -2.0 0.0 -4.0 -4.0 -3.0 -4.0 -2.0 -2.0 -3.0 0.0 -2.0 -3.0 0.0 -1.0 -3.0 -3.0 0.0 -1.0 0.0 -1.0 -4.0 -3.0 0.0 -2.0 -4.0 -4.0 -2.0 -3.0 -1.0 0.0 -3.0 -4.0 -4.0 -4.0 -3.0 -4.0 0.0 -1.0 -2.0 0.0 -4.0 0.0 -4.0 -1.0 0.0 -4.0 -3.0 0.0 0.0 
-3.0 0.0 -2.0 -4.0 -3.0 0.0 -3.0 -2.0 -4.0 0.0 -2.0 -4.0 -2.0 0.0 0.0 -3.0 -3.0 0.0 -1.0 -1.0 -2.0 -1.0 -1.0 0.0 -2.0 -1.0 -1.0 -1.0 241.0 -1.0 -1.0 -3.0 -3.0 -2.0 -3.0 -1.0 -4.0 0.0 -3.0 -4.0 -4.0 -4.0 -1.0 0.0 -4.0 -4.0 -2.0 -1.0 -4.0 -1.0 -4.0 -2.0 -4.0 -1.0 -3.0 -4.0 -4.0 -3.0 0.0 -1.0 -4.0 -2.0 -1.0 -4.0 0.0 -1.0 -1.0 -4.0 -2.0 0.0 -4.0 -4.0 0.0 -4.0 0.0 -3.0 0.0 0.0 -4.0 -2.0 -4.0 -1.0 0.0 -1.0 -1.0 -2.0 -3.0 -1.0 0.0 -3.0 -3.0 0.0 -4.0 -3.0 -1.0 -4.0 -1.0 -3.0 -2.0 -4.0 -4.0 -3.0 -2.0 0.0 -1.0 -2.0 0.0 -2.0 -4.0 -4.0 -2.0 -3.0 -3.0 -4.0 -4.0 
-2.0 -2.0 -2.0 0.0 -3.0 -3.0 -2.0 0.0 -2.0 0.0 -4.0 -2.0 0.0 -4.0 -2.0 -1.0 -2.0 -4.0 -3.0 -4.0 -2.0 -1.0 -4.0 -4.0 -1.0 -1.0 -4.0 0.0 -4.0 243.0 -4.0 -1.0 0.0 -3.0 -3.0 -1.0 -4.0 -2.0 -2.0 -1.0 -1.0 -2.0 -3.0 -2.0 -2.0 -3.0 -2.0 -4.0 -3.0 -1.0 0.0 -4.0 -4.0 -2.0 -4.0 -2.0 -1.0 -2.0 -2.0 -2.0 -4.0 -4.0 -1.0 -2.0 -1.0 -1.0 0.0 -2.0 0.0 -1.0 -2.0 -3.0 0.0 -4.0 -2.0 -3.0 0.0 -3.0 0.0 -2.0 0.0 -2.0 -2.0 -4.0 -3.0 -1.0 -2.0 0.0 -3.0 0.0 -4.0 -3.0 -3.0 -4.0 -3.0 0.0 -3.0 -3.0 -3.0 -1.0 -1.0 -2.0 -4.0 0.0 -1.0 -4.0 -1.0 -3.0 -2.0 -3.0 -3.0 -1.0 -1.0 -4.0 -4.0 
0.0 -3.0 0.0 -2.0 -3.0 -3.0 -3.0 -1.0 -2.0 0.0 -4.0 -2.0 -2.0 0.0 -4.0 -4.0 -3.0 -2.0 0.0 -2.0 0.0 -3.0 0.0 -4.0 -2.0 -2.0 -4.0 0.0 -1.0 -1.0 231.0 0.0 0.0 -1.0 -4.0 0.0 -3.0 -3.0 -3.0 -2.0 -2.0 0.0 -4.0 -3.0 -3.0 -3.0 -3.0 -4.0 -2.0 -2.0 -4.0 -2.0 -2.0 -4.0 0.0 -4.0 -3.0 -4.0 -1.0 -4.0 -1.0 0.0 -1.0 -4.0 -3.0 -4.0 -1.0 -1.0 -1.0 -1.0 -1.0 -4.0 -1.0 -2.0 0.0 -3.0 -1.0 0.0 -1.0 -1.0 -1.0 -2.0 -2.0 -2.0 -1.0 0.0 -3.0 -4.0 -3.0 -1.0 -2.0 -3.0 0.0 -2.0 -2.0 -2.0 -2.0 0.0 -3.0 -2.0 0.0 -3.0 -2.0 -1.0 -4.0 -4.0 -2.0 -4.0 -2.0 -4.0 0.0 -1.0 -4.0 -4.0 -1.0 
-3.0 -4.0 -2.0 0.0 -1.0 -1.0 -3.0 0.0 -1.0 0.0 -3.0 0.0 -4.0 -2.0 0.0 0.0 -4.0 0.0 -2.0 -3.0 -2.0 0.0 0.0 -4.0 -2.0 -1.0 0.0 -4.0 0.0 0.0 0.0 214.0 -2.0 0.0 0.0 -3.0 -1.0 -1.0 -3.0 0.0 -2.0 -4.0 -1.0 0.0 -1.0 -4.0 -4.0 0.0 -1.0 -4.0 -3.0 0.0 -4.0 -3.0 -2.0 -3.0 -4.0 -2.0 -3.0 -1.0 -4.0 -4.0 -3.0 0.0 -4.0 -3.0 -2.0 0.0 -3.0 -1.0 -3.0 -4.0 0.0 -3.0 -3.0 -1.0 -1.0 -1.0 -4.0 -3.0 -4.0 -4.0 0.0 0.0 -4.0 0.0 -1.0 -1.0 -3.0 -3.0 -2.0 -2.0 -2.0 0.0 -2.0 -3.0 0.0 0.0 -4.0 -1.0 0.0 -3.0 0.0 0.0 -1.0 -1.0 -1.0 -3.0 -4.0 -1.0 -4.0 -2.0 -4.0 -2.0 -3.0 
-2.0 -3.0 -2.0 -2.0 -3.0 -2.0 -3.0 -2.0 -2.0 0.0 0.0 0.0 -1.0 -3.0 -4.0 0.0 -3.0 0.0 -4.0 -2.0 -1.0 -1.0 -3.0 -1.0 -3.0 -1.0 -1.0 -4.0 -4.0 -2.0 -1.0 -4.0 232.0 -2.0 -4.0 -2.0 -1.0 -4.0 -1.0 -2.0 -1.0 -2.0 -3.0 -1.0 -4.0 -1.0 -2.0 -2.0 -1.0 -4.0 0.0 -4.0 -3.0 -3.0 -2.0 -3.0 -3.0 -4.0 -1.0 -3.0 -2.0 -2.0 -2.0 -3.0 0.0 -4.0 -3.0 -4.0 -4.0 -2.0 0.0 -1.0 -2.0 -1.0 -3.0 -2.0 -1.0 -3.0 0.0 -3.0 -1.0 -1.0 0.0 -2.0 0.0 0.0 -3.0 0.0 0.0 -1.0 -4.0 -3.0 -1.0 -3.0 -4.0 -2.0 0.0 -4.0 -3.0 -2.0 -2.0 -2.0 -2.0 -4.0 -3.0 -3.0 -2.0 -1.0 -2.0 -4.0 0.0 -1.0 -1.0 -1.0 -1.0 
0.0 -1.0 -1.0 -1.0 -4.0 -3.0 -1.0 -4.0 -1.0 0.0 -3.0 -1.0 -4.0 -2.0 -2.0 -3.0 -2.0 0.0 -2.0 -1.0 -1.0 0.0 -3.0 -2.0 -3.0 -1.0 -4.0 -1.0 -3.0 -3.0 -3.0 0.0 -1.0 216.0 -2.0 -2.0 0.0 -2.0 -4.0 -3.0 -1.0 -3.0 -4.0 -4.0 0.0 -3.0 -3.0 0.0 -4.0 0.0 0.0 -3.0 0.0 -1.0 -3.0 -3.0 0.0 -2.0 0.0 -1.0 -4.0 0.0 -3.0 0.0 -3.0 -3.0 -4.0 -3.0 -2.0 -2.0 -4.0 -1.0 -4.0 -2.0 0.0 -3.0 -2.0 0.0 -2.0 -4.0 -1.0 -4.0 0.0 -1.0 -1.0 -1.0 -2.0 0.0 -3.0 -4.0 -1.0 -2.0 -3.0 -2.0 -2.0 -1.0 0.0 0.0 0.0 -2.0 -2.0 0.0 -2.0 -2.0 -3.0 -3.0 -2.0 -3.0 0.0 -4.0 -4.0 -4.0 -1.0 -1.0 0.0 
-1.0 -3.0 -3.0 -1.0 0.0 -2.0 -4.0 -3.0 -1.0 -2.0 0.0 -3.0 0.0 -3.0 -3.0 -2.0 -2.0 -1.0 -2.0 -2.0 -4.0 0.0 0.0 0.0 0.0 -4.0 -3.0 0.0 0.0 -4.0 -4.0 -1.0 -1.0 -2.0 242.0 0.0 0.0 -3.0 -3.0 -4.0 -4.0 -2.0 -4.0 0.0 -3.0 -3.0 -3.0 -3.0 -4.0 -3.0 -4.0 -2.0 0.0 -2.0 -4.0 0.0 -2.0 -4.0 -3.0 -3.0 -1.0 0.0 -3.0 -1.0 0.0 -4.0 0.0 -3.0 -4.0 -1.0 -2.0 -3.0 -2.0 -1.0 -4.0 -2.0 -4.0 -2.0 -4.0 -3.0 0.0 -2.0 -2.0 -2.0 -3.0 -2.0 0.0 -4.0 -4.0 -3.0 -1.0 -4.0 -4.0 -1.0 -4.0 -2.0 -1.0 -1.0 -3.0 -3.0 -3.0 -2.0 -2.0 -2.0 -2.0 0.0 0.0 -2.0 -3.0 -1.0 -2.0 -2.0 -4.0 -3.0 0.0 
-3.0 -3.0 -2.0 -1.0 -1.0 -2.0 0.0 -3.0 -2.0 -4.0 -3.0 -1.0 -1.0 -3.0 -4.0 0.0 -4.0 -4.0 -3.0 -4.0 -3.0 -3.0 -3.0 -1.0 -1.0 -1.0 -1.0 -2.0 0.0 -1.0 -4.0 -1.0 -1.0 0.0 0.0 235.0 -4.0 0.0 -3.0 -2.0 -2.0 -4.0 -3.0 0.0 -4.0 -3.0 -1.0 -3.0 -4.0 -3.0 0.0 0.0 -3.0 -2.0 -2.0 -1.0 -4.0 0.0 0.0 0.0 -2.0 -4.0 -1.0 -4.0 -1.0 -4.0 -2.0 -4.0 -3.0 -2.0 -1.0 0.0 -2.0 0.0 -1.0 0.0 -4.0 0.0 -3.0 -2.0 0.0 -3.0 -4.0 -1.0 -1.0 -4.0 -2.0 -4.0 -1.0 -2.0 -4.0 -4.0 -3.0 -3.0 -1.0 -1.0 -2.0 -1.0 -3.0 -1.0 -3.0 -1.0 0.0 -1.0 -3.0 -1.0 -4.0 0.0 -3.0 -4.0 -4.0 -1.0 -2.0 -4.0 -1.0 
-4.0 -1.0 0.0 -1.0 -3.0 -2.0 -3.0 0.0 -4.0 0.0 -1.0 -2.0 -1.0 -3.0 -2.0 -4.0 -3.0 -2.0 -4.0 -4.0 -4.0 -2.0 -2.0 -3.0 -2.0 -1.0 -2.0 -2.0 0.0 -2.0 -2.0 0.0 -4.0 -2.0 -4.0 0.0 215.0 -4.0 -2.0 -3.0 0.0 -3.0 -2.0 -1.0 -3.0 -4.0 -1.0 -2.0 0.0 -3.0 -3.0 -2.0 0.0 -1.0 -3.0 -2.0 -4.0 -4.0 -2.0 -1.0 -2.0 -1.0 -2.0 0.0 -1.0 -2.0 -3.0 -3.0 -3.0 -4.0 -2.0 -2.0 -2.0 -2.0 0.0 0.0 -1.0 0.0 -3.0 -1.0 0.0 -3.0 0.0 0.0 -2.0 -1.0 -1.0 -2.0 -4.0 -2.0 0.0 -2.0 -2.0 -2.0 0.0 -2.0 0.0 -1.0 -1.0 -1.0 -4.0 -1.0 -2.0 -4.0 0.0 -2.0 -3.0 0.0 -3.0 0.0 -2.0 -4.0 0.0 -1.0 -3.0 
-2.0 -1.0 -1.0 -1.0 0.0 -1.0 -4.0 -2.0 -1.0 -4.0 -3.0 0.0 0.0 -3.0 -3.0 -3.0 -1.0 0.0 -2.0 0.0 -1.0 -2.0 0.0 0.0 -2.0 -1.0 -3.0 -1.0 -4.0 -3.0 -2.0 -1.0 -1.0 -1.0 -1.0 -3.0 -3.0 230.0 -2.0 -3.0 -4.0 -2.0 0.0 -1.0 -4.0 -4.0 -3.0 -1.0 -3.0 -3.0 -4.0 -4.0 -2.0 -2.0 -4.0 -2.0 0.0 -1.0 -3.0 -3.0 -1.0 -4.0 -1.0 -3.0 -4.0 -2.0 -4.0 -4.0 -4.0 -3.0 -3.0 -1.0 -1.0 -1.0 -4.0 -2.0 -2.0 -1.0 0.0 -4.0 -1.0 -4.0 -1.0 -2.0 0.0 0.0 -1.0 -1.0 -4.0 -1.0 -2.0 -2.0 -3.0 0.0 0.0 -3.0 -4.0 -1.0 -1.0 -4.0 -2.0 0.0 -4.0 -3.0 -1.0 -3.0 0.0 -1.0 -1.0 -4.0 -2.0 0.0 -3.0 -2.0 -4.0 
-2.0 -3.0 -3.0 -4.0 -4.0 -1.0 0.0 -1.0 -1.0 -4.0 -1.0 0.0 -2.0 -3.0 0.0 -3.0 -3.0 -3.0 -1.0 -2.0 -2.0 -1.0 -2.0 0.0 -2.0 -2.0 -2.0 -1.0 -3.0 -4.0 -3.0 -1.0 -3.0 0.0 -3.0 -4.0 -3.0 -2.0 215.0 0.0 -2.0 -2.0 -3.0 -2.0 -4.0 0.0 0.0 -2.0 -1.0 -2.0 -2.0 -1.0 -1.0 -4.0 -4.0 -2.0 0.0 -3.0 -4.0 0.0 -4.0 0.0 -1.0 -3.0 -2.0 -3.0 -3.0 -4.0 -2.0 -1.0 -2.0 -4.0 -1.0 -4.0 -1.0 -3.0 0.0 -1.0 0.0 -1.0 -2.0 -2.0 -1.0 0.0 -1.0 -3.0 0.0 0.0 -2.0 0.0 -1.0 -1.0 -1.0 -3.0 -4.0 -2.0 -2.0 -2.0 -1.0 -3.0 -2.0 0.0 -1.0 -4.0 0.0 -2.0 -3.0 0.0 -1.0 -1.0 -1.0 -3.0 -4.0 -3.0 -1.0 
-4.0 0.0 -4.0 -1.0 -1.0 -1.0 0.0 -3.0 0.0 -3.0 0.0 0.0 -3.0 -3.0 0.0 0.0 0.0 -2.0 -2.0 -3.0 -3.0 -2.0 0.0 -3.0 -2.0 -2.0 -4.0 -1.0 -4.0 -4.0 0.0 0.0 0.0 0.0 0.0 0.0 -4.0 0.0 -2.0 225.0 0.0 -4.0 -1.0 0.0 0.0 -4.0 -4.0 -3.0 0.0 -4.0 -1.0 -3.0 -1.0 0.0 0.0 -3.0 -3.0 -3.0 -4.0 -2.0 -1.0 -2.0 -2.0 -4.0 -2.0 -4.0 -1.0 -3.0 -4.0 -1.0 -1.0 0.0 0.0 -2.0 -3.0 -2.0 -4.0 -4.0 0.0 0.0 -4.0 -4.0 -2.0 -3.0 -1.0 -3.0 -2.0 -3.0 -1.0 -3.0 -3.0 -2.0 -1.0 -4.0 -3.0 0.0 -2.0 -1.0 -4.0 -2.0 -2.0 -4.0 -4.0 -4.0 -2.0 0.0 -3.0 -1.0 -4.0 -1.0 0.0 -4.0 -1.0 -2.0 -4.0 
-1.0 0.0 -4.0 -4.0 -4.0 0.0 -4.0 -4.0 -3.0 -2.0 -4.0 -2.0 0.0 -2.0 -1.0 -2.0 -4.0 -3.0 -2.0 -1.0 -4.0 -1.0 -4.0 -3.0 -1.0 -1.0 -1.0 -3.0 -1.0 -2.0 -1.0 -4.0 -4.0 -1.0 -4.0 -1.0 -2.0 -2.0 -3.0 -3.0 232.0 -2.0 -1.0 -4.0 0.0 -1.0 0.0 0.0 -3.0 -4.0 -3.0 0.0 -3.0 -4.0 -1.0 -3.0 -2.0 -3.0 0.0 0.0 -2.0 -4.0 -4.0 0.0 -4.0 0.0 -4.0 -2.0 0.0 -3.0 -2.0 -1.0 0.0 -4.0 -3.0 -2.0 0.0 -3.0 -1.0 -3.0 0.0 -1.0 -2.0 -3.0 -1.0 -3.0 -1.0 -4.0 -3.0 -3.0 -4.0 -2.0 -2.0 0.0 0.0 -1.0 -4.0 -3.0 0.0 0.0 -3.0 -1.0 -3.0 -3.0 0.0 -3.0 -3.0 -1.0 -4.0 -1.0 0.0 0.0 -2.0 0.0 -2.0 
-4.0 0.0 -4.0 -2.0 0.0 -1.0 -1.0 0.0 -2.0 -4.0 -4.0 -1.0 0.0 -4.0 -1.0 -3.0 -1.0 0.0 -2.0 -1.0 -4.0 -1.0 -1.0 -2.0 -4.0 0.0 -1.0 0.0 -4.0 0.0 -4.0 -3.0 -2.0 -3.0 -4.0 -4.0 0.0 -3.0 -1.0 0.0 -3.0 234.0 -1.0 -1.0 -1.0 -2.0 0.0 -4.0 -4.0 -1.0 0.0 -3.0 0.0 -3.0 -2.0 -3.0 0.0 -4.0 -4.0 -4.0 -2.0 -3.0 -2.0 -3.0 -3.0 -4.0 0.0 -2.0 -4.0 -1.0 -3.0 -2.0 -3.0 -2.0 -1.0 -3.0 -4.0 0.0 -4.0 -2.0 -1.0 -2.0 -3.0 -3.0 -3.0 -3.0 -4.0 -3.0 -4.0 0.0 0.0 -1.0 -3.0 -2.0 -2.0 -2.0 -4.0 -1.0 -1.0 -1.0 -3.0 -3.0 -1.0 0.0 0.0 -4.0 0.0 -3.0 -3.0 -2.0 -4.0 0.0 -3.0 0.0 -1.0 
-3.0 -3.0 -1.0 -1.0 -1.0 -3.0 -2.0 -4.0 -3.0 -2.0 0.0 0.0 -4.0 -1.0 -2.0 -4.0 -1.0 -3.0 0.0 -3.0 0.0 0.0 0.0 -4.0 -1.0 -4.0 -2.0 -1.0 0.0 0.0 -1.0 -2.0 -1.0 -3.0 0.0 0.0 -2.0 -1.0 -4.0 -3.0 -3.0 -2.0 237.0 0.0 -3.0 -3.0 0.0 -4.0 -4.0 -4.0 -3.0 -2.0 0.0 -2.0 -2.0 -1.0 -4.0 -3.0 -4.0 -1.0 -2.0 -3.0 0.0 -4.0 -2.0 -3.0 -2.0 -2.0 -2.0 0.0 -3.0 0.0 -4.0 -3.0 -3.0 -1.0 -4.0 -2.0 0.0 0.0 -4.0 -4.0 -2.0 -2.0 -1.0 -4.0 -4.0 -1.0 0.0 -3.0 -1.0 -4.0 -1.0 -2.0 -3.0 -4.0 -4.0 -2.0 -4.0 0.0 -1.0 -4.0 -1.0 0.0 -1.0 -1.0 -4.0 -2.0 -4.0 -4.0 -1.0 -2.0 -4.0 -3.0 0.0 
-4.0 -1.0 -3.0 -1.0 -4.0 -2.0 -1.0 -4.0 0.0 -2.0 -2.0 -4.0 -2.0 -3.0 -3.0 -1.0 -2.0 -3.0 0.0 -3.0 0.0 0.0 -4.0 0.0 -3.0 -3.0 -1.0 -4.0 -1.0 -2.0 -4.0 -3.0 -4.0 -3.0 -3.0 -2.0 -2.0 0.0 0.0 -1.0 -4.0 -2.0 -1.0 237.0 -4.0 -2.0 -4.0 -1.0 -1.0 -1.0 -4.0 0.0 -2.0 0.0 -2.0 0.0 -3.0 -3.0 -2.0 -3.0 -2.0 -2.0 -3.0 -3.0 -4.0 -3.0 0.0 -1.0 0.0 -4.0 0.0 -2.0 -4.0 -2.0 -3.0 0.0 -3.0 -1.0 -3.0 -4.0 -2.0 -2.0 0.0 -4.0 -1.0 -4.0 -2.0 0.0 0.0 -4.0 -1.0 0.0 -1.0 -1.0 -3.0 0.0 -2.0 -4.0 -2.0 -2.0 -2.0 -2.0 -3.0 -3.0 -1.0 -4.0 -4.0 -4.0 0.0 0.0 -3.0 -3.0 0.0 -3.0 -2.0 
0.0 0.0 -4.0 -1.0 -4.0 -1.0 -1.0 -4.0 -4.0 -4.0 -1.0 -3.0 -4.0 -2.0 -3.0 0.0 0.0 -3.0 0.0 -3.0 -3.0 -3.0 -4.0 -2.0 0.0 -4.0 0.0 0.0 0.0 -1.0 -2.0 -3.0 -2.0 -1.0 0.0 -1.0 -3.0 -4.0 -1.0 0.0 -1.0 -1.0 -3.0 -1.0 224.0 0.0 0.0 -2.0 -3.0 -4.0 -1.0 -2.0 0.0 -1.0 -3.0 -2.0 -1.0 -2.0 0.0 -3.0 -2.0 -2.0 -4.0 -3.0 0.0 0.0 -2.0 -4.0 -1.0 -3.0 -1.0 0.0 -3.0 -1.0 0.0 -4.0 -4.0 -3.0 -3.0 -3.0 -4.0 0.0 0.0 -2.0 -1.0 -4.0 -1.0 -2.0 -1.0 -4.0 -3.0 0.0 0.0 -1.0 0.0 -3.0 -1.0 0.0 -1.0 -4.0 -1.0 -4.0 -4.0 -4.0 -4.0 -3.0 -3.0 -3.0 0.0 -3.0 -3.0 -1.0 -4.0 -4.0 -2.0 
-3.0 -2.0 -1.0 -4.0 0.0 -3.0 -3.0 0.0 0.0 0.0 -3.0 0.0 -3.0 -2.0 0.0 -3.0 -3.0 -3.0 -4.0 -1.0 0.0 -2.0 -1.0 -1.0 -1.0 -2.0 -4.0 -2.0 -2.0 -3.0 -1.0 -2.0 -1.0 0.0 0.0 -3.0 0.0 -2.0 0.0 -4.0 -1.0 -3.0 -1.0 -3.0 -1.0 221.0 -4.0 -4.0 0.0 -1.0 -1.0 0.0 -1.0 -1.0 -2.0 0.0 -1.0 -4.0 -3.0 -2.0 -4.0 -3.0 -1.0 -1.0 -2.0 -4.0 0.0 -2.0 -2.0 -4.0 -3.0 -3.0 -1.0 -2.0 -3.0 -4.0 -2.0 -2.0 0.0 -1.0 0.0 -4.0 -4.0 0.0 -4.0 -4.0 -4.0 -2.0 -4.0 -1.0 -1.0 -2.0 -3.0 -2.0 -4.0 -1.0 -4.0 -2.0 -3.0 -3.0 -3.0 -1.0 -3.0 0.0 -2.0 0.0 -2.0 -3.0 -1.0 -3.0 0.0 -2.0 -2.0 -1.0 0.0 
-2.0 -1.0 0.0 -4.0 -3.0 -2.0 0.0 -1.0 0.0 0.0 -2.0 -3.0 -1.0 -4.0 -1.0 0.0 -1.0 -3.0 -1.0 -2.0 -3.0 -2.0 -1.0 0.0 -3.0 0.0 -4.0 -3.0 -4.0 0.0 -4.0 0.0 -3.0 0.0 -3.0 0.0 -4.0 -1.0 -3.0 -4.0 -1.0 -4.0 -2.0 -2.0 -4.0 -3.0 209.0 -2.0 -3.0 -3.0 -2.0 -1.0 -3.0 -2.0 -1.0 0.0 -2.0 0.0 -4.0 0.0 0.0 0.0 -4.0 -3.0 -4.0 -4.0 -2.0 -2.0 0.0 0.0 -4.0 0.0 -1.0 0.0 0.0 -1.0 -4.0 -1.0 0.0 -3.0 -4.0 -2.0 0.0 -3.0 -1.0 -1.0 -4.0 0.0 -3.0 -3.0 0.0 -2.0 -2.0 -2.0 0.0 -3.0 -2.0 -1.0 0.0 -4.0 -2.0 0.0 -2.0 0.0 -4.0 0.0 0.0 -1.0 -1.0 -1.0 -2.0 -3.0 -3.0 -4.0 -4.0 
-4.0 -2.0 -2.0 -1.0 -3.0 -1.0 -2.0 -1.0 -1.0 -3.0 -4.0 0.0 -4.0 -2.0 -1.0 -4.0 -2.0 -1.0 0.0 -2.0 -2.0 -2.0 0.0 -2.0 -1.0 -4.0 0.0 0.0 0.0 -1.0 0.0 -2.0 -1.0 -2.0 0.0 0.0 -2.0 -2.0 -1.0 -3.0 -3.0 -1.0 -4.0 -4.0 0.0 0.0 -4.0 211.0 0.0 0.0 -3.0 0.0 -4.0 -3.0 0.0 -3.0 -1.0 -2.0 -1.0 -4.0 0.0 -4.0 -3.0 -2.0 0.0 -4.0 -1.0 -1.0 -2.0 -4.0 -2.0 -1.0 -3.0 -2.0 -3.0 -1.0 -3.0 -2.0 -3.0 -2.0 0.0 -3.0 -1.0 -1.0 0.0 -3.0 -1.0 -4.0 -1.0 -1.0 0.0 -4.0 0.0 -1.0 0.0 -3.0 -3.0 -4.0 0.0 -1.0 -3.0 -4.0 0.0 -1.0 -1.0 -4.0 -3.0 -2.0 -4.0 -3.0 -3.0 -1.0 -2.0 -1.0 -3.0 
0.0 -1.0 -4.0 -4.0 -3.0 -2.0 -3.0 -2.0 -2.0 -4.0 -3.0 -1.0 -3.0 0.0 -1.0 0.0 0.0 -1.0 -1.0 0.0 -1.0 0.0 -2.0 -1.0 -2.0 -2.0 -2.0 -1.0 0.0 -4.0 -1.0 -1.0 -1.0 0.0 -2.0 -4.0 -2.0 -1.0 -3.0 -3.0 -4.0 -1.0 -1.0 -1.0 -4.0 -2.0 -4.0 -3.0 231.0 -4.0 -1.0 -1.0 -2.0 -1.0 -3.0 -1.0 -2.0 -1.0 -1.0 -3.0 0.0 0.0 -2.0 0.0 -2.0 -4.0 -4.0 -2.0 -3.0 -4.0 -1.0 0.0 -3.0 -4.0 -2.0 -1.0 -3.0 -2.0 -4.0 0.0 -3.0 -4.0 -1.0 -4.0 -1.0 -2.0 -1.0 -3.0 -1.0 -3.0 -2.0 -4.0 -4.0 -2.0 0.0 -2.0 0.0 -2.0 0.0 -3.0 -3.0 -1.0 -3.0 0.0 -4.0 -4.0 -4.0 -1.0 -4.0 -3.0 -2.0 -3.0 -2.0 -3.0 -3.0 
0.0 -4.0 0.0 -4.0 -1.0 -3.0 -2.0 -2.0 -4.0 -4.0 -1.0 0.0 -3.0 -1.0 -4.0 -4.0 -3.0 -1.0 -2.0 -2.0 -4.0 -2.0 -2.0 -3.0 -4.0 -1.0 -2.0 -4.0 -4.0 0.0 -2.0 -2.0 -4.0 -4.0 -3.0 0.0 0.0 -1.0 -3.0 0.0 -3.0 -4.0 0.0 -3.0 -4.0 -4.0 -2.0 0.0 -3.0 247.0 -3.0 -4.0 -3.0 -2.0 -1.0 -3.0 0.0 -4.0 0.0 -1.0 -4.0 -1.0 -1.0 -1.0 -2.0 -3.0 -2.0 -4.0 -4.0 -3.0 -4.0 -2.0 -4.0 -4.0 -4.0 -4.0 0.0 -4.0 0.0 -1.0 0.0 -3.0 -1.0 -2.0 -1.0 -4.0 0.0 0.0 -3.0 -3.0 0.0 -1.0 -4.0 -2.0 -1.0 0.0 -1.0 -1.0 -4.0 -1.0 -2.0 -4.0 -1.0 -4.0 -1.0 0.0 0.0 -3.0 -1.0 -3.0 -2.0 0.0 -4.0 -3.0 -1.0 
-1.0 -4.0 -2.0 -1.0 -1.0 -2.0 0.0 0.0 0.0 -4.0 -2.0 0.0 -2.0 -1.0 -1.0 -1.0 -4.0 0.0 -4.0 -4.0 -4.0 -4.0 0.0 -2.0 -1.0 -3.0 -4.0 -3.0 0.0 -3.0 0.0 -3.0 -1.0 -1.0 -2.0 -3.0 -3.0 -2.0 0.0 -4.0 -4.0 -3.0 -3.0 -3.0 -4.0 -2.0 -1.0 -1.0 0.0 -1.0 224.0 -1.0 -1.0 -3.0 -4.0 -1.0 -1.0 -2.0 -1.0 0.0 0.0 -3.0 -1.0 -2.0 -2.0 -2.0 -3.0 -4.0 -1.0 -1.0 -1.0 -2.0 0.0 -2.0 -3.0 -1.0 -2.0 -3.0 -4.0 -1.0 -4.0 0.0 0.0 -4.0 -4.0 -4.0 -4.0 -2.0 -1.0 -2.0 -1.0 0.0 -2.0 -2.0 -1.0 -4.0 -2.0 0.0 -4.0 -2.0 -3.0 -4.0 -2.0 0.0 -4.0 0.0 0.0 -1.0 -4.0 -3.0 -3.0 0.0 -2.0 -1.0 -3.0 
-3.0 -1.0 -1.0 -4.0 -3.0 -2.0 0.0 -3.0 -3.0 -4.0 -3.0 -1.0 -4.0 0.0 -3.0 -3.0 0.0 -4.0 -4.0 -2.0 -3.0 -2.0 -4.0 -4.0 -1.0 0.0 -2.0 -2.0 -3.0 -3.0 -2.0 -1.0 -3.0 0.0 0.0 -2.0 -2.0 -3.0 -1.0 -3.0 -1.0 -1.0 -1.0 -1.0 -2.0 -4.0 -3.0 0.0 -2.0 -2.0 -4.0 258.0 -3.0 -4.0 0.0 -3.0 -3.0 -2.0 -3.0 -3.0 -4.0 0.0 -4.0 -4.0 -4.0 -4.0 -3.0 0.0 -2.0 -3.0 -2.0 -4.0 -2.0 -3.0 -3.0 -3.0 0.0 -2.0 -1.0 -1.0 -3.0 0.0 -4.0 -1.0 0.0 -4.0 -2.0 -3.0 -1.0 -4.0 -3.0 0.0 0.0 0.0 -4.0 -2.0 -2.0 -4.0 -3.0 -3.0 -2.0 -2.0 -4.0 0.0 0.0 -4.0 -1.0 -4.0 -3.0 -4.0 -1.0 -3.0 -1.0 -3.0 -3.0 
-3.0 -2.0 -1.0 -3.0 -4.0 0.0 -1.0 -1.0 -2.0 -1.0 -1.0 -4.0 -4.0 -4.0 0.0 -1.0 -4.0 0.0 -3.0 -2.0 -1.0 0.0 -4.0 -4.0 -2.0 -1.0 -3.0 -2.0 -1.0 -1.0 -3.0 -1.0 -2.0 -1.0 -2.0 -4.0 -3.0 -4.0 -2.0 -4.0 -3.0 -2.0 0.0 -1.0 -2.0 -1.0 -2.0 -4.0 -1.0 -2.0 -2.0 -1.0 239.0 -3.0 -1.0 -2.0 -3.0 -1.0 0.0 0.0 -4.0 -1.0 -1.0 0.0 -1.0 -4.0 -4.0 -2.0 0.0 -2.0 -3.0 -4.0 -1.0 -1.0 -1.0 -2.0 -4.0 -4.0 -3.0 -2.0 -2.0 -3.0 -3.0 -1.0 -4.0 -2.0 -4.0 0.0 -2.0 -4.0 -3.0 -4.0 -3.0 -1.0 -4.0 0.0 -3.0 -1.0 -3.0 -2.0 -1.0 -4.0 -2.0 -2.0 0.0 0.0 -4.0 -2.0 0.0 -4.0 -4.0 -4.0 0.0 -2.0 0.0 
-3.0 -1.0 -3.0 -1.0 -4.0 -3.0 -2.0 0.0 -3.0 -2.0 0.0 -4.0 -3.0 -4.0 -4.0 -3.0 -1.0 0.0 -2.0 -1.0 -1.0 -1.0 -3.0 -2.0 -4.0 -1.0 0.0 -3.0 0.0 -1.0 0.0 -4.0 -1.0 -3.0 -4.0 -4.0 0.0 -4.0 0.0 -3.0 0.0 0.0 -2.0 -2.0 -4.0 -3.0 -1.0 -1.0 -3.0 -1.0 -1.0 -1.0 0.0 205.0 -3.0 -1.0 -1.0 -3.0 -4.0 -1.0 0.0 -2.0 -2.0 -2.0 0.0 -2.0 -4.0 -2.0 -2.0 -3.0 -3.0 -2.0 0.0 0.0 0.0 -1.0 -3.0 -2.0 -4.0 -4.0 -3.0 -2.0 -1.0 -4.0 -2.0 -1.0 0.0 0.0 -1.0 -4.0 0.0 -4.0 -2.0 -3.0 -2.0 0.0 0.0 -3.0 -4.0 -1.0 -2.0 -2.0 -2.0 0.0 -1.0 0.0 -3.0 -1.0 0.0 -1.0 -2.0 -1.0 0.0 0.0 0.0 
-1.0 -3.0 -3.0 -1.0 -1.0 -1.0 0.0 -2.0 -1.0 -3.0 -4.0 -1.0 -4.0 -2.0 -2.0 -2.0 -1.0 0.0 -1.0 -4.0 -2.0 -2.0 -1.0 0.0 -4.0 -3.0 0.0 0.0 -3.0 -4.0 -3.0 -2.0 -3.0 0.0 -1.0 0.0 -4.0 -3.0 -3.0 0.0 -4.0 -4.0 -3.0 -2.0 -2.0 -4.0 -3.0 -3.0 0.0 -3.0 -4.0 -1.0 -2.0 -1.0 216.0 -1.0 -4.0 -2.0 -4.0 -4.0 0.0 -3.0 0.0 -4.0 0.0 -1.0 0.0 -2.0 -4.0 0.0 -2.0 0.0 -1.0 -2.0 0.0 0.0 -2.0 -3.0 -3.0 0.0 -4.0 -4.0 -4.0 -4.0 -2.0 0.0 -2.0 -1.0 0.0 -1.0 -2.0 -3.0 -1.0 0.0 0.0 -1.0 -2.0 -2.0 -1.0 -3.0 0.0 -4.0 -3.0 0.0 -2.0 0.0 0.0 -2.0 -3.0 -1.0 -2.0 -2.0 -4.0 0.0 -3.0 
-4.0 0.0 -1.0 -1.0 -4.0 -4.0 0.0 -4.0 -3.0 -4.0 -2.0 -3.0 -1.0 -4.0 -3.0 -3.0 -3.0 -2.0 0.0 0.0 -4.0 -1.0 -3.0 -1.0 -3.0 -1.0 -2.0 -2.0 -1.0 -2.0 -4.0 -1.0 -4.0 -2.0 -2.0 -4.0 0.0 0.0 -4.0 0.0 -3.0 -3.0 -3.0 -3.0 -1.0 -3.0 0.0 -4.0 0.0 -4.0 -4.0 -2.0 -4.0 -1.0 -2.0 245.0 -1.0 0.0 -3.0 -4.0 -4.0 -4.0 -4.0 0.0 -4.0 -4.0 0.0 -1.0 -3.0 0.0 -2.0 -2.0 0.0 -1.0 -4.0 -3.0 -3.0 -4.0 -4.0 -1.0 -1.0 -3.0 -4.0 -2.0 -4.0 -4.0 -4.0 -4.0 -3.0 -2.0 -3.0 -2.0 -3.0 -1.0 -2.0 -2.0 -1.0 -2.0 0.0 -2.0 0.0 -1.0 -3.0 -1.0 -3.0 0.0 0.0 -1.0 0.0 -1.0 -4.0 -1.0 -1.0 0.0 0.0 
-4.0 -3.0 -3.0 0.0 0.0 -4.0 0.0 -2.0 -2.0 -1.0 -1.0 -1.0 -3.0 -3.0 -4.0 -1.0 -4.0 -1.0 -2.0 -3.0 -2.0 -3.0 -4.0 -2.0 -1.0 -3.0 -1.0 -4.0 0.0 -3.0 -1.0 -4.0 0.0 -2.0 -4.0 0.0 -2.0 0.0 -4.0 -2.0 -3.0 0.0 -1.0 -4.0 -4.0 -1.0 -3.0 0.0 -2.0 -1.0 -2.0 -3.0 -1.0 -4.0 -2.0 -4.0 240.0 -1.0 -4.0 -4.0 -2.0 -3.0 -2.0 -4.0 -1.0 -3.0 0.0 0.0 0.0 -3.0 -3.0 -4.0 -3.0 -2.0 -2.0 -2.0 0.0 -3.0 -1.0 -1.0 0.0 0.0 -3.0 -3.0 -2.0 -4.0 -2.0 -1.0 0.0 -3.0 -1.0 -4.0 -4.0 -2.0 -3.0 -1.0 0.0 -4.0 0.0 -3.0 -1.0 -4.0 -4.0 -2.0 -2.0 -4.0 -1.0 -1.0 -4.0 -2.0 0.0 -4.0 0.0 -2.0 -2.0 
-4.0 -4.0 -1.0 0.0 -2.0 -1.0 -2.0 -4.0 -4.0 -1.0 -2.0 -1.0 -1.0 -1.0 -2.0 0.0 -2.0 -1.0 0.0 -3.0 0.0 -4.0 -3.0 0.0 -3.0 -3.0 0.0 -4.0 0.0 -2.0 -1.0 -4.0 -4.0 -1.0 0.0 -1.0 0.0 -2.0 -1.0 -3.0 -1.0 -1.0 0.0 -4.0 -4.0 -1.0 0.0 -4.0 -4.0 -3.0 -3.0 -2.0 -3.0 -3.0 -3.0 -4.0 -3.0 215.0 -2.0 0.0 -2.0 -1.0 -4.0 0.0 -2.0 -4.0 -2.0 -2.0 0.0 0.0 -4.0 0.0 -2.0 0.0 -2.0 0.0 -1.0 0.0 -4.0 -1.0 0.0 -3.0 0.0 -2.0 -1.0 -1.0 -3.0 -4.0 -1.0 -3.0 -3.0 -2.0 0.0 -4.0 -1.0 -4.0 -1.0 -1.0 0.0 -2.0 0.0 -4.0 -1.0 -2.0 -1.0 -3.0 -1.0 -3.0 -4.0 -3.0 0.0 -3.0 -3.0 -3.0 0.0 
-3.0 0.0 -4.0 -2.0 -1.0 0.0 -3.0 -4.0 -1.0 0.0 -3.0 -3.0 0.0 -1.0 0.0 -2.0 0.0 -2.0 -4.0 -3.0 -4.0 -1.0 0.0 -2.0 0.0 -4.0 -4.0 -4.0 -2.0 -2.0 -2.0 -4.0 -2.0 -3.0 -4.0 -2.0 -1.0 0.0 -3.0 -2.0 -4.0 -1.0 -2.0 0.0 -4.0 -4.0 -4.0 0.0 -2.0 0.0 -4.0 -3.0 -4.0 0.0 -2.0 -3.0 -1.0 0.0 248.0 0.0 -1.0 -4.0 -4.0 -4.0 -2.0 -4.0 -4.0 -3.0 -1.0 -4.0 -4.0 -1.0 -1.0 -3.0 -1.0 0.0 -1.0 -3.0 -4.0 0.0 -2.0 -3.0 -3.0 -1.0 -2.0 -4.0 -4.0 -3.0 -3.0 0.0 -2.0 -4.0 0.0 -4.0 -3.0 -4.0 -2.0 -1.0 -4.0 -3.0 -2.0 -2.0 0.0 0.0 -3.0 0.0 -2.0 -2.0 -3.0 -4.0 -4.0 0.0 -3.0 -2.0 0.0 
-2.0 0.0 0.0 -2.0 0.0 -2.0 -2.0 -2.0 0.0 -2.0 0.0 -4.0 0.0 -4.0 -1.0 -4.0 -4.0 -3.0 0.0 -4.0 -1.0 -4.0 -1.0 -1.0 -2.0 -1.0 -2.0 -1.0 -1.0 -3.0 -2.0 -4.0 -2.0 -4.0 -2.0 -1.0 -3.0 -1.0 -4.0 -2.0 -4.0 -2.0 0.0 -4.0 -4.0 -1.0 -3.0 -3.0 0.0 -3.0 0.0 -1.0 -1.0 -2.0 -3.0 -4.0 0.0 0.0 -3.0 237.0 -1.0 -1.0 -3.0 -2.0 -2.0 -3.0 0.0 -3.0 -3.0 0.0 -2.0 -3.0 -2.0 -2.0 -4.0 0.0 -4.0 -1.0 -1.0 -1.0 -1.0 -1.0 -3.0 -4.0 -2.0 -4.0 -4.0 -2.0 -1.0 -2.0 -1.0 -1.0 -2.0 -4.0 -2.0 -4.0 -3.0 -4.0 -3.0 0.0 -1.0 -2.0 0.0 -3.0 -2.0 -3.0 -4.0 -1.0 -3.0 0.0 -4.0 -2.0 -3.0 -4.0 -3.0 
0.0 0.0 -2.0 -1.0 -2.0 -4.0 -1.0 -1.0 -4.0 -1.0 0.0 0.0 -4.0 -2.0 -3.0 -4.0 -2.0 -3.0 -3.0 -4.0 -4.0 0.0 -4.0 0.0 -4.0 -1.0 0.0 0.0 0.0 -4.0 -2.0 -3.0 0.0 -2.0 -3.0 -1.0 -4.0 -2.0 -3.0 -1.0 -3.0 -1.0 -3.0 -2.0 -4.0 -2.0 -2.0 0.0 -2.0 -4.0 -3.0 0.0 -4.0 0.0 -4.0 -1.0 -3.0 -1.0 -1.0 -3.0 231.0 0.0 -2.0 -3.0 -1.0 -2.0 -2.0 -2.0 -4.0 -2.0 -2.0 -2.0 -2.0 -4.0 -2.0 -2.0 -2.0 -1.0 -2.0 -1.0 0.0 -3.0 -4.0 -2.0 -2.0 -2.0 0.0 0.0 -2.0 0.0 -2.0 -2.0 -4.0 -1.0 -3.0 -4.0 -1.0 0.0 0.0 -4.0 -3.0 0.0 -1.0 -3.0 -4.0 -4.0 0.0 -2.0 -4.0 -3.0 -2.0 -3.0 -4.0 -1.0 -1.0 
-3.0 -3.0 -3.0 -1.0 -2.0 -2.0 -2.0 -3.0 -4.0 -3.0 -1.0 -2.0 -4.0 -1.0 -2.0 -1.0 -2.0 -4.0 -4.0 0.0 -4.0 -3.0 -2.0 -3.0 -2.0 -2.0 -3.0 -4.0 -1.0 -1.0 -2.0 0.0 -1.0 -2.0 -1.0 -3.0 -4.0 -1.0 -1.0 -4.0 -4.0 -1.0 -2.0 -1.0 -1.0 0.0 0.0 -4.0 -1.0 -1.0 -3.0 0.0 -4.0 -1.0 -1.0 -2.0 -3.0 -2.0 -4.0 -1.0 -2.0 232.0 -4.0 0.0 -1.0 -1.0 -4.0 -2.0 -2.0 -2.0 -2.0 0.0 -4.0 -1.0 -2.0 -3.0 -3.0 0.0 0.0 0.0 -2.0 -1.0 -3.0 -3.0 -4.0 -1.0 -3.0 -1.0 0.0 -1.0 -3.0 -2.0 -2.0 -4.0 -4.0 -1.0 -3.0 -1.0 -3.0 -2.0 -4.0 0.0 -3.0 -2.0 -3.0 0.0 -3.0 -2.0 -3.0 -2.0 0.0 0.0 0.0 -4.0 -2.0 
-4.0 -4.0 -2.0 -4.0 -4.0 0.0 0.0 -1.0 0.0 0.0 -4.0 -4.0 -3.0 -3.0 -1.0 -2.0 -2.0 -4.0 -2.0 -3.0 -2.0 -3.0 -4.0 -2.0 -2.0 -4.0 -3.0 0.0 -2.0 -3.0 -2.0 -2.0 -1.0 -2.0 -4.0 0.0 -4.0 -1.0 -4.0 -1.0 -2.0 -2.0 0.0 -1.0 -4.0 0.0 -4.0 -4.0 -1.0 -2.0 0.0 -1.0 -2.0 -4.0 -2.0 -4.0 -3.0 -3.0 -4.0 -2.0 -3.0 0.0 232.0 -1.0 0.0 -1.0 -1.0 -2.0 -1.0 -1.0 -1.0 -4.0 -2.0 -1.0 -4.0 -3.0 0.0 -4.0 -4.0 -2.0 -4.0 -4.0 -1.0 0.0 -3.0 -1.0 -1.0 -2.0 0.0 -1.0 0.0 -1.0 0.0 0.0 -1.0 -4.0 -1.0 -4.0 -2.0 -2.0 -1.0 -2.0 0.0 0.0 0.0 -3.0 0.0 -3.0 -2.0 -4.0 -4.0 -1.0 0.0 -3.0 -4.0 
-1.0 -2.0 -3.0 -4.0 -4.0 0.0 -2.0 -3.0 -1.0 -4.0 -3.0 -2.0 -1.0 -4.0 0.0 -1.0 -4.0 -4.0 -1.0 -3.0 -3.0 -3.0 -2.0 -3.0 -4.0 -1.0 0.0 0.0 -2.0 0.0 -1.0 -3.0 0.0 0.0 -1.0 -3.0 -2.0 0.0 -1.0 -3.0 -1.0 -2.0 -3.0 -4.0 0.0 -3.0 -4.0 -2.0 0.0 0.0 -2.0 -2.0 -1.0 -2.0 -3.0 -2.0 -4.0 -1.0 -2.0 -3.0 0.0 -2.0 -2.0 241.0 -2.0 -2.0 -4.0 -3.0 -1.0 -1.0 0.0 -1.0 -3.0 -4.0 -4.0 -2.0 -4.0 -3.0 -4.0 -1.0 -1.0 -1.0 -1.0 -1.0 0.0 -1.0 -3.0 -4.0 -1.0 -4.0 -2.0 -3.0 -2.0 -3.0 -1.0 -4.0 -3.0 -4.0 -3.0 -4.0 -2.0 0.0 0.0 -3.0 -3.0 -3.0 -1.0 -1.0 -3.0 -4.0 -4.0 -4.0 -3.0 0.0 -1.0 
0.0 -2.0 0.0 -4.0 -4.0 0.0 -1.0 -3.0 -2.0 -2.0 -2.0 -1.0 -2.0 0.0 -4.0 0.0 -2.0 -4.0 -1.0 -4.0 -2.0 0.0 -4.0 -4.0 -2.0 -1.0 -4.0 0.0 0.0 0.0 -2.0 -2.0 -1.0 -3.0 0.0 0.0 -3.0 -1.0 -3.0 0.0 -4.0 -3.0 -4.0 -2.0 -4.0 0.0 0.0 0.0 -3.0 -3.0 0.0 0.0 -1.0 -2.0 -3.0 -2.0 -2.0 -1.0 -3.0 -3.0 -3.0 -1.0 -3.0 0.0 222.0 -3.0 -2.0 -1.0 -4.0 -1.0 -2.0 -3.0 -2.0 -3.0 -1.0 -1.0 0.0 -4.0 0.0 -3.0 0.0 0.0 -3.0 -3.0 -3.0 -4.0 -1.0 -1.0 -2.0 -3.0 -2.0 -2.0 -3.0 -2.0 -3.0 -2.0 -3.0 -2.0 -3.0 -3.0 -4.0 -1.0 0.0 -1.0 -1.0 0.0 -2.0 -4.0 -3.0 -1.0 -3.0 -2.0 -4.0 -1.0 -3.0 
-3.0 -1.0 -1.0 -1.0 -4.0 -4.0 0.0 -1.0 -2.0 -2.0 0.0 -4.0 -3.0 0.0 -2.0 0.0 -3.0 -2.0 -1.0 0.0 -1.0 0.0 -4.0 0.0 0.0 0.0 0.0 -2.0 -1.0 -2.0 -1.0 0.0 -4.0 -2.0 -3.0 -3.0 -4.0 -4.0 -4.0 -4.0 -4.0 -4.0 -4.0 -4.0 -2.0 -1.0 -1.0 -2.0 -3.0 0.0 -1.0 0.0 0.0 -4.0 -2.0 -3.0 0.0 -3.0 -3.0 -3.0 -2.0 -1.0 0.0 -2.0 0.0 209.0 -4.0 -2.0 -1.0 -3.0 -3.0 0.0 -1.0 -3.0 -4.0 -1.0 -4.0 0.0 0.0 0.0 0.0 -1.0 -2.0 -2.0 -4.0 -2.0 0.0 0.0 -2.0 0.0 -2.0 0.0 -4.0 0.0 -3.0 -2.0 0.0 -3.0 -4.0 -4.0 0.0 -1.0 -3.0 0.0 -3.0 -1.0 -2.0 -1.0 -4.0 -3.0 -2.0 -1.0 -4.0 0.0 -1.0 
-1.0 -3.0 -1.0 0.0 -3.0 0.0 -1.0 0.0 -4.0 0.0 -4.0 0.0 0.0 0.0 -1.0 -1.0 -1.0 0.0 -1.0 0.0 -3.0 -3.0 0.0 -3.0 -4.0 -1.0 -4.0 -3.0 -4.0 -1.0 -4.0 0.0 -2.0 -1.0 -4.0 -3.0 -2.0 -2.0 -3.0 -3.0 -3.0 0.0 -2.0 -3.0 -3.0 -4.0 -3.0 -2.0 -4.0 -3.0 0.0 0.0 -2.0 -2.0 -4.0 -3.0 0.0 -3.0 -2.0 0.0 -3.0 0.0 -3.0 -4.0 0.0 -3.0 239.0 -4.0 -1.0 -2.0 -1.0 -2.0 0.0 -4.0 -4.0 -3.0 -2.0 -4.0 0.0 -4.0 -3.0 -2.0 -2.0 -1.0 -2.0 -2.0 -4.0 0.0 -3.0 -1.0 -3.0 0.0 -3.0 -2.0 -4.0 -4.0 0.0 -4.0 -2.0 0.0 -4.0 -1.0 -3.0 -3.0 -4.0 -1.0 -3.0 0.0 -4.0 -4.0 -1.0 -3.0 -4.0 -1.0 -3.0 
-1.0 -1.0 -1.0 0.0 -4.0 -3.0 -2.0 -4.0 -2.0 -4.0 -1.0 -3.0 -4.0 -1.0 -3.0 -1.0 -1.0 -3.0 -1.0 -1.0 -3.0 -2.0 -4.0 -2.0 -3.0 -3.0 0.0 0.0 0.0 0.0 0.0 -3.0 -2.0 -3.0 -2.0 -3.0 -1.0 -2.0 -4.0 -3.0 -3.0 0.0 -3.0 0.0 0.0 -1.0 -1.0 -4.0 -3.0 -3.0 -4.0 -1.0 0.0 -1.0 -1.0 -4.0 -2.0 -2.0 -2.0 -1.0 0.0 -1.0 -2.0 -3.0 -4.0 -2.0 -2.0 236.0 -4.0 -4.0 -1.0 -4.0 0.0 -3.0 0.0 -2.0 0.0 -2.0 -4.0 -3.0 0.0 -2.0 -1.0 -3.0 -1.0 -1.0 -1.0 -2.0 -3.0 -4.0 -3.0 0.0 -2.0 -2.0 -2.0 -2.0 -3.0 0.0 -3.0 -3.0 -3.0 0.0 -3.0 -4.0 -4.0 -3.0 -4.0 -1.0 -4.0 -3.0 -3.0 -3.0 -1.0 -4.0 0.0 
-3.0 -2.0 0.0 -1.0 -3.0 -3.0 -1.0 -3.0 0.0 -3.0 0.0 0.0 -2.0 -3.0 -2.0 -1.0 -4.0 -2.0 -2.0 -3.0 0.0 -1.0 -1.0 -1.0 0.0 -4.0 -1.0 0.0 0.0 0.0 -4.0 0.0 -1.0 0.0 -2.0 0.0 -1.0 0.0 -3.0 0.0 -2.0 -3.0 -3.0 -1.0 -3.0 -1.0 -2.0 -4.0 -1.0 0.0 -4.0 -2.0 -2.0 0.0 0.0 -3.0 -2.0 -4.0 -4.0 -1.0 -4.0 -2.0 -4.0 -4.0 0.0 0.0 0.0 -1.0 200.0 -4.0 -4.0 0.0 -2.0 -3.0 -4.0 0.0 -1.0 -2.0 0.0 0.0 -1.0 -3.0 0.0 -3.0 -4.0 -4.0 -1.0 -3.0 -3.0 -1.0 -1.0 -3.0 -1.0 -1.0 -4.0 -1.0 -1.0 -1.0 -2.0 0.0 0.0 -2.0 -2.0 -3.0 -3.0 0.0 0.0 -2.0 -2.0 0.0 -1.0 -4.0 -4.0 -1.0 -4.0 
0.0 -1.0 -1.0 -2.0 -3.0 -4.0 -3.0 0.0 -3.0 -4.0 -4.0 -3.0 -4.0 -1.0 -2.0 -3.0 -2.0 -4.0 -4.0 -4.0 -2.0 -3.0 -3.0 -3.0 -2.0 -4.0 -1.0 -3.0 0.0 -4.0 -1.0 0.0 -2.0 -3.0 -3.0 0.0 -2.0 -4.0 -2.0 -1.0 0.0 -1.0 -3.0 -4.0 -3.0 -1.0 -3.0 -4.0 -1.0 -3.0 0.0 -4.0 -3.0 0.0 0.0 -4.0 -4.0 -4.0 -2.0 0.0 0.0 -4.0 -3.0 0.0 -3.0 -4.0 -4.0 -1.0 -2.0 234.0 0.0 0.0 0.0 -1.0 -1.0 -3.0 -2.0 -2.0 -3.0 -4.0 -4.0 -3.0 -1.0 -2.0 -4.0 -1.0 -3.0 -2.0 0.0 -1.0 -3.0 -1.0 -1.0 -1.0 -3.0 -3.0 0.0 -1.0 0.0 -1.0 -1.0 -3.0 -1.0 -3.0 -1.0 0.0 -1.0 0.0 -4.0 -1.0 -2.0 0.0 0.0 -4.0 -2.0 
-2.0 -1.0 -2.0 -4.0 -1.0 -1.0 -2.0 -2.0 0.0 -4.0 -4.0 0.0 0.0 -2.0 -3.0 -4.0 -2.0 0.0 -3.0 -3.0 -3.0 -1.0 -1.0 -4.0 -4.0 -2.0 0.0 -1.0 -1.0 -4.0 0.0 -3.0 -2.0 -3.0 0.0 -4.0 -1.0 -4.0 -4.0 -3.0 -4.0 -1.0 -2.0 -1.0 -1.0 0.0 0.0 -3.0 -2.0 -1.0 0.0 -4.0 -3.0 -2.0 -3.0 -1.0 0.0 0.0 -4.0 -3.0 -4.0 -4.0 0.0 -2.0 0.0 -2.0 0.0 0.0 -2.0 0.0 211.0 -3.0 -4.0 0.0 -2.0 -4.0 0.0 -2.0 -1.0 -1.0 -1.0 -3.0 -2.0 -3.0 -1.0 -1.0 -2.0 0.0 0.0 -4.0 -4.0 -3.0 -2.0 -3.0 -3.0 -1.0 -4.0 -3.0 -3.0 -1.0 0.0 -3.0 -2.0 -2.0 -1.0 -1.0 0.0 -4.0 0.0 0.0 -1.0 -1.0 0.0 0.0 -1.0 
0.0 -2.0 -2.0 0.0 -2.0 -2.0 0.0 -2.0 -1.0 0.0 -2.0 -3.0 -2.0 0.0 -4.0 -4.0 -1.0 -4.0 -3.0 -3.0 -4.0 0.0 -1.0 -3.0 -1.0 -1.0 -1.0 -3.0 0.0 -1.0 -4.0 -4.0 -2.0 -2.0 -1.0 -1.0 -1.0 -4.0 -2.0 -2.0 0.0 0.0 -4.0 -4.0 0.0 -4.0 -4.0 -3.0 -3.0 -4.0 -4.0 -1.0 0.0 -1.0 0.0 0.0 0.0 -3.0 -3.0 0.0 -4.0 0.0 -4.0 0.0 -4.0 -3.0 0.0 0.0 -1.0 -4.0 0.0 226.0 -1.0 0.0 -3.0 -4.0 0.0 -4.0 -3.0 -4.0 -1.0 -1.0 -2.0 -4.0 0.0 -2.0 -2.0 -1.0 -1.0 -2.0 -2.0 -4.0 -1.0 -4.0 -4.0 -4.0 -4.0 -2.0 -1.0 -2.0 -2.0 0.0 -4.0 -4.0 -2.0 -3.0 0.0 -1.0 -2.0 -2.0 0.0 -1.0 -3.0 -3.0 -3.0 
-4.0 -1.0 -3.0 0.0 -4.0 -4.0 0.0 -2.0 -4.0 -4.0 -1.0 -2.0 -1.0 -3.0 0.0 -1.0 -2.0 0.0 0.0 -2.0 -1.0 -3.0 -1.0 -1.0 -1.0 -2.0 -3.0 -2.0 -3.0 -2.0 -4.0 -3.0 -2.0 -4.0 0.0 -1.0 -2.0 -3.0 0.0 -4.0 -1.0 -2.0 0.0 -4.0 -1.0 -2.0 -3.0 -4.0 -3.0 0.0 0.0 -2.0 -3.0 -1.0 0.0 0.0 -2.0 -4.0 -4.0 -2.0 -1.0 -1.0 0.0 -3.0 0.0 -1.0 -1.0 0.0 -2.0 -2.0 -4.0 -2.0 241.0 -3.0 -4.0 0.0 0.0 -1.0 -3.0 -4.0 -4.0 -1.0 -1.0 -3.0 -3.0 -4.0 -2.0 -4.0 -3.0 -1.0 -3.0 -3.0 -1.0 -4.0 -3.0 -2.0 -3.0 -4.0 -1.0 -4.0 -1.0 -4.0 -4.0 -3.0 -2.0 -4.0 -3.0 -1.0 -2.0 -4.0 0.0 0.0 -3.0 -2.0 -4.0 
-2.0 -4.0 -2.0 -1.0 -2.0 -3.0 -2.0 0.0 0.0 -3.0 -4.0 -2.0 -4.0 -2.0 -3.0 -4.0 -2.0 -4.0 -1.0 -4.0 -2.0 -2.0 -3.0 -4.0 -2.0 0.0 0.0 -4.0 -2.0 -4.0 -2.0 -3.0 -4.0 -4.0 -3.0 -1.0 -2.0 -3.0 -4.0 -1.0 0.0 0.0 -3.0 -2.0 -4.0 -1.0 -2.0 -4.0 -1.0 -2.0 -1.0 -2.0 0.0 -3.0 0.0 0.0 -2.0 -3.0 -2.0 -3.0 -2.0 -1.0 -3.0 -1.0 -1.0 -2.0 -3.0 -4.0 -2.0 -3.0 -3.0 -3.0 -2.0 245.0 -3.0 0.0 -1.0 0.0 -1.0 -3.0 -3.0 0.0 -2.0 -2.0 -4.0 -3.0 -4.0 -2.0 -1.0 0.0 0.0 -3.0 -2.0 0.0 -1.0 -4.0 -2.0 -4.0 -3.0 -4.0 -2.0 -2.0 0.0 0.0 -4.0 0.0 -3.0 -1.0 -3.0 -1.0 -2.0 -2.0 -2.0 -4.0 -3.0 
0.0 -3.0 -4.0 -1.0 -3.0 -2.0 -4.0 -2.0 0.0 -3.0 -4.0 -2.0 -3.0 -3.0 0.0 -1.0 -1.0 -3.0 -2.0 -2.0 -2.0 -1.0 -4.0 -1.0 0.0 -4.0 -1.0 -2.0 -1.0 -1.0 -4.0 -1.0 -2.0 -3.0 -1.0 -1.0 0.0 0.0 -4.0 0.0 -2.0 -2.0 -1.0 0.0 -2.0 0.0 -2.0 -2.0 -2.0 -1.0 -2.0 0.0 0.0 -1.0 -3.0 0.0 -3.0 -3.0 -4.0 -3.0 0.0 -1.0 -4.0 -4.0 -2.0 -2.0 0.0 -3.0 -1.0 -2.0 -4.0 -4.0 0.0 -2.0 217.0 -2.0 -4.0 -1.0 0.0 -4.0 -2.0 -1.0 0.0 -3.0 -3.0 -3.0 -2.0 -3.0 -1.0 0.0 -3.0 0.0 -4.0 -1.0 -2.0 0.0 -2.0 -1.0 -4.0 -3.0 0.0 -4.0 -3.0 -1.0 0.0 -3.0 0.0 -3.0 -3.0 -3.0 -2.0 -3.0 -3.0 -2.0 0.0 
-4.0 -2.0 -2.0 -3.0 0.0 -2.0 -2.0 -3.0 -4.0 0.0 -2.0 -3.0 -2.0 0.0 -3.0 0.0 -2.0 0.0 -4.0 -1.0 -2.0 -2.0 -1.0 -3.0 -1.0 -1.0 -3.0 -2.0 -1.0 -3.0 -1.0 -1.0 0.0 -4.0 -3.0 -3.0 -1.0 -4.0 -2.0 0.0 -3.0 -2.0 -1.0 -1.0 -4.0 0.0 -4.0 -4.0 0.0 -2.0 -3.0 -2.0 0.0 -2.0 -3.0 -1.0 -4.0 -4.0 -2.0 -4.0 -1.0 -1.0 -2.0 -2.0 -1.0 0.0 -2.0 0.0 -2.0 -1.0 -1.0 0.0 -4.0 -1.0 -4.0 226.0 -4.0 -4.0 -1.0 -4.0 0.0 -4.0 0.0 -2.0 -1.0 0.0 -2.0 -3.0 -4.0 0.0 0.0 -1.0 -2.0 -2.0 0.0 -4.0 0.0 -1.0 0.0 -4.0 -2.0 -4.0 -4.0 -3.0 -3.0 -3.0 -1.0 -1.0 -3.0 -3.0 -1.0 -3.0 -4.0 -3.0 0.0 
-3.0 0.0 -1.0 -1.0 -4.0 -4.0 -2.0 -3.0 -4.0 -2.0 0.0 -4.0 -2.0 -4.0 -1.0 -4.0 -3.0 -2.0 0.0 -4.0 0.0 -1.0 -1.0 -4.0 -4.0 0.0 -1.0 -1.0 -1.0 -1.0 -3.0 -2.0 0.0 -2.0 -4.0 -4.0 -3.0 -4.0 -3.0 -2.0 0.0 -4.0 0.0 -4.0 0.0 -3.0 -4.0 0.0 -3.0 0.0 -4.0 -1.0 -1.0 -3.0 0.0 -4.0 -3.0 -1.0 -1.0 -1.0 0.0 0.0 0.0 -2.0 -3.0 -4.0 -1.0 -1.0 -1.0 -3.0 -3.0 -3.0 -4.0 0.0 0.0 -4.0 231.0 0.0 -2.0 0.0 -3.0 -3.0 0.0 -4.0 -2.0 -4.0 -2.0 0.0 -4.0 -1.0 -2.0 -3.0 -3.0 0.0 -2.0 -2.0 -3.0 -3.0 0.0 -2.0 0.0 0.0 -4.0 -2.0 -1.0 -2.0 -4.0 -3.0 0.0 -4.0 -1.0 -4.0 -2.0 0.0 -4.0 
0.0 -4.0 -3.0 -1.0 -4.0 0.0 0.0 -4.0 -2.0 -3.0 -2.0 -4.0 0.0 -3.0 -3.0 -1.0 -4.0 -4.0 -1.0 -4.0 -1.0 -1.0 -4.0 0.0 -4.0 -1.0 -4.0 -2.0 -1.0 -4.0 -1.0 -1.0 -1.0 -2.0 -1.0 -2.0 -4.0 -2.0 0.0 -3.0 -4.0 -3.0 -2.0 -4.0 -1.0 0.0 -3.0 0.0 0.0 -3.0 -4.0 0.0 -3.0 -4.0 -4.0 -3.0 0.0 -2.0 0.0 -3.0 -4.0 -3.0 -3.0 -2.0 -3.0 0.0 -4.0 -3.0 -1.0 -4.0 -4.0 -3.0 0.0 -1.0 -3.0 -3.0 -1.0 229.0 -4.0 -2.0 -1.0 -3.0 0.0 0.0 0.0 0.0 -1.0 0.0 -1.0 -1.0 -4.0 -1.0 0.0 -1.0 -3.0 -1.0 -3.0 -4.0 0.0 -3.0 -3.0 0.0 -2.0 -1.0 -3.0 0.0 0.0 -3.0 -4.0 -1.0 -1.0 -1.0 0.0 -3.0 -3.0 
-2.0 -2.0 -2.0 0.0 -3.0 -3.0 0.0 -1.0 -3.0 -2.0 -4.0 0.0 0.0 0.0 -2.0 -4.0 -1.0 -1.0 0.0 0.0 0.0 -4.0 -1.0 -1.0 -3.0 -4.0 -4.0 -3.0 -1.0 -4.0 -2.0 -4.0 -4.0 -3.0 -2.0 0.0 -1.0 -3.0 -4.0 -1.0 -2.0 0.0 -1.0 -4.0 -1.0 0.0 0.0 -1.0 -1.0 -2.0 0.0 0.0 -1.0 -1.0 -3.0 0.0 -3.0 -2.0 0.0 -3.0 -4.0 -3.0 -3.0 -1.0 -1.0 -1.0 -4.0 0.0 0.0 -1.0 0.0 -4.0 -4.0 -2.0 0.0 -2.0 -1.0 -4.0 205.0 -1.0 0.0 -3.0 -4.0 -1.0 -2.0 -2.0 -2.0 -2.0 0.0 0.0 0.0 -1.0 0.0 0.0 -3.0 -1.0 -2.0 -4.0 -1.0 -1.0 -3.0 0.0 -4.0 -2.0 0.0 0.0 -4.0 -4.0 -3.0 -1.0 0.0 -3.0 -4.0 -4.0 -4.0 
-1.0 0.0 -3.0 -4.0 -1.0 -3.0 -1.0 0.0 -4.0 -4.0 -4.0 -2.0 0.0 -4.0 -2.0 -2.0 -3.0 -1.0 -2.0 -1.0 0.0 0.0 -4.0 -4.0 0.0 -4.0 -1.0 -2.0 -1.0 -3.0 -3.0 -3.0 0.0 0.0 -1.0 -4.0 -2.0 -3.0 -2.0 -2.0 0.0 -3.0 -1.0 -1.0 -2.0 -4.0 0.0 -2.0 -3.0 -4.0 -3.0 0.0 0.0 0.0 -4.0 -2.0 0.0 -2.0 -1.0 -1.0 -1.0 -3.0 -3.0 -2.0 -1.0 -4.0 0.0 -4.0 -2.0 -1.0 -1.0 -4.0 -2.0 0.0 -2.0 0.0 -2.0 -3.0 0.0 211.0 -2.0 0.0 -1.0 -1.0 -4.0 0.0 -3.0 -1.0 -4.0 -4.0 -2.0 -3.0 -3.0 0.0 0.0 -2.0 -1.0 -1.0 -1.0 0.0 -4.0 0.0 0.0 -2.0 -3.0 -1.0 -4.0 -3.0 0.0 0.0 -4.0 -2.0 -2.0 -4.0 0.0 
-3.0 -1.0 -1.0 -4.0 -3.0 -1.0 -4.0 -3.0 -4.0 -1.0 0.0 0.0 0.0 -2.0 -3.0 -4.0 -2.0 -1.0 -1.0 -2.0 -3.0 -1.0 -3.0 -1.0 0.0 0.0 -4.0 -3.0 -3.0 -1.0 -2.0 -2.0 -3.0 -4.0 0.0 -2.0 -4.0 -4.0 -2.0 0.0 -4.0 -2.0 -4.0 0.0 -1.0 -3.0 -3.0 -4.0 -1.0 -2.0 0.0 -1.0 -3.0 -1.0 -4.0 -1.0 -3.0 0.0 -4.0 -1.0 0.0 0.0 0.0 -4.0 -4.0 -3.0 -2.0 -1.0 -2.0 -4.0 -1.0 -3.0 -1.0 0.0 -2.0 0.0 0.0 -1.0 0.0 -4.0 222.0 -2.0 -2.0 0.0 -1.0 -4.0 0.0 -2.0 -2.0 -2.0 -3.0 -3.0 -1.0 -3.0 -1.0 -4.0 -4.0 0.0 -1.0 0.0 -2.0 -1.0 -2.0 -3.0 0.0 0.0 -2.0 -4.0 -3.0 -2.0 -2.0 -4.0 -2.0 0.0 -4.0 
-2.0 0.0 0.0 0.0 -3.0 -4.0 -1.0 -3.0 -4.0 -3.0 -4.0 -3.0 0.0 0.0 0.0 -4.0 -2.0 -2.0 -3.0 -3.0 -3.0 -1.0 -1.0 -1.0 0.0 -2.0 -3.0 -1.0 -4.0 -2.0 -1.0 -1.0 0.0 -3.0 -2.0 -1.0 -3.0 -1.0 -3.0 -2.0 -2.0 -4.0 -2.0 0.0 0.0 -4.0 -3.0 -4.0 0.0 -1.0 -3.0 -1.0 -2.0 -3.0 -4.0 -4.0 -2.0 -3.0 -2.0 0.0 0.0 -3.0 -2.0 0.0 -1.0 -4.0 -2.0 -4.0 -1.0 -4.0 -4.0 0.0 0.0 -4.0 -1.0 -4.0 -2.0 -3.0 -1.0 -1.0 -1.0 223.0 0.0 -2.0 -3.0 -1.0 -2.0 -3.0 -1.0 -1.0 -1.0 -1.0 -3.0 -1.0 -4.0 0.0 -4.0 -2.0 -1.0 0.0 -2.0 -2.0 -3.0 -1.0 -2.0 -2.0 0.0 -2.0 0.0 -2.0 -2.0 -3.0 -4.0 -4.0 -2.0 
-2.0 -4.0 -3.0 -4.0 -4.0 0.0 -3.0 -4.0 -4.0 -3.0 -1.0 -2.0 -1.0 -2.0 -1.0 -3.0 0.0 -1.0 -2.0 -3.0 -1.0 -3.0 0.0 -2.0 0.0 -2.0 0.0 -1.0 -2.0 -2.0 -4.0 -3.0 -3.0 -4.0 0.0 -1.0 -3.0 -2.0 -3.0 -3.0 -2.0 -3.0 -4.0 -2.0 0.0 0.0 0.0 -4.0 0.0 -1.0 -3.0 -3.0 -3.0 -2.0 0.0 -2.0 -4.0 -3.0 -1.0 -1.0 -1.0 -2.0 -2.0 -4.0 -1.0 -3.0 -1.0 -3.0 -4.0 -1.0 -3.0 -1.0 -3.0 -4.0 -2.0 -2.0 -1.0 -4.0 0.0 -1.0 -3.0 -4.0 253.0 -4.0 -3.0 -4.0 -4.0 -2.0 -1.0 -4.0 0.0 -4.0 0.0 -4.0 0.0 -3.0 -3.0 -2.0 -4.0 -3.0 -3.0 -4.0 -2.0 -1.0 -2.0 -4.0 -3.0 -4.0 0.0 -3.0 0.0 -3.0 -4.0 -1.0 0.0 
-4.0 -2.0 -1.0 -2.0 -3.0 -3.0 -3.0 -4.0 -1.0 -1.0 0.0 -1.0 0.0 -3.0 -1.0 -3.0 -1.0 -2.0 -4.0 -3.0 -3.0 -2.0 -2.0 -1.0 0.0 0.0 -3.0 0.0 -3.0 -2.0 -1.0 -4.0 0.0 -1.0 -4.0 -3.0 0.0 -2.0 -4.0 -2.0 -2.0 -1.0 -4.0 0.0 -2.0 -3.0 0.0 -2.0 -1.0 -3.0 -1.0 -4.0 -4.0 -2.0 -2.0 -1.0 -3.0 0.0 -3.0 -4.0 -4.0 -4.0 -1.0 -1.0 -1.0 -1.0 0.0 -3.0 -2.0 -2.0 -3.0 0.0 -2.0 -3.0 -3.0 -2.0 0.0 -3.0 -2.0 -4.0 -2.0 -2.0 -4.0 226.0 -2.0 -4.0 -3.0 -3.0 -4.0 -2.0 -1.0 -2.0 -3.0 -1.0 -4.0 -4.0 -3.0 -1.0 -4.0 0.0 0.0 -1.0 -2.0 -1.0 0.0 -2.0 -1.0 -2.0 0.0 -3.0 0.0 0.0 -3.0 0.0 0.0 
-2.0 -1.0 -4.0 -3.0 -3.0 -4.0 -3.0 -2.0 0.0 0.0 -4.0 -4.0 -3.0 -2.0 0.0 -4.0 -4.0 -4.0 -4.0 -1.0 0.0 -2.0 -4.0 -1.0 -3.0 -2.0 -2.0 -2.0 -2.0 -3.0 -2.0 -2.0 0.0 -2.0 -2.0 -3.0 0.0 -1.0 -3.0 -3.0 -2.0 -4.0 0.0 -4.0 -3.0 0.0 -2.0 -1.0 -1.0 -3.0 -1.0 0.0 -2.0 0.0 -2.0 -1.0 -1.0 -3.0 0.0 -1.0 -2.0 -1.0 -2.0 0.0 -2.0 -1.0 -2.0 -3.0 -3.0 -4.0 -2.0 -3.0 -3.0 -4.0 -3.0 -2.0 -2.0 -3.0 -3.0 -2.0 -1.0 -4.0 0.0 -3.0 238.0 0.0 0.0 -3.0 -3.0 -3.0 0.0 -4.0 -4.0 -1.0 -1.0 -1.0 -2.0 -2.0 -1.0 -1.0 0.0 -3.0 0.0 -3.0 0.0 -2.0 -4.0 -2.0 -1.0 -3.0 -3.0 -4.0 -2.0 -4.0 -4.0 
-1.0 -2.0 0.0 -2.0 -4.0 -1.0 -3.0 -4.0 -3.0 -4.0 -2.0 -1.0 0.0 0.0 -2.0 -1.0 -3.0 -2.0 -2.0 -3.0 0.0 -4.0 -1.0 0.0 -1.0 -4.0 0.0 -3.0 -4.0 -2.0 -3.0 -3.0 -2.0 -3.0 -2.0 -4.0 -1.0 -4.0 -1.0 0.0 -2.0 -2.0 -3.0 -1.0 -1.0 -3.0 -4.0 0.0 -2.0 -4.0 -2.0 -2.0 -3.0 -4.0 -2.0 0.0 -2.0 -3.0 0.0 0.0 0.0 -3.0 -1.0 -2.0 -2.0 -2.0 0.0 -4.0 -2.0 -1.0 -1.0 -2.0 -1.0 -1.0 0.0 0.0 -2.0 -2.0 -1.0 -1.0 -2.0 -2.0 -1.0 -3.0 -4.0 209.0 0.0 -1.0 -2.0 0.0 0.0 -1.0 -3.0 -1.0 0.0 -1.0 -2.0 -3.0 -1.0 0.0 -1.0 -1.0 -2.0 -2.0 -3.0 -4.0 -2.0 0.0 -4.0 -3.0 0.0 -1.0 -2.0 -4.0 -3.0 
-1.0 -2.0 0.0 -2.0 -2.0 -1.0 -3.0 -1.0 -4.0 -3.0 -1.0 -2.0 -2.0 -1.0 -3.0 -1.0 -4.0 -4.0 -1.0 -3.0 -2.0 0.0 -2.0 -2.0 -1.0 -2.0 -2.0 -1.0 -2.0 -3.0 -1.0 -3.0 -4.0 -4.0 0.0 -2.0 -2.0 -3.0 -1.0 -2.0 -2.0 -1.0 -4.0 0.0 -4.0 -3.0 -1.0 -3.0 -2.0 -3.0 -1.0 -1.0 -4.0 -2.0 -2.0 0.0 0.0 -2.0 -1.0 0.0 -2.0 -1.0 -4.0 -2.0 -1.0 -3.0 -2.0 -2.0 0.0 -1.0 0.0 -1.0 -4.0 -2.0 0.0 -2.0 -4.0 -2.0 -4.0 -4.0 -3.0 -4.0 -2.0 -4.0 -4.0 0.0 241.0 -2.0 -3.0 -3.0 -1.0 -1.0 -3.0 0.0 -3.0 -3.0 -1.0 -4.0 -4.0 -4.0 -1.0 -4.0 -3.0 -1.0 -4.0 -4.0 -1.0 -4.0 -4.0 0.0 -4.0 0.0 -2.0 -1.0 -2.0 
-2.0 -1.0 -1.0 -3.0 -3.0 -3.0 0.0 -1.0 -3.0 -2.0 -3.0 -1.0 0.0 -1.0 -2.0 -4.0 -4.0 -2.0 -3.0 -2.0 -3.0 0.0 -1.0 -3.0 0.0 -3.0 -1.0 0.0 0.0 -1.0 -4.0 -4.0 -2.0 -4.0 -4.0 0.0 -1.0 -1.0 -1.0 -1.0 -4.0 -3.0 -3.0 -1.0 -3.0 -2.0 -2.0 -2.0 0.0 -4.0 -4.0 -1.0 -2.0 -4.0 -3.0 -4.0 -4.0 -2.0 -4.0 -3.0 -4.0 -1.0 0.0 -3.0 -3.0 0.0 -3.0 -3.0 -4.0 -1.0 0.0 -3.0 -3.0 -1.0 0.0 -3.0 -1.0 -4.0 0.0 -2.0 -4.0 -3.0 -1.0 -4.0 -4.0 0.0 -1.0 235.0 -4.0 -4.0 -1.0 -3.0 -4.0 -1.0 -3.0 -2.0 0.0 -1.0 -1.0 -1.0 -1.0 -2.0 0.0 -1.0 -2.0 0.0 -1.0 -1.0 -2.0 -2.0 -4.0 -4.0 0.0 -1.0 -3.0 
-2.0 -3.0 -2.0 -3.0 -1.0 -1.0 -3.0 0.0 -3.0 0.0 -1.0 0.0 -2.0 -3.0 -4.0 0.0 -3.0 0.0 -4.0 -4.0 -3.0 0.0 -3.0 -4.0 -3.0 -4.0 0.0 -4.0 -1.0 -1.0 -4.0 -3.0 -2.0 -2.0 0.0 -2.0 0.0 -1.0 0.0 -3.0 0.0 -3.0 0.0 -3.0 -4.0 -3.0 -2.0 0.0 -1.0 -1.0 0.0 -4.0 -2.0 -2.0 -2.0 0.0 -3.0 -1.0 -3.0 -3.0 -1.0 0.0 -3.0 0.0 -1.0 -2.0 -2.0 -4.0 -3.0 -2.0 -2.0 -2.0 0.0 -3.0 -1.0 -2.0 0.0 0.0 -3.0 -4.0 -1.0 -3.0 -3.0 -3.0 -2.0 -3.0 -3.0 -2.0 226.0 -2.0 -4.0 -1.0 -2.0 -1.0 -4.0 -1.0 -1.0 -3.0 0.0 -3.0 -2.0 0.0 -3.0 -3.0 0.0 -3.0 -2.0 -4.0 -3.0 -3.0 -1.0 0.0 -3.0 -4.0 -2.0 
0.0 -3.0 -3.0 -4.0 -3.0 -2.0 -4.0 -2.0 0.0 -4.0 -2.0 0.0 -2.0 0.0 0.0 -4.0 0.0 0.0 -3.0 -3.0 -4.0 -2.0 -2.0 0.0 -4.0 -2.0 0.0 -1.0 -4.0 -1.0 -4.0 -4.0 0.0 -4.0 -1.0 0.0 -4.0 -2.0 0.0 0.0 -2.0 -3.0 -1.0 -2.0 -1.0 -1.0 -3.0 -2.0 0.0 -4.0 -3.0 -4.0 -1.0 0.0 0.0 -4.0 0.0 0.0 -1.0 -4.0 -2.0 -3.0 -1.0 -4.0 0.0 0.0 -3.0 -4.0 -2.0 -3.0 -3.0 0.0 -2.0 0.0 0.0 -4.0 -1.0 -1.0 -1.0 -2.0 -4.0 -4.0 0.0 0.0 -2.0 0.0 -3.0 -2.0 -4.0 213.0 -1.0 -3.0 -1.0 -1.0 0.0 -3.0 -4.0 -2.0 -3.0 -4.0 0.0 0.0 0.0 -1.0 -4.0 -1.0 -2.0 -2.0 -3.0 -2.0 -1.0 -1.0 -4.0 0.0 -1.0 
-3.0 -1.0 -3.0 -2.0 -4.0 -4.0 -2.0 0.0 -2.0 -4.0 0.0 -3.0 -4.0 -2.0 -2.0 -4.0 -3.0 -1.0 -3.0 -3.0 -1.0 -4.0 0.0 -4.0 -4.0 0.0 -3.0 -2.0 -4.0 -4.0 0.0 -2.0 -3.0 0.0 0.0 -3.0 -4.0 -2.0 -2.0 -3.0 -1.0 -1.0 -2.0 -3.0 0.0 -3.0 -4.0 0.0 -3.0 -2.0 0.0 -1.0 -1.0 -2.0 -1.0 -1.0 0.0 -2.0 -3.0 0.0 -1.0 -1.0 -2.0 -3.0 -3.0 -3.0 0.0 -2.0 -4.0 -4.0 -1.0 0.0 0.0 -4.0 -4.0 -1.0 -2.0 -4.0 0.0 -4.0 -4.0 -1.0 0.0 -2.0 -2.0 -3.0 -2.0 -2.0 0.0 -4.0 246.0 -4.0 0.0 -1.0 -4.0 -2.0 -2.0 -4.0 0.0 -1.0 -4.0 0.0 -4.0 -1.0 -4.0 0.0 -1.0 -3.0 -4.0 -3.0 -4.0 -4.0 0.0 -4.0 -4.0 
-2.0 -3.0 -3.0 -3.0 -1.0 -3.0 0.0 -1.0 -1.0 -1.0 -4.0 -4.0 0.0 -1.0 0.0 -2.0 -2.0 -4.0 -1.0 -1.0 -1.0 -1.0 -2.0 -1.0 -2.0 -3.0 -4.0 -3.0 -1.0 -2.0 -2.0 -2.0 -3.0 0.0 0.0 0.0 0.0 -4.0 0.0 -4.0 -2.0 -4.0 -4.0 0.0 -2.0 -4.0 -2.0 0.0 -2.0 -3.0 -1.0 -3.0 -3.0 -4.0 -3.0 -4.0 -2.0 -2.0 -1.0 -4.0 -2.0 -4.0 -3.0 0.0 -1.0 0.0 0.0 -2.0 -2.0 0.0 -4.0 -4.0 -2.0 -1.0 -2.0 -1.0 -1.0 -1.0 -4.0 0.0 -2.0 -4.0 -2.0 -4.0 -3.0 0.0 -3.0 -4.0 -1.0 0.0 -3.0 218.0 -3.0 -2.0 0.0 0.0 0.0 -1.0 -1.0 0.0 0.0 -4.0 -2.0 -2.0 -4.0 -1.0 -1.0 -3.0 0.0 -2.0 -2.0 -3.0 -1.0 -1.0 -3.0 
-2.0 -3.0 0.0 -1.0 -1.0 -1.0 0.0 -4.0 0.0 -3.0 -4.0 -3.0 -4.0 -1.0 -3.0 0.0 -4.0 0.0 -3.0 -4.0 -1.0 -3.0 -1.0 0.0 -4.0 -1.0 -2.0 -2.0 -3.0 -1.0 -2.0 -4.0 -2.0 0.0 -3.0 -3.0 -3.0 -2.0 -4.0 -4.0 -1.0 -4.0 -3.0 -1.0 -2.0 0.0 -4.0 -1.0 -1.0 -2.0 -4.0 -3.0 -2.0 -1.0 -1.0 -1.0 -1.0 -4.0 -3.0 0.0 -4.0 0.0 -3.0 -1.0 -3.0 -4.0 0.0 -3.0 -3.0 -3.0 -3.0 0.0 -3.0 -4.0 -1.0 -1.0 -4.0 -3.0 -2.0 -4.0 -1.0 0.0 -4.0 -4.0 -1.0 -4.0 -2.0 -4.0 -3.0 -2.0 -1.0 -2.0 243.0 -1.0 -1.0 -1.0 -2.0 -1.0 -2.0 -1.0 -2.0 0.0 0.0 -4.0 -3.0 -1.0 -3.0 -1.0 -3.0 0.0 -4.0 -3.0 -4.0 -1.0 -3.0 
0.0 -3.0 0.0 -1.0 -1.0 0.0 -2.0 -1.0 -3.0 -4.0 -3.0 0.0 0.0 -1.0 -3.0 -1.0 -4.0 -4.0 0.0 0.0 0.0 0.0 -2.0 -3.0 -2.0 0.0 -1.0 -2.0 -2.0 -3.0 -3.0 -1.0 0.0 -4.0 0.0 -3.0 -1.0 -1.0 0.0 -2.0 -4.0 -4.0 -3.0 0.0 -3.0 -2.0 -1.0 -2.0 0.0 -2.0 -4.0 -1.0 -2.0 -4.0 0.0 -4.0 -1.0 -2.0 0.0 -4.0 -2.0 -1.0 -1.0 0.0 -4.0 -2.0 0.0 -1.0 -3.0 -3.0 -1.0 -2.0 -2.0 -3.0 -4.0 -3.0 -3.0 0.0 -2.0 -2.0 -4.0 0.0 -1.0 -2.0 0.0 0.0 -1.0 -1.0 0.0 -2.0 -1.0 -1.0 -2.0 208.0 -3.0 -3.0 -1.0 -4.0 -3.0 -1.0 -4.0 -4.0 -1.0 -3.0 0.0 -4.0 -4.0 -1.0 -2.0 -1.0 -3.0 0.0 0.0 -4.0 -4.0 
-4.0 -4.0 -1.0 -3.0 -2.0 -1.0 -4.0 -3.0 0.0 -1.0 -4.0 -4.0 -2.0 -2.0 -4.0 -3.0 -1.0 -2.0 0.0 -4.0 -3.0 -4.0 -2.0 0.0 -1.0 -2.0 -4.0 0.0 -2.0 -3.0 -2.0 -2.0 -2.0 -2.0 -3.0 0.0 -3.0 0.0 -1.0 0.0 -3.0 0.0 -3.0 -1.0 -4.0 -1.0 -3.0 0.0 -4.0 -3.0 -1.0 0.0 -3.0 0.0 -3.0 0.0 -1.0 -3.0 -3.0 -4.0 -2.0 -1.0 -3.0 -3.0 0.0 -4.0 -2.0 -2.0 0.0 0.0 -1.0 -3.0 0.0 -1.0 -2.0 0.0 -2.0 -2.0 -3.0 -3.0 -1.0 -1.0 -2.0 -1.0 -3.0 -4.0 -2.0 -4.0 0.0 -3.0 -3.0 -3.0 -4.0 -3.0 222.0 -2.0 -1.0 -1.0 -4.0 0.0 -3.0 -1.0 0.0 -2.0 0.0 0.0 -4.0 -1.0 -4.0 0.0 -1.0 -2.0 -1.0 -2.0 0.0 
-3.0 -2.0 -1.0 -2.0 -3.0 -2.0 -2.0 -4.0 -1.0 -1.0 -4.0 -4.0 0.0 -1.0 0.0 -4.0 0.0 -2.0 -3.0 -2.0 -4.0 -2.0 0.0 -3.0 -3.0 -2.0 0.0 -3.0 0.0 -2.0 -4.0 -2.0 -4.0 -4.0 0.0 -1.0 -3.0 0.0 -2.0 -1.0 -4.0 0.0 -4.0 0.0 -3.0 -2.0 0.0 0.0 -3.0 -3.0 -4.0 -3.0 -4.0 -1.0 0.0 -3.0 -1.0 -1.0 -4.0 -3.0 0.0 -1.0 -2.0 -3.0 -4.0 -4.0 -1.0 -3.0 0.0 -4.0 -1.0 -4.0 -4.0 -2.0 -1.0 -1.0 -4.0 -4.0 0.0 -3.0 -2.0 -1.0 0.0 -2.0 0.0 -2.0 -2.0 -4.0 -1.0 0.0 -1.0 -3.0 0.0 -1.0 0.0 231.0 0.0 -4.0 -2.0 -2.0 -2.0 0.0 -2.0 -3.0 -3.0 -3.0 0.0 -4.0 -3.0 -2.0 -4.0 -2.0 0.0 -2.0 -4.0 
-2.0 -4.0 0.0 -1.0 -1.0 -2.0 -4.0 -1.0 0.0 -4.0 -1.0 -1.0 -2.0 0.0 -2.0 0.0 -2.0 -1.0 -4.0 -2.0 -3.0 0.0 -3.0 0.0 -1.0 -4.0 -2.0 0.0 -2.0 -4.0 -1.0 -2.0 -4.0 -4.0 -1.0 -1.0 -4.0 -1.0 -1.0 -1.0 -2.0 -2.0 -2.0 -3.0 0.0 -4.0 0.0 -3.0 -2.0 -2.0 -1.0 0.0 -2.0 -1.0 -1.0 -3.0 -3.0 -2.0 -1.0 -1.0 -3.0 -2.0 -3.0 0.0 -1.0 -3.0 0.0 -2.0 -4.0 0.0 -1.0 -4.0 -3.0 -3.0 0.0 -1.0 -4.0 0.0 0.0 -1.0 -3.0 -3.0 -4.0 0.0 -1.0 0.0 -3.0 -2.0 0.0 -2.0 -3.0 -4.0 0.0 0.0 -1.0 -3.0 213.0 -4.0 -3.0 0.0 -4.0 -4.0 0.0 -3.0 -3.0 0.0 -4.0 -2.0 -3.0 0.0 -4.0 -2.0 -2.0 -1.0 -2.0 
-4.0 0.0 -1.0 -2.0 0.0 -2.0 -4.0 -3.0 -3.0 -1.0 -1.0 -2.0 -3.0 -1.0 -3.0 -3.0 -4.0 -4.0 -1.0 -4.0 -4.0 -2.0 -1.0 0.0 -1.0 -3.0 -3.0 0.0 -4.0 -1.0 -1.0 -1.0 -3.0 0.0 -2.0 -2.0 -2.0 -4.0 -1.0 -2.0 0.0 -3.0 -4.0 -2.0 -3.0 -4.0 -4.0 -3.0 -2.0 -3.0 -3.0 -1.0 -1.0 0.0 -3.0 -4.0 -1.0 -2.0 -3.0 -1.0 0.0 -1.0 -4.0 -1.0 -2.0 -3.0 -4.0 -1.0 -2.0 0.0 0.0 0.0 -3.0 -4.0 0.0 -3.0 0.0 -1.0 -4.0 0.0 0.0 -3.0 -1.0 -2.0 -2.0 -4.0 0.0 -3.0 -3.0 -1.0 -4.0 -3.0 -4.0 -3.0 -3.0 -3.0 -1.0 237.0 -2.0 0.0 -2.0 -3.0 -1.0 0.0 -2.0 -4.0 -4.0 0.0 -1.0 -3.0 -4.0 -3.0 -1.0 -3.0 -1.0 
-1.0 -1.0 -3.0 -1.0 -1.0 -4.0 0.0 -3.0 -4.0 -1.0 -3.0 -1.0 -2.0 -4.0 -2.0 -2.0 -4.0 -4.0 -2.0 -4.0 0.0 -3.0 -1.0 -4.0 -3.0 -2.0 -1.0 -3.0 0.0 -4.0 -2.0 -4.0 0.0 -1.0 -3.0 -4.0 0.0 -1.0 -1.0 -1.0 -3.0 -1.0 -3.0 -4.0 -4.0 -3.0 0.0 -2.0 -3.0 -2.0 -1.0 0.0 0.0 -4.0 0.0 -1.0 -2.0 -3.0 -2.0 -2.0 -3.0 -3.0 0.0 0.0 -4.0 0.0 -4.0 -3.0 -2.0 0.0 -2.0 -4.0 -2.0 -3.0 -2.0 -4.0 -4.0 -2.0 -4.0 -1.0 -2.0 -2.0 -1.0 -2.0 -2.0 -2.0 -3.0 -4.0 0.0 -1.0 0.0 -1.0 -2.0 -4.0 -1.0 -2.0 -1.0 -4.0 237.0 -2.0 0.0 0.0 0.0 0.0 -2.0 -2.0 -1.0 -1.0 -4.0 -3.0 -4.0 -4.0 -4.0 -1.0 -3.0 
-1.0 -1.0 -3.0 -2.0 -4.0 0.0 -2.0 0.0 -3.0 -2.0 -4.0 -2.0 0.0 -4.0 -4.0 -2.0 0.0 0.0 0.0 -2.0 -3.0 -3.0 -1.0 -2.0 -3.0 -4.0 -2.0 -2.0 -4.0 -1.0 -1.0 -3.0 0.0 -2.0 0.0 0.0 -3.0 0.0 0.0 -3.0 0.0 -2.0 0.0 -4.0 -4.0 -1.0 -3.0 -2.0 -2.0 -3.0 0.0 -4.0 -3.0 -3.0 -4.0 -4.0 -4.0 -4.0 0.0 -3.0 -1.0 -1.0 -1.0 -1.0 -4.0 -2.0 -2.0 -1.0 -2.0 -2.0 0.0 -2.0 -1.0 -1.0 -4.0 -4.0 -2.0 0.0 0.0 -3.0 -3.0 -1.0 -4.0 -2.0 -1.0 -4.0 -3.0 0.0 0.0 0.0 -2.0 -2.0 -1.0 -4.0 -3.0 -3.0 -4.0 -4.0 -2.0 222.0 0.0 -3.0 -2.0 -4.0 0.0 0.0 -4.0 -1.0 -2.0 0.0 -1.0 0.0 -3.0 0.0 -2.0 
0.0 -3.0 0.0 -3.0 0.0 -2.0 -1.0 -3.0 -1.0 -3.0 -1.0 -3.0 0.0 0.0 -2.0 0.0 -2.0 -1.0 -3.0 -1.0 0.0 0.0 -3.0 0.0 -4.0 -4.0 -2.0 -4.0 0.0 -1.0 0.0 -4.0 -4.0 -4.0 -2.0 -4.0 0.0 -2.0 0.0 -2.0 -1.0 -1.0 -3.0 -4.0 -1.0 -4.0 -2.0 -4.0 -2.0 -3.0 0.0 -2.0 -1.0 -1.0 -1.0 -1.0 -3.0 -3.0 -2.0 -1.0 -1.0 -3.0 -3.0 -4.0 -3.0 -2.0 -4.0 -4.0 -1.0 -2.0 -3.0 -3.0 -2.0 0.0 -2.0 -1.0 -1.0 -4.0 -4.0 0.0 -2.0 0.0 0.0 0.0 0.0 0.0 -1.0 -1.0 -3.0 -4.0 0.0 -1.0 -3.0 0.0 -3.0 0.0 -2.0 -4.0 -1.0 -2.0 205.0 -4.0 -1.0 -3.0 0.0 -2.0 -1.0 -2.0 -2.0 -2.0 0.0 0.0 -3.0 -1.0 -1.0 
-3.0 0.0 -2.0 0.0 0.0 -1.0 -3.0 -1.0 -3.0 -3.0 -4.0 -1.0 -2.0 -4.0 -4.0 0.0 -3.0 -3.0 -2.0 -4.0 -4.0 -2.0 -4.0 0.0 0.0 -4.0 0.0 -4.0 -2.0 0.0 -3.0 -4.0 0.0 -1.0 -1.0 0.0 0.0 -2.0 -3.0 -1.0 -2.0 0.0 0.0 -1.0 0.0 -2.0 -2.0 -3.0 0.0 -2.0 -3.0 -4.0 -4.0 -4.0 -4.0 -1.0 0.0 -2.0 -2.0 -1.0 -4.0 -2.0 0.0 -2.0 0.0 -2.0 -2.0 -4.0 -4.0 -2.0 -3.0 -1.0 -4.0 -3.0 -3.0 -3.0 -2.0 -4.0 -4.0 -2.0 -2.0 -2.0 -2.0 0.0 -4.0 0.0 0.0 0.0 -3.0 -3.0 -2.0 -1.0 -3.0 -2.0 -2.0 -4.0 -3.0 -2.0 -1.0 -2.0 -1.0 227.0 -2.0 -4.0 0.0 -1.0 -4.0 0.0 -1.0 -2.0 -2.0 -2.0 -1.0 -1.0 -2.0 
0.0 -3.0 0.0 -2.0 -3.0 -3.0 -2.0 -1.0 0.0 -3.0 -4.0 -3.0 0.0 -2.0 -2.0 0.0 -2.0 0.0 -1.0 -4.0 -4.0 -1.0 -3.0 -4.0 0.0 -4.0 0.0 -3.0 0.0 0.0 -2.0 0.0 -1.0 0.0 -1.0 -3.0 -2.0 0.0 -3.0 -4.0 -2.0 -1.0 -3.0 -2.0 -4.0 0.0 -3.0 -1.0 0.0 -4.0 0.0 -3.0 -4.0 -2.0 0.0 -4.0 -4.0 0.0 -1.0 -3.0 0.0 -4.0 -3.0 -4.0 0.0 0.0 -1.0 -1.0 0.0 -2.0 -1.0 -1.0 -3.0 -1.0 -1.0 0.0 -3.0 -1.0 -2.0 -4.0 -3.0 0.0 -3.0 -2.0 -2.0 0.0 0.0 -2.0 -3.0 -2.0 -3.0 -1.0 0.0 -4.0 0.0 -1.0 -1.0 0.0 -3.0 -2.0 -2.0 -1.0 204.0 -2.0 -1.0 -4.0 -2.0 -1.0 -2.0 -2.0 -3.0 -3.0 -1.0 -4.0 -1.0 
0.0 0.0 -3.0 0.0 -3.0 -2.0 -4.0 0.0 0.0 0.0 -3.0 -2.0 -2.0 -4.0 -1.0 -2.0 -2.0 -2.0 -3.0 0.0 0.0 0.0 -3.0 -4.0 -3.0 0.0 -1.0 -4.0 -1.0 -1.0 0.0 -4.0 -3.0 -4.0 -1.0 -2.0 -3.0 0.0 -4.0 -4.0 -1.0 -4.0 -4.0 -1.0 -4.0 -4.0 -3.0 -3.0 -2.0 -2.0 -4.0 -2.0 -3.0 -2.0 -1.0 -3.0 -1.0 -3.0 0.0 -3.0 -2.0 0.0 0.0 -4.0 -3.0 -1.0 -4.0 -2.0 -3.0 -3.0 -1.0 -1.0 -1.0 -3.0 0.0 -4.0 -2.0 0.0 -4.0 -1.0 -3.0 -3.0 -1.0 -1.0 -2.0 -3.0 -4.0 -2.0 -1.0 -2.0 -3.0 -1.0 -1.0 0.0 -2.0 -1.0 -2.0 -3.0 -3.0 -3.0 -4.0 -1.0 0.0 224.0 -2.0 0.0 -2.0 -3.0 0.0 -1.0 0.0 -4.0 -2.0 0.0 0.0 
0.0 -4.0 -4.0 -2.0 0.0 0.0 0.0 -1.0 -3.0 -2.0 -1.0 -4.0 0.0 -4.0 -3.0 -3.0 -4.0 -1.0 -1.0 0.0 -3.0 -2.0 0.0 -3.0 -4.0 -4.0 0.0 -4.0 -2.0 -1.0 0.0 -2.0 -3.0 0.0 0.0 -2.0 -1.0 -2.0 -4.0 -4.0 -1.0 -3.0 -3.0 -3.0 -3.0 -4.0 0.0 -1.0 0.0 -3.0 -4.0 -4.0 -1.0 -2.0 -1.0 -3.0 -4.0 -4.0 -4.0 -4.0 -1.0 -1.0 -4.0 -2.0 -3.0 -1.0 0.0 -1.0 -3.0 -1.0 -4.0 -3.0 -2.0 -4.0 -1.0 0.0 -2.0 -3.0 -3.0 -2.0 0.0 0.0 -3.0 -4.0 -1.0 0.0 0.0 -1.0 0.0 0.0 -3.0 0.0 -3.0 -1.0 -1.0 -4.0 0.0 -4.0 -3.0 0.0 -2.0 -1.0 -2.0 -1.0 218.0 -3.0 -1.0 0.0 -4.0 -2.0 0.0 -1.0 -1.0 0.0 -1.0 
-1.0 -2.0 0.0 -1.0 0.0 -4.0 -1.0 -1.0 0.0 -3.0 -1.0 -4.0 -2.0 -2.0 -2.0 -3.0 0.0 -3.0 -4.0 -2.0 -3.0 -3.0 -4.0 -2.0 -4.0 -3.0 -1.0 -4.0 0.0 -4.0 0.0 -2.0 -3.0 -4.0 -3.0 0.0 0.0 -2.0 -1.0 0.0 -4.0 -3.0 -1.0 0.0 0.0 0.0 0.0 -4.0 -4.0 -2.0 0.0 -1.0 -3.0 -4.0 -4.0 -2.0 -2.0 -1.0 -2.0 -2.0 0.0 -2.0 -2.0 0.0 -4.0 -2.0 -4.0 -1.0 -4.0 -2.0 -3.0 -3.0 -2.0 -4.0 -1.0 -3.0 -2.0 -1.0 0.0 0.0 0.0 -2.0 -3.0 0.0 -2.0 0.0 -3.0 -3.0 -3.0 -3.0 -4.0 -1.0 -4.0 0.0 -4.0 -1.0 -4.0 -4.0 -2.0 -4.0 -3.0 0.0 -1.0 -3.0 -4.0 236.0 -3.0 -2.0 -4.0 -3.0 -4.0 -3.0 -1.0 0.0 0.0 
-1.0 -3.0 -1.0 -1.0 -3.0 0.0 -4.0 -4.0 0.0 -2.0 -2.0 -3.0 0.0 -4.0 -2.0 -1.0 -3.0 0.0 -3.0 -3.0 -1.0 -4.0 -4.0 -3.0 0.0 0.0 -3.0 0.0 -4.0 0.0 -3.0 -1.0 -2.0 -2.0 0.0 -1.0 -3.0 0.0 -1.0 0.0 -2.0 -4.0 0.0 -4.0 -2.0 -3.0 -2.0 -1.0 0.0 -2.0 -1.0 0.0 -3.0 -1.0 -4.0 0.0 0.0 0.0 0.0 -1.0 -4.0 -1.0 -3.0 0.0 0.0 0.0 0.0 0.0 -3.0 0.0 -2.0 -2.0 0.0 -4.0 0.0 -2.0 -1.0 0.0 -2.0 -1.0 -1.0 -1.0 0.0 -4.0 -4.0 0.0 -3.0 -2.0 -4.0 -1.0 -1.0 -1.0 -4.0 -3.0 -4.0 0.0 -3.0 -3.0 0.0 -1.0 0.0 -3.0 -2.0 -1.0 -1.0 -1.0 195.0 -4.0 -3.0 0.0 -3.0 -4.0 -2.0 0.0 -4.0 
0.0 -2.0 -3.0 -2.0 0.0 -4.0 0.0 -1.0 -2.0 -4.0 -1.0 -3.0 -2.0 -4.0 0.0 0.0 -1.0 -4.0 -3.0 -1.0 0.0 -4.0 0.0 -2.0 -2.0 -4.0 0.0 -3.0 0.0 -1.0 -4.0 0.0 0.0 0.0 -2.0 -2.0 -3.0 0.0 -2.0 -4.0 -2.0 -1.0 -2.0 -4.0 -4.0 -3.0 -3.0 -3.0 0.0 0.0 0.0 -1.0 -2.0 -1.0 -1.0 -4.0 -2.0 0.0 0.0 -4.0 -2.0 0.0 0.0 -2.0 -4.0 0.0 -3.0 -1.0 -3.0 0.0 -3.0 -1.0 -3.0 -1.0 -4.0 -1.0 -3.0 0.0 -1.0 -3.0 -1.0 -3.0 -3.0 -3.0 -1.0 -3.0 -1.0 -2.0 -4.0 -1.0 -4.0 -3.0 0.0 -4.0 -1.0 -1.0 0.0 -4.0 -3.0 -4.0 -1.0 0.0 -1.0 -4.0 -1.0 -1.0 -1.0 211.0 0.0 -4.0 -1.0 0.0 -4.0 -3.0 -2.0 
-4.0 -2.0 -4.0 0.0 -2.0 -3.0 -4.0 -3.0 -4.0 -3.0 -4.0 -2.0 -3.0 -2.0 0.0 -4.0 -2.0 -2.0 -2.0 -2.0 -2.0 -3.0 -1.0 -2.0 -2.0 -2.0 0.0 -2.0 -1.0 -3.0 -4.0 -4.0 -2.0 0.0 -3.0 -2.0 -4.0 -1.0 -2.0 -4.0 -3.0 -4.0 -2.0 0.0 -2.0 -1.0 -1.0 -1.0 -4.0 -3.0 0.0 -2.0 -4.0 -4.0 -3.0 -3.0 -4.0 -3.0 -4.0 -1.0 -2.0 -4.0 -4.0 -2.0 -1.0 -2.0 0.0 -3.0 -3.0 -2.0 -1.0 -2.0 -3.0 -1.0 -2.0 -1.0 -1.0 -2.0 -1.0 -4.0 -4.0 -1.0 -2.0 -2.0 -3.0 -4.0 -2.0 -4.0 -3.0 -3.0 -1.0 -4.0 -3.0 0.0 -4.0 -3.0 -4.0 -3.0 0.0 -4.0 -1.0 -4.0 -2.0 -4.0 -1.0 -1.0 -2.0 -2.0 272.0 -1.0 -4.0 -4.0 -3.0 0.0 -3.0 
-3.0 -1.0 -2.0 -3.0 -1.0 0.0 -3.0 0.0 -3.0 -3.0 -1.0 -3.0 -4.0 -3.0 0.0 0.0 -1.0 -3.0 -4.0 -4.0 0.0 -4.0 -4.0 0.0 -4.0 -2.0 -1.0 -3.0 -2.0 -3.0 0.0 -2.0 -1.0 -4.0 -1.0 0.0 -1.0 -3.0 -1.0 0.0 -2.0 -1.0 -4.0 -3.0 -2.0 -3.0 -3.0 -3.0 -3.0 -3.0 -2.0 -2.0 -4.0 -1.0 -4.0 -1.0 -1.0 -4.0 -2.0 -2.0 -4.0 0.0 -4.0 0.0 -3.0 -2.0 0.0 -3.0 -3.0 0.0 -3.0 -2.0 -2.0 -2.0 -1.0 -1.0 -3.0 -2.0 -4.0 -1.0 -3.0 -1.0 -2.0 0.0 -3.0 -4.0 -2.0 0.0 -3.0 -4.0 -2.0 -4.0 0.0 -1.0 -4.0 -4.0 -1.0 -4.0 0.0 0.0 0.0 0.0 -4.0 -2.0 -2.0 -1.0 -1.0 -1.0 -1.0 234.0 0.0 -3.0 -3.0 -3.0 -3.0 
-1.0 0.0 -2.0 0.0 -1.0 -3.0 -2.0 -2.0 -4.0 -1.0 -3.0 0.0 -4.0 -2.0 0.0 0.0 -2.0 -3.0 -3.0 -2.0 -4.0 -3.0 -2.0 -3.0 -1.0 -1.0 0.0 0.0 -4.0 0.0 -2.0 -3.0 -1.0 -4.0 -3.0 -4.0 -4.0 -4.0 -1.0 -2.0 0.0 -1.0 -1.0 -2.0 0.0 -4.0 -1.0 -3.0 -3.0 -3.0 -1.0 -2.0 -4.0 -1.0 -3.0 -3.0 0.0 -3.0 -4.0 -3.0 -2.0 0.0 -1.0 0.0 -4.0 -3.0 -2.0 -1.0 -1.0 0.0 -1.0 -1.0 -3.0 -1.0 0.0 -3.0 -3.0 -2.0 -2.0 0.0 -2.0 0.0 -4.0 0.0 0.0 -2.0 -3.0 -2.0 0.0 -2.0 -1.0 -4.0 -1.0 -3.0 -2.0 -3.0 0.0 -2.0 -4.0 -1.0 -4.0 -1.0 0.0 -4.0 -1.0 -1.0 0.0 -2.0 -3.0 -3.0 215.0 -2.0 -1.0 -2.0 -2.0 
-4.0 -4.0 -4.0 -2.0 0.0 -2.0 -1.0 -1.0 -4.0 -3.0 0.0 0.0 -1.0 -3.0 -2.0 -4.0 0.0 -3.0 -3.0 0.0 0.0 -3.0 -4.0 -3.0 0.0 0.0 -4.0 0.0 -1.0 -3.0 0.0 0.0 -1.0 0.0 -2.0 -1.0 0.0 -4.0 -2.0 -4.0 0.0 0.0 -4.0 -2.0 -4.0 0.0 -3.0 0.0 0.0 -2.0 -1.0 -4.0 0.0 -2.0 -4.0 -2.0 -4.0 -1.0 -1.0 -4.0 -4.0 -1.0 -3.0 0.0 -1.0 -4.0 0.0 -4.0 -2.0 -4.0 -4.0 0.0 -4.0 -4.0 -3.0 -2.0 -4.0 0.0 -4.0 -2.0 -4.0 -2.0 0.0 0.0 -4.0 -4.0 -2.0 -2.0 -2.0 -4.0 -4.0 -4.0 -1.0 -4.0 -3.0 -2.0 -3.0 -1.0 -4.0 -3.0 -1.0 -3.0 -4.0 -3.0 0.0 -3.0 -2.0 -2.0 0.0 -2.0 -4.0 243.0 -1.0 -2.0 -2.0 
0.0 0.0 -1.0 -3.0 -2.0 -3.0 0.0 -2.0 -2.0 -4.0 -2.0 -4.0 -3.0 0.0 -2.0 0.0 -3.0 -2.0 -4.0 -4.0 -2.0 0.0 -4.0 -3.0 -4.0 -2.0 0.0 -4.0 -2.0 -4.0 -1.0 -3.0 -3.0 -3.0 -3.0 0.0 0.0 0.0 -4.0 -1.0 0.0 -3.0 -4.0 -4.0 -1.0 -2.0 0.0 -1.0 -3.0 -4.0 0.0 -2.0 -1.0 0.0 -3.0 -4.0 -1.0 0.0 -4.0 -1.0 -2.0 -4.0 -3.0 -1.0 -4.0 -2.0 -2.0 -4.0 -1.0 -1.0 -2.0 0.0 -4.0 -4.0 0.0 -2.0 -3.0 -1.0 -3.0 0.0 -3.0 -3.0 -2.0 -3.0 -3.0 -1.0 0.0 -4.0 -2.0 0.0 -3.0 -4.0 -1.0 -1.0 -2.0 -2.0 -1.0 -3.0 -4.0 0.0 -4.0 0.0 0.0 -2.0 -3.0 -4.0 -3.0 -1.0 -4.0 0.0 -1.0 -4.0 234.0 0.0 -1.0 
-2.0 -1.0 -3.0 -2.0 -1.0 -4.0 -3.0 -4.0 -1.0 -4.0 -1.0 -3.0 -4.0 -1.0 0.0 -3.0 -3.0 -1.0 -3.0 -2.0 -3.0 -2.0 -2.0 0.0 0.0 -1.0 -4.0 -3.0 -1.0 -2.0 -1.0 -1.0 -1.0 0.0 -4.0 -4.0 -3.0 -3.0 -1.0 -1.0 -2.0 -3.0 -1.0 -1.0 0.0 -2.0 -4.0 -1.0 -2.0 -2.0 -1.0 -1.0 -4.0 -2.0 -4.0 0.0 -4.0 -1.0 -2.0 -2.0 -3.0 -3.0 0.0 -2.0 -1.0 -4.0 -2.0 -2.0 -1.0 -3.0 -1.0 -1.0 0.0 -3.0 -3.0 -4.0 -1.0 -1.0 -2.0 -1.0 -3.0 -3.0 -1.0 -1.0 -3.0 -3.0 -3.0 -4.0 -3.0 0.0 -4.0 -1.0 -4.0 -4.0 0.0 0.0 -1.0 -2.0 0.0 -3.0 0.0 -3.0 -4.0 -4.0 -2.0 -4.0 0.0 -1.0 -2.0 0.0 -2.0 -2.0 -2.0 230.0 -1.0 
-3.0 -2.0 0.0 0.0 0.0 -3.0 0.0 -2.0 -3.0 0.0 -3.0 -2.0 0.0 -1.0 0.0 -3.0 -1.0 -3.0 -4.0 -1.0 0.0 -1.0 0.0 0.0 0.0 -1.0 -1.0 -1.0 -4.0 0.0 0.0 -2.0 -4.0 -3.0 -3.0 0.0 -3.0 -4.0 -2.0 -3.0 0.0 -3.0 -2.0 -1.0 -3.0 -4.0 0.0 -2.0 -1.0 -4.0 -1.0 -2.0 -3.0 -4.0 -3.0 -1.0 -2.0 -4.0 -3.0 0.0 0.0 -1.0 -1.0 -1.0 -3.0 -3.0 0.0 -2.0 -4.0 -2.0 -4.0 -1.0 -2.0 -3.0 -4.0 -3.0 -1.0 -3.0 -4.0 -2.0 0.0 -1.0 -4.0 0.0 0.0 -1.0 0.0 -3.0 -3.0 -3.0 -3.0 -3.0 -2.0 -4.0 -4.0 0.0 0.0 -1.0 0.0 -1.0 -1.0 -3.0 -4.0 -2.0 -2.0 0.0 -1.0 -2.0 -3.0 -4.0 -4.0 -3.0 -2.0 0.0 214.0 
-13902.114 -14424.0 -10774.0 -13011.0 -11338.0 -11873.0 -12290.0 -11980.0 -12481.0 -10883.0 -11528.0 -11119.0 -9865.0 -9952.0 -10420.0 -9354.0 -9100.0 -9900.0 -9953.0 -8713.0 -8144.0 -8707.0 -7574.0 -8867.0 -8090.0 -7532.0 -6332.0 -6924.0 -7719.0 -6947.0 -6460.0 -6228.0 -5631.0 -5198.0 -6022.0 -5215.0 -3742.0 -5049.0 -3602.0 -5210.0 -3153.0 -3987.0 -4228.0 -3145.0 -3479.0 -3123.0 -2327.0 -2549.0 -3027.0 -1311.0 -1804.0 -1601.0 -1401.0 118.0 -243.0 341.0 -185.0 14.0 -25.0 -263.0 499.0 1452.0 2022.0 1074.0 1069.0 1734.0 1035.0 1864.0 1818.0 4044.0 3465.0 2704.0 2832.0 4425.0 3621.0 3937.0 4658.0 5431.0 4107.0 5069.0 5404.0 5404.0 6051.0 6296.0 6681.0 6424.0 6378.0 7279.0 6786.0 7208.0 8158.0 7695.0 8466.0 6825.0 9069.0 8983.0 8046.0 9645.0 9979.0 9524.0 9025.0 10097.0 9213.0 10607.0 11052.0 10901.0 9645.0 10350.0 14031.0 12475.0 11631.0 12396.0 13108.0 13220.0 11483.0 