23.9986 -3.0 -1.0 -3.0 -3.0 -2.0 0.0 -3.0 0.0 0.0 0.0 0.0 -4.0 -4.0 -1.0 
-4.0 33.0 0.0 -2.0 0.0 -4.0 -2.0 -1.0 -4.0 0.0 -3.0 -4.0 -1.0 -4.0 -4.0 
-2.0 -4.0 27.0 -3.0 -4.0 -3.0 -2.0 -1.0 -2.0 0.0 0.0 0.0 -4.0 -2.0 0.0 
-3.0 -3.0 -2.0 33.0 -3.0 -4.0 0.0 -1.0 -2.0 -4.0 0.0 -3.0 -3.0 -1.0 -4.0 
-1.0 -4.0 -1.0 0.0 19.0 0.0 0.0 -2.0 -2.0 -2.0 -1.0 -2.0 0.0 -4.0 0.0 
-3.0 -4.0 0.0 -2.0 0.0 31.0 -2.0 -4.0 -2.0 -2.0 -4.0 -1.0 -1.0 -3.0 -3.0 
-4.0 -1.0 0.0 -4.0 -4.0 -3.0 21.0 -1.0 0.0 0.0 -1.0 -1.0 -2.0 0.0 0.0 
-4.0 -1.0 -2.0 -4.0 -2.0 -2.0 -4.0 34.0 -3.0 0.0 -3.0 -4.0 0.0 -2.0 -3.0 
-2.0 0.0 -4.0 -2.0 -3.0 -2.0 -4.0 0.0 30.0 -4.0 -3.0 -3.0 -1.0 0.0 -2.0 
-1.0 0.0 -1.0 -1.0 -3.0 -4.0 -3.0 -4.0 -2.0 29.0 -3.0 -2.0 -1.0 -3.0 -1.0 
0.0 -1.0 0.0 0.0 -1.0 0.0 0.0 -3.0 0.0 -1.0 10.0 -1.0 0.0 -1.0 -2.0 
-3.0 -4.0 -3.0 -3.0 -2.0 -4.0 -2.0 -4.0 -1.0 0.0 0.0 33.0 -4.0 -3.0 0.0 
-2.0 -4.0 -3.0 -4.0 -1.0 -4.0 0.0 -4.0 -3.0 -1.0 -1.0 -2.0 34.0 -1.0 -4.0 
0.0 0.0 0.0 -1.0 -1.0 -1.0 -3.0 -2.0 0.0 -2.0 -2.0 0.0 -1.0 15.0 -2.0 
-1.0 -2.0 -3.0 0.0 -1.0 0.0 0.0 -2.0 -3.0 -2.0 -3.0 0.0 -3.0 0.0 20.0 
-171.0014 -238.0 -99.0 -137.0 -62.0 -73.0 30.0 13.0 41.0 45.0 13.0 181.0 200.0 73.0 146.0 