107.9936 0.0 -3.0 -3.0 0.0 -1.0 -1.0 -4.0 0.0 -4.0 -1.0 -1.0 -2.0 -3.0 -2.0 -4.0 -1.0 -2.0 0.0 -2.0 0.0 -2.0 -1.0 0.0 -4.0 0.0 -1.0 0.0 -4.0 -4.0 -4.0 -3.0 0.0 -3.0 0.0 0.0 0.0 -2.0 -4.0 -2.0 -3.0 0.0 -2.0 -3.0 -4.0 -4.0 -1.0 -1.0 -3.0 -3.0 0.0 0.0 0.0 0.0 0.0 -2.0 -2.0 -1.0 -2.0 0.0 -1.0 -4.0 -2.0 0.0 -2.0 
-3.0 132.0 0.0 0.0 -3.0 -1.0 -3.0 -4.0 -4.0 -2.0 -3.0 -4.0 -3.0 -3.0 -2.0 -2.0 -4.0 0.0 -4.0 -3.0 -4.0 0.0 -3.0 -4.0 -4.0 -3.0 -2.0 0.0 -1.0 0.0 -1.0 -1.0 -2.0 -1.0 -3.0 -1.0 -2.0 -3.0 -3.0 -2.0 0.0 -3.0 -2.0 -4.0 -1.0 0.0 -4.0 -2.0 -4.0 0.0 -1.0 -3.0 -3.0 -2.0 -1.0 0.0 -4.0 -4.0 -3.0 -1.0 -1.0 -1.0 0.0 0.0 0.0 
-3.0 0.0 125.0 -2.0 -2.0 -2.0 -4.0 -3.0 -1.0 -1.0 0.0 0.0 -1.0 -1.0 0.0 0.0 -2.0 -3.0 0.0 -4.0 -4.0 -3.0 -3.0 0.0 -3.0 -1.0 -3.0 -1.0 0.0 -3.0 -3.0 -4.0 -4.0 -2.0 -1.0 0.0 -3.0 -1.0 -1.0 -1.0 -2.0 -1.0 -1.0 -1.0 -1.0 -4.0 -3.0 -1.0 -1.0 -2.0 -4.0 -2.0 0.0 -3.0 -2.0 -3.0 -4.0 -3.0 -2.0 -4.0 -3.0 -3.0 0.0 -4.0 -1.0 
-3.0 -4.0 0.0 128.0 0.0 -2.0 0.0 -4.0 -1.0 -2.0 -1.0 -1.0 -1.0 -3.0 0.0 -1.0 -4.0 -3.0 -2.0 -4.0 -2.0 -2.0 -4.0 -1.0 -1.0 -1.0 -1.0 0.0 -4.0 0.0 -1.0 -2.0 -4.0 -1.0 0.0 -4.0 -1.0 0.0 -3.0 -3.0 -2.0 -2.0 -1.0 -4.0 0.0 -4.0 -1.0 -2.0 -4.0 -3.0 -1.0 -3.0 -3.0 -1.0 -4.0 -4.0 -4.0 -4.0 -4.0 0.0 0.0 0.0 0.0 -3.0 -3.0 
-4.0 -4.0 -1.0 0.0 148.0 -2.0 -2.0 -2.0 -2.0 -3.0 0.0 -3.0 -2.0 -4.0 0.0 -1.0 0.0 0.0 -3.0 -4.0 -2.0 0.0 -3.0 -2.0 -4.0 -3.0 -3.0 -3.0 -4.0 -4.0 -4.0 0.0 -4.0 0.0 -4.0 -3.0 -3.0 -3.0 -3.0 0.0 0.0 -4.0 -1.0 0.0 -3.0 0.0 -4.0 -4.0 -1.0 -3.0 -4.0 -4.0 0.0 -4.0 -2.0 -2.0 0.0 -1.0 -4.0 -1.0 -4.0 -3.0 -4.0 -3.0 -3.0 
-2.0 -1.0 0.0 -4.0 0.0 123.0 -3.0 -4.0 -4.0 -1.0 -1.0 -3.0 0.0 -2.0 -4.0 -2.0 -4.0 0.0 -4.0 -2.0 -2.0 0.0 0.0 0.0 -1.0 -1.0 -1.0 0.0 -2.0 0.0 -1.0 -3.0 -1.0 -3.0 -4.0 -4.0 0.0 -1.0 -3.0 -4.0 -3.0 -3.0 0.0 -4.0 0.0 -1.0 -4.0 -4.0 0.0 -2.0 -3.0 -2.0 -4.0 -3.0 -4.0 -1.0 -1.0 -3.0 -4.0 -1.0 0.0 0.0 -3.0 -1.0 0.0 
-1.0 -3.0 0.0 -2.0 -4.0 -4.0 129.0 -3.0 -3.0 -3.0 -2.0 -1.0 0.0 -2.0 0.0 -4.0 -3.0 -3.0 -3.0 -1.0 -1.0 -3.0 -2.0 -2.0 -1.0 -1.0 -2.0 -3.0 -4.0 -3.0 0.0 -1.0 -1.0 -4.0 -1.0 0.0 -3.0 -1.0 -3.0 -1.0 -3.0 0.0 0.0 -3.0 0.0 -1.0 -3.0 -2.0 -2.0 -3.0 -2.0 -2.0 -4.0 -2.0 -3.0 -1.0 -4.0 -4.0 -3.0 -2.0 0.0 0.0 -2.0 -3.0 -1.0 
-3.0 0.0 -4.0 -2.0 0.0 0.0 0.0 119.0 -2.0 -2.0 -3.0 -2.0 0.0 -4.0 -3.0 -1.0 -1.0 -1.0 -1.0 0.0 -1.0 -2.0 -2.0 -1.0 -3.0 -3.0 -1.0 -2.0 -1.0 -2.0 -2.0 -4.0 -2.0 -4.0 0.0 -1.0 -1.0 -3.0 -1.0 0.0 -3.0 -2.0 -4.0 -3.0 -1.0 0.0 -4.0 0.0 -4.0 -2.0 0.0 0.0 -4.0 0.0 -4.0 -3.0 -4.0 -2.0 0.0 -1.0 -3.0 -2.0 -2.0 -4.0 -2.0 
-3.0 -4.0 -2.0 -4.0 -1.0 0.0 -1.0 -4.0 127.0 0.0 -1.0 -3.0 0.0 -1.0 -2.0 -2.0 0.0 0.0 -1.0 -3.0 -1.0 -1.0 -2.0 0.0 -3.0 -3.0 -3.0 0.0 -3.0 -1.0 -3.0 -1.0 -2.0 -4.0 -4.0 -3.0 -1.0 -3.0 -4.0 -3.0 -4.0 -3.0 -1.0 -2.0 -1.0 -4.0 -3.0 -2.0 -4.0 -3.0 -2.0 -1.0 -2.0 -1.0 -1.0 -1.0 -1.0 0.0 -1.0 -2.0 -2.0 -2.0 -1.0 -3.0 -3.0 
-2.0 -1.0 -2.0 0.0 0.0 -3.0 -3.0 -2.0 0.0 116.0 -3.0 -2.0 0.0 -2.0 -3.0 -1.0 -2.0 -4.0 -4.0 -1.0 -1.0 -1.0 -4.0 -1.0 -1.0 -4.0 0.0 -3.0 0.0 -1.0 -1.0 -2.0 0.0 -3.0 -1.0 -4.0 -2.0 -3.0 -4.0 -2.0 -3.0 -3.0 0.0 -4.0 -3.0 0.0 0.0 -1.0 0.0 0.0 -1.0 -4.0 0.0 -1.0 -4.0 0.0 0.0 -4.0 -3.0 -4.0 -1.0 -4.0 -1.0 -2.0 0.0 
-4.0 -2.0 -1.0 -1.0 -1.0 -4.0 -2.0 -1.0 -3.0 -2.0 127.0 -3.0 -2.0 -3.0 -4.0 -2.0 -4.0 -2.0 -3.0 -1.0 0.0 -1.0 -1.0 0.0 -3.0 -2.0 -1.0 -1.0 -3.0 -1.0 -2.0 -3.0 0.0 0.0 -3.0 -1.0 -2.0 -2.0 -1.0 -3.0 -2.0 0.0 -4.0 -3.0 -2.0 -1.0 -2.0 -2.0 -3.0 -4.0 -2.0 -3.0 -2.0 -1.0 -1.0 -3.0 -2.0 -1.0 -4.0 -1.0 0.0 -4.0 -4.0 -1.0 0.0 
-2.0 -3.0 -4.0 0.0 -1.0 0.0 -4.0 -1.0 -4.0 -4.0 -3.0 136.0 -1.0 -4.0 0.0 -4.0 -1.0 -2.0 -2.0 -3.0 -4.0 -4.0 -1.0 -1.0 -3.0 -1.0 0.0 0.0 -4.0 -2.0 -1.0 0.0 -1.0 0.0 0.0 -2.0 -2.0 -2.0 0.0 -1.0 -4.0 -4.0 -1.0 -4.0 -1.0 -3.0 -1.0 -4.0 -2.0 -4.0 -4.0 -2.0 -2.0 -3.0 -4.0 0.0 -3.0 0.0 -4.0 -4.0 -3.0 -2.0 -1.0 0.0 -4.0 
0.0 -3.0 -3.0 -1.0 0.0 0.0 -3.0 -3.0 -1.0 0.0 -3.0 0.0 121.0 -1.0 -2.0 0.0 -2.0 -1.0 -2.0 -1.0 -4.0 -3.0 0.0 -4.0 -2.0 -2.0 -1.0 -1.0 -2.0 -3.0 0.0 -2.0 -2.0 -2.0 -1.0 0.0 -4.0 -1.0 -2.0 -1.0 0.0 -2.0 -2.0 -1.0 -3.0 -3.0 0.0 -4.0 -4.0 -1.0 -4.0 -1.0 -1.0 -1.0 0.0 -2.0 -4.0 -4.0 -3.0 -4.0 -2.0 -4.0 -2.0 -4.0 -2.0 
0.0 -2.0 -2.0 -2.0 -1.0 -3.0 -4.0 -4.0 -4.0 0.0 -3.0 -2.0 0.0 145.0 -3.0 -3.0 -2.0 -2.0 0.0 -1.0 -2.0 -3.0 -3.0 -1.0 0.0 0.0 -2.0 -2.0 -1.0 -3.0 -2.0 -4.0 -1.0 -1.0 -4.0 -1.0 -1.0 -4.0 0.0 -4.0 -4.0 -2.0 -3.0 -2.0 -3.0 -2.0 -4.0 -1.0 -2.0 -4.0 -4.0 -3.0 -3.0 -1.0 -4.0 -4.0 -4.0 -2.0 -3.0 -4.0 -2.0 -1.0 -4.0 -2.0 0.0 
-4.0 -2.0 -1.0 -4.0 -3.0 -4.0 -2.0 -1.0 -1.0 -1.0 -4.0 -4.0 0.0 -3.0 126.0 -1.0 -1.0 0.0 0.0 -3.0 0.0 -2.0 0.0 -1.0 -4.0 0.0 -4.0 -1.0 -1.0 -3.0 -3.0 -3.0 -1.0 0.0 -1.0 -4.0 -1.0 -2.0 -2.0 -2.0 -4.0 -2.0 -1.0 -3.0 -4.0 0.0 -3.0 -4.0 0.0 0.0 -2.0 -4.0 0.0 -4.0 -1.0 -4.0 0.0 -3.0 0.0 -3.0 -2.0 0.0 -4.0 -4.0 0.0 
-2.0 -3.0 -2.0 -3.0 -2.0 0.0 -1.0 -2.0 -3.0 -3.0 -1.0 -2.0 0.0 -4.0 -1.0 135.0 -4.0 -4.0 0.0 -2.0 0.0 -4.0 0.0 -3.0 -1.0 -1.0 -1.0 -2.0 -4.0 -3.0 -1.0 0.0 -1.0 0.0 -2.0 0.0 0.0 -4.0 -4.0 -2.0 -3.0 -2.0 0.0 -3.0 -3.0 -1.0 -1.0 -1.0 -4.0 0.0 -4.0 -2.0 -1.0 -4.0 -4.0 -2.0 -3.0 -3.0 -4.0 -4.0 -2.0 -3.0 -4.0 -1.0 -4.0 
-2.0 -1.0 0.0 -3.0 -4.0 0.0 -3.0 -4.0 -4.0 -2.0 -1.0 -3.0 0.0 -1.0 -2.0 -3.0 139.0 -3.0 -1.0 -2.0 -2.0 -4.0 -4.0 -2.0 -4.0 -4.0 -2.0 -2.0 0.0 0.0 -4.0 -2.0 0.0 -1.0 -1.0 -2.0 -3.0 0.0 -2.0 -3.0 -3.0 -4.0 -4.0 -1.0 -2.0 0.0 -4.0 0.0 -1.0 -3.0 -2.0 -1.0 -1.0 -3.0 -2.0 -4.0 -3.0 0.0 -3.0 -4.0 -1.0 -4.0 -1.0 -3.0 -4.0 
-2.0 -2.0 -3.0 -3.0 -3.0 -4.0 -1.0 -1.0 -1.0 0.0 -2.0 -3.0 -1.0 0.0 -2.0 0.0 -3.0 117.0 0.0 0.0 -2.0 -3.0 -4.0 -3.0 -2.0 0.0 -2.0 0.0 0.0 -4.0 0.0 0.0 -3.0 0.0 0.0 -1.0 -1.0 -4.0 -1.0 -1.0 -3.0 -3.0 -1.0 0.0 0.0 -3.0 0.0 -2.0 -3.0 -4.0 0.0 0.0 -4.0 -4.0 -4.0 -4.0 -2.0 -2.0 -2.0 -2.0 -4.0 -4.0 -3.0 -1.0 0.0 
-2.0 -4.0 -1.0 -4.0 -2.0 0.0 -3.0 -2.0 -2.0 -3.0 -2.0 0.0 -3.0 0.0 -4.0 -4.0 0.0 -3.0 128.0 -2.0 -3.0 -1.0 -1.0 -4.0 -3.0 -1.0 -1.0 -3.0 -1.0 -4.0 0.0 -1.0 -3.0 -2.0 0.0 -4.0 -4.0 -1.0 -1.0 -3.0 0.0 -4.0 -4.0 -2.0 0.0 -1.0 0.0 -2.0 -4.0 -1.0 -3.0 0.0 -2.0 -4.0 -3.0 0.0 -3.0 -4.0 -2.0 -1.0 -1.0 -2.0 -1.0 -2.0 0.0 
-2.0 -2.0 0.0 -4.0 -1.0 -3.0 -3.0 -1.0 -2.0 -1.0 -3.0 -4.0 0.0 -4.0 -3.0 -4.0 -3.0 0.0 -1.0 141.0 -1.0 -3.0 -3.0 -3.0 -3.0 -1.0 -2.0 -1.0 -3.0 -2.0 0.0 -3.0 -4.0 -2.0 0.0 -4.0 -3.0 -1.0 -4.0 -1.0 -2.0 -3.0 -3.0 -3.0 -2.0 -3.0 0.0 0.0 0.0 -3.0 0.0 0.0 -2.0 -4.0 -1.0 -3.0 -4.0 -3.0 -4.0 -2.0 -3.0 -1.0 -3.0 -4.0 -3.0 
-4.0 -3.0 -1.0 -4.0 -2.0 -2.0 -2.0 -2.0 -3.0 0.0 -2.0 -4.0 -1.0 -4.0 -4.0 -2.0 0.0 -4.0 -2.0 -3.0 138.0 -3.0 -2.0 -2.0 0.0 -3.0 0.0 0.0 -4.0 -1.0 -1.0 -4.0 -4.0 -3.0 -3.0 -2.0 -3.0 -3.0 0.0 -3.0 -2.0 -2.0 -4.0 -3.0 -2.0 -1.0 -1.0 -3.0 -4.0 -4.0 0.0 0.0 0.0 -2.0 -1.0 0.0 0.0 -3.0 -4.0 -2.0 -3.0 -1.0 -2.0 -1.0 -3.0 
-2.0 -1.0 -4.0 0.0 -1.0 -2.0 -4.0 -1.0 0.0 -2.0 -2.0 -2.0 -2.0 -3.0 0.0 -4.0 -1.0 0.0 -3.0 -2.0 -4.0 136.0 -2.0 0.0 -2.0 -1.0 -3.0 -4.0 -3.0 -3.0 -2.0 -3.0 -4.0 -2.0 -3.0 -2.0 0.0 -4.0 -4.0 0.0 -2.0 -4.0 -1.0 -3.0 -3.0 -1.0 -3.0 0.0 -1.0 0.0 -2.0 -4.0 -3.0 -4.0 -4.0 0.0 -2.0 -1.0 -2.0 -3.0 -1.0 -3.0 -4.0 -3.0 0.0 
-2.0 -4.0 0.0 -3.0 -4.0 -4.0 -4.0 -1.0 -1.0 -4.0 0.0 -3.0 -3.0 -3.0 -4.0 0.0 0.0 0.0 -2.0 -4.0 -1.0 0.0 133.0 -2.0 -1.0 -1.0 -1.0 -3.0 -3.0 0.0 -4.0 -4.0 -1.0 -3.0 -2.0 -4.0 -3.0 -1.0 -2.0 -3.0 -3.0 -3.0 -2.0 -3.0 -1.0 -3.0 -1.0 -4.0 -1.0 -1.0 0.0 -3.0 0.0 0.0 -2.0 -1.0 -4.0 0.0 -4.0 -1.0 0.0 -2.0 -3.0 -2.0 -4.0 
-1.0 -1.0 -3.0 -2.0 -2.0 -1.0 -3.0 -2.0 -3.0 -4.0 -4.0 -4.0 0.0 0.0 -4.0 0.0 -3.0 -4.0 -3.0 -1.0 -4.0 -1.0 0.0 145.0 -2.0 -4.0 -2.0 0.0 -2.0 -3.0 -2.0 0.0 -3.0 -3.0 0.0 -2.0 -2.0 0.0 0.0 -2.0 -4.0 -4.0 -4.0 -3.0 -4.0 -3.0 -4.0 -2.0 -3.0 0.0 -4.0 -2.0 -4.0 -1.0 -1.0 -3.0 -4.0 -4.0 -4.0 -1.0 -1.0 -1.0 -3.0 0.0 -4.0 
-2.0 -3.0 -4.0 -2.0 -2.0 0.0 -3.0 0.0 0.0 -1.0 -4.0 0.0 -4.0 -4.0 -3.0 0.0 0.0 -1.0 -1.0 -3.0 -3.0 -3.0 -1.0 -4.0 141.0 -2.0 -3.0 -4.0 -2.0 -2.0 -1.0 -1.0 0.0 0.0 -4.0 -4.0 -2.0 -4.0 -2.0 -4.0 -4.0 -3.0 -3.0 -3.0 0.0 0.0 0.0 0.0 -2.0 -3.0 -1.0 -4.0 -3.0 -4.0 -4.0 -1.0 -4.0 -4.0 -1.0 -1.0 -1.0 -4.0 -3.0 -4.0 -1.0 
-3.0 -1.0 -3.0 -1.0 -2.0 -3.0 -3.0 0.0 -2.0 -3.0 -2.0 -4.0 -3.0 -2.0 -4.0 -3.0 -3.0 -2.0 0.0 -3.0 0.0 0.0 -4.0 -3.0 -3.0 140.0 -2.0 -3.0 -1.0 -4.0 -1.0 -4.0 -2.0 -4.0 -2.0 0.0 -2.0 -1.0 -3.0 -4.0 -4.0 0.0 -3.0 -4.0 -2.0 -2.0 -3.0 -3.0 -2.0 -1.0 -1.0 -3.0 -2.0 -3.0 -2.0 -1.0 -2.0 -4.0 0.0 -2.0 -1.0 0.0 -3.0 -2.0 0.0 
-2.0 -1.0 0.0 -2.0 0.0 -1.0 -4.0 -4.0 -1.0 -4.0 -4.0 -2.0 -1.0 0.0 -1.0 -3.0 -2.0 -1.0 -2.0 -4.0 0.0 -1.0 0.0 -2.0 -2.0 -2.0 105.0 -3.0 0.0 -2.0 0.0 -1.0 -3.0 -1.0 0.0 -2.0 0.0 -3.0 -3.0 0.0 0.0 -4.0 -1.0 -1.0 0.0 -1.0 -2.0 -2.0 -2.0 -2.0 -2.0 -1.0 -3.0 -3.0 -3.0 0.0 0.0 -4.0 0.0 -3.0 0.0 -4.0 -1.0 -2.0 0.0 
-2.0 -4.0 -1.0 0.0 -4.0 0.0 0.0 -1.0 -3.0 -4.0 -2.0 -2.0 -1.0 -4.0 -4.0 -2.0 -1.0 -2.0 -2.0 -4.0 -1.0 0.0 -2.0 -2.0 -3.0 -2.0 -1.0 123.0 -4.0 -3.0 -3.0 -2.0 -1.0 -1.0 -4.0 -1.0 0.0 0.0 0.0 -1.0 -1.0 -2.0 -1.0 -4.0 -2.0 -4.0 -1.0 -2.0 0.0 -1.0 -2.0 0.0 -2.0 -1.0 -4.0 -1.0 0.0 -4.0 -1.0 -4.0 0.0 -3.0 -4.0 -1.0 -4.0 
-3.0 0.0 -4.0 -4.0 -1.0 -1.0 0.0 -1.0 0.0 -3.0 -4.0 -3.0 -4.0 0.0 -3.0 -2.0 -4.0 0.0 0.0 -3.0 -3.0 -2.0 0.0 -4.0 -2.0 -1.0 0.0 0.0 121.0 -1.0 -3.0 0.0 -4.0 -1.0 0.0 -1.0 0.0 0.0 -3.0 -2.0 -1.0 -1.0 -1.0 -4.0 -2.0 -2.0 0.0 -3.0 -2.0 -2.0 -2.0 -3.0 -3.0 -4.0 -2.0 -3.0 -3.0 -2.0 -3.0 -2.0 -1.0 -3.0 0.0 -2.0 -3.0 
-1.0 -3.0 0.0 -1.0 -2.0 -3.0 0.0 -1.0 -1.0 0.0 0.0 -4.0 -4.0 -1.0 -4.0 -1.0 -4.0 -4.0 0.0 -1.0 -2.0 0.0 -3.0 -1.0 -3.0 -2.0 -4.0 -2.0 -4.0 131.0 -3.0 -3.0 0.0 0.0 0.0 -2.0 -2.0 0.0 -1.0 -4.0 0.0 -1.0 0.0 0.0 -4.0 -1.0 -1.0 -4.0 -3.0 0.0 -1.0 -4.0 -4.0 -3.0 -4.0 -4.0 -4.0 -3.0 -2.0 -4.0 -3.0 -1.0 -2.0 -3.0 -4.0 
-3.0 -4.0 0.0 -1.0 -2.0 -3.0 -2.0 0.0 -3.0 0.0 0.0 -2.0 -4.0 -2.0 0.0 -3.0 0.0 -4.0 -2.0 -1.0 -1.0 -3.0 -4.0 -3.0 -2.0 -1.0 -1.0 -4.0 -3.0 0.0 120.0 0.0 -4.0 -4.0 -2.0 -2.0 -2.0 -1.0 -4.0 0.0 -3.0 -2.0 -2.0 -3.0 -2.0 -1.0 0.0 -1.0 -3.0 -4.0 -4.0 0.0 -1.0 -1.0 -3.0 0.0 0.0 -4.0 -2.0 -1.0 -1.0 -3.0 -1.0 0.0 -1.0 
-1.0 0.0 -4.0 -2.0 0.0 -4.0 -1.0 0.0 -1.0 -4.0 -2.0 -4.0 0.0 -3.0 -1.0 -3.0 -3.0 -1.0 -1.0 -1.0 -3.0 -4.0 -2.0 -3.0 -1.0 -4.0 -4.0 -4.0 -1.0 -3.0 -3.0 148.0 0.0 -4.0 -1.0 -2.0 -2.0 -2.0 -2.0 -4.0 -4.0 -3.0 0.0 -2.0 -3.0 -1.0 -3.0 0.0 -4.0 -2.0 -3.0 -4.0 -3.0 -4.0 -3.0 -4.0 0.0 -4.0 -1.0 -3.0 0.0 -3.0 -2.0 -3.0 -4.0 
-4.0 -1.0 -3.0 -2.0 -3.0 -3.0 0.0 0.0 -2.0 -2.0 -4.0 -4.0 -3.0 -2.0 -3.0 0.0 -3.0 0.0 -2.0 0.0 0.0 -4.0 -4.0 0.0 -2.0 -4.0 0.0 0.0 -1.0 0.0 0.0 -2.0 118.0 -3.0 -2.0 0.0 -2.0 -1.0 0.0 -4.0 -3.0 0.0 0.0 -3.0 -3.0 0.0 -2.0 -3.0 -2.0 -2.0 -2.0 -2.0 -4.0 -4.0 -4.0 -1.0 -3.0 -3.0 -2.0 0.0 -1.0 0.0 -2.0 -2.0 0.0 
-4.0 0.0 -1.0 -3.0 -2.0 0.0 -3.0 0.0 -4.0 -4.0 -1.0 0.0 -1.0 -3.0 -2.0 -2.0 0.0 -3.0 0.0 0.0 0.0 -3.0 -2.0 -3.0 0.0 -3.0 0.0 -3.0 0.0 -2.0 -4.0 -4.0 -3.0 114.0 -1.0 0.0 -1.0 0.0 -3.0 -3.0 -1.0 -1.0 -4.0 0.0 -3.0 0.0 -1.0 -4.0 -2.0 -1.0 -4.0 -4.0 -2.0 -1.0 -4.0 -2.0 -2.0 0.0 -2.0 0.0 -2.0 0.0 -4.0 -2.0 0.0 
-3.0 -2.0 -1.0 -3.0 -3.0 -2.0 -3.0 -3.0 -3.0 0.0 -2.0 -4.0 -3.0 0.0 -3.0 0.0 -3.0 0.0 -2.0 -2.0 -2.0 -1.0 0.0 0.0 -3.0 0.0 -1.0 -4.0 -4.0 -2.0 0.0 -2.0 0.0 -2.0 122.0 -1.0 -2.0 -2.0 -1.0 -4.0 -2.0 0.0 -2.0 -4.0 -1.0 -2.0 0.0 -4.0 -3.0 -4.0 -3.0 -1.0 -3.0 0.0 -1.0 -4.0 -1.0 -2.0 -1.0 -2.0 -4.0 -3.0 -1.0 0.0 -1.0 
0.0 -4.0 -4.0 -4.0 -3.0 -4.0 -4.0 0.0 -4.0 0.0 -1.0 -1.0 -2.0 0.0 0.0 -1.0 -4.0 -2.0 -1.0 -4.0 -4.0 -1.0 -3.0 -3.0 -3.0 -1.0 -4.0 -3.0 -2.0 0.0 -3.0 -2.0 -1.0 -2.0 0.0 123.0 0.0 -2.0 0.0 -3.0 0.0 -2.0 -2.0 -2.0 0.0 -4.0 -1.0 0.0 -3.0 -4.0 -2.0 0.0 -4.0 -1.0 0.0 0.0 -1.0 -1.0 -4.0 -1.0 -3.0 -3.0 -4.0 0.0 -1.0 
-2.0 -4.0 0.0 -2.0 -2.0 -1.0 -4.0 0.0 -1.0 -4.0 -3.0 -4.0 0.0 -3.0 -1.0 0.0 0.0 -1.0 -1.0 0.0 0.0 -2.0 -2.0 -1.0 -3.0 -3.0 -4.0 -3.0 -2.0 0.0 -4.0 -1.0 0.0 -1.0 -1.0 0.0 108.0 0.0 0.0 -4.0 0.0 -3.0 -3.0 -1.0 -2.0 -3.0 -1.0 -4.0 0.0 -3.0 0.0 -1.0 -3.0 -1.0 -1.0 0.0 -3.0 -2.0 -1.0 -4.0 -2.0 0.0 -1.0 -4.0 -1.0 
-3.0 -3.0 -3.0 -3.0 0.0 0.0 -1.0 -4.0 -1.0 -2.0 -4.0 -4.0 -2.0 0.0 0.0 -3.0 -3.0 -2.0 0.0 -3.0 0.0 -4.0 0.0 -4.0 -3.0 0.0 -4.0 -2.0 0.0 -2.0 0.0 -2.0 -1.0 -4.0 -4.0 -3.0 -3.0 143.0 0.0 -3.0 0.0 -2.0 -3.0 -4.0 -2.0 -1.0 -1.0 -4.0 0.0 -4.0 -1.0 -2.0 -4.0 -4.0 -2.0 -3.0 -3.0 -3.0 -2.0 -4.0 -3.0 -4.0 -2.0 -1.0 -4.0 
0.0 -1.0 -4.0 -2.0 -2.0 -3.0 -4.0 -2.0 -4.0 -3.0 -4.0 -2.0 -2.0 -1.0 0.0 -4.0 0.0 -2.0 -1.0 -1.0 -3.0 -2.0 0.0 0.0 -3.0 -1.0 -1.0 -2.0 -3.0 -3.0 -2.0 0.0 -3.0 -3.0 -4.0 0.0 -4.0 -1.0 131.0 -1.0 0.0 -4.0 0.0 -3.0 0.0 -1.0 -2.0 -2.0 -4.0 -3.0 -3.0 -4.0 -4.0 -1.0 -3.0 -2.0 0.0 -4.0 -1.0 -1.0 0.0 -3.0 -4.0 -4.0 0.0 
-2.0 -3.0 0.0 0.0 -1.0 -3.0 -3.0 -3.0 -1.0 -1.0 -1.0 -2.0 -4.0 0.0 -4.0 0.0 -2.0 -3.0 -2.0 -3.0 -4.0 0.0 -1.0 0.0 -2.0 -4.0 -1.0 -2.0 0.0 -1.0 -4.0 -1.0 -1.0 -2.0 0.0 -4.0 -2.0 -4.0 -1.0 116.0 -4.0 0.0 -1.0 0.0 -3.0 0.0 -4.0 0.0 -3.0 -1.0 -3.0 0.0 0.0 0.0 -3.0 -3.0 -1.0 -3.0 -3.0 -1.0 -3.0 -4.0 -3.0 0.0 -1.0 
-1.0 -3.0 -1.0 -4.0 -2.0 -2.0 -4.0 -1.0 -2.0 0.0 -1.0 -4.0 -2.0 -1.0 0.0 -4.0 -4.0 -3.0 -3.0 -3.0 -3.0 -4.0 -2.0 -4.0 0.0 -2.0 -1.0 -2.0 -2.0 0.0 -3.0 -1.0 -2.0 0.0 -2.0 -3.0 -3.0 -2.0 -3.0 -4.0 130.0 0.0 0.0 -2.0 -1.0 -1.0 -2.0 -1.0 0.0 -4.0 -3.0 -1.0 -3.0 -1.0 0.0 -3.0 0.0 -3.0 -1.0 -2.0 -2.0 -4.0 0.0 -4.0 -4.0 
-2.0 -3.0 -3.0 -3.0 -3.0 -4.0 -2.0 -3.0 -4.0 -3.0 -1.0 -2.0 0.0 -4.0 -2.0 -4.0 0.0 -4.0 -3.0 -3.0 -2.0 -4.0 -3.0 -1.0 -2.0 -1.0 -3.0 0.0 -4.0 -2.0 0.0 -1.0 0.0 0.0 -1.0 -3.0 -1.0 -4.0 0.0 -2.0 -4.0 132.0 -2.0 -2.0 0.0 -3.0 -4.0 0.0 -3.0 -2.0 -2.0 -1.0 -1.0 0.0 -3.0 0.0 -3.0 -3.0 -4.0 0.0 -2.0 -2.0 0.0 0.0 -4.0 
0.0 -4.0 -2.0 0.0 0.0 0.0 -1.0 -1.0 -4.0 -3.0 -4.0 -1.0 -2.0 -4.0 0.0 -4.0 0.0 -3.0 -1.0 -1.0 -2.0 -2.0 -3.0 -2.0 0.0 -3.0 -3.0 -2.0 -3.0 -4.0 -3.0 0.0 -4.0 -3.0 -1.0 -4.0 -1.0 -1.0 -1.0 -2.0 -2.0 0.0 128.0 -2.0 -3.0 -3.0 0.0 -2.0 0.0 -4.0 -1.0 -3.0 -1.0 -4.0 -2.0 -1.0 -4.0 -2.0 -4.0 -4.0 -3.0 0.0 0.0 0.0 -4.0 
-1.0 -3.0 -1.0 -1.0 -4.0 -3.0 -4.0 0.0 -3.0 -3.0 -2.0 -3.0 -3.0 -3.0 -3.0 -3.0 -4.0 -2.0 -3.0 -2.0 -2.0 -2.0 0.0 -3.0 0.0 -1.0 -1.0 -3.0 0.0 -3.0 0.0 0.0 -3.0 -2.0 -1.0 -1.0 -2.0 0.0 -3.0 -4.0 -2.0 -3.0 -3.0 125.0 0.0 -2.0 -4.0 -1.0 -1.0 -1.0 0.0 0.0 -1.0 -4.0 -4.0 0.0 -2.0 -2.0 -4.0 -4.0 0.0 0.0 -3.0 -1.0 -1.0 
-3.0 -2.0 -1.0 -1.0 -2.0 0.0 -3.0 -4.0 0.0 -3.0 -3.0 -4.0 -1.0 -4.0 0.0 -4.0 -1.0 -2.0 -1.0 0.0 -1.0 0.0 -3.0 -3.0 0.0 -3.0 0.0 -2.0 -1.0 -1.0 -2.0 -2.0 -3.0 -3.0 0.0 -1.0 -3.0 -4.0 -3.0 -4.0 -1.0 -3.0 0.0 -3.0 117.0 0.0 -1.0 -2.0 -2.0 -2.0 -1.0 -2.0 -3.0 -2.0 0.0 -1.0 0.0 0.0 -4.0 -2.0 0.0 -3.0 -4.0 -3.0 0.0 
-3.0 0.0 -3.0 -2.0 -4.0 0.0 0.0 0.0 -4.0 -1.0 -3.0 0.0 -4.0 -3.0 -1.0 -1.0 -3.0 -3.0 -3.0 0.0 -4.0 -1.0 -2.0 -3.0 -2.0 -1.0 -1.0 0.0 -4.0 -3.0 0.0 -2.0 -2.0 -1.0 -4.0 -1.0 -3.0 -3.0 -1.0 -4.0 -3.0 -3.0 -3.0 -4.0 -1.0 132.0 -4.0 0.0 -1.0 0.0 -1.0 -2.0 0.0 -2.0 -4.0 -4.0 -4.0 -1.0 -2.0 -1.0 -2.0 -2.0 -1.0 -4.0 -3.0 
-3.0 -3.0 -2.0 0.0 -2.0 0.0 -2.0 -1.0 -1.0 -2.0 0.0 -4.0 -3.0 -2.0 -1.0 -4.0 -4.0 -3.0 0.0 -3.0 -1.0 -1.0 -1.0 -4.0 -3.0 -4.0 -2.0 -4.0 -3.0 -1.0 -3.0 -2.0 0.0 -3.0 -4.0 -4.0 -2.0 -1.0 0.0 -1.0 0.0 -2.0 -4.0 -4.0 -1.0 -4.0 131.0 -4.0 -1.0 -4.0 -3.0 0.0 0.0 -1.0 -2.0 -4.0 0.0 -1.0 -2.0 -1.0 -4.0 -2.0 0.0 -1.0 -2.0 
-4.0 -2.0 -1.0 -4.0 0.0 -1.0 -2.0 -2.0 -2.0 -4.0 -4.0 0.0 -4.0 0.0 -1.0 -2.0 -2.0 0.0 0.0 -4.0 0.0 -4.0 -1.0 0.0 -4.0 0.0 -4.0 -3.0 -3.0 -4.0 -4.0 0.0 -2.0 -3.0 0.0 0.0 -2.0 -1.0 0.0 0.0 -1.0 -4.0 0.0 -2.0 -2.0 -3.0 -1.0 118.0 -1.0 -2.0 -3.0 0.0 0.0 -4.0 -2.0 0.0 0.0 -3.0 -3.0 -3.0 0.0 -1.0 -4.0 -4.0 -1.0 
-1.0 0.0 0.0 -2.0 -4.0 -4.0 -1.0 -1.0 0.0 -3.0 -1.0 -1.0 0.0 -4.0 -4.0 -2.0 -4.0 -2.0 -4.0 -1.0 -2.0 -3.0 -1.0 -2.0 -3.0 -2.0 -4.0 -4.0 -2.0 0.0 -3.0 0.0 -3.0 0.0 -3.0 -4.0 -4.0 0.0 -2.0 -4.0 -1.0 -1.0 -4.0 -3.0 -1.0 0.0 -4.0 -4.0 136.0 -4.0 -4.0 -3.0 -4.0 -2.0 0.0 -3.0 -1.0 -1.0 -4.0 -2.0 0.0 0.0 -1.0 -3.0 -1.0 
-2.0 0.0 0.0 -2.0 -2.0 -1.0 -3.0 -3.0 0.0 -1.0 -2.0 0.0 -3.0 0.0 -4.0 -4.0 0.0 0.0 -2.0 -3.0 -2.0 -3.0 0.0 -3.0 -3.0 -1.0 0.0 -2.0 -1.0 -4.0 0.0 -2.0 0.0 -3.0 -3.0 -3.0 -3.0 -1.0 0.0 0.0 -1.0 -4.0 -2.0 0.0 -1.0 0.0 -4.0 -1.0 0.0 119.0 0.0 -4.0 -3.0 -4.0 -2.0 -4.0 -4.0 -2.0 -4.0 0.0 -2.0 -3.0 -1.0 -3.0 -4.0 
-2.0 -3.0 0.0 -4.0 -1.0 -4.0 0.0 -4.0 -4.0 -1.0 -1.0 -2.0 -1.0 -1.0 -2.0 -3.0 -2.0 -2.0 0.0 -4.0 -3.0 -2.0 0.0 -4.0 -2.0 0.0 0.0 -2.0 0.0 -4.0 -2.0 -2.0 -3.0 -1.0 -4.0 -1.0 -1.0 0.0 -3.0 -4.0 -2.0 -3.0 -1.0 -4.0 -1.0 -4.0 -3.0 0.0 -1.0 -3.0 140.0 -4.0 -4.0 -3.0 0.0 0.0 -4.0 -2.0 -3.0 -2.0 -3.0 -3.0 -4.0 -4.0 -3.0 
-1.0 -1.0 -1.0 -2.0 0.0 -4.0 -3.0 -3.0 -4.0 -3.0 -2.0 0.0 -2.0 -3.0 -3.0 0.0 -4.0 -2.0 0.0 -1.0 -3.0 -3.0 -1.0 -4.0 -3.0 -3.0 -4.0 0.0 -4.0 -1.0 0.0 -3.0 -2.0 0.0 -4.0 -2.0 -2.0 0.0 0.0 -2.0 -2.0 -4.0 -1.0 -1.0 -3.0 -1.0 0.0 -1.0 -2.0 -1.0 -2.0 120.0 0.0 0.0 -4.0 -1.0 -1.0 -3.0 -2.0 -2.0 -1.0 -2.0 -3.0 -2.0 -1.0 
-1.0 0.0 -4.0 -1.0 -2.0 -3.0 -1.0 -1.0 -1.0 -4.0 -2.0 -3.0 -4.0 -2.0 -4.0 -4.0 -1.0 0.0 -4.0 0.0 -2.0 0.0 -1.0 -1.0 -3.0 -4.0 -4.0 -3.0 -3.0 -2.0 -2.0 0.0 -1.0 -2.0 -2.0 -3.0 -3.0 -3.0 -2.0 -2.0 -1.0 -4.0 -1.0 0.0 -3.0 -2.0 -3.0 -3.0 -3.0 -3.0 -1.0 -3.0 129.0 -3.0 0.0 -2.0 -3.0 0.0 -3.0 0.0 0.0 -2.0 -2.0 -2.0 0.0 
-1.0 -4.0 0.0 -2.0 -4.0 -3.0 -4.0 0.0 -2.0 -1.0 -3.0 -1.0 -2.0 -3.0 0.0 -3.0 0.0 -1.0 0.0 -3.0 -4.0 -4.0 0.0 -4.0 -1.0 0.0 -2.0 -2.0 -3.0 -1.0 -2.0 -2.0 -2.0 -2.0 -4.0 -2.0 0.0 -2.0 -2.0 -2.0 0.0 -1.0 0.0 -3.0 -2.0 -1.0 -2.0 -3.0 -1.0 -2.0 -4.0 -2.0 -4.0 128.0 -2.0 -3.0 -3.0 -2.0 -1.0 -1.0 -2.0 -4.0 -3.0 -3.0 -1.0 
-2.0 -2.0 -4.0 0.0 -3.0 0.0 0.0 0.0 -1.0 -3.0 0.0 -2.0 -4.0 -2.0 -4.0 -4.0 -4.0 -2.0 -1.0 -4.0 0.0 -1.0 0.0 -4.0 -2.0 0.0 0.0 -1.0 -1.0 -3.0 -2.0 -4.0 -2.0 -1.0 -4.0 0.0 -4.0 -4.0 -4.0 0.0 -1.0 -1.0 -3.0 -3.0 -2.0 0.0 -1.0 -3.0 -3.0 0.0 0.0 -1.0 -3.0 -3.0 126.0 -2.0 -3.0 -4.0 -2.0 -3.0 -4.0 -1.0 0.0 -3.0 -1.0 
0.0 -4.0 -4.0 -1.0 -3.0 -1.0 -2.0 0.0 -4.0 -4.0 0.0 -4.0 -2.0 -2.0 0.0 -4.0 -4.0 -1.0 0.0 -3.0 -2.0 0.0 -3.0 -1.0 0.0 -3.0 -3.0 -2.0 -4.0 -1.0 -4.0 -3.0 -1.0 0.0 -4.0 -1.0 -2.0 -1.0 -4.0 -1.0 -4.0 -4.0 -4.0 -1.0 0.0 -4.0 -1.0 0.0 -3.0 0.0 0.0 -3.0 -1.0 -4.0 -1.0 131.0 -3.0 -2.0 -1.0 -2.0 -2.0 0.0 -1.0 -3.0 -4.0 
-1.0 -3.0 -3.0 0.0 -3.0 -2.0 -1.0 -1.0 -2.0 -1.0 -3.0 -2.0 -3.0 -3.0 0.0 -1.0 -2.0 -2.0 -1.0 -4.0 0.0 -3.0 -4.0 0.0 0.0 0.0 -1.0 0.0 -2.0 -4.0 0.0 0.0 0.0 0.0 -2.0 -4.0 -4.0 -4.0 -3.0 -4.0 -2.0 -1.0 -1.0 -3.0 -4.0 -1.0 0.0 -1.0 -2.0 -1.0 -4.0 -3.0 0.0 -2.0 0.0 -3.0 125.0 -3.0 -2.0 -3.0 -3.0 -3.0 -4.0 -3.0 -3.0 
0.0 -4.0 -1.0 0.0 -1.0 -4.0 0.0 -4.0 0.0 -2.0 -4.0 -4.0 -1.0 -3.0 0.0 -2.0 0.0 -3.0 0.0 -3.0 -2.0 -1.0 0.0 -2.0 -1.0 -3.0 0.0 -2.0 -2.0 -4.0 -4.0 -2.0 -4.0 0.0 0.0 -3.0 -2.0 0.0 -3.0 -4.0 -1.0 -1.0 0.0 -3.0 -2.0 -4.0 -3.0 -3.0 -4.0 -3.0 0.0 -2.0 -2.0 -2.0 -2.0 -2.0 0.0 117.0 0.0 -2.0 0.0 -2.0 0.0 -3.0 -1.0 
-2.0 -4.0 0.0 -4.0 -2.0 -2.0 -2.0 -3.0 -2.0 -3.0 -4.0 -3.0 -2.0 -3.0 -2.0 -1.0 -2.0 -1.0 -2.0 -1.0 -1.0 0.0 -1.0 -2.0 -1.0 -4.0 0.0 -4.0 -2.0 0.0 -1.0 -3.0 0.0 -3.0 -4.0 -2.0 0.0 -4.0 -4.0 -1.0 -2.0 -3.0 0.0 -2.0 0.0 -4.0 -1.0 -3.0 -4.0 0.0 -3.0 -3.0 -3.0 -4.0 -2.0 -2.0 -3.0 -4.0 136.0 -4.0 -1.0 -1.0 -3.0 -1.0 -1.0 
-3.0 -2.0 0.0 -1.0 -1.0 -3.0 -4.0 -3.0 -3.0 -2.0 -3.0 -1.0 -2.0 0.0 0.0 -2.0 0.0 -3.0 -2.0 -1.0 0.0 -1.0 0.0 0.0 -4.0 0.0 0.0 0.0 -4.0 -4.0 -4.0 -3.0 -3.0 -1.0 -1.0 -3.0 -4.0 -4.0 -2.0 -2.0 -3.0 -2.0 -3.0 -4.0 -1.0 -1.0 0.0 -3.0 -1.0 -4.0 -2.0 -2.0 -4.0 0.0 0.0 0.0 0.0 -2.0 -1.0 116.0 0.0 0.0 -2.0 -3.0 -2.0 
-1.0 -2.0 -1.0 0.0 -2.0 0.0 0.0 -4.0 -1.0 -3.0 -3.0 -2.0 0.0 -2.0 0.0 -3.0 -2.0 -3.0 -2.0 0.0 0.0 -1.0 -3.0 0.0 -4.0 -3.0 -1.0 -4.0 -3.0 -3.0 -2.0 -2.0 -4.0 -3.0 -1.0 -4.0 -2.0 -3.0 0.0 -4.0 0.0 -4.0 -2.0 0.0 0.0 -3.0 0.0 -4.0 -2.0 0.0 -3.0 0.0 -2.0 -2.0 0.0 -1.0 0.0 -1.0 -4.0 -3.0 112.0 0.0 -1.0 -1.0 -1.0 
-4.0 -4.0 0.0 -2.0 -1.0 -3.0 -3.0 -2.0 -2.0 -2.0 -4.0 0.0 -4.0 0.0 -2.0 -2.0 0.0 0.0 -4.0 -2.0 -4.0 -4.0 -1.0 -4.0 -2.0 -2.0 -3.0 -3.0 -1.0 -3.0 -4.0 -4.0 -3.0 -1.0 -2.0 -2.0 -1.0 -3.0 -3.0 -2.0 0.0 -3.0 -2.0 -3.0 -4.0 -1.0 -1.0 0.0 -2.0 -4.0 -4.0 -1.0 -2.0 -4.0 -4.0 -3.0 -1.0 -3.0 0.0 -4.0 -4.0 150.0 -3.0 -3.0 -1.0 
-1.0 -3.0 -4.0 -4.0 -3.0 -1.0 -2.0 -4.0 -1.0 0.0 -4.0 -4.0 -3.0 -1.0 -3.0 -2.0 -2.0 -3.0 -2.0 -3.0 0.0 -4.0 -2.0 0.0 0.0 -3.0 0.0 0.0 -1.0 -1.0 -3.0 -1.0 -1.0 -1.0 -4.0 -3.0 0.0 0.0 -2.0 0.0 -2.0 0.0 0.0 -1.0 0.0 0.0 0.0 -4.0 -3.0 -3.0 -4.0 0.0 -2.0 -2.0 0.0 -4.0 0.0 0.0 -1.0 -4.0 -3.0 0.0 111.0 0.0 -2.0 
-2.0 -3.0 -2.0 0.0 -4.0 -3.0 -4.0 -2.0 -2.0 -4.0 0.0 0.0 -3.0 -2.0 -4.0 0.0 -2.0 -4.0 0.0 -4.0 -3.0 0.0 -2.0 -2.0 -3.0 -1.0 -4.0 -2.0 -3.0 -2.0 -4.0 -2.0 0.0 -1.0 -3.0 -2.0 -3.0 -1.0 -3.0 -4.0 -3.0 -2.0 -2.0 0.0 0.0 -2.0 -3.0 0.0 -2.0 0.0 -3.0 -4.0 0.0 -3.0 -1.0 0.0 -1.0 -2.0 -1.0 -1.0 0.0 -1.0 -4.0 127.0 -2.0 
0.0 -2.0 -3.0 -1.0 -1.0 -1.0 -1.0 -2.0 -1.0 -2.0 -3.0 -1.0 -3.0 -4.0 0.0 -1.0 0.0 0.0 -1.0 0.0 -2.0 -2.0 -3.0 -3.0 -1.0 -3.0 -3.0 -3.0 -4.0 0.0 -1.0 -4.0 0.0 -4.0 0.0 0.0 0.0 -3.0 -4.0 0.0 -2.0 -2.0 -1.0 -2.0 -4.0 -2.0 -2.0 -2.0 0.0 0.0 -4.0 -1.0 -2.0 0.0 -1.0 -4.0 -3.0 -3.0 -2.0 -1.0 -2.0 0.0 -1.0 -1.0 109.0 
