247.9886 -2.0 -4.0 -2.0 0.0 -4.0 -2.0 -3.0 -1.0 0.0 -4.0 -1.0 0.0 -1.0 0.0 0.0 -3.0 -3.0 -1.0 -3.0 -3.0 -2.0 -2.0 -4.0 0.0 -4.0 -4.0 -4.0 -1.0 -4.0 -3.0 0.0 -4.0 -1.0 -3.0 -3.0 -3.0 -4.0 -4.0 -4.0 -3.0 -4.0 -1.0 -1.0 -2.0 -4.0 -4.0 -4.0 -3.0 0.0 -3.0 -4.0 -3.0 0.0 -2.0 -2.0 -3.0 -1.0 -1.0 0.0 -4.0 0.0 -2.0 -3.0 0.0 0.0 -1.0 0.0 0.0 -4.0 -2.0 -1.0 -2.0 -4.0 -2.0 0.0 -4.0 -1.0 -3.0 -2.0 -3.0 -4.0 -1.0 0.0 -3.0 -2.0 -3.0 -4.0 -1.0 -4.0 -4.0 -1.0 -4.0 -1.0 -3.0 -1.0 -2.0 -2.0 0.0 -3.0 -3.0 -1.0 0.0 -2.0 -4.0 -2.0 -4.0 -1.0 -1.0 -3.0 -2.0 -2.0 -3.0 -3.0 0.0 
-3.0 215.0 -2.0 -1.0 0.0 0.0 -3.0 0.0 0.0 -3.0 -2.0 0.0 -2.0 -4.0 0.0 0.0 -1.0 -4.0 -2.0 -4.0 0.0 -3.0 -3.0 -1.0 -4.0 -4.0 0.0 0.0 -4.0 -4.0 0.0 -2.0 -3.0 0.0 -3.0 -2.0 -1.0 -3.0 -3.0 -1.0 -1.0 -4.0 -3.0 -1.0 -2.0 -3.0 0.0 -4.0 -2.0 -3.0 0.0 -2.0 -1.0 -1.0 -2.0 -3.0 -3.0 0.0 -1.0 -2.0 -4.0 0.0 -4.0 -2.0 0.0 -3.0 -4.0 -4.0 0.0 -4.0 -1.0 -2.0 -1.0 -1.0 -4.0 0.0 -4.0 -1.0 -1.0 0.0 -4.0 0.0 -4.0 -3.0 -2.0 -1.0 -2.0 -4.0 -2.0 -4.0 -1.0 -3.0 -1.0 -2.0 -1.0 0.0 -2.0 -1.0 -2.0 0.0 0.0 -3.0 -3.0 -2.0 -2.0 0.0 -3.0 -2.0 0.0 -1.0 0.0 -3.0 -1.0 -2.0 -4.0 
-3.0 -1.0 222.0 -3.0 -4.0 -4.0 -2.0 0.0 -1.0 -4.0 -2.0 -1.0 -3.0 -1.0 -4.0 -1.0 0.0 -4.0 -3.0 -2.0 -3.0 -1.0 -3.0 -3.0 -1.0 -1.0 -2.0 -4.0 -2.0 -3.0 0.0 -4.0 -2.0 0.0 -2.0 0.0 -1.0 -3.0 -4.0 -1.0 -1.0 -1.0 -1.0 -1.0 -3.0 -2.0 -3.0 -1.0 -2.0 -3.0 0.0 -2.0 -2.0 -2.0 -1.0 -2.0 -3.0 -2.0 -2.0 -1.0 -3.0 -3.0 -3.0 -1.0 -3.0 -4.0 -4.0 0.0 -2.0 -1.0 -4.0 0.0 -4.0 -4.0 -3.0 0.0 -1.0 -1.0 -4.0 0.0 -1.0 -2.0 -1.0 -2.0 -1.0 -2.0 -1.0 -2.0 -3.0 -2.0 -2.0 -3.0 -1.0 -1.0 0.0 0.0 -2.0 -2.0 -4.0 -3.0 -4.0 -2.0 -1.0 -3.0 -2.0 -1.0 0.0 0.0 -2.0 -2.0 -3.0 -1.0 -1.0 -1.0 -1.0 
-1.0 -4.0 -3.0 237.0 -2.0 -1.0 -3.0 -2.0 0.0 -1.0 0.0 -3.0 -1.0 -1.0 -1.0 -3.0 -4.0 0.0 -4.0 -4.0 -3.0 -3.0 -4.0 -3.0 -1.0 -4.0 0.0 0.0 -1.0 -4.0 -4.0 -4.0 0.0 -2.0 -3.0 -3.0 -3.0 -2.0 0.0 -2.0 -2.0 0.0 -2.0 0.0 -4.0 -3.0 0.0 -2.0 -3.0 -3.0 -3.0 -2.0 0.0 -4.0 -1.0 -2.0 -3.0 -4.0 -1.0 -2.0 -2.0 -4.0 0.0 0.0 -4.0 0.0 -3.0 -3.0 -2.0 -4.0 -4.0 -3.0 -4.0 0.0 0.0 0.0 -1.0 -2.0 -2.0 -1.0 -3.0 0.0 -3.0 -3.0 -3.0 -2.0 -2.0 -1.0 -1.0 0.0 -2.0 -4.0 0.0 -2.0 -4.0 -2.0 -2.0 -3.0 -2.0 -3.0 0.0 -2.0 -3.0 -3.0 0.0 -4.0 -1.0 -4.0 0.0 -2.0 -1.0 -3.0 -1.0 -3.0 -4.0 
-1.0 -2.0 -1.0 -1.0 220.0 0.0 -2.0 -2.0 -3.0 -3.0 0.0 -1.0 -4.0 -1.0 0.0 -4.0 -2.0 -4.0 -2.0 -4.0 -4.0 -4.0 0.0 -4.0 -2.0 -1.0 -2.0 -1.0 -1.0 0.0 0.0 -4.0 -1.0 -4.0 -4.0 -2.0 -4.0 -1.0 -4.0 -1.0 0.0 0.0 -1.0 -3.0 0.0 0.0 -2.0 0.0 -2.0 -1.0 -3.0 -4.0 -1.0 -4.0 -4.0 -4.0 -4.0 -4.0 -2.0 -2.0 -3.0 -2.0 -1.0 -3.0 0.0 -4.0 -2.0 -1.0 -1.0 -3.0 -1.0 -1.0 0.0 -1.0 -1.0 0.0 0.0 -2.0 -4.0 -1.0 -2.0 -2.0 -2.0 -1.0 0.0 -3.0 -4.0 -1.0 0.0 -4.0 -4.0 0.0 -3.0 -3.0 -1.0 -1.0 0.0 -2.0 0.0 -4.0 0.0 -2.0 -4.0 0.0 -3.0 -3.0 -2.0 -1.0 -3.0 -3.0 -2.0 -2.0 -4.0 0.0 -1.0 
-3.0 -1.0 -2.0 0.0 -3.0 210.0 0.0 0.0 -3.0 -3.0 0.0 -4.0 -3.0 -3.0 0.0 -2.0 -1.0 -3.0 -3.0 -2.0 0.0 0.0 -4.0 -2.0 0.0 -4.0 -3.0 -3.0 -2.0 -3.0 -2.0 0.0 -4.0 -2.0 -1.0 -3.0 -1.0 -2.0 -1.0 -2.0 -4.0 -2.0 -3.0 -4.0 -2.0 -2.0 -3.0 -1.0 -3.0 -1.0 -3.0 0.0 -2.0 0.0 0.0 -4.0 -2.0 0.0 -1.0 -1.0 -3.0 0.0 -4.0 -2.0 0.0 -1.0 0.0 0.0 -2.0 0.0 -1.0 -1.0 -3.0 -3.0 -4.0 0.0 0.0 -2.0 -4.0 0.0 -3.0 -4.0 -1.0 -2.0 -2.0 0.0 -3.0 -4.0 -3.0 -1.0 -2.0 -4.0 -4.0 -2.0 -2.0 0.0 -2.0 -2.0 -2.0 -2.0 0.0 -1.0 -3.0 -1.0 -4.0 -2.0 -3.0 -2.0 0.0 -2.0 -1.0 -1.0 0.0 -1.0 -1.0 
0.0 -3.0 -3.0 0.0 -3.0 -4.0 228.0 -1.0 -1.0 0.0 0.0 -1.0 -4.0 -1.0 -3.0 -3.0 -4.0 -4.0 0.0 -1.0 -3.0 0.0 -4.0 -3.0 -2.0 -4.0 0.0 -1.0 -2.0 0.0 -1.0 -4.0 -4.0 0.0 0.0 0.0 -2.0 -2.0 -3.0 -3.0 0.0 -1.0 -4.0 -4.0 -3.0 -1.0 -4.0 -3.0 -2.0 0.0 -3.0 0.0 -4.0 -2.0 -1.0 -4.0 0.0 -4.0 -4.0 0.0 -3.0 -1.0 -1.0 -4.0 -1.0 -3.0 -4.0 -3.0 -3.0 0.0 -1.0 -4.0 -3.0 -2.0 -4.0 -1.0 0.0 -3.0 -4.0 -4.0 0.0 -2.0 -1.0 -2.0 -3.0 0.0 -2.0 -3.0 -4.0 -3.0 -4.0 -3.0 0.0 -4.0 0.0 -3.0 0.0 -3.0 -1.0 -1.0 0.0 0.0 0.0 -2.0 0.0 -1.0 -2.0 -1.0 -1.0 -3.0 0.0 -3.0 -2.0 -4.0 -3.0 
-1.0 -4.0 0.0 -4.0 -1.0 -4.0 0.0 233.0 -4.0 -3.0 -4.0 -4.0 -3.0 -2.0 -2.0 -4.0 0.0 -1.0 0.0 -4.0 -3.0 0.0 -1.0 -4.0 -4.0 -1.0 -2.0 -2.0 -4.0 -2.0 -1.0 -3.0 -2.0 -4.0 -2.0 -2.0 -4.0 0.0 -2.0 -1.0 -4.0 -4.0 -3.0 0.0 -1.0 -4.0 -2.0 -2.0 -3.0 -4.0 -1.0 -2.0 0.0 0.0 -2.0 -3.0 -3.0 -1.0 -1.0 -4.0 -2.0 -4.0 -4.0 -1.0 -4.0 -3.0 -1.0 -3.0 -4.0 0.0 -3.0 -2.0 -2.0 -4.0 -1.0 -1.0 -4.0 0.0 -2.0 0.0 -1.0 -2.0 0.0 0.0 -1.0 -2.0 -3.0 -3.0 -4.0 -3.0 -1.0 0.0 -2.0 -1.0 -4.0 -1.0 -2.0 0.0 0.0 0.0 0.0 0.0 -1.0 -1.0 0.0 -3.0 0.0 -2.0 -1.0 -4.0 -4.0 -1.0 -4.0 -1.0 -3.0 
-4.0 0.0 -4.0 -1.0 -1.0 -4.0 -1.0 0.0 229.0 -1.0 -1.0 0.0 0.0 -3.0 0.0 -1.0 -3.0 0.0 -4.0 -3.0 0.0 -1.0 -2.0 -2.0 -4.0 -2.0 -3.0 -2.0 0.0 -1.0 -3.0 0.0 -4.0 -2.0 -1.0 -4.0 -4.0 -4.0 0.0 -4.0 -3.0 -4.0 -2.0 -3.0 -1.0 -2.0 -3.0 -1.0 -4.0 -3.0 0.0 -3.0 -2.0 -1.0 -1.0 -4.0 -3.0 -3.0 0.0 -3.0 -4.0 -1.0 -1.0 -2.0 -1.0 -3.0 -1.0 -2.0 -4.0 -4.0 -4.0 -2.0 -3.0 -1.0 -4.0 -1.0 0.0 -2.0 -4.0 0.0 -1.0 -3.0 0.0 -3.0 -1.0 -4.0 0.0 -4.0 -4.0 -3.0 -2.0 0.0 -2.0 -1.0 -4.0 -1.0 -3.0 0.0 -2.0 0.0 -1.0 -3.0 -4.0 -2.0 -3.0 -1.0 -1.0 0.0 -4.0 -1.0 -4.0 0.0 -2.0 0.0 -1.0 
-2.0 0.0 -2.0 -1.0 -2.0 -1.0 -2.0 -4.0 -4.0 241.0 0.0 -4.0 -2.0 -3.0 -3.0 -1.0 -1.0 -2.0 -1.0 -3.0 -1.0 0.0 -3.0 -4.0 0.0 -4.0 -1.0 -3.0 -3.0 -3.0 -3.0 -2.0 0.0 -2.0 -4.0 -3.0 -2.0 -3.0 -4.0 -4.0 -1.0 -3.0 -1.0 -3.0 -1.0 -1.0 -2.0 -2.0 -4.0 -2.0 -4.0 -2.0 -4.0 -2.0 -4.0 -4.0 -1.0 -1.0 -2.0 -4.0 -4.0 -2.0 -3.0 -1.0 -3.0 -4.0 0.0 0.0 -2.0 0.0 -2.0 -1.0 0.0 -4.0 0.0 -4.0 -3.0 -2.0 -1.0 -3.0 -3.0 -1.0 -3.0 -4.0 -1.0 -4.0 -2.0 -2.0 -3.0 -4.0 -2.0 -1.0 -1.0 -2.0 -2.0 -1.0 -3.0 0.0 -3.0 -1.0 -1.0 -2.0 0.0 0.0 -1.0 -2.0 0.0 -3.0 -1.0 -3.0 -4.0 -1.0 -3.0 -2.0 -1.0 
-1.0 -3.0 -1.0 -3.0 -1.0 -1.0 0.0 0.0 -3.0 -2.0 217.0 -1.0 -2.0 -4.0 -4.0 -3.0 -1.0 0.0 -4.0 0.0 -3.0 -4.0 -3.0 -1.0 -1.0 0.0 -2.0 -1.0 0.0 -2.0 0.0 0.0 -3.0 -2.0 0.0 -4.0 -1.0 0.0 -2.0 0.0 -3.0 -3.0 -2.0 -2.0 -3.0 0.0 -2.0 -1.0 -3.0 0.0 -3.0 -4.0 -3.0 -4.0 0.0 -2.0 -3.0 -4.0 -4.0 0.0 -1.0 -4.0 -1.0 -2.0 0.0 -4.0 -2.0 -2.0 -4.0 -3.0 -4.0 -4.0 -3.0 -3.0 0.0 0.0 -2.0 0.0 -1.0 -2.0 -3.0 0.0 0.0 -4.0 -2.0 0.0 -3.0 -3.0 0.0 0.0 -1.0 -4.0 0.0 -4.0 -2.0 -2.0 -2.0 -1.0 0.0 -4.0 -2.0 -4.0 -4.0 -2.0 -4.0 -1.0 -2.0 0.0 -3.0 -1.0 0.0 -3.0 -2.0 0.0 -3.0 
0.0 0.0 -1.0 -1.0 -1.0 -1.0 0.0 -4.0 -1.0 -2.0 -1.0 219.0 -4.0 0.0 -4.0 -4.0 -1.0 -3.0 -3.0 -3.0 -4.0 -3.0 -1.0 -1.0 0.0 -3.0 -4.0 0.0 -1.0 -4.0 0.0 0.0 -3.0 -3.0 -1.0 -1.0 -2.0 0.0 0.0 0.0 -1.0 -3.0 -1.0 -4.0 -3.0 -1.0 0.0 0.0 0.0 -2.0 -2.0 -3.0 -3.0 -1.0 -1.0 -1.0 -1.0 -1.0 -3.0 -4.0 -4.0 -3.0 0.0 0.0 -4.0 -4.0 -4.0 -1.0 -2.0 -1.0 0.0 -3.0 -1.0 -2.0 -1.0 -4.0 -3.0 -4.0 -2.0 -4.0 -2.0 -2.0 -2.0 -4.0 -2.0 -2.0 -1.0 -1.0 -4.0 0.0 -1.0 0.0 -2.0 -3.0 -3.0 -3.0 -3.0 -2.0 0.0 -2.0 -4.0 -3.0 -1.0 -2.0 -2.0 -1.0 -3.0 0.0 -2.0 -1.0 -3.0 -4.0 -4.0 -2.0 -1.0 
-1.0 0.0 0.0 0.0 -4.0 -4.0 -1.0 -4.0 0.0 -2.0 -2.0 -1.0 209.0 0.0 -4.0 0.0 0.0 -1.0 -2.0 -1.0 0.0 -2.0 -4.0 0.0 -4.0 -4.0 -2.0 0.0 -4.0 0.0 -3.0 -1.0 -2.0 -3.0 -2.0 -2.0 0.0 -3.0 -2.0 -1.0 -3.0 -2.0 -2.0 -1.0 0.0 -4.0 -1.0 -4.0 -1.0 -1.0 -1.0 -2.0 -4.0 -1.0 -1.0 -2.0 0.0 -2.0 -4.0 -4.0 -4.0 -3.0 0.0 -4.0 0.0 0.0 -3.0 -4.0 -1.0 0.0 -1.0 -2.0 -2.0 0.0 -4.0 0.0 -3.0 -4.0 -4.0 -2.0 -1.0 -2.0 0.0 -1.0 0.0 -3.0 -1.0 -4.0 -1.0 -2.0 -2.0 -2.0 -3.0 0.0 -2.0 -4.0 -2.0 0.0 -4.0 -1.0 0.0 -3.0 -3.0 -2.0 -4.0 -3.0 0.0 -4.0 0.0 0.0 0.0 -3.0 -1.0 -2.0 -2.0 
-4.0 0.0 -1.0 -2.0 -2.0 0.0 -3.0 -3.0 -3.0 -2.0 -4.0 -1.0 -2.0 223.0 -1.0 -3.0 -4.0 0.0 -1.0 -1.0 -4.0 -2.0 -2.0 -4.0 0.0 -3.0 -4.0 -3.0 -3.0 -3.0 -2.0 0.0 -2.0 -2.0 0.0 -1.0 0.0 -4.0 -2.0 -2.0 0.0 0.0 0.0 0.0 -3.0 -4.0 -1.0 -1.0 -1.0 -4.0 -4.0 -1.0 -2.0 -3.0 0.0 0.0 0.0 -3.0 -2.0 -2.0 -3.0 0.0 -2.0 -1.0 -1.0 -3.0 -3.0 -2.0 0.0 -1.0 -4.0 -3.0 -1.0 -3.0 -4.0 -3.0 -3.0 -3.0 -2.0 0.0 -4.0 -3.0 0.0 -3.0 -4.0 -4.0 -1.0 0.0 -2.0 -1.0 -4.0 -1.0 0.0 -4.0 0.0 0.0 -1.0 -4.0 -4.0 -3.0 -3.0 -4.0 -2.0 -2.0 0.0 -3.0 -2.0 0.0 0.0 -2.0 -4.0 -1.0 -3.0 0.0 -1.0 
-3.0 0.0 -4.0 -3.0 -3.0 -3.0 -3.0 -1.0 -2.0 0.0 0.0 -3.0 0.0 -4.0 244.0 -1.0 -1.0 0.0 -4.0 0.0 0.0 -4.0 -1.0 -2.0 -1.0 -2.0 -1.0 -2.0 -3.0 -2.0 -3.0 0.0 -4.0 -1.0 0.0 -1.0 -1.0 0.0 -1.0 -3.0 -4.0 -3.0 -3.0 -1.0 -1.0 -1.0 -4.0 -2.0 -1.0 -3.0 -2.0 -3.0 -4.0 -2.0 -4.0 -3.0 -3.0 -2.0 0.0 -2.0 -2.0 -3.0 -2.0 -3.0 -3.0 -4.0 0.0 -1.0 -3.0 -1.0 0.0 -4.0 -3.0 -4.0 0.0 0.0 -1.0 -1.0 -1.0 -4.0 0.0 -3.0 -3.0 -3.0 -3.0 -4.0 0.0 -2.0 -3.0 -4.0 -4.0 -2.0 0.0 -3.0 -1.0 -3.0 -4.0 -4.0 -4.0 -4.0 -4.0 0.0 -2.0 -4.0 -1.0 -3.0 0.0 -3.0 -2.0 -4.0 0.0 -2.0 -3.0 -4.0 -3.0 
-3.0 -3.0 -1.0 -4.0 -3.0 -2.0 -3.0 -3.0 -4.0 -1.0 -1.0 0.0 -2.0 0.0 -3.0 226.0 0.0 -2.0 0.0 -4.0 -4.0 0.0 0.0 -4.0 -2.0 -3.0 -4.0 -2.0 -2.0 -2.0 -4.0 -4.0 -3.0 -4.0 -4.0 -4.0 -1.0 -2.0 0.0 -1.0 0.0 0.0 -4.0 -4.0 -4.0 -2.0 0.0 -3.0 0.0 -1.0 -2.0 -4.0 -2.0 -4.0 -3.0 -4.0 -2.0 0.0 0.0 0.0 -1.0 -4.0 0.0 -3.0 -2.0 -2.0 -2.0 -3.0 0.0 -2.0 -4.0 -1.0 0.0 -2.0 -2.0 -1.0 -3.0 0.0 -2.0 -1.0 -2.0 -4.0 0.0 -3.0 -3.0 0.0 -1.0 -2.0 0.0 -3.0 -2.0 0.0 -4.0 -1.0 -2.0 -2.0 -1.0 -1.0 -1.0 -3.0 -1.0 0.0 -3.0 -4.0 -1.0 0.0 -3.0 0.0 -3.0 0.0 -2.0 -2.0 -3.0 -4.0 -2.0 
-4.0 -2.0 -2.0 -2.0 -1.0 0.0 -3.0 -3.0 -1.0 -1.0 -2.0 0.0 -1.0 -2.0 -4.0 -3.0 193.0 -1.0 0.0 0.0 -1.0 -4.0 -4.0 -3.0 -1.0 0.0 -3.0 -1.0 0.0 0.0 -3.0 0.0 -3.0 -2.0 0.0 0.0 -3.0 -4.0 0.0 -4.0 0.0 -1.0 -2.0 0.0 -4.0 -3.0 -4.0 -3.0 -3.0 -1.0 -4.0 0.0 0.0 -3.0 -4.0 -2.0 -3.0 -3.0 -2.0 -2.0 -2.0 0.0 -2.0 -2.0 0.0 -3.0 -3.0 -1.0 -1.0 -1.0 0.0 0.0 -3.0 -1.0 -2.0 -4.0 -4.0 -2.0 -3.0 -2.0 0.0 -2.0 -1.0 -1.0 -1.0 0.0 -1.0 -4.0 -2.0 -2.0 -3.0 -1.0 -3.0 0.0 -3.0 -1.0 -2.0 0.0 0.0 0.0 0.0 -2.0 -1.0 0.0 -3.0 0.0 -2.0 -2.0 0.0 -1.0 -2.0 -3.0 0.0 -2.0 0.0 
-3.0 -3.0 -1.0 -1.0 0.0 0.0 -2.0 -4.0 -1.0 -4.0 -4.0 -3.0 -2.0 -2.0 -3.0 -4.0 -4.0 229.0 -2.0 -2.0 -1.0 -3.0 0.0 -4.0 0.0 -4.0 0.0 -3.0 -2.0 -1.0 -3.0 -4.0 -2.0 -1.0 -2.0 -1.0 -4.0 -4.0 -1.0 0.0 -4.0 -1.0 -2.0 -1.0 -1.0 -4.0 -2.0 -1.0 -4.0 -2.0 -2.0 -1.0 -2.0 -3.0 0.0 -1.0 -3.0 0.0 -3.0 -1.0 -3.0 -4.0 0.0 -1.0 -3.0 -1.0 -4.0 -3.0 -2.0 -4.0 -3.0 -4.0 -3.0 0.0 0.0 -2.0 0.0 -2.0 -1.0 0.0 -3.0 -2.0 0.0 -4.0 -1.0 -1.0 -3.0 -3.0 0.0 -2.0 -3.0 0.0 -2.0 -2.0 -3.0 -1.0 -2.0 -3.0 -1.0 -3.0 -2.0 -3.0 -2.0 -1.0 -4.0 0.0 -3.0 0.0 -2.0 -4.0 -3.0 -3.0 0.0 0.0 0.0 
-4.0 -4.0 -2.0 0.0 -4.0 -4.0 -4.0 -3.0 -1.0 -2.0 -1.0 -2.0 -4.0 -3.0 -1.0 -1.0 -3.0 -1.0 227.0 -4.0 -2.0 -3.0 -1.0 -4.0 -3.0 -3.0 -4.0 0.0 -2.0 -1.0 -2.0 -4.0 -1.0 -3.0 -2.0 0.0 -3.0 -2.0 -2.0 -2.0 -4.0 -3.0 -2.0 0.0 -1.0 0.0 0.0 0.0 -1.0 -3.0 -1.0 0.0 0.0 -2.0 0.0 -3.0 0.0 -2.0 -2.0 -2.0 0.0 -1.0 -2.0 -4.0 -3.0 -4.0 -3.0 -3.0 -3.0 -3.0 -2.0 -2.0 0.0 0.0 -4.0 -2.0 -4.0 -2.0 -3.0 0.0 -3.0 0.0 -2.0 -4.0 0.0 -2.0 -3.0 -3.0 0.0 -1.0 -2.0 -3.0 -1.0 0.0 -3.0 -3.0 -1.0 -3.0 -1.0 -2.0 -2.0 -1.0 -4.0 -3.0 -4.0 0.0 0.0 -1.0 -1.0 -4.0 0.0 -1.0 -4.0 0.0 -2.0 
-4.0 -3.0 0.0 -2.0 -2.0 -4.0 -4.0 -1.0 0.0 -3.0 -4.0 -1.0 -2.0 -4.0 -1.0 -1.0 -2.0 -1.0 -2.0 238.0 -1.0 0.0 -4.0 -1.0 -2.0 -3.0 -4.0 -3.0 -2.0 -4.0 -2.0 -4.0 -1.0 0.0 -4.0 -3.0 0.0 -3.0 -2.0 -2.0 -4.0 -2.0 -4.0 -4.0 -4.0 0.0 -1.0 -1.0 -4.0 -2.0 -3.0 -3.0 -3.0 -1.0 0.0 0.0 -1.0 -2.0 0.0 -3.0 0.0 -3.0 -2.0 -3.0 -3.0 -1.0 -4.0 -3.0 -2.0 -1.0 -1.0 -2.0 -3.0 -2.0 -2.0 -1.0 -2.0 -1.0 -4.0 -1.0 0.0 -3.0 0.0 -3.0 -3.0 -4.0 -2.0 -3.0 -2.0 0.0 -4.0 -2.0 -3.0 -1.0 -3.0 -4.0 -1.0 -1.0 -4.0 -3.0 0.0 -4.0 -4.0 -1.0 -2.0 0.0 -3.0 0.0 0.0 0.0 0.0 0.0 -4.0 -4.0 -1.0 
0.0 -1.0 -2.0 -2.0 -2.0 0.0 0.0 -3.0 -2.0 -2.0 -4.0 -2.0 -1.0 -1.0 -1.0 -1.0 -4.0 -3.0 -3.0 -3.0 235.0 -3.0 -1.0 -4.0 -3.0 -3.0 -4.0 -2.0 -3.0 -2.0 -4.0 -3.0 -1.0 -3.0 0.0 -3.0 0.0 -1.0 0.0 -2.0 -1.0 -2.0 -4.0 -2.0 -3.0 0.0 -2.0 -3.0 -4.0 0.0 0.0 -3.0 -2.0 -3.0 -1.0 -2.0 0.0 -1.0 -3.0 0.0 -2.0 -4.0 -3.0 -2.0 -3.0 -4.0 -3.0 -4.0 -2.0 -2.0 -3.0 -1.0 0.0 -1.0 -1.0 -2.0 -1.0 -2.0 -1.0 -1.0 -1.0 -2.0 -4.0 -4.0 -4.0 -1.0 -4.0 -3.0 -3.0 -1.0 0.0 -4.0 -1.0 -2.0 0.0 -1.0 -2.0 -4.0 -4.0 -4.0 -1.0 -2.0 0.0 -1.0 -1.0 0.0 0.0 -3.0 -2.0 -4.0 -4.0 -2.0 -4.0 -2.0 -3.0 
-1.0 -1.0 0.0 -3.0 0.0 0.0 0.0 -3.0 -2.0 -3.0 0.0 0.0 -4.0 0.0 -3.0 -3.0 -1.0 -1.0 -2.0 0.0 0.0 213.0 -2.0 -1.0 0.0 -3.0 0.0 -1.0 -2.0 -1.0 0.0 -3.0 -1.0 -4.0 0.0 -1.0 -3.0 -2.0 0.0 -2.0 -2.0 -3.0 -3.0 -4.0 -2.0 -4.0 0.0 -4.0 -3.0 -2.0 -1.0 -4.0 0.0 -1.0 0.0 -1.0 -4.0 -4.0 -4.0 -4.0 -3.0 -1.0 -4.0 -1.0 0.0 -1.0 -4.0 -3.0 0.0 0.0 -3.0 -4.0 -4.0 -4.0 -3.0 -3.0 -4.0 -1.0 0.0 0.0 -4.0 -2.0 0.0 -1.0 -4.0 0.0 -3.0 -2.0 -3.0 -2.0 -3.0 -3.0 -2.0 0.0 -2.0 -1.0 -4.0 -3.0 -2.0 0.0 -4.0 -1.0 -2.0 -3.0 -2.0 -2.0 -2.0 0.0 0.0 -3.0 -3.0 0.0 -2.0 0.0 -2.0 
-1.0 -2.0 -3.0 -3.0 -4.0 -2.0 -3.0 -1.0 0.0 0.0 -4.0 -1.0 -4.0 -2.0 -4.0 -4.0 0.0 -1.0 -3.0 0.0 -4.0 -4.0 254.0 0.0 -4.0 -3.0 -4.0 -3.0 -3.0 -2.0 0.0 -4.0 0.0 -1.0 -4.0 -3.0 -3.0 -1.0 -3.0 -2.0 -3.0 -4.0 -4.0 -3.0 0.0 -3.0 -2.0 -2.0 -2.0 -2.0 -2.0 0.0 -4.0 0.0 -1.0 -2.0 -2.0 -4.0 -3.0 -4.0 -4.0 -3.0 -2.0 -2.0 0.0 -1.0 -2.0 -3.0 -4.0 -3.0 -3.0 -3.0 -3.0 -4.0 -4.0 -1.0 0.0 -1.0 -4.0 -4.0 0.0 0.0 0.0 -1.0 -4.0 -3.0 0.0 -1.0 -1.0 0.0 -3.0 0.0 -2.0 -3.0 -4.0 -2.0 -3.0 0.0 0.0 -4.0 -3.0 -2.0 -2.0 -1.0 -3.0 -2.0 -3.0 -4.0 -4.0 -1.0 0.0 -3.0 -2.0 -3.0 -2.0 
-3.0 -2.0 -2.0 0.0 -3.0 0.0 0.0 0.0 -4.0 -1.0 -2.0 -3.0 -1.0 -4.0 0.0 -1.0 -4.0 -1.0 -2.0 -1.0 0.0 -4.0 -1.0 217.0 -2.0 -2.0 -4.0 -1.0 -2.0 0.0 0.0 -2.0 0.0 -3.0 0.0 -2.0 0.0 -1.0 -3.0 -3.0 -3.0 -2.0 0.0 0.0 -3.0 0.0 -1.0 -4.0 -2.0 -4.0 0.0 -3.0 -1.0 -4.0 -2.0 -4.0 -1.0 -4.0 -3.0 -1.0 -2.0 -2.0 0.0 -1.0 -1.0 -4.0 -4.0 -4.0 -3.0 -3.0 -3.0 -3.0 -2.0 -4.0 -2.0 0.0 0.0 -1.0 -4.0 0.0 -1.0 -4.0 -3.0 -4.0 -1.0 -3.0 0.0 -3.0 -3.0 -2.0 -4.0 -3.0 0.0 0.0 -1.0 -3.0 -3.0 -1.0 -2.0 -3.0 -3.0 0.0 -2.0 0.0 -2.0 -2.0 -4.0 0.0 -1.0 -4.0 -1.0 0.0 -3.0 0.0 -2.0 
-2.0 -2.0 -4.0 -4.0 -3.0 -1.0 -3.0 -1.0 0.0 0.0 -2.0 -1.0 -2.0 0.0 -3.0 -3.0 -1.0 -4.0 -3.0 0.0 -1.0 -3.0 -2.0 -1.0 208.0 -1.0 -1.0 -2.0 -3.0 -3.0 0.0 -4.0 0.0 0.0 -4.0 0.0 -1.0 -2.0 -1.0 -1.0 -4.0 -4.0 -3.0 -4.0 -4.0 -1.0 -4.0 -2.0 0.0 -1.0 0.0 -2.0 -1.0 -2.0 -4.0 -4.0 -4.0 -2.0 0.0 -2.0 0.0 0.0 -1.0 -3.0 0.0 -2.0 -3.0 0.0 -2.0 -2.0 -1.0 -4.0 -2.0 -3.0 -1.0 0.0 -1.0 -3.0 -2.0 0.0 -1.0 -2.0 0.0 0.0 -2.0 -1.0 -2.0 -2.0 -1.0 -3.0 -1.0 -1.0 -4.0 -1.0 -2.0 -2.0 -4.0 -3.0 -3.0 -1.0 -4.0 -2.0 -1.0 -1.0 0.0 -2.0 -1.0 -3.0 -4.0 -1.0 -3.0 -1.0 -2.0 0.0 0.0 
-4.0 -3.0 0.0 -1.0 -2.0 -1.0 -2.0 -4.0 -3.0 -3.0 -2.0 -3.0 -1.0 0.0 -1.0 -2.0 -3.0 -2.0 -4.0 -3.0 -2.0 0.0 0.0 -1.0 0.0 209.0 -2.0 -1.0 -4.0 -2.0 -4.0 -2.0 0.0 0.0 -3.0 0.0 -2.0 -4.0 0.0 -1.0 -1.0 0.0 -4.0 -3.0 -1.0 -3.0 0.0 -1.0 -2.0 -2.0 -2.0 0.0 -2.0 -2.0 0.0 -3.0 -4.0 -1.0 -1.0 -2.0 -3.0 0.0 0.0 -3.0 -2.0 -1.0 -3.0 0.0 -2.0 -3.0 -1.0 -3.0 -1.0 -4.0 -2.0 -3.0 0.0 -1.0 -2.0 -3.0 0.0 -4.0 -1.0 -4.0 -3.0 -1.0 -1.0 -3.0 -2.0 0.0 -2.0 -3.0 -1.0 -4.0 -2.0 -1.0 -2.0 -2.0 0.0 -3.0 -1.0 0.0 -2.0 -2.0 -3.0 0.0 -4.0 -3.0 -3.0 -1.0 -1.0 -2.0 -2.0 -3.0 0.0 
-3.0 -1.0 -2.0 -2.0 -1.0 -2.0 -3.0 0.0 0.0 -1.0 -4.0 -2.0 -2.0 0.0 -4.0 -2.0 -3.0 0.0 0.0 -2.0 0.0 0.0 -3.0 0.0 -1.0 -2.0 220.0 0.0 -1.0 -3.0 -4.0 -2.0 -4.0 -2.0 -4.0 -3.0 -1.0 -1.0 -3.0 -3.0 -4.0 -2.0 -4.0 -3.0 -1.0 -4.0 -3.0 0.0 0.0 0.0 0.0 0.0 0.0 0.0 -3.0 -3.0 -4.0 -1.0 0.0 -2.0 0.0 -1.0 -1.0 -3.0 -2.0 -1.0 -3.0 -1.0 0.0 -3.0 -2.0 -3.0 0.0 -2.0 -3.0 0.0 -4.0 -1.0 -4.0 0.0 -2.0 -3.0 -3.0 -1.0 -3.0 -3.0 -4.0 -4.0 -2.0 -2.0 -4.0 0.0 0.0 -1.0 -4.0 -3.0 -1.0 -4.0 0.0 -1.0 -2.0 -3.0 -4.0 -3.0 -3.0 -1.0 0.0 -4.0 -1.0 -2.0 -1.0 -4.0 -4.0 -2.0 -2.0 
-1.0 -1.0 -3.0 -1.0 -1.0 -3.0 -2.0 -3.0 -1.0 0.0 -4.0 -3.0 -2.0 -2.0 -4.0 0.0 -1.0 -4.0 -1.0 -2.0 -2.0 -1.0 0.0 -3.0 -1.0 0.0 -2.0 228.0 -1.0 -3.0 0.0 -2.0 -4.0 -1.0 0.0 -3.0 -4.0 -2.0 -3.0 -4.0 0.0 -3.0 0.0 -1.0 -2.0 0.0 -4.0 -1.0 -3.0 -1.0 -4.0 -1.0 0.0 -1.0 -4.0 0.0 -1.0 -1.0 -4.0 -3.0 -3.0 -3.0 -4.0 -3.0 -4.0 -2.0 -4.0 -4.0 0.0 -4.0 -3.0 0.0 0.0 -2.0 -4.0 0.0 -1.0 -3.0 -2.0 -3.0 -3.0 -1.0 0.0 -4.0 -3.0 -2.0 -1.0 -3.0 -3.0 -2.0 0.0 -4.0 -4.0 -2.0 -2.0 0.0 -1.0 -3.0 -2.0 -1.0 -3.0 -2.0 -3.0 0.0 -1.0 0.0 -4.0 -3.0 -2.0 -3.0 -3.0 -4.0 -1.0 0.0 0.0 
-3.0 -1.0 -4.0 -4.0 -3.0 -1.0 -1.0 -2.0 -2.0 -1.0 -1.0 -2.0 -1.0 -4.0 -4.0 -1.0 -1.0 0.0 -3.0 -2.0 -3.0 0.0 -1.0 -3.0 -3.0 -4.0 -3.0 0.0 225.0 -1.0 -2.0 -2.0 0.0 -1.0 0.0 -3.0 -3.0 0.0 0.0 -2.0 -2.0 -3.0 -3.0 -1.0 -4.0 -3.0 0.0 -1.0 -2.0 0.0 -3.0 -1.0 -3.0 -4.0 -4.0 0.0 -3.0 -3.0 -4.0 -4.0 -2.0 -1.0 -4.0 -2.0 -3.0 -2.0 -2.0 0.0 -4.0 -2.0 -1.0 -3.0 -1.0 -1.0 -1.0 -1.0 -2.0 -4.0 -2.0 -3.0 -3.0 0.0 -1.0 -1.0 0.0 -3.0 -1.0 -2.0 -4.0 -3.0 -3.0 -3.0 -1.0 0.0 -1.0 0.0 0.0 -2.0 -2.0 -2.0 0.0 -1.0 -4.0 -2.0 -1.0 -4.0 -3.0 -4.0 -2.0 -1.0 0.0 -3.0 -3.0 -3.0 -1.0 
-4.0 -2.0 -4.0 0.0 -1.0 0.0 -2.0 -3.0 -3.0 -2.0 -1.0 -4.0 -1.0 0.0 -2.0 -2.0 -2.0 -3.0 -4.0 0.0 -1.0 -2.0 -3.0 -4.0 -1.0 0.0 -4.0 -1.0 0.0 214.0 -3.0 -1.0 -4.0 0.0 0.0 0.0 -1.0 -2.0 0.0 -4.0 -2.0 -2.0 -4.0 0.0 -1.0 -1.0 -3.0 0.0 -3.0 -3.0 -3.0 -4.0 -3.0 -4.0 0.0 -1.0 -2.0 -3.0 0.0 -4.0 -2.0 -2.0 -3.0 0.0 -3.0 -3.0 -1.0 -2.0 0.0 0.0 0.0 -3.0 -3.0 -3.0 -3.0 -4.0 0.0 0.0 -3.0 -2.0 0.0 -1.0 -2.0 0.0 -1.0 -2.0 0.0 -1.0 0.0 -1.0 -1.0 -3.0 -1.0 -2.0 -2.0 -1.0 -4.0 -4.0 -2.0 -1.0 -4.0 -4.0 -4.0 -2.0 -1.0 -1.0 -1.0 -4.0 -2.0 0.0 -3.0 -1.0 -2.0 -1.0 -4.0 
0.0 -3.0 -4.0 -3.0 0.0 -1.0 0.0 -2.0 -2.0 -2.0 -4.0 -2.0 -2.0 0.0 -1.0 0.0 -3.0 0.0 -3.0 -3.0 -3.0 -1.0 0.0 -3.0 -4.0 -2.0 -2.0 -2.0 0.0 0.0 199.0 -1.0 0.0 -1.0 -2.0 -2.0 -3.0 0.0 -3.0 -2.0 -3.0 0.0 -3.0 0.0 0.0 -1.0 0.0 -2.0 -2.0 0.0 0.0 -2.0 -2.0 -4.0 0.0 -3.0 -3.0 0.0 -3.0 0.0 -4.0 0.0 -3.0 -3.0 -4.0 0.0 -4.0 -3.0 -2.0 -2.0 0.0 -3.0 0.0 -1.0 -2.0 -1.0 0.0 -3.0 -4.0 -1.0 -4.0 -1.0 -4.0 0.0 -1.0 -2.0 -1.0 0.0 -2.0 -1.0 -1.0 0.0 -3.0 -4.0 0.0 -2.0 -3.0 -4.0 -4.0 -3.0 -1.0 -3.0 0.0 -2.0 0.0 -4.0 -1.0 -3.0 -2.0 -1.0 -2.0 0.0 0.0 -3.0 -3.0 
-3.0 -4.0 -2.0 -2.0 -3.0 -2.0 -1.0 0.0 -2.0 0.0 -4.0 -4.0 -3.0 0.0 0.0 -4.0 -2.0 -1.0 0.0 0.0 -1.0 -4.0 -3.0 -1.0 -4.0 -3.0 -4.0 -2.0 0.0 -4.0 -2.0 237.0 -3.0 -4.0 0.0 -2.0 -4.0 -3.0 -2.0 -3.0 -2.0 0.0 0.0 -4.0 -3.0 -1.0 -4.0 -4.0 -4.0 -1.0 -4.0 -4.0 0.0 -4.0 -4.0 -1.0 -1.0 0.0 -3.0 -2.0 -4.0 -4.0 0.0 -2.0 -3.0 -4.0 -2.0 0.0 0.0 -2.0 -3.0 0.0 -4.0 -1.0 -1.0 -1.0 -2.0 -3.0 0.0 -3.0 0.0 -2.0 0.0 -3.0 -1.0 -1.0 -1.0 -4.0 0.0 -3.0 -1.0 -1.0 -2.0 -3.0 -3.0 -4.0 -1.0 -1.0 -1.0 0.0 -3.0 -2.0 -1.0 -2.0 -4.0 0.0 -1.0 0.0 -1.0 -4.0 -3.0 -2.0 -4.0 -3.0 -4.0 
-4.0 -4.0 -3.0 -2.0 -1.0 -1.0 -3.0 -2.0 -2.0 -3.0 -4.0 0.0 0.0 -1.0 -3.0 -1.0 -1.0 -2.0 0.0 0.0 -1.0 -1.0 -1.0 -2.0 -1.0 -4.0 -1.0 -4.0 -2.0 0.0 -1.0 -1.0 234.0 -2.0 -4.0 -2.0 -3.0 -2.0 -3.0 -3.0 -3.0 -4.0 -2.0 0.0 -1.0 -3.0 0.0 -2.0 -3.0 -3.0 0.0 -3.0 -2.0 -3.0 -4.0 -3.0 -4.0 -1.0 -1.0 -1.0 -2.0 0.0 -1.0 0.0 -3.0 0.0 -4.0 0.0 0.0 -1.0 -4.0 0.0 -3.0 -1.0 -2.0 -1.0 -4.0 -4.0 -1.0 -4.0 -1.0 -4.0 -2.0 0.0 -4.0 -2.0 -4.0 -2.0 -4.0 -2.0 -1.0 -4.0 0.0 -4.0 -2.0 -3.0 0.0 -2.0 -3.0 -3.0 -4.0 -1.0 -3.0 0.0 0.0 -1.0 -4.0 -4.0 -2.0 0.0 0.0 -3.0 -4.0 -4.0 -4.0 
-3.0 -1.0 0.0 -4.0 -2.0 -1.0 -2.0 -4.0 0.0 -4.0 -4.0 -1.0 -1.0 -3.0 0.0 -3.0 0.0 -4.0 -1.0 -3.0 -2.0 -2.0 -4.0 -4.0 -3.0 -3.0 -3.0 -4.0 0.0 0.0 -1.0 -3.0 -3.0 229.0 -1.0 0.0 -1.0 -1.0 -1.0 0.0 0.0 -1.0 -3.0 -4.0 -2.0 -4.0 -2.0 -1.0 -1.0 -4.0 -4.0 0.0 -4.0 0.0 -1.0 -1.0 -4.0 -1.0 0.0 -2.0 0.0 -3.0 -1.0 0.0 0.0 -4.0 -3.0 -2.0 -4.0 -3.0 -1.0 -2.0 0.0 -4.0 -2.0 0.0 -3.0 -2.0 -3.0 -4.0 -3.0 -4.0 -2.0 0.0 -2.0 -1.0 0.0 -2.0 -2.0 -3.0 -4.0 -4.0 -1.0 -4.0 -1.0 -4.0 -4.0 -3.0 -2.0 -2.0 0.0 -1.0 -2.0 -2.0 0.0 -4.0 0.0 -1.0 -3.0 -1.0 0.0 -2.0 -2.0 -2.0 -4.0 
0.0 -1.0 -2.0 -3.0 -4.0 -2.0 0.0 -2.0 -2.0 -4.0 -4.0 -4.0 -2.0 -4.0 -1.0 -4.0 -2.0 -4.0 -4.0 0.0 -2.0 -4.0 -1.0 -1.0 0.0 -1.0 -3.0 0.0 -1.0 -4.0 -2.0 -3.0 -2.0 -2.0 212.0 -3.0 0.0 -1.0 -1.0 0.0 -3.0 -2.0 -3.0 0.0 -1.0 -2.0 -2.0 -1.0 0.0 -4.0 -4.0 0.0 0.0 -4.0 0.0 -4.0 -3.0 0.0 -1.0 0.0 0.0 -1.0 -1.0 -2.0 -2.0 0.0 -3.0 0.0 -1.0 -1.0 -3.0 0.0 -4.0 0.0 -1.0 -1.0 -1.0 0.0 0.0 -3.0 -4.0 -2.0 -1.0 -1.0 -1.0 0.0 -4.0 0.0 -3.0 0.0 -2.0 -4.0 -4.0 0.0 -3.0 -3.0 -4.0 -2.0 -3.0 0.0 0.0 -2.0 -3.0 -3.0 -3.0 -1.0 -3.0 -1.0 0.0 -4.0 -1.0 -2.0 -3.0 -3.0 -4.0 
0.0 -4.0 -4.0 0.0 -1.0 -2.0 -3.0 0.0 -4.0 -2.0 -4.0 -3.0 -4.0 0.0 -2.0 -2.0 -4.0 -3.0 -4.0 -1.0 -2.0 -4.0 0.0 -1.0 -2.0 0.0 -1.0 -1.0 -2.0 -4.0 -3.0 -2.0 -3.0 -1.0 -2.0 220.0 -4.0 0.0 -2.0 0.0 -2.0 -1.0 -1.0 -2.0 -1.0 -2.0 -1.0 -4.0 -2.0 -4.0 0.0 -3.0 -1.0 -2.0 -3.0 -4.0 0.0 -2.0 -2.0 0.0 -3.0 -4.0 -1.0 -1.0 -4.0 -3.0 -4.0 0.0 0.0 -1.0 0.0 0.0 -4.0 -2.0 0.0 -4.0 0.0 -3.0 -4.0 0.0 0.0 -2.0 0.0 -3.0 -2.0 0.0 -2.0 -1.0 -1.0 -1.0 -3.0 0.0 -4.0 -1.0 -4.0 -3.0 -3.0 -4.0 0.0 -4.0 -1.0 0.0 -3.0 -2.0 -1.0 -3.0 -2.0 -3.0 -1.0 -1.0 0.0 -3.0 -3.0 -2.0 -1.0 
0.0 0.0 -1.0 -2.0 -4.0 -3.0 -3.0 -3.0 0.0 -1.0 -1.0 -1.0 -2.0 -2.0 0.0 -1.0 -1.0 -4.0 -2.0 -1.0 -3.0 0.0 -2.0 -3.0 -4.0 -3.0 0.0 -2.0 -2.0 -1.0 -1.0 -3.0 0.0 -2.0 -1.0 -3.0 203.0 -3.0 -1.0 -2.0 -2.0 -1.0 -2.0 -4.0 0.0 -3.0 -2.0 -4.0 -1.0 -3.0 -1.0 -2.0 -4.0 -3.0 -1.0 -4.0 0.0 -4.0 -2.0 -1.0 -3.0 -3.0 -2.0 -4.0 -2.0 -1.0 -1.0 -4.0 0.0 -3.0 0.0 -2.0 -3.0 0.0 -1.0 0.0 -3.0 0.0 0.0 -4.0 -1.0 -1.0 -2.0 -3.0 -3.0 -2.0 -3.0 0.0 -2.0 0.0 0.0 -1.0 -2.0 -3.0 0.0 0.0 0.0 -2.0 -3.0 -2.0 -2.0 -1.0 -1.0 -3.0 -1.0 0.0 -2.0 -2.0 0.0 0.0 -1.0 -2.0 -4.0 -3.0 -3.0 
-4.0 -3.0 -3.0 0.0 -4.0 0.0 -2.0 -2.0 -1.0 -4.0 -1.0 -2.0 -2.0 -2.0 0.0 -4.0 0.0 -2.0 -3.0 0.0 0.0 -4.0 -4.0 -2.0 0.0 -3.0 -4.0 -2.0 -4.0 -2.0 0.0 -2.0 0.0 -3.0 -4.0 -3.0 -4.0 243.0 -4.0 -3.0 -2.0 -4.0 0.0 -1.0 -4.0 -1.0 0.0 -1.0 -3.0 -2.0 -3.0 -1.0 -2.0 -4.0 -2.0 -1.0 -3.0 -1.0 -3.0 -4.0 -1.0 0.0 -3.0 -3.0 -3.0 0.0 -1.0 0.0 -1.0 -4.0 -1.0 -1.0 -4.0 0.0 -1.0 -4.0 -2.0 -3.0 -1.0 0.0 -1.0 0.0 -4.0 -4.0 0.0 -3.0 -1.0 -2.0 -3.0 -3.0 -4.0 -3.0 0.0 -2.0 -3.0 -1.0 0.0 -2.0 -2.0 -4.0 -1.0 -3.0 0.0 -4.0 -3.0 -4.0 -4.0 -3.0 0.0 -3.0 -2.0 -4.0 -4.0 -2.0 -2.0 
-3.0 -3.0 -3.0 -1.0 -2.0 0.0 -4.0 -4.0 -4.0 -3.0 -3.0 -3.0 -2.0 -3.0 0.0 -3.0 -1.0 0.0 -4.0 -4.0 -1.0 -4.0 -4.0 0.0 -3.0 -1.0 -4.0 -3.0 -2.0 -4.0 -3.0 -2.0 -4.0 -4.0 -1.0 -2.0 -3.0 0.0 262.0 -2.0 0.0 -1.0 -2.0 -4.0 -1.0 -2.0 -2.0 -3.0 -1.0 -3.0 -4.0 -3.0 -4.0 -4.0 -1.0 -2.0 -2.0 -3.0 -4.0 -4.0 -1.0 -3.0 -4.0 -1.0 0.0 0.0 -3.0 -1.0 -3.0 0.0 -1.0 -3.0 -1.0 -3.0 -3.0 -4.0 -3.0 -1.0 -4.0 -2.0 0.0 0.0 -3.0 -4.0 -1.0 -3.0 -1.0 -4.0 -3.0 0.0 -3.0 -3.0 -3.0 0.0 -1.0 0.0 -2.0 -4.0 -2.0 -2.0 -4.0 -4.0 -4.0 -2.0 -4.0 -2.0 0.0 0.0 -1.0 -4.0 -4.0 0.0 -3.0 -2.0 -1.0 
-2.0 -1.0 -3.0 0.0 -1.0 -4.0 0.0 -1.0 -4.0 -2.0 -3.0 0.0 0.0 -4.0 -1.0 -1.0 -2.0 -4.0 -1.0 -2.0 0.0 0.0 -4.0 -2.0 -2.0 0.0 -2.0 -4.0 0.0 -3.0 -2.0 -4.0 -1.0 -1.0 -3.0 -4.0 -1.0 -2.0 -2.0 231.0 -3.0 0.0 -3.0 0.0 -4.0 -1.0 -3.0 0.0 -4.0 -2.0 -3.0 -2.0 0.0 0.0 -2.0 -1.0 -4.0 0.0 -4.0 -4.0 -1.0 -4.0 -4.0 -3.0 -4.0 -3.0 -3.0 -1.0 -3.0 0.0 -4.0 -2.0 -3.0 -3.0 -3.0 -3.0 -3.0 -1.0 -2.0 0.0 -1.0 0.0 -1.0 -1.0 0.0 -3.0 -1.0 -4.0 -1.0 0.0 -2.0 -4.0 -4.0 -1.0 0.0 -1.0 -3.0 -3.0 -1.0 -3.0 -4.0 0.0 0.0 -4.0 -1.0 -3.0 -2.0 0.0 -2.0 -2.0 -4.0 -3.0 -4.0 -3.0 -2.0 
0.0 -1.0 -2.0 -1.0 -4.0 0.0 -1.0 -4.0 0.0 -4.0 -2.0 0.0 0.0 -4.0 -2.0 -4.0 -4.0 -4.0 -1.0 -2.0 0.0 -2.0 0.0 -1.0 0.0 0.0 -4.0 -3.0 -3.0 -1.0 -2.0 -1.0 -4.0 -2.0 -1.0 -2.0 -2.0 0.0 -4.0 -1.0 219.0 -4.0 0.0 -1.0 -3.0 -4.0 -2.0 0.0 -1.0 -3.0 -2.0 -1.0 -4.0 0.0 -3.0 0.0 -3.0 -1.0 -4.0 -4.0 -1.0 -3.0 -3.0 -4.0 0.0 0.0 0.0 -2.0 -2.0 -3.0 -1.0 -1.0 -1.0 -4.0 -2.0 -1.0 -4.0 -3.0 0.0 -4.0 -3.0 -3.0 -2.0 -3.0 -4.0 0.0 0.0 -2.0 -3.0 -3.0 0.0 0.0 0.0 -2.0 -4.0 -2.0 0.0 -2.0 -4.0 -4.0 -1.0 -2.0 -2.0 -3.0 -1.0 0.0 -3.0 -1.0 -1.0 -1.0 -4.0 -3.0 -1.0 -2.0 -1.0 
0.0 -1.0 0.0 -4.0 -4.0 -1.0 -1.0 -4.0 -4.0 -3.0 0.0 -2.0 -2.0 -2.0 0.0 -1.0 -2.0 -2.0 -2.0 0.0 -3.0 -4.0 -3.0 -3.0 -3.0 -3.0 -3.0 -4.0 -1.0 0.0 -1.0 -2.0 -3.0 -3.0 0.0 -3.0 -4.0 0.0 -3.0 0.0 -3.0 221.0 -3.0 -2.0 -4.0 -1.0 -4.0 0.0 -3.0 -3.0 -3.0 -4.0 -4.0 0.0 -3.0 -4.0 -3.0 -1.0 -1.0 0.0 -3.0 -2.0 -1.0 -2.0 -3.0 -4.0 -1.0 -4.0 -1.0 -3.0 -2.0 0.0 0.0 0.0 -1.0 -1.0 0.0 -4.0 -3.0 -4.0 0.0 -1.0 -1.0 -3.0 -4.0 -1.0 -1.0 0.0 -2.0 0.0 -3.0 -2.0 -1.0 0.0 -3.0 -2.0 -2.0 -2.0 -2.0 -2.0 -1.0 -3.0 -3.0 0.0 -3.0 -4.0 -2.0 0.0 0.0 -1.0 -1.0 -2.0 -1.0 -1.0 -1.0 
-4.0 -4.0 -3.0 -1.0 0.0 -3.0 0.0 -2.0 -2.0 -1.0 -3.0 -3.0 -1.0 -3.0 -1.0 -4.0 -3.0 -4.0 -1.0 -3.0 -1.0 -4.0 -4.0 -1.0 -2.0 -1.0 -2.0 -4.0 -3.0 -1.0 -2.0 0.0 -3.0 -4.0 -2.0 -1.0 -3.0 0.0 -3.0 -4.0 -4.0 0.0 247.0 -1.0 -3.0 -2.0 0.0 -4.0 -2.0 0.0 -3.0 -3.0 -3.0 0.0 -3.0 -4.0 -4.0 -1.0 -2.0 -3.0 -2.0 -2.0 -2.0 -1.0 -4.0 -1.0 -2.0 -3.0 -2.0 0.0 -1.0 -2.0 -3.0 -3.0 0.0 -2.0 -4.0 0.0 -1.0 -1.0 -3.0 -3.0 -4.0 -1.0 -2.0 -1.0 -3.0 -3.0 -1.0 -4.0 -3.0 -4.0 -3.0 -2.0 -2.0 -2.0 0.0 -1.0 -4.0 -2.0 0.0 -2.0 0.0 -1.0 -1.0 -2.0 -1.0 -1.0 -3.0 -4.0 -3.0 -2.0 -2.0 -4.0 -4.0 
-4.0 0.0 0.0 -3.0 -1.0 -3.0 -3.0 -2.0 0.0 0.0 -2.0 -2.0 -3.0 -4.0 -4.0 -1.0 -3.0 -3.0 -4.0 -3.0 0.0 -3.0 0.0 -4.0 -1.0 0.0 0.0 -3.0 -1.0 -2.0 -4.0 -3.0 -2.0 -3.0 -1.0 -4.0 -2.0 -3.0 -4.0 -4.0 -4.0 -2.0 -3.0 248.0 0.0 -2.0 0.0 -4.0 -2.0 -2.0 -1.0 -1.0 -2.0 -4.0 -2.0 -4.0 -3.0 -4.0 -4.0 -4.0 -2.0 0.0 -2.0 -4.0 -3.0 -3.0 -4.0 -4.0 -2.0 -4.0 -2.0 -1.0 -2.0 -3.0 -2.0 -4.0 0.0 -2.0 -2.0 -3.0 0.0 -1.0 0.0 0.0 -3.0 -1.0 -1.0 -4.0 -3.0 -4.0 0.0 -2.0 -3.0 -2.0 -2.0 0.0 -1.0 -4.0 -3.0 0.0 0.0 -4.0 -2.0 -2.0 -4.0 0.0 -1.0 -2.0 -3.0 -2.0 0.0 -1.0 -2.0 -1.0 -4.0 
-2.0 -3.0 -1.0 -4.0 -3.0 0.0 0.0 0.0 -1.0 -2.0 0.0 -4.0 -4.0 -4.0 -2.0 -1.0 -1.0 -3.0 -1.0 -2.0 -4.0 -3.0 -1.0 -3.0 -2.0 0.0 -1.0 0.0 -4.0 -4.0 -4.0 -1.0 -1.0 -3.0 -2.0 -1.0 -2.0 -2.0 -2.0 -3.0 0.0 -1.0 -1.0 -4.0 226.0 -4.0 -4.0 -4.0 -4.0 -3.0 -1.0 0.0 -3.0 -1.0 0.0 -2.0 -2.0 -3.0 -3.0 -4.0 -1.0 -1.0 -1.0 -3.0 0.0 -1.0 -1.0 -1.0 -2.0 0.0 -4.0 -3.0 -2.0 -1.0 -2.0 -4.0 0.0 0.0 -1.0 -1.0 -1.0 -1.0 -4.0 -3.0 -4.0 -4.0 -2.0 -4.0 -4.0 -2.0 -2.0 -4.0 -1.0 -1.0 0.0 -2.0 0.0 -3.0 -4.0 0.0 -3.0 -4.0 0.0 -2.0 0.0 -2.0 -1.0 -4.0 -1.0 -1.0 -1.0 -2.0 -2.0 -1.0 -2.0 
0.0 0.0 0.0 -1.0 0.0 0.0 -4.0 -2.0 -2.0 0.0 -4.0 -2.0 -2.0 -2.0 -1.0 -1.0 -4.0 -1.0 -2.0 0.0 -3.0 -2.0 -1.0 -2.0 -1.0 -4.0 -4.0 -3.0 -3.0 0.0 0.0 -4.0 -3.0 -1.0 -1.0 0.0 -3.0 -3.0 -4.0 0.0 0.0 -4.0 0.0 -1.0 -2.0 209.0 0.0 -4.0 -4.0 -1.0 -1.0 -3.0 -3.0 -3.0 -1.0 -2.0 -3.0 -1.0 0.0 -2.0 -3.0 -1.0 -1.0 -2.0 -3.0 -4.0 -4.0 -3.0 -4.0 -1.0 0.0 -1.0 -2.0 -1.0 0.0 -1.0 -1.0 -2.0 -4.0 0.0 -4.0 -1.0 0.0 -1.0 -2.0 -3.0 -3.0 -2.0 -3.0 -1.0 -1.0 -4.0 -4.0 -3.0 -4.0 0.0 0.0 0.0 -2.0 -1.0 -3.0 -2.0 -1.0 -3.0 -2.0 -2.0 -3.0 -2.0 0.0 0.0 0.0 -4.0 -2.0 0.0 -3.0 
0.0 -3.0 0.0 -1.0 -2.0 0.0 0.0 -4.0 -1.0 -4.0 -1.0 0.0 -3.0 -2.0 0.0 -3.0 -1.0 -4.0 -4.0 -4.0 0.0 0.0 -1.0 0.0 -4.0 -3.0 -1.0 -4.0 -1.0 -3.0 -4.0 0.0 -3.0 -3.0 -2.0 0.0 -1.0 -1.0 -2.0 0.0 -1.0 -2.0 -4.0 -2.0 -4.0 -2.0 218.0 -2.0 -1.0 -3.0 -4.0 -3.0 -4.0 0.0 -1.0 -4.0 -4.0 -1.0 0.0 -1.0 -4.0 0.0 -2.0 -2.0 -4.0 -1.0 -3.0 -1.0 -3.0 0.0 -1.0 0.0 -2.0 -2.0 -3.0 -3.0 0.0 0.0 0.0 -4.0 -2.0 -2.0 -1.0 0.0 0.0 0.0 -4.0 -4.0 -1.0 -1.0 -1.0 -2.0 -3.0 -4.0 -1.0 -1.0 -1.0 0.0 -4.0 -3.0 -1.0 -4.0 -3.0 -4.0 -2.0 -2.0 -1.0 -4.0 -1.0 -3.0 -1.0 -1.0 -2.0 -2.0 -4.0 
-3.0 0.0 -4.0 -4.0 -3.0 -2.0 -3.0 0.0 -4.0 -2.0 -1.0 -2.0 -1.0 -3.0 0.0 -1.0 -2.0 -1.0 -3.0 -3.0 -2.0 -1.0 -2.0 0.0 -1.0 -4.0 -3.0 -3.0 -1.0 -4.0 -2.0 0.0 -3.0 -1.0 0.0 -3.0 -4.0 -3.0 -1.0 -1.0 0.0 -3.0 -4.0 -2.0 -4.0 -4.0 -1.0 244.0 -3.0 -4.0 -1.0 -4.0 0.0 -4.0 -4.0 -4.0 -4.0 -1.0 0.0 0.0 -1.0 -4.0 -3.0 -2.0 -3.0 -1.0 -3.0 -3.0 -1.0 -4.0 -3.0 0.0 -3.0 -4.0 -3.0 0.0 -4.0 -3.0 -3.0 -1.0 -3.0 -3.0 0.0 -4.0 -4.0 0.0 -2.0 -1.0 -4.0 -4.0 0.0 0.0 -2.0 -4.0 -2.0 -4.0 0.0 0.0 -3.0 0.0 -4.0 0.0 0.0 -1.0 0.0 -4.0 -1.0 -3.0 -4.0 -1.0 -4.0 -1.0 0.0 -3.0 -1.0 
-1.0 -3.0 -4.0 -4.0 -4.0 -3.0 -4.0 0.0 -3.0 -2.0 -3.0 -1.0 -4.0 -3.0 -1.0 -1.0 -3.0 0.0 -3.0 -3.0 -4.0 -3.0 -2.0 -3.0 -2.0 -2.0 -2.0 -4.0 -3.0 -2.0 -4.0 0.0 -1.0 0.0 -2.0 0.0 -1.0 -1.0 -4.0 -1.0 -2.0 -4.0 -2.0 -3.0 -1.0 0.0 0.0 -3.0 248.0 -4.0 -1.0 -1.0 -2.0 0.0 -3.0 -2.0 -1.0 -3.0 -2.0 -3.0 0.0 -1.0 0.0 -4.0 -2.0 -3.0 -2.0 -4.0 -3.0 -4.0 -4.0 0.0 -1.0 -4.0 -2.0 -2.0 -2.0 -4.0 -4.0 0.0 0.0 -2.0 -4.0 -4.0 -1.0 -2.0 -2.0 0.0 -4.0 0.0 -2.0 -4.0 -1.0 -1.0 -3.0 -3.0 -4.0 -3.0 -4.0 -2.0 -1.0 -1.0 -2.0 -2.0 -1.0 -3.0 -2.0 -2.0 -2.0 -4.0 0.0 -3.0 -2.0 -3.0 0.0 
-3.0 -1.0 -4.0 -4.0 -2.0 -2.0 -4.0 -1.0 -4.0 -4.0 -4.0 -1.0 -3.0 -4.0 -4.0 -1.0 -4.0 -2.0 -1.0 0.0 -3.0 0.0 -3.0 -1.0 -3.0 0.0 -4.0 -4.0 -4.0 0.0 -1.0 -3.0 -2.0 -2.0 -4.0 -4.0 0.0 -4.0 -2.0 -1.0 -1.0 -4.0 -4.0 -4.0 -3.0 -3.0 -3.0 -4.0 -1.0 263.0 -2.0 -4.0 -2.0 -4.0 -4.0 0.0 -2.0 -4.0 -1.0 -3.0 0.0 -1.0 -3.0 -2.0 -2.0 -4.0 -3.0 -4.0 -2.0 -4.0 -2.0 0.0 0.0 -1.0 -4.0 -3.0 -4.0 0.0 0.0 -4.0 -1.0 -2.0 -4.0 -2.0 -1.0 0.0 -3.0 0.0 -1.0 -2.0 -1.0 -1.0 -3.0 -4.0 -1.0 -2.0 -1.0 -3.0 0.0 -4.0 -4.0 -1.0 -2.0 -2.0 0.0 -3.0 -4.0 -3.0 0.0 -1.0 -4.0 -2.0 0.0 -4.0 -3.0 
-4.0 -3.0 -2.0 -4.0 0.0 -4.0 -2.0 -4.0 0.0 -4.0 -1.0 -2.0 -1.0 -4.0 -1.0 -1.0 0.0 0.0 -2.0 -2.0 -4.0 -2.0 -2.0 -1.0 -1.0 0.0 0.0 0.0 -4.0 -2.0 -1.0 -3.0 -1.0 -3.0 -1.0 -4.0 0.0 -2.0 -3.0 -1.0 -4.0 -2.0 -3.0 0.0 0.0 -2.0 -3.0 -3.0 -1.0 -2.0 225.0 -2.0 -3.0 -3.0 -1.0 0.0 -3.0 -1.0 -3.0 -1.0 -2.0 -3.0 -2.0 -1.0 -1.0 -2.0 -2.0 -4.0 0.0 -4.0 -4.0 -4.0 0.0 -2.0 -3.0 -1.0 -1.0 -4.0 -3.0 -2.0 -4.0 -3.0 -2.0 -1.0 -1.0 -2.0 0.0 -3.0 0.0 0.0 0.0 -3.0 -2.0 -1.0 -2.0 0.0 0.0 -4.0 -1.0 -2.0 0.0 -4.0 -3.0 -1.0 -1.0 -3.0 -4.0 -4.0 -4.0 -3.0 0.0 -2.0 -2.0 -3.0 -2.0 
-4.0 0.0 0.0 -2.0 -4.0 -3.0 -1.0 -4.0 -3.0 -2.0 -3.0 -3.0 -2.0 -3.0 0.0 -4.0 0.0 -1.0 -2.0 -2.0 -2.0 -3.0 -2.0 -4.0 -1.0 -2.0 -2.0 -4.0 0.0 0.0 -1.0 0.0 -4.0 -3.0 0.0 -1.0 -2.0 -3.0 -1.0 -3.0 -1.0 -3.0 -2.0 -4.0 -1.0 0.0 0.0 -2.0 -2.0 0.0 -3.0 228.0 -2.0 -4.0 -3.0 0.0 -4.0 -3.0 -3.0 -2.0 -4.0 -1.0 -2.0 0.0 -1.0 -2.0 0.0 -4.0 -2.0 -3.0 -3.0 -4.0 -3.0 -2.0 -1.0 -4.0 -3.0 -2.0 -4.0 -3.0 -1.0 -1.0 -2.0 -4.0 0.0 -3.0 -1.0 -4.0 -1.0 -2.0 -3.0 -1.0 -1.0 -1.0 -3.0 0.0 -3.0 -2.0 -2.0 -2.0 -1.0 -1.0 0.0 -4.0 0.0 -1.0 -4.0 -4.0 -1.0 0.0 -3.0 -2.0 0.0 0.0 -2.0 
-3.0 -3.0 -1.0 -2.0 -1.0 -4.0 0.0 -2.0 -1.0 -3.0 0.0 -1.0 -4.0 -1.0 0.0 0.0 -1.0 -2.0 -1.0 -4.0 -4.0 -4.0 -1.0 -2.0 -1.0 -1.0 -2.0 -1.0 0.0 -1.0 -2.0 -2.0 -3.0 -2.0 -3.0 -4.0 0.0 -4.0 0.0 -3.0 -3.0 -3.0 -2.0 -4.0 -1.0 -3.0 -4.0 -4.0 -1.0 0.0 -1.0 -1.0 225.0 -1.0 0.0 -2.0 -3.0 -1.0 -4.0 -3.0 0.0 -3.0 -3.0 -4.0 -2.0 -4.0 -3.0 -4.0 -3.0 -3.0 -1.0 -3.0 -2.0 -3.0 -1.0 0.0 -3.0 -2.0 -4.0 -1.0 0.0 -2.0 -2.0 -3.0 -4.0 -2.0 0.0 -1.0 -4.0 0.0 -4.0 0.0 0.0 -3.0 -4.0 0.0 -4.0 -4.0 -2.0 -1.0 -1.0 -1.0 -2.0 0.0 -2.0 -3.0 -3.0 0.0 -3.0 -1.0 -2.0 -1.0 -2.0 0.0 0.0 
-3.0 -1.0 -4.0 0.0 -1.0 -3.0 -3.0 -2.0 -3.0 -3.0 0.0 -2.0 -4.0 -2.0 0.0 -4.0 -3.0 0.0 -1.0 -3.0 -1.0 -1.0 -3.0 -1.0 -4.0 -4.0 -4.0 -1.0 -3.0 -4.0 -2.0 0.0 -2.0 -3.0 -3.0 -2.0 -4.0 -3.0 -4.0 -4.0 -3.0 0.0 -2.0 -2.0 -1.0 0.0 -4.0 -3.0 -4.0 -4.0 0.0 -1.0 0.0 222.0 -4.0 -2.0 0.0 -3.0 0.0 -3.0 -4.0 0.0 -2.0 0.0 -3.0 -4.0 0.0 0.0 -1.0 -2.0 0.0 0.0 0.0 -3.0 -2.0 -2.0 -2.0 -1.0 -1.0 0.0 0.0 -4.0 -3.0 0.0 -3.0 0.0 -2.0 -1.0 -3.0 -3.0 0.0 -4.0 0.0 -4.0 0.0 -1.0 -3.0 -2.0 -1.0 -4.0 0.0 -4.0 -2.0 0.0 -3.0 -2.0 -3.0 -2.0 -3.0 -1.0 0.0 0.0 -4.0 0.0 -2.0 
-4.0 -4.0 -1.0 0.0 -3.0 -3.0 -3.0 -2.0 -2.0 0.0 0.0 -4.0 -3.0 -3.0 -3.0 -2.0 -3.0 -4.0 -4.0 -2.0 -3.0 0.0 -2.0 -3.0 -4.0 -4.0 -2.0 -4.0 -2.0 -4.0 -4.0 -3.0 -1.0 0.0 0.0 -3.0 -1.0 -2.0 0.0 -1.0 -1.0 0.0 -3.0 0.0 0.0 -4.0 -4.0 -3.0 -3.0 -3.0 -3.0 -1.0 -3.0 -1.0 223.0 -3.0 -3.0 -4.0 -1.0 -4.0 0.0 0.0 -2.0 -1.0 0.0 0.0 -1.0 -1.0 -2.0 -3.0 -4.0 -3.0 -3.0 -1.0 0.0 -3.0 -3.0 -4.0 -1.0 0.0 0.0 -4.0 -1.0 -4.0 0.0 0.0 -3.0 -4.0 0.0 -2.0 0.0 -1.0 0.0 0.0 0.0 -1.0 0.0 -3.0 0.0 -1.0 -1.0 -1.0 0.0 0.0 -3.0 -4.0 -3.0 -1.0 -3.0 -2.0 -3.0 -2.0 -4.0 -1.0 -2.0 
-1.0 -1.0 0.0 -1.0 0.0 0.0 -1.0 -3.0 -2.0 -3.0 -4.0 -1.0 -4.0 -3.0 -4.0 -2.0 -2.0 -4.0 0.0 0.0 -4.0 -2.0 0.0 -2.0 -1.0 -1.0 0.0 -4.0 -4.0 -3.0 -2.0 -1.0 -2.0 -1.0 -3.0 -1.0 -4.0 -1.0 -3.0 -2.0 -1.0 -3.0 0.0 -4.0 0.0 -4.0 -1.0 -3.0 -1.0 -1.0 -4.0 0.0 -3.0 -2.0 -1.0 227.0 -3.0 -4.0 -4.0 -3.0 -4.0 -1.0 -2.0 -4.0 -4.0 -1.0 -3.0 -4.0 -2.0 0.0 -3.0 -4.0 -1.0 -1.0 -1.0 -4.0 0.0 -3.0 0.0 -3.0 -1.0 -1.0 -1.0 -3.0 -4.0 -3.0 0.0 -1.0 -4.0 -2.0 -1.0 -3.0 -1.0 0.0 -3.0 -1.0 -3.0 -2.0 -1.0 -1.0 -2.0 -4.0 0.0 0.0 -3.0 -1.0 -4.0 -2.0 -1.0 -3.0 -2.0 -4.0 0.0 -1.0 0.0 
0.0 -1.0 -1.0 -1.0 -2.0 -2.0 -4.0 -1.0 -3.0 -2.0 -1.0 -2.0 -3.0 -1.0 -2.0 0.0 -4.0 -1.0 0.0 -2.0 -3.0 -4.0 -2.0 -2.0 -1.0 0.0 -2.0 -4.0 -2.0 -4.0 -3.0 -2.0 -4.0 -2.0 0.0 -3.0 0.0 -4.0 0.0 -1.0 0.0 -2.0 -1.0 -3.0 -1.0 0.0 -2.0 -3.0 0.0 -4.0 0.0 -2.0 -2.0 -2.0 -3.0 -2.0 240.0 -3.0 -3.0 -4.0 -3.0 0.0 -2.0 -1.0 0.0 -2.0 -4.0 -4.0 -1.0 -2.0 -4.0 -4.0 -3.0 0.0 -3.0 -4.0 -3.0 -4.0 -3.0 -2.0 -1.0 -1.0 -4.0 -4.0 -3.0 0.0 -2.0 -3.0 -4.0 -4.0 -4.0 0.0 0.0 -3.0 -2.0 -2.0 -1.0 -4.0 0.0 -2.0 -2.0 -3.0 -2.0 -1.0 -4.0 0.0 -4.0 -3.0 -3.0 -3.0 -1.0 0.0 0.0 -4.0 -4.0 
0.0 -2.0 -3.0 -2.0 -4.0 -3.0 -3.0 -1.0 -1.0 -2.0 0.0 -1.0 -3.0 -4.0 0.0 -4.0 -1.0 0.0 -3.0 -3.0 -4.0 -1.0 -2.0 -3.0 -4.0 0.0 -4.0 -3.0 -4.0 -4.0 -1.0 -4.0 -3.0 -4.0 -2.0 -1.0 -3.0 -2.0 -4.0 -4.0 -4.0 0.0 -4.0 -1.0 0.0 -1.0 -1.0 -3.0 -3.0 -2.0 -3.0 -4.0 0.0 -1.0 -2.0 -2.0 -1.0 242.0 0.0 0.0 -1.0 -3.0 -4.0 -3.0 -1.0 -2.0 -3.0 0.0 -3.0 -1.0 -2.0 -3.0 -2.0 -1.0 -3.0 0.0 0.0 -3.0 -1.0 -2.0 -1.0 0.0 -3.0 -4.0 -1.0 0.0 -3.0 -4.0 -3.0 -3.0 -4.0 -1.0 -1.0 -3.0 -1.0 -3.0 -2.0 -1.0 -4.0 -1.0 -3.0 -3.0 -3.0 0.0 -1.0 -4.0 0.0 -3.0 -3.0 -4.0 0.0 -2.0 -1.0 -4.0 -1.0 
-3.0 -2.0 -1.0 -4.0 -4.0 -4.0 -4.0 -2.0 -1.0 -2.0 -4.0 0.0 -3.0 -3.0 -1.0 0.0 -1.0 -3.0 -1.0 0.0 -1.0 0.0 0.0 -2.0 -2.0 -1.0 0.0 -1.0 -2.0 -2.0 -2.0 -3.0 -3.0 -2.0 -2.0 -4.0 -4.0 -2.0 0.0 0.0 0.0 0.0 -2.0 -2.0 -4.0 -1.0 0.0 -1.0 -1.0 -3.0 -2.0 -3.0 -1.0 -1.0 -4.0 -3.0 0.0 -1.0 198.0 -4.0 -4.0 -3.0 -3.0 -1.0 -3.0 -1.0 -2.0 0.0 0.0 0.0 -1.0 -1.0 0.0 0.0 -2.0 -3.0 -1.0 -3.0 -3.0 -3.0 -1.0 -2.0 0.0 -1.0 -1.0 -1.0 -1.0 0.0 -1.0 -1.0 -1.0 0.0 -2.0 -3.0 -2.0 -3.0 -3.0 -1.0 0.0 -2.0 0.0 -3.0 0.0 -3.0 0.0 -3.0 -4.0 -2.0 -2.0 -1.0 -2.0 -4.0 -2.0 -3.0 0.0 
-1.0 -1.0 -4.0 0.0 0.0 -1.0 0.0 -1.0 0.0 -3.0 0.0 -4.0 -3.0 -4.0 0.0 -2.0 -4.0 -4.0 -1.0 -2.0 0.0 -1.0 -2.0 -2.0 0.0 -2.0 -1.0 -2.0 -3.0 -4.0 0.0 0.0 -4.0 -4.0 0.0 -3.0 -1.0 0.0 -1.0 0.0 -2.0 -1.0 -1.0 0.0 -1.0 -3.0 -1.0 -1.0 0.0 -3.0 -2.0 -1.0 -3.0 0.0 -2.0 -2.0 -2.0 -2.0 -3.0 202.0 -4.0 -2.0 -2.0 0.0 -4.0 -4.0 0.0 -4.0 -2.0 -4.0 -1.0 -3.0 -1.0 -1.0 0.0 -4.0 -3.0 0.0 0.0 -3.0 0.0 -4.0 -1.0 0.0 -2.0 -2.0 -2.0 -1.0 -4.0 -1.0 -1.0 -1.0 0.0 0.0 -2.0 -3.0 0.0 -3.0 -4.0 -1.0 -1.0 0.0 -3.0 -3.0 -4.0 -1.0 -1.0 0.0 -4.0 -1.0 -2.0 -4.0 -3.0 -3.0 -3.0 
-4.0 -2.0 -2.0 -4.0 0.0 -1.0 -4.0 -3.0 -2.0 -3.0 -1.0 -3.0 -1.0 -3.0 -2.0 -1.0 -3.0 -2.0 0.0 -2.0 -4.0 -4.0 -1.0 0.0 0.0 -4.0 0.0 -1.0 -4.0 -1.0 0.0 -3.0 -3.0 -2.0 -4.0 0.0 -3.0 -4.0 -4.0 0.0 -2.0 -3.0 -1.0 -4.0 0.0 -1.0 -4.0 0.0 -2.0 -2.0 -3.0 -2.0 -2.0 -3.0 -4.0 -2.0 0.0 0.0 -1.0 0.0 220.0 0.0 -4.0 0.0 -1.0 -4.0 0.0 -2.0 -1.0 0.0 0.0 0.0 -2.0 -4.0 -2.0 -1.0 0.0 -1.0 -3.0 -3.0 -4.0 -2.0 -3.0 -3.0 -4.0 -3.0 -2.0 -1.0 0.0 -2.0 -2.0 0.0 -1.0 0.0 -3.0 -1.0 -2.0 0.0 -2.0 -3.0 -4.0 -1.0 -2.0 -1.0 0.0 -3.0 -4.0 -1.0 -3.0 0.0 -2.0 0.0 -4.0 -4.0 -4.0 
-4.0 0.0 -4.0 0.0 -3.0 -1.0 -3.0 -2.0 -4.0 -3.0 -3.0 -4.0 -1.0 -4.0 -1.0 -4.0 -1.0 -2.0 0.0 -1.0 -1.0 0.0 -1.0 -3.0 -2.0 -3.0 -4.0 -4.0 -1.0 -1.0 0.0 -3.0 -1.0 -1.0 -2.0 -3.0 -3.0 -1.0 -4.0 -2.0 0.0 -2.0 -1.0 -1.0 -3.0 -2.0 -2.0 -2.0 -4.0 -4.0 -3.0 -3.0 -2.0 -4.0 -4.0 -1.0 -2.0 -4.0 0.0 -4.0 -3.0 229.0 0.0 -1.0 -3.0 -2.0 -1.0 0.0 -2.0 0.0 -2.0 -3.0 0.0 0.0 -2.0 0.0 -2.0 -3.0 -1.0 -3.0 -3.0 0.0 -2.0 -1.0 0.0 -3.0 -1.0 -2.0 -4.0 -2.0 -4.0 0.0 0.0 -1.0 -4.0 -3.0 -3.0 -3.0 -1.0 -4.0 -1.0 -1.0 -4.0 -1.0 -2.0 -1.0 -1.0 -3.0 -2.0 -4.0 -1.0 0.0 -3.0 0.0 -3.0 
-1.0 0.0 -4.0 -1.0 -2.0 -1.0 -3.0 -1.0 -4.0 -3.0 -1.0 -1.0 -3.0 0.0 -4.0 -4.0 0.0 -3.0 -2.0 -1.0 -3.0 -2.0 0.0 0.0 -4.0 -2.0 -1.0 -2.0 0.0 -2.0 -2.0 -4.0 -3.0 0.0 -1.0 -3.0 -1.0 -4.0 -4.0 -2.0 -3.0 0.0 -2.0 -2.0 -2.0 -1.0 -2.0 -4.0 -3.0 -1.0 -3.0 -4.0 -3.0 0.0 -2.0 -2.0 0.0 -3.0 0.0 -1.0 -1.0 0.0 214.0 0.0 -2.0 0.0 -3.0 -3.0 -4.0 0.0 0.0 0.0 -3.0 -1.0 -3.0 -4.0 -3.0 -4.0 0.0 -3.0 -3.0 -4.0 -3.0 -1.0 0.0 -2.0 0.0 -4.0 -1.0 -2.0 0.0 -3.0 -2.0 -3.0 -1.0 -1.0 -2.0 -4.0 -2.0 -2.0 -4.0 -3.0 -1.0 0.0 -1.0 0.0 0.0 -4.0 -3.0 -1.0 0.0 0.0 -4.0 0.0 -2.0 
-1.0 -2.0 -4.0 -3.0 0.0 -4.0 -2.0 -2.0 -1.0 -3.0 -3.0 0.0 0.0 -1.0 0.0 -4.0 -1.0 -4.0 -4.0 -2.0 -4.0 0.0 -1.0 -4.0 0.0 -2.0 0.0 -1.0 -1.0 -1.0 -3.0 -2.0 -3.0 -1.0 -3.0 0.0 -1.0 -3.0 -3.0 -1.0 -3.0 0.0 -3.0 -4.0 -1.0 -2.0 -1.0 0.0 -2.0 -3.0 0.0 -3.0 0.0 -3.0 -3.0 -3.0 -1.0 -1.0 -3.0 -1.0 -2.0 -2.0 0.0 201.0 -2.0 0.0 -2.0 -3.0 0.0 0.0 0.0 0.0 -1.0 0.0 -4.0 -2.0 0.0 -3.0 -1.0 -3.0 -1.0 -3.0 0.0 -1.0 -1.0 -2.0 -2.0 -1.0 -1.0 0.0 -4.0 -4.0 -2.0 0.0 -4.0 -4.0 0.0 -4.0 -1.0 -4.0 -2.0 -1.0 -2.0 -4.0 0.0 -1.0 -4.0 0.0 0.0 -2.0 -2.0 -3.0 0.0 -4.0 0.0 
-1.0 -2.0 -1.0 0.0 -1.0 -4.0 0.0 -1.0 -2.0 -1.0 -3.0 -4.0 -1.0 -1.0 -1.0 0.0 -1.0 -1.0 -3.0 -4.0 -1.0 -3.0 -1.0 -4.0 -2.0 -4.0 -2.0 -3.0 -1.0 0.0 -4.0 -1.0 -1.0 0.0 -2.0 -4.0 0.0 -4.0 -4.0 -3.0 -3.0 -4.0 0.0 -1.0 -3.0 -3.0 -3.0 -1.0 -1.0 -4.0 -2.0 -1.0 0.0 -4.0 -1.0 0.0 -4.0 0.0 -4.0 -1.0 -2.0 -1.0 -3.0 -2.0 240.0 -1.0 -1.0 -3.0 -1.0 -3.0 -1.0 -3.0 -4.0 -3.0 -3.0 -3.0 -1.0 -1.0 -2.0 -4.0 -4.0 -4.0 0.0 -4.0 -1.0 -1.0 -2.0 -3.0 -1.0 -3.0 -3.0 -1.0 -4.0 -2.0 -4.0 -2.0 -2.0 -3.0 -2.0 -4.0 -4.0 -3.0 -3.0 -3.0 0.0 -4.0 -2.0 -1.0 -1.0 -1.0 0.0 -3.0 0.0 -3.0 -4.0 
-4.0 -4.0 -3.0 -1.0 -3.0 -2.0 -3.0 -4.0 -2.0 -4.0 -2.0 -1.0 -1.0 0.0 -2.0 0.0 -4.0 0.0 0.0 -4.0 -3.0 0.0 -1.0 -2.0 -1.0 -1.0 -2.0 -2.0 -3.0 -3.0 -2.0 0.0 -2.0 0.0 -1.0 -4.0 -1.0 0.0 -3.0 -4.0 -4.0 0.0 0.0 -4.0 -4.0 0.0 -1.0 0.0 -4.0 -3.0 -3.0 0.0 -1.0 -1.0 -4.0 -3.0 -2.0 0.0 0.0 -1.0 0.0 -2.0 -3.0 -1.0 -1.0 232.0 0.0 -3.0 -4.0 0.0 -3.0 -3.0 -4.0 -3.0 -3.0 -3.0 -2.0 0.0 -2.0 -1.0 -2.0 0.0 -4.0 -1.0 -4.0 -1.0 0.0 -4.0 -4.0 -3.0 -1.0 -3.0 -2.0 -3.0 -4.0 -4.0 0.0 -3.0 0.0 -3.0 -4.0 0.0 -4.0 -4.0 -4.0 -4.0 -3.0 0.0 0.0 0.0 -4.0 -3.0 0.0 -1.0 -3.0 
-2.0 0.0 -3.0 -3.0 -4.0 -4.0 -4.0 -1.0 -2.0 0.0 -1.0 -1.0 0.0 0.0 -3.0 -2.0 -3.0 -3.0 -3.0 -1.0 -4.0 -2.0 -3.0 -2.0 -3.0 -2.0 -4.0 -4.0 -2.0 0.0 -2.0 0.0 0.0 0.0 -1.0 -1.0 -2.0 -2.0 0.0 -2.0 -3.0 -1.0 -2.0 -1.0 -2.0 -1.0 -2.0 -2.0 -2.0 -4.0 -3.0 0.0 -3.0 0.0 -3.0 0.0 -3.0 -1.0 -4.0 -1.0 0.0 0.0 -3.0 -1.0 -3.0 -1.0 209.0 -4.0 -4.0 -1.0 -2.0 0.0 -3.0 -4.0 0.0 0.0 -1.0 -1.0 -1.0 -4.0 -2.0 -4.0 -3.0 0.0 0.0 -2.0 -4.0 -2.0 -1.0 0.0 -1.0 -4.0 -3.0 -2.0 0.0 -3.0 -1.0 0.0 -4.0 -2.0 0.0 -1.0 -3.0 -3.0 0.0 -2.0 -1.0 0.0 -1.0 0.0 -2.0 -3.0 -3.0 -3.0 -2.0 
-4.0 0.0 -1.0 -1.0 -4.0 -2.0 -3.0 -2.0 -4.0 -1.0 -3.0 0.0 0.0 0.0 0.0 0.0 0.0 -4.0 -4.0 -3.0 -4.0 -3.0 0.0 -3.0 0.0 -1.0 -2.0 -3.0 -1.0 -2.0 -2.0 -1.0 -4.0 -3.0 -4.0 -1.0 -3.0 0.0 0.0 0.0 -1.0 -1.0 -4.0 -1.0 -2.0 -4.0 -2.0 -2.0 0.0 -3.0 -2.0 0.0 -1.0 -1.0 -3.0 0.0 -2.0 -3.0 -1.0 -2.0 -3.0 0.0 -3.0 -1.0 -3.0 0.0 -3.0 221.0 0.0 -3.0 -2.0 -4.0 -4.0 -1.0 -2.0 0.0 -2.0 -3.0 -3.0 -1.0 -3.0 -4.0 -2.0 -1.0 -2.0 -1.0 -2.0 -4.0 -4.0 -1.0 -4.0 -4.0 -1.0 0.0 0.0 -4.0 -3.0 -2.0 -2.0 -3.0 -1.0 -3.0 -1.0 -2.0 -1.0 -3.0 0.0 -2.0 -2.0 -4.0 -2.0 -1.0 -1.0 -1.0 -4.0 
-2.0 -4.0 -2.0 -3.0 -3.0 -4.0 -4.0 -4.0 -3.0 -1.0 -3.0 0.0 -2.0 -4.0 0.0 -2.0 -3.0 -4.0 -4.0 -2.0 -2.0 -3.0 -2.0 -3.0 -3.0 0.0 -2.0 -2.0 0.0 -3.0 -2.0 0.0 0.0 0.0 -2.0 0.0 -1.0 -2.0 0.0 -2.0 -3.0 0.0 -1.0 -1.0 -4.0 -1.0 -1.0 -3.0 -2.0 -1.0 -4.0 -4.0 -2.0 -3.0 -4.0 -1.0 -3.0 -3.0 0.0 -4.0 -3.0 -1.0 -1.0 -3.0 -3.0 -2.0 0.0 -1.0 243.0 -4.0 -4.0 0.0 -3.0 -4.0 0.0 -1.0 -3.0 -4.0 -1.0 0.0 0.0 -4.0 -3.0 -4.0 -3.0 -2.0 -2.0 -1.0 -3.0 -2.0 0.0 -2.0 -3.0 -4.0 -1.0 -3.0 -2.0 -2.0 -3.0 -4.0 0.0 -4.0 -1.0 -2.0 0.0 -1.0 -4.0 -3.0 0.0 -1.0 -3.0 -2.0 -3.0 -2.0 -3.0 
-1.0 -3.0 -1.0 -3.0 0.0 -1.0 -2.0 -3.0 -3.0 -1.0 -1.0 -1.0 -2.0 -4.0 -4.0 -3.0 -2.0 -4.0 -1.0 -4.0 -4.0 -4.0 -3.0 -3.0 -1.0 -2.0 -3.0 -3.0 -4.0 0.0 0.0 -1.0 -1.0 -1.0 -4.0 -2.0 -4.0 -3.0 -2.0 -3.0 -3.0 -4.0 0.0 0.0 -3.0 -2.0 -3.0 -2.0 -4.0 -1.0 0.0 -4.0 -2.0 -2.0 -4.0 0.0 -1.0 -3.0 -3.0 -2.0 0.0 -4.0 -4.0 -1.0 -2.0 -2.0 -3.0 -1.0 -4.0 248.0 -4.0 0.0 -3.0 -1.0 -2.0 -1.0 -2.0 -2.0 -3.0 -1.0 -4.0 -4.0 -3.0 -3.0 -1.0 -1.0 -3.0 -4.0 0.0 -3.0 -1.0 0.0 -4.0 -4.0 -1.0 -3.0 0.0 -2.0 0.0 -3.0 -3.0 -1.0 -2.0 -3.0 -3.0 -2.0 0.0 -3.0 -1.0 -1.0 0.0 -1.0 -2.0 -3.0 -4.0 
-2.0 -1.0 -4.0 -1.0 -1.0 0.0 -4.0 -3.0 -3.0 -3.0 0.0 0.0 -4.0 -2.0 0.0 -4.0 0.0 0.0 -4.0 -2.0 -4.0 0.0 -1.0 -4.0 -4.0 0.0 -1.0 -3.0 0.0 -3.0 -4.0 -3.0 -2.0 0.0 -3.0 -3.0 -2.0 -1.0 -2.0 -3.0 -4.0 0.0 -2.0 -2.0 -1.0 -2.0 0.0 -4.0 -4.0 -2.0 0.0 -4.0 -1.0 -4.0 0.0 -2.0 -2.0 -2.0 -4.0 -1.0 -3.0 -1.0 -3.0 -2.0 -4.0 -1.0 -2.0 -2.0 -1.0 -1.0 230.0 -1.0 -3.0 -3.0 -4.0 -4.0 -3.0 0.0 -3.0 -1.0 -3.0 -1.0 -1.0 -2.0 -1.0 -2.0 -2.0 -3.0 -1.0 -1.0 -3.0 0.0 -2.0 -3.0 -2.0 -4.0 -3.0 -3.0 -2.0 0.0 0.0 0.0 -4.0 -4.0 0.0 -4.0 0.0 0.0 -4.0 -2.0 0.0 -4.0 -4.0 -1.0 0.0 
-3.0 0.0 -1.0 -1.0 -3.0 -3.0 -4.0 -4.0 -1.0 -4.0 -1.0 -3.0 0.0 -2.0 -1.0 -4.0 -4.0 -2.0 -1.0 -2.0 -1.0 -2.0 -2.0 0.0 -3.0 0.0 -2.0 -4.0 -1.0 -4.0 -2.0 -4.0 -1.0 -4.0 -2.0 -3.0 -1.0 -2.0 0.0 -2.0 -3.0 -1.0 -2.0 0.0 -4.0 0.0 -2.0 -1.0 -3.0 -2.0 -3.0 0.0 -2.0 0.0 0.0 -1.0 0.0 -2.0 -4.0 -1.0 -3.0 -2.0 -3.0 -3.0 -4.0 -3.0 -3.0 -3.0 -4.0 0.0 0.0 240.0 0.0 -3.0 -2.0 -1.0 -1.0 -1.0 -4.0 -2.0 -3.0 -2.0 -3.0 -4.0 0.0 -2.0 -4.0 -3.0 -2.0 -4.0 -4.0 -4.0 0.0 -1.0 -4.0 -1.0 -4.0 -2.0 -1.0 -2.0 -1.0 -3.0 -1.0 -2.0 -4.0 -3.0 -2.0 -3.0 -3.0 -3.0 -2.0 -1.0 -2.0 -3.0 0.0 
-1.0 -3.0 -1.0 0.0 -1.0 -4.0 -1.0 0.0 -2.0 -2.0 -3.0 -1.0 -3.0 -3.0 0.0 -3.0 -1.0 -2.0 -3.0 -2.0 -2.0 -1.0 -2.0 -2.0 0.0 -4.0 -4.0 -4.0 -4.0 -1.0 -4.0 -2.0 -1.0 -1.0 -1.0 0.0 -2.0 -4.0 -2.0 0.0 0.0 -1.0 -2.0 -3.0 -1.0 -1.0 -2.0 -2.0 0.0 -2.0 -1.0 0.0 -2.0 -1.0 -3.0 -2.0 0.0 -2.0 -4.0 -4.0 0.0 -4.0 -1.0 -4.0 0.0 0.0 -3.0 -4.0 0.0 -4.0 -2.0 -4.0 230.0 0.0 -1.0 0.0 -2.0 -4.0 -4.0 -3.0 -1.0 -4.0 -3.0 -3.0 -2.0 0.0 0.0 -4.0 -3.0 -3.0 -1.0 -3.0 -2.0 -2.0 -4.0 -3.0 -3.0 -2.0 -3.0 -4.0 -2.0 0.0 0.0 -3.0 -4.0 -1.0 -3.0 -3.0 -1.0 -3.0 -2.0 -4.0 -2.0 -2.0 0.0 
-3.0 -4.0 0.0 -4.0 -3.0 -3.0 -3.0 0.0 -3.0 0.0 0.0 0.0 -4.0 0.0 -2.0 -1.0 -3.0 0.0 0.0 -4.0 -3.0 -4.0 -3.0 0.0 -2.0 -4.0 -1.0 -1.0 0.0 -4.0 -2.0 -2.0 0.0 -2.0 -4.0 -2.0 -4.0 -4.0 -4.0 0.0 -3.0 -1.0 -3.0 -4.0 -4.0 -1.0 -4.0 -2.0 -2.0 0.0 -2.0 -4.0 0.0 -2.0 -4.0 0.0 0.0 -4.0 -4.0 -3.0 -4.0 -2.0 -1.0 -1.0 -1.0 -4.0 0.0 -3.0 -2.0 0.0 -2.0 -3.0 -3.0 243.0 -1.0 -3.0 -1.0 -1.0 -4.0 -2.0 -2.0 -3.0 -2.0 0.0 0.0 0.0 -4.0 -3.0 -4.0 -4.0 0.0 -2.0 -3.0 0.0 -1.0 -4.0 -3.0 -2.0 -4.0 0.0 -3.0 -2.0 -2.0 0.0 -2.0 -3.0 0.0 -1.0 -4.0 -4.0 -2.0 -3.0 -3.0 -3.0 -2.0 
-1.0 -4.0 -3.0 -4.0 -1.0 0.0 0.0 -2.0 -3.0 -3.0 -1.0 -1.0 0.0 -1.0 -3.0 0.0 -4.0 -1.0 -3.0 -4.0 -2.0 0.0 -4.0 -1.0 0.0 0.0 -3.0 -4.0 -2.0 -2.0 0.0 -3.0 -4.0 -3.0 -1.0 -3.0 0.0 -1.0 -2.0 -3.0 -1.0 -2.0 -3.0 -3.0 -1.0 -2.0 -3.0 -3.0 -1.0 0.0 -1.0 -2.0 -2.0 -2.0 -1.0 0.0 -4.0 -2.0 -4.0 -1.0 -2.0 -3.0 -1.0 -2.0 -4.0 -1.0 -2.0 -2.0 0.0 0.0 -3.0 0.0 -1.0 -1.0 211.0 -1.0 -2.0 -1.0 -1.0 -2.0 -2.0 -3.0 -2.0 -1.0 0.0 -3.0 -1.0 -1.0 -3.0 -1.0 -4.0 -4.0 -1.0 -4.0 0.0 -3.0 -3.0 0.0 -2.0 -4.0 -1.0 -3.0 -3.0 -4.0 0.0 -2.0 -1.0 -3.0 0.0 -1.0 -1.0 -4.0 0.0 0.0 -2.0 
-3.0 -2.0 -1.0 -1.0 -2.0 -4.0 -1.0 0.0 -3.0 0.0 -4.0 -2.0 -3.0 -1.0 0.0 -1.0 -2.0 -2.0 -2.0 -3.0 -2.0 -2.0 -1.0 -3.0 -1.0 -3.0 -2.0 -2.0 -1.0 -4.0 0.0 -4.0 -1.0 -3.0 -4.0 -2.0 -3.0 -2.0 -1.0 -2.0 -2.0 -2.0 -2.0 -1.0 -1.0 -3.0 -3.0 -1.0 -2.0 -3.0 -2.0 -2.0 -4.0 -4.0 -2.0 -1.0 -3.0 -2.0 -3.0 -3.0 -1.0 -3.0 -2.0 -4.0 0.0 -4.0 -2.0 -1.0 0.0 -2.0 -3.0 -1.0 -4.0 -2.0 0.0 232.0 0.0 -2.0 0.0 -4.0 0.0 -2.0 -1.0 -2.0 -1.0 -4.0 -4.0 -4.0 -1.0 -3.0 -2.0 0.0 -1.0 -3.0 -4.0 -1.0 -4.0 -3.0 -2.0 -3.0 0.0 -4.0 -3.0 -2.0 -1.0 -2.0 -1.0 -1.0 -2.0 -2.0 0.0 -3.0 -3.0 -2.0 0.0 
-2.0 -2.0 0.0 -3.0 -1.0 -2.0 -3.0 -1.0 -3.0 -2.0 -1.0 -4.0 -3.0 -2.0 -4.0 -2.0 0.0 -4.0 -1.0 -3.0 0.0 0.0 -1.0 -4.0 -1.0 -1.0 -1.0 0.0 0.0 -3.0 -4.0 -3.0 -4.0 -3.0 -4.0 -3.0 -4.0 -1.0 -1.0 -3.0 -2.0 -4.0 0.0 -1.0 -2.0 -1.0 -4.0 -1.0 -4.0 0.0 -1.0 -1.0 -4.0 -1.0 -4.0 -3.0 -2.0 0.0 -4.0 -1.0 -1.0 -4.0 0.0 -3.0 -3.0 -1.0 0.0 0.0 -3.0 0.0 -1.0 -3.0 0.0 0.0 -3.0 0.0 217.0 -3.0 -2.0 -2.0 0.0 -1.0 -4.0 -1.0 0.0 -2.0 -3.0 -4.0 -1.0 0.0 0.0 -3.0 -3.0 -1.0 0.0 -2.0 -3.0 -1.0 -1.0 -3.0 0.0 -4.0 -2.0 -3.0 -2.0 -3.0 -4.0 -2.0 -4.0 -1.0 -1.0 0.0 -2.0 -3.0 0.0 
-3.0 -1.0 -1.0 -1.0 -4.0 -2.0 -1.0 -4.0 -2.0 -3.0 -1.0 -1.0 -2.0 -3.0 -3.0 -4.0 -3.0 -1.0 -3.0 -1.0 -3.0 -4.0 -4.0 0.0 -4.0 -1.0 -3.0 -4.0 -1.0 -4.0 0.0 -3.0 -3.0 -1.0 -3.0 -1.0 -2.0 -1.0 0.0 -3.0 -1.0 -3.0 -2.0 -2.0 -1.0 0.0 -1.0 -2.0 -3.0 0.0 -1.0 -2.0 -2.0 -3.0 -3.0 -1.0 -3.0 -3.0 0.0 -3.0 0.0 -3.0 -2.0 -2.0 0.0 0.0 -1.0 -4.0 0.0 -1.0 -4.0 0.0 -2.0 -3.0 -4.0 -3.0 -1.0 225.0 -2.0 0.0 -2.0 -3.0 -2.0 0.0 -3.0 -2.0 -2.0 -1.0 0.0 -2.0 0.0 -4.0 0.0 -3.0 -2.0 -1.0 -1.0 -3.0 -2.0 -4.0 -2.0 -2.0 -2.0 0.0 -2.0 -3.0 -4.0 -3.0 -3.0 0.0 0.0 -1.0 -2.0 -4.0 -3.0 
-4.0 0.0 -4.0 -3.0 -3.0 0.0 0.0 0.0 -1.0 -4.0 -4.0 0.0 -1.0 -2.0 0.0 0.0 -4.0 -1.0 -2.0 -2.0 -2.0 -2.0 -1.0 -1.0 -3.0 -3.0 -2.0 -4.0 -3.0 -2.0 -3.0 -3.0 -2.0 -4.0 0.0 -3.0 -4.0 -4.0 -1.0 -1.0 -3.0 -2.0 -4.0 -1.0 -3.0 0.0 0.0 -4.0 0.0 -1.0 -2.0 -1.0 0.0 -4.0 -3.0 0.0 -4.0 -3.0 -1.0 -1.0 -1.0 -2.0 -4.0 -4.0 0.0 -4.0 0.0 0.0 -3.0 -4.0 -4.0 -1.0 -4.0 -4.0 -4.0 -2.0 -3.0 -4.0 239.0 -2.0 -4.0 0.0 -4.0 0.0 -2.0 -3.0 -2.0 -4.0 0.0 -4.0 -1.0 0.0 -2.0 -1.0 -3.0 -3.0 0.0 -1.0 -2.0 -2.0 0.0 0.0 -4.0 -4.0 0.0 -3.0 0.0 -4.0 -2.0 -1.0 -4.0 -3.0 -4.0 -2.0 0.0 
-2.0 -1.0 -4.0 0.0 -1.0 -3.0 -3.0 -1.0 -3.0 -1.0 -2.0 0.0 -3.0 0.0 -4.0 -2.0 -4.0 -3.0 0.0 -3.0 -3.0 -4.0 -4.0 -1.0 -2.0 -2.0 -2.0 -4.0 -2.0 -3.0 -4.0 0.0 0.0 -3.0 -4.0 -3.0 -4.0 -4.0 -1.0 -1.0 -1.0 -2.0 -3.0 -3.0 0.0 -4.0 -1.0 -1.0 -4.0 -4.0 0.0 -4.0 -4.0 -1.0 -4.0 -1.0 -2.0 0.0 -4.0 -2.0 -2.0 -4.0 -2.0 -2.0 -2.0 -4.0 0.0 -1.0 -2.0 -2.0 -2.0 0.0 0.0 -3.0 -2.0 -3.0 -2.0 -2.0 -1.0 241.0 -2.0 0.0 -3.0 -2.0 0.0 -3.0 0.0 -1.0 -2.0 -4.0 -1.0 -2.0 -1.0 -1.0 -1.0 -2.0 -2.0 -3.0 -3.0 -2.0 -2.0 -4.0 -4.0 -1.0 -3.0 -4.0 0.0 -2.0 -2.0 0.0 0.0 0.0 -4.0 -4.0 -4.0 
0.0 -4.0 -1.0 -3.0 -4.0 -2.0 -4.0 -4.0 -3.0 -4.0 -3.0 -2.0 -2.0 -3.0 -1.0 0.0 -3.0 -3.0 -4.0 -2.0 -4.0 -1.0 -1.0 -1.0 -4.0 -1.0 -2.0 0.0 -2.0 -1.0 -3.0 -2.0 -3.0 0.0 0.0 -3.0 -3.0 0.0 -3.0 -4.0 0.0 -1.0 -1.0 -2.0 -4.0 0.0 0.0 -4.0 -2.0 -1.0 -3.0 0.0 -2.0 -2.0 0.0 -4.0 -4.0 0.0 -1.0 -2.0 -2.0 -2.0 -2.0 -1.0 -2.0 0.0 -1.0 -3.0 -1.0 -3.0 -1.0 -1.0 -1.0 -1.0 -2.0 -2.0 -4.0 -2.0 -4.0 -3.0 215.0 -2.0 -2.0 -4.0 -2.0 -2.0 -3.0 0.0 0.0 -4.0 -2.0 -1.0 -1.0 -1.0 0.0 -2.0 -4.0 -3.0 0.0 -3.0 -1.0 0.0 0.0 -3.0 0.0 -1.0 -3.0 -3.0 0.0 0.0 -2.0 0.0 -2.0 0.0 -3.0 
-1.0 -1.0 0.0 -4.0 -4.0 -2.0 0.0 0.0 -4.0 -4.0 -2.0 -4.0 0.0 -1.0 0.0 -1.0 -4.0 -1.0 -3.0 -1.0 -1.0 -1.0 -1.0 -3.0 -2.0 0.0 0.0 0.0 -2.0 0.0 -1.0 -4.0 -3.0 -3.0 -1.0 0.0 -1.0 -4.0 -1.0 -3.0 0.0 -1.0 0.0 0.0 -4.0 0.0 0.0 -4.0 0.0 -4.0 -1.0 -3.0 -2.0 -3.0 -3.0 -2.0 0.0 0.0 -2.0 -3.0 -1.0 -4.0 -3.0 -3.0 -3.0 0.0 -4.0 -1.0 -1.0 -2.0 -2.0 -2.0 -3.0 -1.0 -4.0 -4.0 -1.0 -3.0 -4.0 0.0 -3.0 221.0 0.0 -4.0 -2.0 -3.0 -2.0 -3.0 -4.0 -4.0 0.0 -4.0 0.0 -2.0 -2.0 -3.0 -3.0 -1.0 -4.0 -2.0 -4.0 -2.0 -3.0 -3.0 0.0 -2.0 0.0 -1.0 0.0 -4.0 -3.0 -2.0 0.0 -1.0 -4.0 
0.0 -3.0 -2.0 0.0 -3.0 -2.0 0.0 -4.0 0.0 -1.0 0.0 -3.0 -3.0 -3.0 -3.0 -2.0 -3.0 -1.0 -4.0 -3.0 -4.0 -4.0 -4.0 -1.0 0.0 -4.0 -3.0 -1.0 -1.0 -3.0 -1.0 -4.0 -4.0 -1.0 -1.0 -3.0 -1.0 -2.0 0.0 -2.0 -4.0 -4.0 -3.0 -3.0 0.0 -3.0 -2.0 0.0 -2.0 0.0 -3.0 -4.0 0.0 0.0 -2.0 0.0 -1.0 -2.0 -1.0 -4.0 -4.0 0.0 -4.0 -3.0 0.0 -2.0 -3.0 0.0 -3.0 -4.0 -2.0 -1.0 -4.0 0.0 0.0 -3.0 0.0 -3.0 -1.0 -2.0 0.0 -2.0 223.0 0.0 -2.0 0.0 -1.0 -1.0 -1.0 -3.0 -2.0 -3.0 -4.0 0.0 -1.0 -4.0 -1.0 0.0 -3.0 0.0 0.0 -2.0 -3.0 -1.0 -3.0 -3.0 -2.0 -1.0 -1.0 -3.0 -4.0 0.0 -4.0 -4.0 -3.0 
-4.0 0.0 -4.0 -3.0 -4.0 -1.0 -4.0 -3.0 0.0 -3.0 -2.0 -1.0 -3.0 0.0 -4.0 -2.0 -4.0 -1.0 -4.0 -4.0 -3.0 0.0 -1.0 -4.0 -2.0 -2.0 0.0 -3.0 -4.0 -4.0 -3.0 -1.0 -1.0 -4.0 -1.0 -4.0 -2.0 -3.0 -1.0 0.0 -2.0 -2.0 -4.0 0.0 -3.0 0.0 -4.0 0.0 -2.0 -1.0 -2.0 -3.0 -1.0 0.0 -3.0 0.0 -4.0 0.0 -4.0 -1.0 -3.0 -1.0 -2.0 -4.0 -1.0 -4.0 -3.0 0.0 0.0 -3.0 -1.0 -1.0 -4.0 0.0 -4.0 -4.0 -4.0 0.0 0.0 -4.0 -4.0 -4.0 0.0 249.0 0.0 -1.0 -2.0 0.0 -4.0 0.0 -4.0 -4.0 -4.0 -3.0 -3.0 -2.0 -2.0 -1.0 0.0 -3.0 -4.0 -2.0 0.0 -1.0 -3.0 -3.0 0.0 -1.0 -3.0 -2.0 -4.0 -1.0 -4.0 -3.0 -4.0 
-2.0 -1.0 -2.0 -4.0 -3.0 -1.0 -3.0 0.0 -4.0 0.0 0.0 -4.0 0.0 -4.0 -3.0 -1.0 -3.0 -1.0 -1.0 -2.0 -1.0 0.0 -1.0 -4.0 -1.0 -4.0 -4.0 -1.0 -1.0 0.0 -1.0 -2.0 -1.0 -2.0 -3.0 -3.0 -2.0 -3.0 -2.0 -4.0 -2.0 -4.0 0.0 -4.0 -4.0 -2.0 -1.0 -3.0 -4.0 -2.0 -4.0 -1.0 0.0 -1.0 0.0 -4.0 -1.0 -1.0 -3.0 -2.0 -4.0 0.0 -4.0 0.0 -2.0 -2.0 -3.0 -2.0 -2.0 -3.0 -1.0 -1.0 -4.0 -4.0 -3.0 0.0 -2.0 -1.0 -4.0 -3.0 -3.0 -2.0 -2.0 -3.0 242.0 -4.0 -4.0 -1.0 -4.0 -1.0 -3.0 -4.0 -2.0 -3.0 0.0 -4.0 0.0 0.0 -4.0 -1.0 -3.0 -2.0 -4.0 -3.0 -4.0 -2.0 -1.0 -1.0 -1.0 0.0 -4.0 -1.0 -4.0 0.0 0.0 
-3.0 -2.0 -1.0 -4.0 -4.0 0.0 0.0 -1.0 -3.0 -1.0 -3.0 -3.0 0.0 -2.0 -2.0 -4.0 -4.0 -1.0 -2.0 -1.0 -2.0 -4.0 -2.0 -1.0 -4.0 -2.0 -4.0 -4.0 -1.0 -4.0 -3.0 -2.0 -3.0 -4.0 0.0 -4.0 -4.0 0.0 0.0 -3.0 -1.0 -3.0 -2.0 0.0 -4.0 -4.0 -3.0 -3.0 -4.0 -3.0 -3.0 -1.0 -4.0 0.0 0.0 -2.0 -4.0 -3.0 -2.0 -1.0 -2.0 -2.0 -3.0 0.0 -4.0 -2.0 -3.0 -3.0 -3.0 0.0 0.0 -2.0 -2.0 -4.0 -1.0 0.0 -4.0 -3.0 -4.0 -1.0 -2.0 0.0 -1.0 0.0 -1.0 249.0 -3.0 -4.0 -4.0 -2.0 -2.0 -4.0 -1.0 -1.0 -3.0 -1.0 -4.0 -4.0 -1.0 -2.0 -1.0 -1.0 0.0 -4.0 0.0 -3.0 -3.0 -3.0 0.0 0.0 -4.0 -3.0 -2.0 -1.0 -2.0 
-1.0 -1.0 -4.0 -1.0 -3.0 -2.0 0.0 -3.0 -4.0 0.0 -4.0 0.0 -2.0 -3.0 0.0 -3.0 0.0 -1.0 0.0 -3.0 -1.0 0.0 -2.0 -2.0 0.0 -3.0 -1.0 -2.0 -1.0 -1.0 -2.0 -2.0 -2.0 -2.0 -1.0 -2.0 -3.0 -1.0 -1.0 -1.0 0.0 -3.0 -2.0 -3.0 -2.0 -2.0 -4.0 0.0 -3.0 0.0 0.0 -3.0 -1.0 -1.0 -4.0 0.0 -3.0 -3.0 -3.0 -3.0 -3.0 -1.0 -3.0 -3.0 -1.0 0.0 -3.0 -1.0 0.0 -3.0 -1.0 0.0 0.0 -3.0 -4.0 -1.0 -4.0 0.0 0.0 -3.0 -3.0 -4.0 -1.0 -4.0 0.0 -2.0 221.0 0.0 -4.0 -1.0 -4.0 -3.0 -2.0 -4.0 -1.0 -1.0 -3.0 -4.0 -1.0 -4.0 -4.0 -4.0 -2.0 -1.0 -1.0 -1.0 -4.0 -4.0 -2.0 -3.0 -4.0 -4.0 -1.0 0.0 -1.0 
-1.0 0.0 -4.0 -2.0 -4.0 -1.0 -4.0 -1.0 -3.0 0.0 -4.0 -2.0 -2.0 -4.0 -2.0 0.0 -3.0 -1.0 -4.0 -3.0 -2.0 -2.0 -3.0 -2.0 -1.0 -4.0 -3.0 0.0 -2.0 0.0 -2.0 -1.0 -1.0 -4.0 -1.0 -3.0 0.0 0.0 -4.0 -4.0 -1.0 -4.0 -1.0 -3.0 -4.0 -1.0 -3.0 0.0 0.0 -4.0 -1.0 -2.0 -4.0 -1.0 -4.0 -4.0 -3.0 0.0 -3.0 -1.0 -1.0 -1.0 -2.0 -4.0 -1.0 -1.0 0.0 0.0 -3.0 -3.0 -4.0 0.0 -3.0 -4.0 0.0 -3.0 -3.0 -2.0 0.0 -1.0 -2.0 -3.0 -3.0 -1.0 -2.0 -1.0 0.0 232.0 0.0 -4.0 -4.0 -1.0 -3.0 -3.0 -2.0 -4.0 -1.0 0.0 -4.0 -2.0 -1.0 -1.0 0.0 -4.0 -4.0 0.0 -4.0 -3.0 -1.0 -3.0 -1.0 0.0 -2.0 -2.0 -2.0 
-3.0 -1.0 -2.0 -4.0 -3.0 -1.0 0.0 -3.0 -2.0 0.0 -3.0 0.0 -4.0 -3.0 -4.0 -1.0 -3.0 0.0 -2.0 -1.0 -3.0 -4.0 -3.0 0.0 -2.0 0.0 -4.0 -2.0 -1.0 -1.0 -4.0 -3.0 -4.0 -4.0 0.0 -1.0 -1.0 0.0 -2.0 -3.0 -3.0 -1.0 -1.0 -3.0 -1.0 -2.0 -4.0 -2.0 -4.0 -2.0 -1.0 0.0 0.0 -3.0 -3.0 0.0 -2.0 -3.0 -4.0 0.0 -3.0 -1.0 -4.0 -3.0 0.0 -1.0 -2.0 -1.0 -3.0 0.0 -3.0 0.0 0.0 -1.0 -4.0 -1.0 0.0 -2.0 -4.0 -4.0 -3.0 -1.0 -2.0 -4.0 -2.0 0.0 -3.0 -3.0 224.0 -4.0 0.0 -3.0 -2.0 -4.0 -1.0 -2.0 -4.0 0.0 0.0 -3.0 -3.0 0.0 0.0 0.0 -3.0 0.0 -3.0 -2.0 -3.0 -2.0 -3.0 -1.0 -2.0 -1.0 -2.0 
0.0 0.0 -2.0 -3.0 -2.0 -4.0 -1.0 0.0 0.0 -3.0 -3.0 -4.0 -3.0 -2.0 -3.0 -1.0 -1.0 -3.0 -4.0 -4.0 -2.0 -2.0 -3.0 -4.0 -3.0 -4.0 -3.0 0.0 0.0 -4.0 -1.0 -1.0 -3.0 -1.0 -4.0 -2.0 -2.0 0.0 -1.0 -2.0 -1.0 -4.0 -1.0 -2.0 -4.0 0.0 -2.0 0.0 0.0 -3.0 -2.0 -1.0 -1.0 -2.0 -4.0 0.0 -3.0 -2.0 -1.0 0.0 -4.0 -2.0 -4.0 -1.0 -3.0 -3.0 -1.0 -4.0 -3.0 -4.0 -2.0 -2.0 -4.0 -1.0 0.0 -2.0 -2.0 -4.0 -4.0 -1.0 -2.0 -1.0 -4.0 0.0 -1.0 -2.0 -3.0 -3.0 -1.0 221.0 -3.0 -2.0 0.0 0.0 0.0 -1.0 -2.0 -2.0 -4.0 -2.0 0.0 0.0 -4.0 -3.0 0.0 -3.0 0.0 0.0 0.0 -2.0 -4.0 0.0 0.0 -3.0 0.0 
-2.0 0.0 -1.0 -4.0 -3.0 -3.0 -2.0 -2.0 -3.0 -2.0 -3.0 -2.0 0.0 -1.0 -3.0 -3.0 -3.0 -2.0 -1.0 -3.0 -3.0 -2.0 -4.0 0.0 -4.0 0.0 -2.0 0.0 -2.0 0.0 -3.0 -3.0 -3.0 -4.0 0.0 -1.0 -3.0 0.0 -4.0 -1.0 -2.0 -2.0 0.0 -2.0 -2.0 0.0 -2.0 -3.0 -2.0 -2.0 0.0 -1.0 0.0 -3.0 -1.0 0.0 -4.0 -3.0 -2.0 0.0 -2.0 -3.0 0.0 -1.0 0.0 -3.0 -2.0 -3.0 -2.0 -2.0 -2.0 -1.0 -3.0 -4.0 -2.0 -3.0 -3.0 -1.0 0.0 -1.0 -2.0 -2.0 -4.0 -4.0 0.0 0.0 0.0 -2.0 -4.0 -2.0 209.0 0.0 -4.0 -3.0 0.0 -2.0 -2.0 -2.0 -1.0 0.0 -1.0 -3.0 -2.0 0.0 -1.0 -2.0 -1.0 0.0 -2.0 -4.0 -4.0 0.0 -4.0 0.0 0.0 
-2.0 0.0 0.0 -3.0 -1.0 -4.0 -3.0 -4.0 -1.0 -4.0 -4.0 -3.0 -2.0 -3.0 -2.0 -3.0 -3.0 -1.0 -1.0 0.0 -3.0 -3.0 0.0 -2.0 0.0 -2.0 -1.0 -2.0 -4.0 0.0 -3.0 -3.0 -3.0 -3.0 -1.0 -2.0 -4.0 -4.0 -2.0 -1.0 -4.0 0.0 -4.0 0.0 -3.0 -2.0 0.0 -2.0 -4.0 -1.0 -3.0 -1.0 -3.0 -1.0 -3.0 -2.0 -4.0 -3.0 0.0 -4.0 0.0 0.0 0.0 -3.0 0.0 0.0 0.0 -1.0 -1.0 -4.0 -4.0 -1.0 -3.0 0.0 -3.0 0.0 -4.0 0.0 -4.0 -1.0 -3.0 -3.0 0.0 0.0 -3.0 -3.0 -4.0 -2.0 -2.0 0.0 0.0 225.0 -2.0 0.0 0.0 -4.0 0.0 0.0 -3.0 -3.0 -4.0 -3.0 0.0 -2.0 -4.0 -4.0 -4.0 -4.0 -2.0 -1.0 0.0 -1.0 -1.0 -1.0 -2.0 
-4.0 -4.0 -3.0 -4.0 -2.0 -4.0 0.0 -2.0 -2.0 0.0 -3.0 -4.0 -2.0 -2.0 0.0 0.0 -4.0 -1.0 -2.0 -3.0 -2.0 -3.0 -4.0 -4.0 0.0 -4.0 -2.0 0.0 -3.0 -2.0 0.0 0.0 -4.0 -4.0 -3.0 -3.0 -3.0 -2.0 -4.0 -3.0 -4.0 -1.0 -4.0 0.0 -1.0 -4.0 -1.0 -3.0 -4.0 0.0 0.0 -1.0 -3.0 -3.0 -3.0 -4.0 0.0 -2.0 -3.0 -4.0 -1.0 -1.0 -2.0 -3.0 -3.0 -1.0 -1.0 -3.0 -1.0 -2.0 0.0 -4.0 -2.0 -3.0 0.0 -4.0 0.0 -2.0 -2.0 -3.0 -3.0 -4.0 -1.0 -1.0 0.0 -1.0 -1.0 -2.0 -1.0 0.0 -3.0 0.0 226.0 -2.0 -1.0 -4.0 -1.0 -3.0 -1.0 0.0 0.0 -3.0 0.0 0.0 -2.0 -1.0 -2.0 -1.0 0.0 -1.0 -1.0 -2.0 -2.0 -2.0 -1.0 
-2.0 -4.0 -2.0 -4.0 -3.0 -4.0 -1.0 -3.0 -1.0 -3.0 -3.0 -4.0 0.0 -2.0 0.0 0.0 -4.0 -3.0 -3.0 -1.0 -3.0 -4.0 0.0 -4.0 -1.0 -3.0 0.0 -3.0 -4.0 -3.0 0.0 0.0 -2.0 -2.0 -4.0 -2.0 -4.0 -4.0 -1.0 -4.0 -3.0 0.0 0.0 -1.0 -4.0 -4.0 0.0 -1.0 -3.0 -2.0 -4.0 0.0 -1.0 -1.0 -3.0 -2.0 -4.0 -3.0 -3.0 -1.0 -4.0 0.0 -4.0 0.0 -1.0 -2.0 0.0 -4.0 0.0 0.0 -4.0 0.0 -2.0 0.0 -4.0 -4.0 -3.0 -3.0 -3.0 -1.0 0.0 -4.0 0.0 -2.0 -3.0 -4.0 -1.0 -3.0 -2.0 -1.0 -4.0 0.0 -2.0 237.0 0.0 -3.0 -1.0 0.0 0.0 -3.0 -3.0 -2.0 -1.0 0.0 -3.0 -1.0 -4.0 -3.0 -4.0 -1.0 -1.0 0.0 -3.0 0.0 -4.0 
-4.0 -4.0 -1.0 -2.0 -2.0 -3.0 -2.0 -3.0 -1.0 -2.0 0.0 -3.0 -4.0 -3.0 -2.0 -3.0 0.0 -2.0 -1.0 -4.0 0.0 -2.0 -4.0 0.0 0.0 -3.0 -1.0 -2.0 -2.0 -3.0 0.0 -1.0 0.0 -3.0 -4.0 -4.0 -3.0 -3.0 -3.0 -1.0 -4.0 -2.0 -1.0 -3.0 -2.0 -4.0 -2.0 -4.0 -3.0 -4.0 -1.0 -1.0 -2.0 0.0 0.0 -1.0 -1.0 -3.0 -2.0 -1.0 0.0 -2.0 -3.0 -4.0 -4.0 -1.0 -3.0 -3.0 0.0 -2.0 -3.0 -2.0 -3.0 -1.0 -4.0 -3.0 0.0 -2.0 -4.0 0.0 -2.0 0.0 0.0 -4.0 -4.0 -1.0 -2.0 -3.0 -1.0 -4.0 -1.0 0.0 0.0 -2.0 240.0 -2.0 -4.0 -4.0 -4.0 0.0 -3.0 -4.0 -4.0 -1.0 -2.0 -4.0 -2.0 -2.0 -1.0 -2.0 0.0 -4.0 -2.0 0.0 -1.0 
-4.0 -2.0 -1.0 -4.0 -3.0 -2.0 0.0 -3.0 -4.0 0.0 -4.0 -4.0 -1.0 0.0 -4.0 -1.0 -4.0 -2.0 -3.0 -4.0 -2.0 0.0 -4.0 0.0 0.0 0.0 0.0 0.0 0.0 0.0 -4.0 -1.0 -4.0 -2.0 -3.0 -3.0 -4.0 -3.0 -1.0 0.0 0.0 -3.0 -3.0 -1.0 -2.0 -1.0 -1.0 0.0 0.0 -2.0 0.0 -3.0 -4.0 -2.0 -1.0 -4.0 -2.0 0.0 -1.0 -3.0 -1.0 0.0 -3.0 -4.0 -4.0 -4.0 0.0 0.0 -3.0 0.0 -2.0 -4.0 -4.0 -4.0 -1.0 -2.0 -3.0 -3.0 -4.0 -3.0 -2.0 -4.0 0.0 -3.0 -3.0 -4.0 -4.0 0.0 -1.0 -4.0 0.0 -1.0 -3.0 0.0 -2.0 235.0 -3.0 -3.0 0.0 -2.0 -2.0 -2.0 0.0 -4.0 -1.0 -1.0 -1.0 -4.0 -4.0 0.0 0.0 -4.0 -4.0 -3.0 -3.0 
0.0 -1.0 0.0 -2.0 -4.0 -3.0 -2.0 -1.0 -4.0 -2.0 -4.0 -1.0 -1.0 0.0 0.0 -1.0 -4.0 -3.0 -2.0 0.0 -2.0 -3.0 0.0 -1.0 -2.0 -3.0 0.0 -4.0 -1.0 0.0 -3.0 -4.0 0.0 0.0 -4.0 0.0 -3.0 0.0 -1.0 -2.0 -1.0 -4.0 0.0 -2.0 -2.0 0.0 -3.0 -3.0 -2.0 -4.0 -3.0 -4.0 0.0 -2.0 0.0 0.0 -2.0 -3.0 -4.0 -2.0 -2.0 0.0 -4.0 -2.0 0.0 -3.0 0.0 -3.0 -4.0 -2.0 -2.0 -4.0 -3.0 -3.0 -4.0 0.0 -1.0 0.0 -2.0 0.0 0.0 0.0 -2.0 -1.0 -4.0 0.0 -2.0 -4.0 -1.0 -3.0 -3.0 -1.0 -3.0 -1.0 0.0 -1.0 208.0 -3.0 -1.0 0.0 -1.0 -2.0 -2.0 0.0 -1.0 -1.0 -1.0 -2.0 -3.0 -3.0 -4.0 -2.0 -3.0 -4.0 -1.0 
-1.0 -2.0 -2.0 -2.0 -2.0 -4.0 -4.0 -1.0 -3.0 0.0 -2.0 -2.0 -3.0 0.0 -3.0 -2.0 -2.0 -1.0 0.0 -2.0 0.0 -1.0 -3.0 -2.0 -1.0 -4.0 0.0 -4.0 -1.0 0.0 -1.0 -1.0 -3.0 -1.0 0.0 -3.0 -4.0 -4.0 0.0 -2.0 -2.0 -4.0 -4.0 -4.0 -2.0 0.0 -4.0 -2.0 -3.0 -2.0 -1.0 -2.0 -1.0 -1.0 -2.0 -2.0 0.0 -1.0 -3.0 -1.0 -1.0 -1.0 -4.0 0.0 -3.0 -1.0 -3.0 -3.0 0.0 -4.0 -4.0 -3.0 -1.0 -2.0 -4.0 -2.0 -3.0 -2.0 -1.0 -4.0 -1.0 -4.0 -1.0 -1.0 -4.0 -1.0 -4.0 -1.0 0.0 -1.0 -2.0 -4.0 -3.0 -1.0 0.0 -3.0 -4.0 229.0 -3.0 -3.0 -4.0 -2.0 -1.0 -3.0 -1.0 0.0 0.0 -3.0 -1.0 -3.0 0.0 -1.0 -2.0 -4.0 -3.0 
0.0 0.0 0.0 -2.0 -2.0 -2.0 -3.0 -4.0 -2.0 -3.0 -3.0 0.0 0.0 -3.0 -2.0 -4.0 -3.0 -1.0 0.0 -4.0 0.0 -4.0 -2.0 0.0 -1.0 -3.0 -2.0 0.0 -3.0 -4.0 -1.0 -4.0 -4.0 0.0 -2.0 -1.0 -1.0 -3.0 0.0 -1.0 0.0 -1.0 0.0 -4.0 -4.0 0.0 -1.0 -1.0 0.0 0.0 -4.0 -1.0 -1.0 -1.0 -4.0 -4.0 -4.0 -4.0 -4.0 -1.0 -3.0 -3.0 -2.0 -4.0 -1.0 -1.0 -4.0 0.0 -2.0 -3.0 -4.0 -1.0 -1.0 -1.0 -3.0 -4.0 0.0 -2.0 -1.0 0.0 -2.0 -4.0 -1.0 -3.0 -2.0 -1.0 -1.0 -2.0 -4.0 -2.0 -2.0 -2.0 -2.0 -2.0 -4.0 -4.0 0.0 -1.0 225.0 -3.0 0.0 0.0 -2.0 -3.0 -1.0 -4.0 -1.0 -3.0 -3.0 -2.0 -2.0 -3.0 -4.0 -2.0 0.0 
-4.0 -2.0 -2.0 -2.0 -3.0 -1.0 -4.0 -1.0 -3.0 -3.0 -4.0 0.0 0.0 -4.0 0.0 -4.0 0.0 -3.0 -1.0 -4.0 -4.0 -4.0 0.0 -1.0 -2.0 -2.0 0.0 -3.0 -3.0 -4.0 -4.0 -4.0 -4.0 0.0 -2.0 -4.0 -4.0 -3.0 -4.0 0.0 -4.0 -2.0 -4.0 -4.0 -4.0 -3.0 -1.0 -4.0 -4.0 -4.0 -3.0 -3.0 -1.0 -3.0 -1.0 -4.0 -3.0 0.0 -4.0 0.0 0.0 -2.0 -1.0 -2.0 -3.0 -2.0 -4.0 -4.0 -1.0 -1.0 -3.0 -4.0 -4.0 0.0 -4.0 0.0 -1.0 -2.0 -1.0 0.0 -4.0 -4.0 -4.0 0.0 0.0 0.0 0.0 -1.0 -3.0 -1.0 -4.0 -1.0 0.0 -1.0 -4.0 -4.0 -4.0 -4.0 -3.0 265.0 -2.0 -4.0 -2.0 -4.0 -2.0 -2.0 0.0 -2.0 -4.0 -1.0 -2.0 0.0 -2.0 -1.0 -3.0 
0.0 0.0 -4.0 -1.0 -4.0 0.0 0.0 -2.0 -4.0 -2.0 0.0 -4.0 -3.0 -2.0 -4.0 -4.0 -4.0 -4.0 -4.0 -4.0 -3.0 -2.0 -1.0 -4.0 -4.0 -4.0 -1.0 -3.0 0.0 0.0 -4.0 -2.0 -2.0 -3.0 -4.0 -4.0 0.0 -1.0 -3.0 -2.0 -3.0 -2.0 -4.0 -1.0 0.0 -2.0 -1.0 0.0 -4.0 -3.0 -2.0 -4.0 -2.0 0.0 -4.0 -2.0 -4.0 -2.0 -4.0 -4.0 -1.0 0.0 -3.0 0.0 -4.0 -4.0 -3.0 -2.0 -3.0 -1.0 -3.0 0.0 -3.0 -3.0 0.0 0.0 0.0 -2.0 0.0 0.0 0.0 0.0 -1.0 -3.0 0.0 -3.0 -4.0 -2.0 -2.0 -2.0 -3.0 -1.0 -4.0 -2.0 -4.0 -4.0 -3.0 -1.0 -3.0 -2.0 251.0 -4.0 -1.0 -4.0 -1.0 -4.0 0.0 -1.0 -3.0 -4.0 0.0 -1.0 -3.0 -4.0 0.0 
-2.0 -1.0 -2.0 -1.0 -2.0 -1.0 -1.0 -2.0 0.0 -4.0 -4.0 -4.0 -3.0 0.0 -4.0 -2.0 -4.0 0.0 -2.0 -1.0 -2.0 -2.0 -4.0 -1.0 -4.0 0.0 -1.0 -3.0 -3.0 -2.0 -1.0 -4.0 0.0 0.0 -3.0 -4.0 -1.0 -2.0 -1.0 -4.0 -3.0 0.0 -4.0 -1.0 -2.0 -3.0 -3.0 -3.0 -2.0 -3.0 -2.0 -1.0 -3.0 -3.0 -1.0 -1.0 -4.0 -1.0 -1.0 0.0 -4.0 -3.0 -1.0 -2.0 -2.0 -4.0 -4.0 -4.0 0.0 -4.0 -1.0 -1.0 -3.0 -3.0 -3.0 -3.0 -1.0 -2.0 -4.0 0.0 -2.0 -4.0 -1.0 -3.0 -1.0 -1.0 -4.0 -3.0 -4.0 -4.0 -1.0 0.0 -3.0 -3.0 -3.0 -4.0 -3.0 -4.0 -4.0 0.0 -2.0 254.0 -1.0 -3.0 -4.0 -4.0 0.0 -3.0 -3.0 -1.0 -3.0 -2.0 0.0 -4.0 0.0 
-4.0 -3.0 -2.0 0.0 -4.0 -3.0 -2.0 -4.0 -2.0 -3.0 -2.0 -1.0 0.0 -4.0 -1.0 -1.0 0.0 -4.0 -3.0 0.0 0.0 -3.0 -3.0 -1.0 -1.0 0.0 -4.0 -4.0 -1.0 0.0 -4.0 0.0 0.0 -3.0 -3.0 -2.0 0.0 -3.0 -4.0 -2.0 -3.0 -4.0 -1.0 0.0 -1.0 -3.0 -1.0 0.0 -1.0 -4.0 -1.0 -1.0 -3.0 -1.0 0.0 -4.0 -2.0 -3.0 -4.0 -1.0 -1.0 -4.0 0.0 -2.0 -1.0 -4.0 -4.0 -2.0 0.0 -3.0 0.0 0.0 -3.0 -3.0 -3.0 -2.0 -3.0 -1.0 -4.0 0.0 -3.0 -4.0 -1.0 0.0 -3.0 0.0 -3.0 -4.0 0.0 -1.0 -3.0 -2.0 -2.0 -2.0 -4.0 0.0 -3.0 -4.0 0.0 -2.0 0.0 0.0 220.0 0.0 -4.0 0.0 -3.0 -4.0 -1.0 -1.0 -1.0 -1.0 -1.0 -2.0 -2.0 
0.0 -2.0 -2.0 -2.0 -2.0 -4.0 0.0 -1.0 -2.0 -4.0 0.0 -3.0 -3.0 -3.0 -1.0 -4.0 -3.0 -3.0 0.0 -1.0 -4.0 -1.0 -4.0 -1.0 -1.0 -1.0 0.0 0.0 -2.0 -3.0 -1.0 -1.0 -1.0 -3.0 -3.0 -3.0 -4.0 -2.0 -2.0 -1.0 0.0 -1.0 -1.0 0.0 0.0 -3.0 -1.0 -3.0 -3.0 -1.0 0.0 -3.0 -4.0 0.0 -2.0 0.0 -1.0 -2.0 -4.0 -2.0 -4.0 0.0 -1.0 0.0 0.0 -3.0 -4.0 -1.0 -1.0 -1.0 -2.0 -1.0 -1.0 -2.0 0.0 -2.0 -2.0 0.0 -3.0 -1.0 -2.0 0.0 -2.0 -1.0 -3.0 -1.0 -4.0 -2.0 0.0 -4.0 0.0 -3.0 -2.0 -4.0 -3.0 -2.0 -4.0 -1.0 -4.0 -2.0 0.0 -2.0 0.0 212.0 -3.0 -3.0 -3.0 -2.0 0.0 -4.0 -4.0 -1.0 -3.0 -1.0 -4.0 
-4.0 0.0 -2.0 -4.0 0.0 -1.0 0.0 0.0 -4.0 -1.0 -2.0 -2.0 -3.0 -4.0 -2.0 -2.0 -1.0 -4.0 -2.0 -2.0 -2.0 -1.0 0.0 0.0 -2.0 -1.0 -4.0 -3.0 -4.0 -3.0 -4.0 -1.0 -3.0 -1.0 -4.0 0.0 -3.0 -1.0 -2.0 -1.0 -1.0 -4.0 0.0 -4.0 -1.0 -2.0 0.0 0.0 0.0 -3.0 -3.0 -4.0 0.0 0.0 -2.0 -2.0 -1.0 -1.0 -4.0 -3.0 0.0 -1.0 0.0 -2.0 0.0 0.0 -1.0 -2.0 -2.0 -3.0 -2.0 -1.0 -3.0 -1.0 -3.0 -4.0 -4.0 -1.0 -2.0 -4.0 -4.0 0.0 -1.0 -4.0 -1.0 -4.0 -2.0 -1.0 -4.0 -1.0 -1.0 -3.0 -2.0 -1.0 -4.0 0.0 -1.0 -1.0 0.0 0.0 -2.0 -2.0 -1.0 -2.0 210.0 0.0 -3.0 0.0 -4.0 -2.0 -1.0 0.0 -3.0 0.0 -4.0 
-1.0 0.0 -4.0 -3.0 -2.0 -2.0 -1.0 -4.0 -4.0 -3.0 -3.0 -3.0 0.0 -2.0 -4.0 -3.0 0.0 -2.0 -1.0 0.0 -2.0 -4.0 -3.0 -4.0 -2.0 -1.0 -4.0 0.0 -2.0 -4.0 0.0 -1.0 -3.0 -4.0 -4.0 -3.0 -1.0 -2.0 0.0 -1.0 -3.0 -3.0 0.0 -3.0 0.0 -2.0 -3.0 -4.0 -3.0 0.0 -2.0 -4.0 0.0 -4.0 -2.0 -1.0 0.0 -1.0 0.0 -1.0 -1.0 -3.0 0.0 -4.0 -3.0 0.0 -4.0 0.0 0.0 -1.0 0.0 -4.0 -4.0 -4.0 -4.0 -3.0 -2.0 -2.0 -2.0 -2.0 -3.0 -3.0 -4.0 -1.0 0.0 -3.0 -1.0 -4.0 -2.0 -1.0 -2.0 -1.0 -2.0 -1.0 -2.0 -4.0 -2.0 -4.0 -4.0 -3.0 -1.0 -3.0 -1.0 -3.0 -4.0 250.0 -4.0 -3.0 -3.0 -4.0 -4.0 -2.0 -4.0 0.0 -1.0 
-2.0 -2.0 -3.0 -3.0 0.0 0.0 -1.0 -3.0 -3.0 0.0 0.0 -4.0 -4.0 0.0 -1.0 -4.0 -4.0 -3.0 -4.0 -2.0 0.0 -2.0 -1.0 -2.0 -4.0 -3.0 -1.0 -4.0 0.0 -1.0 -1.0 -4.0 -4.0 -2.0 0.0 -1.0 0.0 -2.0 -3.0 -1.0 -3.0 -2.0 -1.0 -3.0 -1.0 -3.0 -2.0 -4.0 0.0 0.0 -1.0 0.0 0.0 -2.0 -1.0 -4.0 -2.0 -1.0 -1.0 -3.0 -4.0 -4.0 0.0 0.0 -1.0 -3.0 -1.0 -2.0 -4.0 -2.0 -3.0 -1.0 0.0 -3.0 -1.0 -3.0 -1.0 -3.0 0.0 -4.0 -1.0 -4.0 0.0 0.0 0.0 -3.0 -3.0 -3.0 0.0 -3.0 -3.0 -3.0 -2.0 -2.0 -2.0 -4.0 -2.0 -1.0 -2.0 -2.0 0.0 -2.0 0.0 -4.0 -2.0 -3.0 217.0 -1.0 -3.0 -1.0 -1.0 0.0 0.0 -3.0 -4.0 
-4.0 -4.0 -3.0 -2.0 -2.0 -3.0 -3.0 -1.0 -2.0 -2.0 -1.0 -4.0 -1.0 -3.0 0.0 -2.0 -2.0 -4.0 -2.0 -1.0 -3.0 0.0 -1.0 -3.0 0.0 -2.0 -3.0 -2.0 -1.0 -3.0 0.0 -1.0 0.0 -2.0 0.0 -4.0 -2.0 -1.0 -4.0 -4.0 -3.0 -3.0 0.0 0.0 -2.0 -4.0 -2.0 0.0 0.0 0.0 -2.0 0.0 0.0 -3.0 0.0 0.0 -3.0 -3.0 0.0 -1.0 -1.0 -2.0 -4.0 -3.0 0.0 -3.0 0.0 -1.0 -1.0 -1.0 -1.0 -1.0 -2.0 -2.0 0.0 0.0 -2.0 -3.0 0.0 0.0 -3.0 -2.0 0.0 -1.0 -4.0 -4.0 0.0 -1.0 0.0 -3.0 -4.0 -3.0 -1.0 -4.0 -3.0 -2.0 0.0 -1.0 -4.0 -3.0 -3.0 -1.0 -2.0 -1.0 -1.0 0.0 -4.0 210.0 -3.0 -4.0 -2.0 -3.0 -4.0 -1.0 -3.0 
-3.0 0.0 0.0 0.0 0.0 -3.0 -1.0 -3.0 -2.0 -4.0 -3.0 -2.0 -3.0 -1.0 -3.0 -2.0 -1.0 -4.0 -1.0 -4.0 -2.0 -1.0 -4.0 -1.0 -2.0 -1.0 -2.0 -3.0 -2.0 -4.0 -3.0 0.0 -1.0 -2.0 -3.0 -3.0 -4.0 -2.0 0.0 -3.0 -2.0 -2.0 -2.0 -4.0 0.0 -2.0 0.0 -1.0 -2.0 -3.0 -1.0 -3.0 -3.0 0.0 0.0 -3.0 -3.0 -3.0 -2.0 0.0 0.0 -4.0 -2.0 -4.0 0.0 -4.0 -3.0 0.0 -1.0 -1.0 -3.0 -3.0 -4.0 -4.0 -2.0 0.0 -1.0 -3.0 0.0 -4.0 -3.0 -4.0 0.0 0.0 -3.0 -1.0 -1.0 -2.0 -3.0 -4.0 -4.0 -4.0 -2.0 0.0 0.0 -2.0 -3.0 -1.0 -1.0 -2.0 -3.0 -4.0 -4.0 -1.0 -3.0 -1.0 -4.0 -4.0 242.0 -1.0 -3.0 -1.0 -4.0 -4.0 -3.0 
-4.0 -2.0 0.0 0.0 -1.0 0.0 0.0 -1.0 0.0 -4.0 -4.0 -2.0 -3.0 -3.0 0.0 -4.0 -3.0 0.0 -2.0 -3.0 -2.0 -1.0 0.0 -3.0 -2.0 -3.0 -2.0 0.0 -3.0 -2.0 -1.0 0.0 -4.0 -1.0 -2.0 -1.0 -2.0 -3.0 -1.0 -2.0 -4.0 -3.0 -3.0 -4.0 0.0 -3.0 0.0 -2.0 0.0 -2.0 -1.0 -4.0 -3.0 -2.0 -4.0 -1.0 -3.0 -1.0 0.0 -3.0 -1.0 -1.0 -1.0 -2.0 0.0 0.0 -4.0 -2.0 -2.0 0.0 -1.0 -1.0 -2.0 -4.0 -1.0 -4.0 -1.0 -3.0 -3.0 -2.0 -2.0 0.0 -3.0 -1.0 0.0 -2.0 -3.0 -1.0 -3.0 -1.0 -2.0 -2.0 0.0 -2.0 0.0 -4.0 -3.0 -3.0 -4.0 -2.0 -1.0 -4.0 -4.0 -4.0 -2.0 -3.0 -4.0 -1.0 -4.0 221.0 -2.0 -2.0 -2.0 -1.0 0.0 
-3.0 -2.0 -1.0 -2.0 -1.0 0.0 -3.0 0.0 0.0 -2.0 -4.0 -1.0 0.0 -2.0 -3.0 -3.0 -4.0 0.0 0.0 -1.0 -4.0 -2.0 -4.0 0.0 -2.0 -4.0 -4.0 -2.0 -1.0 0.0 -2.0 -1.0 0.0 -4.0 -3.0 -4.0 -3.0 -4.0 -4.0 -1.0 -3.0 -2.0 -4.0 -1.0 -3.0 -4.0 -3.0 -4.0 0.0 -1.0 -1.0 -1.0 -2.0 0.0 -3.0 -3.0 0.0 -1.0 -4.0 -4.0 0.0 -1.0 -1.0 -2.0 -3.0 -3.0 -2.0 -2.0 0.0 -2.0 -3.0 -2.0 -1.0 -1.0 0.0 -4.0 -1.0 -1.0 -3.0 -2.0 -2.0 -2.0 -2.0 -4.0 -3.0 -2.0 -1.0 -1.0 -1.0 -1.0 0.0 -3.0 -2.0 -4.0 0.0 0.0 -1.0 -2.0 -4.0 -4.0 -1.0 -4.0 -2.0 -1.0 -2.0 -2.0 0.0 -2.0 -4.0 -3.0 231.0 -3.0 -1.0 -4.0 -4.0 
-3.0 -3.0 -3.0 -2.0 -4.0 0.0 -1.0 -4.0 0.0 -4.0 -1.0 -3.0 -1.0 -3.0 -3.0 -3.0 0.0 -2.0 -2.0 -2.0 0.0 0.0 -4.0 -1.0 -2.0 -1.0 -4.0 -1.0 -2.0 -1.0 -4.0 -2.0 -2.0 -3.0 -3.0 0.0 -2.0 0.0 -1.0 -1.0 -2.0 -3.0 -2.0 0.0 -3.0 -1.0 -4.0 -1.0 -1.0 -2.0 -1.0 -2.0 -2.0 -4.0 -4.0 -3.0 -2.0 0.0 -4.0 -4.0 -1.0 -4.0 -4.0 0.0 0.0 -3.0 0.0 -1.0 -1.0 -1.0 -1.0 0.0 0.0 -2.0 0.0 -4.0 -4.0 -3.0 -3.0 -1.0 -1.0 -2.0 -3.0 -1.0 -4.0 -2.0 -2.0 0.0 -4.0 -3.0 -3.0 -4.0 -4.0 -2.0 -3.0 0.0 0.0 -2.0 0.0 -1.0 -3.0 -3.0 -2.0 -4.0 0.0 0.0 0.0 -3.0 -4.0 -2.0 0.0 225.0 0.0 -3.0 -4.0 
-2.0 -1.0 -1.0 -4.0 0.0 -4.0 -3.0 -4.0 -4.0 -2.0 -3.0 -2.0 -3.0 0.0 -2.0 -3.0 0.0 -1.0 -4.0 -4.0 -2.0 0.0 0.0 -4.0 -2.0 -3.0 -1.0 -4.0 -3.0 -3.0 -4.0 -4.0 -1.0 0.0 -1.0 -1.0 -3.0 -4.0 -2.0 -4.0 -3.0 -1.0 -4.0 -1.0 -2.0 -1.0 0.0 -3.0 -2.0 -2.0 -3.0 -3.0 0.0 -2.0 -3.0 -1.0 -2.0 -4.0 0.0 0.0 -4.0 -3.0 0.0 -1.0 -2.0 -2.0 -1.0 -2.0 -3.0 -3.0 -2.0 0.0 -4.0 -3.0 -4.0 -2.0 -4.0 -3.0 -4.0 -4.0 -4.0 -1.0 -4.0 -3.0 -4.0 -4.0 0.0 -4.0 -2.0 -1.0 0.0 -2.0 -2.0 -4.0 -1.0 -2.0 -2.0 -3.0 -2.0 -3.0 -3.0 -2.0 0.0 -3.0 0.0 0.0 -2.0 -4.0 -4.0 -3.0 -3.0 -4.0 263.0 -2.0 -4.0 
-1.0 -4.0 -3.0 -1.0 -2.0 -2.0 -1.0 -2.0 -4.0 0.0 -1.0 -3.0 -1.0 -1.0 -1.0 -4.0 -3.0 -1.0 0.0 -1.0 -1.0 -4.0 -4.0 -4.0 -2.0 -2.0 -1.0 -1.0 -1.0 -1.0 -4.0 -2.0 -3.0 -4.0 0.0 -1.0 -4.0 -2.0 -3.0 -4.0 0.0 0.0 -2.0 -4.0 0.0 -1.0 -3.0 -4.0 -2.0 -3.0 -4.0 -1.0 0.0 -4.0 -1.0 -3.0 -1.0 -2.0 -1.0 -3.0 -2.0 -1.0 0.0 -1.0 -2.0 -2.0 -3.0 0.0 -2.0 -4.0 0.0 0.0 -1.0 -2.0 -2.0 -2.0 -4.0 -3.0 -2.0 -1.0 -1.0 -2.0 0.0 -4.0 -3.0 -1.0 0.0 -4.0 -1.0 0.0 -3.0 -4.0 -1.0 -2.0 -1.0 -3.0 -1.0 -3.0 -4.0 0.0 -4.0 -4.0 -4.0 -2.0 -2.0 -4.0 -4.0 -2.0 -3.0 -2.0 0.0 -1.0 -2.0 232.0 -3.0 
0.0 -3.0 -1.0 0.0 -1.0 -1.0 -3.0 -2.0 -1.0 -4.0 -1.0 -4.0 0.0 -1.0 -3.0 -3.0 -4.0 -2.0 -2.0 -3.0 -2.0 -3.0 -4.0 -1.0 -4.0 -3.0 0.0 -3.0 -3.0 -2.0 -2.0 0.0 -2.0 0.0 -4.0 -4.0 -4.0 -2.0 -4.0 -2.0 -1.0 -3.0 -3.0 -4.0 -2.0 -2.0 -4.0 -3.0 -1.0 -3.0 -3.0 -3.0 -4.0 -2.0 -1.0 -2.0 -4.0 -1.0 0.0 -4.0 -1.0 -1.0 0.0 -1.0 -4.0 0.0 -3.0 0.0 -2.0 -3.0 -1.0 -4.0 0.0 0.0 -2.0 -2.0 -2.0 0.0 0.0 0.0 0.0 0.0 -2.0 -3.0 -3.0 -1.0 -2.0 -3.0 -1.0 -2.0 -2.0 -4.0 -4.0 -4.0 -2.0 -2.0 0.0 -2.0 -3.0 -1.0 -2.0 -1.0 -4.0 -1.0 0.0 -3.0 -4.0 -4.0 -3.0 -2.0 -1.0 -3.0 -4.0 0.0 237.0 
