31.99986 -2.0 -4.0 0.0 -1.0 -3.0 -3.0 -2.0 -4.0 0.0 -2.0 -4.0 0.0 -4.0 -3.0 
-1.0 17.0 -2.0 0.0 0.0 0.0 0.0 0.0 0.0 -3.0 0.0 -2.0 -1.0 -4.0 -4.0 
-2.0 -2.0 30.0 0.0 -4.0 -1.0 -4.0 -3.0 -1.0 -2.0 -4.0 -4.0 0.0 -1.0 -2.0 
-3.0 -1.0 -1.0 26.0 0.0 -1.0 -2.0 -3.0 -3.0 -3.0 -1.0 -1.0 -2.0 -3.0 -2.0 
-1.0 0.0 -2.0 -4.0 25.0 0.0 -4.0 -2.0 -4.0 -3.0 -3.0 -2.0 0.0 0.0 0.0 
-4.0 -1.0 -3.0 -1.0 -4.0 20.0 0.0 -1.0 -1.0 0.0 -1.0 0.0 -1.0 -2.0 -1.0 
-4.0 0.0 -2.0 0.0 -2.0 -1.0 31.0 -2.0 -3.0 -4.0 -3.0 -3.0 -1.0 -3.0 -3.0 
-2.0 0.0 -4.0 0.0 -3.0 -2.0 -4.0 30.0 -4.0 -2.0 -3.0 0.0 -1.0 -4.0 -1.0 
-1.0 -3.0 0.0 -3.0 0.0 -1.0 -4.0 -3.0 27.0 -2.0 -2.0 -3.0 -1.0 -2.0 -2.0 
-1.0 -4.0 -2.0 -4.0 0.0 0.0 -1.0 -2.0 0.0 20.0 -3.0 0.0 -2.0 -1.0 0.0 
-1.0 -3.0 -4.0 -2.0 -2.0 -4.0 -1.0 -3.0 -2.0 -2.0 34.0 -4.0 -4.0 0.0 -2.0 
0.0 -2.0 0.0 -2.0 -1.0 -3.0 -1.0 -1.0 -1.0 -1.0 0.0 18.0 -2.0 -3.0 -1.0 
-1.0 -4.0 0.0 -1.0 -3.0 -4.0 -3.0 -1.0 -1.0 -1.0 -1.0 -3.0 26.0 0.0 -3.0 
0.0 -3.0 -2.0 0.0 -2.0 -3.0 0.0 0.0 -1.0 0.0 -2.0 -4.0 -4.0 24.0 -3.0 
-3.0 -1.0 -2.0 -3.0 0.0 -4.0 0.0 -2.0 0.0 0.0 -2.0 -2.0 -1.0 -1.0 21.0 
-251.00014 -156.0 -159.0 -126.0 -65.0 -3.0 -61.0 -2.0 17.0 73.0 114.0 64.0 146.0 120.0 179.0 