233.99886 -2.0 -3.0 0.0 0.0 -2.0 -2.0 -3.0 -4.0 -3.0 -4.0 0.0 -3.0 -4.0 -4.0 0.0 -1.0 0.0 -2.0 -3.0 -1.0 0.0 -3.0 -4.0 -2.0 -3.0 -3.0 -2.0 -3.0 0.0 -1.0 -1.0 -3.0 -3.0 -2.0 -1.0 -4.0 -2.0 -3.0 -4.0 -3.0 0.0 -4.0 0.0 -1.0 -3.0 -4.0 -4.0 -1.0 -2.0 -1.0 -2.0 -2.0 0.0 0.0 -1.0 -4.0 -1.0 -3.0 -4.0 0.0 0.0 0.0 -1.0 -3.0 -4.0 -1.0 -3.0 -3.0 -1.0 -1.0 -4.0 -2.0 -3.0 0.0 -3.0 0.0 -2.0 0.0 -2.0 -1.0 -1.0 -4.0 0.0 -2.0 -3.0 -2.0 -3.0 0.0 -4.0 -4.0 -4.0 0.0 -4.0 -2.0 -2.0 0.0 -4.0 -2.0 -1.0 -3.0 -4.0 -1.0 -1.0 -2.0 -4.0 0.0 -3.0 0.0 -2.0 -4.0 -2.0 -4.0 -2.0 -1.0 
-4.0 251.0 -4.0 0.0 0.0 -2.0 -3.0 0.0 -1.0 -1.0 -1.0 -3.0 -3.0 -2.0 -3.0 -4.0 -4.0 -3.0 -1.0 -4.0 -3.0 -4.0 -4.0 -3.0 -3.0 -3.0 0.0 -1.0 -4.0 -2.0 0.0 -2.0 -3.0 -4.0 -1.0 0.0 0.0 -3.0 -4.0 -3.0 0.0 -4.0 -1.0 -3.0 -2.0 0.0 -4.0 -3.0 -1.0 -2.0 -1.0 -1.0 -2.0 -3.0 -4.0 -3.0 -3.0 -2.0 -2.0 -3.0 -1.0 -1.0 -3.0 -4.0 0.0 -2.0 -4.0 -2.0 -2.0 -3.0 -3.0 0.0 0.0 -1.0 -4.0 -1.0 -1.0 -3.0 -4.0 0.0 -4.0 -4.0 -3.0 -3.0 -3.0 0.0 0.0 -3.0 -4.0 -3.0 -4.0 -1.0 -4.0 -2.0 -4.0 -3.0 -4.0 -4.0 -1.0 -2.0 -2.0 -1.0 -4.0 -2.0 -1.0 -1.0 0.0 0.0 -4.0 0.0 -4.0 -1.0 -2.0 0.0 0.0 
-2.0 -3.0 254.0 -1.0 -4.0 -2.0 -2.0 -2.0 0.0 -2.0 -3.0 -4.0 -4.0 0.0 -3.0 -3.0 -3.0 -3.0 -1.0 -4.0 0.0 -1.0 -4.0 -4.0 0.0 -2.0 -3.0 -3.0 -3.0 -3.0 -1.0 0.0 -4.0 -3.0 -3.0 -4.0 -4.0 -2.0 -1.0 -3.0 -2.0 -4.0 -1.0 -3.0 -1.0 0.0 -3.0 -4.0 -4.0 -3.0 -3.0 -3.0 -2.0 -3.0 -3.0 -2.0 -2.0 -2.0 -2.0 -2.0 -1.0 0.0 -3.0 -3.0 -1.0 0.0 -4.0 -1.0 -2.0 -1.0 0.0 -2.0 -2.0 -2.0 -4.0 -3.0 -4.0 -1.0 -4.0 -2.0 -4.0 -1.0 -1.0 -4.0 -1.0 -3.0 -3.0 -3.0 -3.0 -4.0 -1.0 -4.0 -1.0 0.0 -4.0 0.0 -2.0 -1.0 -2.0 -3.0 -2.0 -2.0 0.0 0.0 -4.0 -1.0 -2.0 -2.0 -1.0 0.0 -3.0 -2.0 -2.0 -2.0 -3.0 
-1.0 -1.0 -3.0 232.0 -3.0 0.0 -4.0 -1.0 -2.0 -2.0 -3.0 -1.0 -3.0 -1.0 0.0 0.0 -2.0 -2.0 -3.0 0.0 -1.0 -4.0 -2.0 0.0 -3.0 -3.0 -1.0 -3.0 -4.0 -2.0 0.0 -4.0 -2.0 -4.0 -3.0 -2.0 0.0 -3.0 0.0 -4.0 -2.0 -1.0 -4.0 -2.0 -4.0 -2.0 -4.0 -4.0 -1.0 -4.0 -3.0 0.0 0.0 -4.0 -4.0 -4.0 -3.0 0.0 -1.0 0.0 -1.0 -2.0 -1.0 -1.0 -3.0 -3.0 -3.0 0.0 -3.0 -3.0 0.0 -2.0 -3.0 -2.0 -1.0 -4.0 0.0 -2.0 -4.0 -2.0 -2.0 -1.0 -3.0 -3.0 -1.0 -2.0 -4.0 -3.0 -2.0 0.0 0.0 -2.0 -1.0 -3.0 0.0 -4.0 -2.0 -1.0 -1.0 -2.0 0.0 -3.0 -4.0 -4.0 0.0 -4.0 -2.0 -3.0 0.0 -4.0 -4.0 0.0 -2.0 0.0 -1.0 
-1.0 -3.0 -3.0 -3.0 228.0 -2.0 -1.0 -1.0 0.0 -3.0 0.0 -1.0 -1.0 -2.0 -2.0 -3.0 -3.0 -4.0 -3.0 -4.0 -3.0 0.0 -4.0 -1.0 -1.0 -1.0 -3.0 0.0 -3.0 -1.0 -3.0 -2.0 -2.0 -4.0 -3.0 -2.0 0.0 -3.0 -4.0 -1.0 0.0 -1.0 -2.0 -1.0 -1.0 -2.0 0.0 -3.0 0.0 -4.0 -1.0 -4.0 -2.0 -2.0 -2.0 -2.0 -2.0 -1.0 -2.0 -2.0 0.0 -3.0 -3.0 -4.0 -3.0 -3.0 0.0 -4.0 -3.0 -4.0 -2.0 -1.0 -1.0 -1.0 -1.0 -1.0 0.0 0.0 -1.0 -4.0 -4.0 0.0 -4.0 -1.0 -2.0 0.0 -4.0 -3.0 -4.0 -4.0 -4.0 -2.0 -1.0 0.0 0.0 -4.0 -2.0 0.0 -2.0 0.0 -1.0 -4.0 -2.0 -1.0 -1.0 -2.0 -3.0 -3.0 0.0 -4.0 -2.0 -3.0 -3.0 -2.0 -2.0 
0.0 -4.0 0.0 -2.0 0.0 209.0 -2.0 -2.0 -1.0 -3.0 -2.0 -2.0 -2.0 0.0 -1.0 0.0 0.0 0.0 -2.0 0.0 -3.0 -1.0 -1.0 -3.0 -4.0 0.0 -4.0 0.0 -3.0 -2.0 -4.0 -1.0 -4.0 -1.0 -2.0 -4.0 -1.0 -1.0 -4.0 -1.0 -4.0 -3.0 -1.0 0.0 -1.0 0.0 -2.0 -1.0 0.0 -2.0 0.0 -4.0 -3.0 -4.0 -2.0 -2.0 -3.0 -1.0 -4.0 -2.0 -2.0 -1.0 -3.0 -3.0 -2.0 -2.0 -1.0 -3.0 -1.0 -4.0 -2.0 -3.0 -1.0 0.0 -1.0 -1.0 -4.0 -3.0 -3.0 0.0 -3.0 -2.0 -4.0 0.0 0.0 0.0 -2.0 -2.0 -1.0 -1.0 -4.0 -4.0 -1.0 -2.0 -1.0 -1.0 -4.0 -2.0 -4.0 -3.0 -2.0 -2.0 -3.0 0.0 -1.0 -3.0 -1.0 -1.0 0.0 -4.0 0.0 -1.0 -2.0 0.0 -2.0 
-2.0 -4.0 -1.0 -1.0 0.0 -3.0 213.0 -3.0 -1.0 -4.0 -2.0 -4.0 -1.0 -4.0 -1.0 -1.0 -2.0 -2.0 -2.0 -3.0 -3.0 -2.0 -4.0 -1.0 -4.0 -1.0 -1.0 -3.0 0.0 -4.0 -1.0 -1.0 -1.0 -2.0 0.0 0.0 -3.0 0.0 -1.0 -3.0 0.0 0.0 -1.0 -3.0 -4.0 -1.0 -3.0 -3.0 -3.0 0.0 -2.0 -1.0 0.0 -1.0 -3.0 -1.0 -4.0 0.0 -1.0 -3.0 0.0 0.0 0.0 -4.0 0.0 -1.0 -2.0 -4.0 0.0 -2.0 0.0 -1.0 -2.0 -1.0 -1.0 -1.0 -3.0 0.0 0.0 -1.0 -3.0 0.0 -1.0 -4.0 -2.0 0.0 -2.0 -2.0 0.0 0.0 -4.0 -3.0 -1.0 -4.0 0.0 -4.0 -3.0 -4.0 -4.0 0.0 -4.0 -3.0 -4.0 -3.0 -4.0 -3.0 0.0 -2.0 -1.0 -2.0 -3.0 -4.0 -2.0 -3.0 -1.0 
-3.0 0.0 -2.0 -3.0 -2.0 -4.0 -1.0 243.0 -1.0 -2.0 0.0 -4.0 0.0 -1.0 -2.0 -4.0 -4.0 -2.0 0.0 -2.0 -3.0 -2.0 -2.0 -4.0 -4.0 -1.0 0.0 0.0 -4.0 -2.0 -4.0 0.0 -3.0 -1.0 -3.0 -3.0 -4.0 -1.0 -2.0 -1.0 0.0 -1.0 -3.0 -3.0 -2.0 0.0 -2.0 -3.0 -1.0 -4.0 -2.0 -1.0 -3.0 -1.0 0.0 -2.0 -4.0 0.0 -3.0 -2.0 -3.0 -3.0 -1.0 -2.0 -4.0 -4.0 -2.0 0.0 -2.0 -3.0 -1.0 0.0 -2.0 -4.0 -3.0 0.0 -4.0 -1.0 -3.0 -3.0 -2.0 -3.0 -2.0 -4.0 -3.0 -3.0 0.0 0.0 -2.0 -1.0 0.0 -2.0 -4.0 -1.0 -3.0 -2.0 -4.0 -4.0 -2.0 -2.0 0.0 -4.0 -3.0 -4.0 -2.0 -1.0 -2.0 -2.0 -3.0 -3.0 -1.0 -3.0 -4.0 -2.0 -2.0 
-2.0 -2.0 -4.0 -2.0 -4.0 -1.0 -2.0 -1.0 231.0 -1.0 -1.0 -2.0 -4.0 -4.0 0.0 0.0 -4.0 -2.0 -2.0 -3.0 -4.0 -3.0 -2.0 -2.0 -4.0 -2.0 -4.0 -4.0 -4.0 -1.0 -2.0 -2.0 -1.0 -3.0 -4.0 -4.0 0.0 -1.0 -3.0 -3.0 -3.0 0.0 -1.0 -2.0 -3.0 -3.0 -2.0 -3.0 -3.0 -2.0 0.0 -4.0 -2.0 0.0 0.0 0.0 -4.0 -3.0 0.0 -3.0 -2.0 -4.0 0.0 0.0 -1.0 -1.0 -1.0 -2.0 -4.0 -2.0 -2.0 -1.0 -4.0 -3.0 -3.0 0.0 0.0 0.0 -3.0 -1.0 -1.0 -2.0 0.0 -4.0 -1.0 -1.0 -2.0 -1.0 -2.0 -3.0 -3.0 0.0 -4.0 -3.0 -1.0 -2.0 0.0 -4.0 0.0 -1.0 -3.0 -4.0 0.0 -3.0 -1.0 -1.0 -1.0 -1.0 -3.0 -1.0 -3.0 -4.0 0.0 -3.0 -2.0 
-2.0 -3.0 -4.0 -4.0 -1.0 -4.0 -2.0 0.0 -1.0 243.0 0.0 -4.0 -2.0 -4.0 -4.0 -2.0 -1.0 -3.0 -4.0 -3.0 -4.0 -3.0 -2.0 -2.0 -4.0 -2.0 -3.0 -3.0 -4.0 -1.0 -4.0 0.0 -4.0 -2.0 -3.0 -1.0 -2.0 0.0 0.0 -3.0 0.0 -4.0 -3.0 -3.0 -1.0 -2.0 -1.0 -4.0 -2.0 -1.0 -3.0 -1.0 -3.0 0.0 -4.0 -1.0 -3.0 -2.0 -1.0 -2.0 -1.0 -1.0 -2.0 0.0 -2.0 -3.0 -3.0 -1.0 -3.0 -1.0 -1.0 -2.0 -1.0 0.0 -3.0 -2.0 -1.0 -4.0 -1.0 -3.0 0.0 -4.0 -1.0 -4.0 -4.0 -3.0 -2.0 -3.0 -4.0 -1.0 -3.0 0.0 0.0 -3.0 -4.0 -1.0 -2.0 -3.0 -4.0 -3.0 0.0 -4.0 0.0 0.0 -1.0 -4.0 -4.0 -3.0 -2.0 -1.0 0.0 0.0 -1.0 -1.0 -2.0 
-4.0 0.0 -3.0 -3.0 -2.0 0.0 -1.0 -1.0 0.0 -4.0 185.0 -3.0 -4.0 0.0 -1.0 0.0 -3.0 -3.0 -3.0 0.0 -2.0 -4.0 -2.0 0.0 -2.0 0.0 -4.0 -3.0 -4.0 0.0 -1.0 0.0 -2.0 -2.0 -3.0 -1.0 -1.0 0.0 -1.0 0.0 0.0 -1.0 -2.0 -1.0 -2.0 -2.0 -1.0 -2.0 -4.0 0.0 0.0 0.0 -3.0 -2.0 0.0 -1.0 -4.0 0.0 0.0 -2.0 -1.0 0.0 0.0 0.0 -4.0 -2.0 0.0 -2.0 -2.0 -1.0 -4.0 0.0 -1.0 -2.0 -1.0 0.0 -4.0 -1.0 -3.0 -2.0 0.0 -3.0 -2.0 -4.0 -1.0 -2.0 -2.0 -3.0 -3.0 -1.0 -4.0 -2.0 -1.0 -1.0 -1.0 -3.0 -4.0 0.0 -2.0 -1.0 -4.0 0.0 -1.0 -1.0 0.0 0.0 -2.0 -1.0 -4.0 -1.0 -3.0 -1.0 -1.0 -1.0 -1.0 
0.0 -1.0 -4.0 -1.0 0.0 0.0 -4.0 -2.0 0.0 -2.0 -1.0 181.0 -3.0 -4.0 0.0 0.0 -2.0 0.0 0.0 0.0 0.0 0.0 -1.0 -3.0 -4.0 -4.0 0.0 -2.0 -1.0 -4.0 -4.0 -4.0 0.0 -3.0 0.0 -1.0 -3.0 -1.0 -4.0 -1.0 0.0 -3.0 -3.0 -1.0 -3.0 0.0 -1.0 0.0 -2.0 0.0 -1.0 -1.0 0.0 0.0 0.0 -4.0 0.0 0.0 -1.0 -1.0 0.0 -2.0 0.0 0.0 -2.0 -4.0 -2.0 -3.0 -2.0 0.0 -2.0 -1.0 -3.0 -3.0 -4.0 -3.0 -2.0 -2.0 -4.0 -3.0 -1.0 0.0 -2.0 -4.0 -1.0 -3.0 0.0 -3.0 -2.0 0.0 0.0 -2.0 -3.0 -4.0 0.0 0.0 0.0 0.0 -4.0 -2.0 -1.0 -3.0 -2.0 -1.0 -1.0 0.0 -3.0 -1.0 0.0 -4.0 -3.0 -4.0 0.0 0.0 0.0 
0.0 -1.0 -3.0 -3.0 0.0 -1.0 -4.0 -3.0 -3.0 -2.0 -3.0 0.0 238.0 -2.0 -4.0 -3.0 -3.0 0.0 -2.0 -2.0 -2.0 -1.0 -3.0 -3.0 -4.0 -3.0 0.0 -3.0 0.0 -4.0 -1.0 0.0 -4.0 -3.0 0.0 -3.0 0.0 -3.0 -3.0 -2.0 -3.0 -3.0 -1.0 -4.0 -2.0 -2.0 -4.0 0.0 0.0 -3.0 0.0 0.0 -1.0 -1.0 -2.0 -3.0 0.0 -4.0 0.0 -2.0 -2.0 -4.0 -3.0 -2.0 -4.0 0.0 -3.0 0.0 -2.0 -1.0 -3.0 -1.0 -1.0 0.0 -2.0 -3.0 -1.0 -3.0 -3.0 -3.0 -2.0 0.0 -2.0 -3.0 -1.0 -2.0 -1.0 -3.0 -2.0 -3.0 -4.0 -2.0 -3.0 -3.0 -2.0 -1.0 -4.0 -3.0 -2.0 -1.0 -1.0 0.0 -2.0 -3.0 -2.0 -4.0 -2.0 -4.0 -1.0 -4.0 -1.0 -4.0 -3.0 -2.0 -4.0 
-3.0 0.0 0.0 -3.0 -1.0 0.0 -3.0 -3.0 -4.0 -1.0 -1.0 0.0 -2.0 218.0 -4.0 -3.0 -1.0 -3.0 0.0 -4.0 -1.0 -1.0 -2.0 -1.0 -3.0 -4.0 0.0 -2.0 0.0 -2.0 -1.0 -2.0 -3.0 -2.0 -2.0 -2.0 -4.0 -2.0 -4.0 -1.0 -3.0 0.0 0.0 -1.0 -2.0 0.0 -4.0 0.0 -4.0 -1.0 -2.0 -2.0 0.0 -4.0 -2.0 0.0 -1.0 -3.0 -2.0 -2.0 -4.0 -3.0 0.0 -3.0 -2.0 -2.0 -2.0 -1.0 -3.0 -1.0 0.0 -3.0 0.0 -2.0 -4.0 -2.0 -1.0 -1.0 -4.0 -3.0 -3.0 -1.0 -4.0 0.0 -3.0 0.0 -2.0 0.0 -3.0 -3.0 0.0 -3.0 -2.0 -1.0 -1.0 -3.0 -1.0 -4.0 -4.0 -2.0 0.0 -1.0 -4.0 -3.0 -2.0 -3.0 -2.0 -4.0 -2.0 -2.0 0.0 -1.0 -2.0 -2.0 -1.0 
-3.0 0.0 -4.0 -3.0 -2.0 -1.0 -2.0 -4.0 -4.0 -1.0 -4.0 0.0 0.0 0.0 239.0 -1.0 0.0 0.0 -1.0 -1.0 -1.0 0.0 -2.0 -2.0 -1.0 -4.0 -4.0 -3.0 -1.0 -1.0 -1.0 0.0 -3.0 -3.0 -4.0 -2.0 -3.0 -1.0 -2.0 0.0 0.0 -2.0 0.0 -2.0 -1.0 -4.0 -1.0 -2.0 0.0 -4.0 -3.0 -1.0 -3.0 -3.0 -2.0 -4.0 -2.0 -3.0 -1.0 -2.0 0.0 -4.0 0.0 -3.0 -4.0 0.0 -2.0 -3.0 -3.0 -3.0 0.0 -2.0 -3.0 0.0 -3.0 -2.0 -3.0 -2.0 -2.0 -4.0 -1.0 -1.0 0.0 -3.0 -4.0 0.0 -3.0 -3.0 -4.0 -2.0 -3.0 0.0 -3.0 -4.0 -3.0 -4.0 -3.0 -1.0 0.0 -4.0 0.0 -2.0 -4.0 -3.0 -3.0 -2.0 -2.0 0.0 -4.0 -4.0 -2.0 -4.0 -4.0 -3.0 -4.0 
-4.0 0.0 -3.0 0.0 -2.0 -4.0 -3.0 -2.0 -3.0 0.0 -3.0 -3.0 -4.0 -2.0 -2.0 244.0 -3.0 -1.0 -4.0 -3.0 -4.0 -3.0 0.0 -4.0 -3.0 -3.0 -3.0 -3.0 -1.0 -4.0 0.0 -2.0 -4.0 0.0 -3.0 -2.0 -2.0 -3.0 -2.0 0.0 -1.0 -4.0 -1.0 -4.0 -3.0 -4.0 -4.0 -2.0 -3.0 -3.0 -1.0 0.0 -2.0 -2.0 -3.0 -1.0 -3.0 -1.0 -4.0 -2.0 0.0 0.0 -4.0 -3.0 -3.0 -4.0 -2.0 -2.0 -2.0 -2.0 -1.0 0.0 -2.0 -3.0 -1.0 -1.0 -2.0 -3.0 0.0 0.0 -4.0 -3.0 0.0 -2.0 0.0 0.0 -2.0 -4.0 -4.0 -1.0 -3.0 -2.0 -3.0 -4.0 -4.0 -3.0 -2.0 -3.0 0.0 -2.0 -4.0 -2.0 0.0 0.0 -1.0 -2.0 0.0 -3.0 -1.0 -2.0 -2.0 -2.0 -2.0 0.0 -2.0 
-1.0 -3.0 0.0 -3.0 -2.0 -2.0 -2.0 -4.0 -2.0 0.0 -4.0 -2.0 -4.0 -1.0 -3.0 -3.0 240.0 -1.0 -4.0 -1.0 -2.0 -2.0 -4.0 0.0 -2.0 -2.0 -1.0 -1.0 -3.0 -3.0 -3.0 -1.0 -3.0 -2.0 -3.0 -4.0 -2.0 0.0 -1.0 -2.0 0.0 -3.0 -1.0 -2.0 0.0 -2.0 0.0 -4.0 -1.0 -4.0 -1.0 -2.0 -4.0 -4.0 0.0 0.0 -4.0 -1.0 -1.0 -4.0 -3.0 -4.0 -4.0 -2.0 -3.0 0.0 -4.0 -4.0 -4.0 -4.0 0.0 -4.0 -1.0 0.0 -4.0 -2.0 -4.0 -2.0 -4.0 -4.0 0.0 -2.0 -1.0 -2.0 0.0 0.0 -3.0 -4.0 -2.0 -2.0 -1.0 -1.0 -4.0 -1.0 -1.0 -2.0 0.0 -2.0 -4.0 -4.0 -2.0 -3.0 0.0 0.0 -1.0 -2.0 0.0 -3.0 -3.0 0.0 -4.0 -2.0 -1.0 -4.0 -1.0 
0.0 -2.0 -3.0 -4.0 -2.0 -3.0 -4.0 0.0 -1.0 -3.0 -4.0 -1.0 0.0 0.0 -4.0 0.0 -3.0 229.0 -1.0 -1.0 -4.0 -1.0 0.0 -3.0 0.0 -4.0 -2.0 -4.0 0.0 0.0 -4.0 -4.0 -3.0 -1.0 -1.0 -1.0 -2.0 -1.0 -1.0 -1.0 -2.0 -4.0 0.0 -1.0 -1.0 -2.0 -3.0 0.0 0.0 -2.0 -4.0 -3.0 -1.0 0.0 -4.0 -1.0 -3.0 -4.0 -3.0 -4.0 -2.0 0.0 -3.0 -1.0 -4.0 -2.0 -3.0 -4.0 -4.0 0.0 0.0 -3.0 -3.0 -3.0 -1.0 0.0 0.0 -3.0 -1.0 -1.0 0.0 -1.0 -2.0 -1.0 -4.0 -4.0 -2.0 -3.0 -3.0 -2.0 -2.0 -4.0 -2.0 -4.0 0.0 -2.0 -1.0 -1.0 -1.0 -3.0 -2.0 -3.0 -3.0 -3.0 -1.0 -2.0 -3.0 0.0 -1.0 -2.0 -3.0 -4.0 -4.0 0.0 -3.0 
-4.0 -1.0 0.0 -4.0 -1.0 -2.0 0.0 -4.0 -1.0 -1.0 -1.0 -1.0 -1.0 -4.0 -3.0 -4.0 0.0 -2.0 227.0 -1.0 0.0 -1.0 -4.0 0.0 -1.0 -4.0 -1.0 -2.0 -4.0 -1.0 -2.0 -1.0 -3.0 -4.0 -2.0 0.0 -1.0 -4.0 -1.0 -1.0 -2.0 -1.0 -3.0 -3.0 0.0 -4.0 -1.0 -1.0 -1.0 -3.0 -2.0 0.0 -3.0 -1.0 -4.0 -2.0 -2.0 -1.0 -1.0 0.0 -4.0 -3.0 0.0 -4.0 -4.0 -3.0 -1.0 -4.0 -3.0 0.0 -1.0 -4.0 -2.0 0.0 -2.0 0.0 -2.0 -1.0 0.0 -2.0 -3.0 0.0 0.0 -4.0 -4.0 -3.0 -2.0 0.0 -2.0 -1.0 -2.0 0.0 -3.0 -3.0 -2.0 -2.0 -3.0 -4.0 -1.0 -2.0 -2.0 -4.0 -2.0 -1.0 -1.0 -2.0 -4.0 -3.0 -4.0 -2.0 -3.0 -3.0 -4.0 -2.0 -2.0 
-1.0 -3.0 -4.0 -2.0 -4.0 -1.0 -2.0 -2.0 0.0 -1.0 -1.0 -3.0 -2.0 -3.0 0.0 -2.0 -2.0 -1.0 -2.0 242.0 -3.0 -4.0 -1.0 -3.0 -1.0 -1.0 -2.0 -4.0 -3.0 -3.0 0.0 -4.0 -1.0 -1.0 -4.0 -2.0 0.0 -2.0 0.0 -1.0 -3.0 -4.0 0.0 0.0 -4.0 -3.0 -4.0 -1.0 -4.0 0.0 0.0 -1.0 0.0 -1.0 0.0 -3.0 -1.0 -4.0 0.0 -3.0 -2.0 -1.0 -4.0 -1.0 -2.0 -4.0 -3.0 -4.0 -4.0 -4.0 -2.0 0.0 -3.0 -3.0 -2.0 -3.0 -2.0 -4.0 -4.0 0.0 -4.0 -3.0 -1.0 -1.0 -3.0 -4.0 0.0 -3.0 -2.0 -4.0 -4.0 -1.0 -4.0 0.0 -3.0 -3.0 -1.0 0.0 -2.0 -1.0 -1.0 -2.0 -2.0 -1.0 -3.0 -4.0 -3.0 -3.0 -2.0 -3.0 -2.0 -3.0 -2.0 -1.0 -2.0 
-2.0 -4.0 -1.0 -4.0 -2.0 -4.0 -1.0 -4.0 -1.0 -3.0 -4.0 -3.0 0.0 -2.0 0.0 0.0 -3.0 -1.0 -4.0 0.0 238.0 -4.0 -4.0 0.0 -4.0 -1.0 -1.0 0.0 -3.0 0.0 -2.0 -3.0 0.0 -4.0 -3.0 -4.0 0.0 -1.0 -3.0 -4.0 -4.0 -3.0 -2.0 -3.0 -3.0 -3.0 -1.0 -4.0 0.0 -2.0 -1.0 -4.0 -3.0 -3.0 -2.0 -4.0 -1.0 -1.0 -2.0 -3.0 -4.0 -4.0 0.0 -3.0 0.0 -1.0 0.0 -4.0 -3.0 -4.0 -3.0 0.0 -4.0 0.0 -2.0 0.0 -2.0 -1.0 -1.0 -4.0 -4.0 0.0 -1.0 -1.0 -1.0 -3.0 -4.0 -1.0 0.0 -3.0 -3.0 0.0 -4.0 -3.0 0.0 -2.0 -3.0 0.0 0.0 -4.0 -1.0 -2.0 0.0 -3.0 -1.0 -2.0 0.0 -4.0 -3.0 -3.0 -4.0 -1.0 -3.0 -1.0 0.0 
-1.0 -2.0 0.0 -1.0 -1.0 -2.0 -2.0 -1.0 -2.0 0.0 0.0 0.0 -4.0 -3.0 -4.0 0.0 -1.0 0.0 -2.0 -4.0 -3.0 206.0 0.0 -3.0 -4.0 -3.0 -4.0 -2.0 -4.0 0.0 -4.0 -4.0 -4.0 -2.0 0.0 -3.0 0.0 -3.0 -3.0 -4.0 0.0 0.0 0.0 0.0 0.0 0.0 -1.0 -1.0 -3.0 -3.0 0.0 -1.0 -2.0 -4.0 0.0 -2.0 -1.0 -2.0 -1.0 -3.0 -3.0 -2.0 -4.0 -2.0 -1.0 0.0 -1.0 -2.0 -2.0 0.0 -2.0 -3.0 -4.0 -3.0 -3.0 -3.0 -2.0 -1.0 -1.0 -3.0 -2.0 -2.0 -3.0 -3.0 -2.0 -3.0 -2.0 -2.0 0.0 -2.0 -3.0 0.0 -1.0 0.0 0.0 0.0 -3.0 0.0 -2.0 0.0 -2.0 -3.0 0.0 -1.0 0.0 -2.0 -4.0 -3.0 -3.0 -1.0 -2.0 -4.0 0.0 -4.0 -1.0 
-3.0 -2.0 -3.0 -4.0 -4.0 -4.0 -4.0 0.0 0.0 0.0 0.0 -4.0 -1.0 -2.0 -3.0 -4.0 -3.0 -1.0 -4.0 -3.0 -3.0 -2.0 258.0 -1.0 -2.0 -1.0 -4.0 -3.0 -2.0 -2.0 -2.0 -4.0 -2.0 -2.0 0.0 -3.0 -1.0 0.0 -2.0 -1.0 0.0 -1.0 -3.0 0.0 -1.0 -4.0 -3.0 -4.0 -2.0 -4.0 -3.0 -2.0 -2.0 -3.0 -3.0 -4.0 -3.0 -4.0 -1.0 -1.0 -1.0 0.0 -1.0 -4.0 -3.0 -3.0 -2.0 -1.0 -4.0 -3.0 -2.0 -2.0 -3.0 -4.0 0.0 -3.0 -1.0 -1.0 -4.0 -4.0 0.0 -4.0 -1.0 0.0 -4.0 -4.0 -4.0 0.0 -4.0 0.0 -3.0 0.0 -3.0 0.0 -4.0 -1.0 -2.0 -3.0 -3.0 -1.0 -3.0 -3.0 -4.0 -3.0 -1.0 -3.0 -4.0 -3.0 -1.0 -2.0 0.0 -1.0 -4.0 -1.0 -4.0 
-2.0 -3.0 -4.0 -1.0 -4.0 -4.0 -3.0 0.0 -4.0 -3.0 -4.0 -4.0 -3.0 -3.0 -2.0 -4.0 -4.0 -2.0 -2.0 0.0 0.0 -3.0 -4.0 230.0 -3.0 0.0 0.0 -4.0 -4.0 0.0 0.0 -2.0 0.0 -3.0 -1.0 -3.0 -4.0 0.0 0.0 0.0 -3.0 -4.0 -2.0 -4.0 -4.0 0.0 -3.0 -2.0 -4.0 0.0 0.0 -1.0 -2.0 -3.0 -3.0 -1.0 -2.0 -4.0 0.0 0.0 -2.0 0.0 -3.0 -4.0 0.0 -2.0 0.0 -1.0 -1.0 -4.0 0.0 0.0 0.0 0.0 -3.0 -4.0 0.0 0.0 -1.0 -4.0 -4.0 -1.0 -4.0 -4.0 -3.0 0.0 -1.0 -2.0 -3.0 -4.0 0.0 -1.0 -1.0 -1.0 -4.0 -3.0 -1.0 0.0 -4.0 -3.0 -4.0 -4.0 -2.0 0.0 -1.0 -2.0 -1.0 0.0 -2.0 -1.0 -3.0 -4.0 -2.0 0.0 -2.0 
0.0 -4.0 -2.0 -2.0 0.0 0.0 -1.0 -3.0 -4.0 -4.0 -4.0 -4.0 -4.0 0.0 -2.0 0.0 0.0 -2.0 -2.0 0.0 -3.0 -1.0 -4.0 -2.0 218.0 -2.0 -1.0 -3.0 -1.0 -3.0 -4.0 -3.0 -1.0 -2.0 -3.0 0.0 -1.0 0.0 -1.0 -1.0 0.0 -3.0 0.0 0.0 -1.0 -1.0 -4.0 -2.0 -4.0 0.0 -2.0 0.0 0.0 -3.0 -1.0 -2.0 -1.0 0.0 -1.0 0.0 0.0 -3.0 -2.0 0.0 -2.0 -1.0 -3.0 -4.0 -1.0 -2.0 0.0 0.0 -4.0 -3.0 -2.0 -1.0 -3.0 -4.0 -2.0 -1.0 -2.0 -2.0 0.0 -2.0 -2.0 -4.0 -3.0 -4.0 -4.0 -2.0 -4.0 -3.0 -2.0 -1.0 -4.0 0.0 -1.0 -3.0 0.0 -4.0 -2.0 -2.0 -1.0 -4.0 0.0 -4.0 -2.0 -3.0 -2.0 -4.0 -1.0 -2.0 -2.0 -1.0 -4.0 
-2.0 -2.0 -4.0 0.0 0.0 -2.0 -3.0 -2.0 -1.0 -3.0 -2.0 -1.0 -4.0 -3.0 -4.0 -4.0 -3.0 -2.0 -1.0 -1.0 -1.0 -1.0 -4.0 -4.0 -1.0 235.0 -4.0 -4.0 0.0 -2.0 -1.0 -2.0 -3.0 -4.0 -1.0 -3.0 -4.0 0.0 -2.0 -3.0 -1.0 -4.0 -4.0 -4.0 -2.0 -3.0 -4.0 -3.0 0.0 -2.0 -1.0 -2.0 -1.0 0.0 -2.0 -2.0 -1.0 0.0 -4.0 -4.0 -1.0 -2.0 -4.0 -3.0 -4.0 -1.0 -1.0 -4.0 -1.0 -4.0 -4.0 0.0 0.0 -1.0 -4.0 -2.0 -2.0 -1.0 -1.0 -1.0 -3.0 -4.0 -1.0 -4.0 -1.0 -3.0 -3.0 -4.0 -1.0 -2.0 -2.0 -1.0 -3.0 -1.0 0.0 0.0 -2.0 -2.0 0.0 0.0 -3.0 0.0 0.0 -2.0 0.0 -1.0 -1.0 -2.0 -3.0 0.0 -3.0 -3.0 0.0 -4.0 -3.0 
-4.0 -3.0 -2.0 -2.0 -2.0 -2.0 -3.0 -2.0 -2.0 -1.0 -1.0 0.0 -1.0 0.0 -4.0 0.0 0.0 -4.0 -1.0 0.0 -4.0 -3.0 -1.0 0.0 0.0 -4.0 221.0 -4.0 0.0 -1.0 0.0 0.0 -3.0 -4.0 0.0 -1.0 -1.0 -4.0 -2.0 -1.0 -3.0 -1.0 -3.0 0.0 -1.0 -1.0 -2.0 -3.0 -2.0 -2.0 -1.0 -2.0 -1.0 -4.0 -1.0 -4.0 -2.0 -4.0 -1.0 -1.0 -3.0 0.0 -4.0 -1.0 -1.0 0.0 -1.0 -3.0 0.0 0.0 -3.0 -4.0 -2.0 -3.0 -3.0 -1.0 -1.0 -4.0 -4.0 -2.0 -3.0 -1.0 -4.0 -4.0 -1.0 -2.0 -3.0 0.0 -1.0 0.0 -4.0 -3.0 -4.0 -2.0 -4.0 -3.0 -1.0 0.0 -4.0 -4.0 0.0 -2.0 0.0 -2.0 -3.0 -2.0 -3.0 -2.0 -3.0 -3.0 -1.0 -4.0 0.0 -1.0 -1.0 
-3.0 -1.0 -1.0 -4.0 -4.0 -1.0 -1.0 -4.0 -4.0 -1.0 -4.0 -2.0 -1.0 -2.0 -2.0 -1.0 -2.0 -4.0 -2.0 -1.0 -3.0 0.0 0.0 -3.0 -3.0 0.0 0.0 210.0 -4.0 -4.0 -1.0 0.0 -1.0 -3.0 0.0 -1.0 -4.0 -2.0 -3.0 -4.0 -4.0 -2.0 0.0 -3.0 -2.0 -3.0 -3.0 0.0 -1.0 -1.0 0.0 0.0 0.0 -4.0 -3.0 -1.0 -3.0 -4.0 -1.0 -1.0 -3.0 -1.0 -3.0 0.0 -2.0 -1.0 -3.0 -1.0 0.0 -4.0 0.0 -2.0 -4.0 -4.0 -1.0 -3.0 -2.0 -1.0 -3.0 -2.0 -2.0 0.0 0.0 -2.0 0.0 -4.0 -2.0 0.0 0.0 -2.0 -3.0 0.0 -1.0 0.0 0.0 -3.0 0.0 -3.0 0.0 -3.0 -2.0 0.0 -2.0 -4.0 -4.0 -3.0 -1.0 -4.0 0.0 -1.0 0.0 -1.0 -2.0 -1.0 -3.0 
-1.0 -2.0 -3.0 0.0 -2.0 -1.0 -1.0 -3.0 -1.0 0.0 0.0 -2.0 -4.0 -2.0 -2.0 0.0 -3.0 -2.0 -1.0 -4.0 -3.0 0.0 -2.0 -3.0 -2.0 -2.0 -1.0 -4.0 217.0 -1.0 0.0 -2.0 -2.0 -3.0 0.0 0.0 0.0 -3.0 -3.0 -4.0 -1.0 -3.0 0.0 -4.0 0.0 0.0 -2.0 -3.0 -2.0 0.0 0.0 -2.0 0.0 -1.0 -1.0 -2.0 -4.0 -2.0 -4.0 -2.0 -1.0 0.0 -3.0 -1.0 -1.0 -2.0 -1.0 -2.0 -3.0 -1.0 -2.0 -1.0 -3.0 0.0 -3.0 -2.0 0.0 -2.0 0.0 -1.0 -4.0 -4.0 -1.0 -3.0 -4.0 -4.0 -3.0 -1.0 -2.0 -1.0 -1.0 -3.0 -3.0 -2.0 -1.0 0.0 -4.0 0.0 -3.0 0.0 -4.0 -4.0 -3.0 -3.0 -3.0 -4.0 -4.0 -4.0 -1.0 -3.0 -3.0 -2.0 -1.0 -2.0 -1.0 
-1.0 0.0 -1.0 -2.0 -3.0 -4.0 -1.0 -2.0 -4.0 -4.0 -3.0 -1.0 -4.0 0.0 -4.0 -1.0 -4.0 0.0 0.0 -4.0 0.0 -1.0 -2.0 -2.0 -3.0 -2.0 0.0 -4.0 -4.0 244.0 -4.0 0.0 -1.0 0.0 -4.0 -1.0 -4.0 0.0 -1.0 -1.0 -3.0 -4.0 -1.0 -1.0 -2.0 -4.0 0.0 -4.0 -2.0 -4.0 -4.0 -4.0 -4.0 -3.0 0.0 -3.0 0.0 0.0 -1.0 0.0 -1.0 -4.0 -1.0 -2.0 -1.0 -3.0 -4.0 -4.0 -3.0 -1.0 -2.0 -4.0 -4.0 0.0 -2.0 -3.0 -4.0 -2.0 0.0 -1.0 0.0 -3.0 -4.0 -2.0 -1.0 -1.0 -2.0 -4.0 -1.0 -2.0 0.0 -1.0 0.0 -4.0 -2.0 0.0 -4.0 -2.0 -2.0 -4.0 -3.0 -2.0 -3.0 -2.0 -4.0 -1.0 -4.0 -4.0 -4.0 -4.0 -2.0 -2.0 -3.0 0.0 0.0 
-4.0 -3.0 -1.0 0.0 0.0 -2.0 0.0 -2.0 -3.0 0.0 -2.0 -3.0 -4.0 0.0 -4.0 0.0 -3.0 0.0 -3.0 -1.0 -1.0 -3.0 0.0 -4.0 -4.0 -3.0 -2.0 -3.0 -4.0 0.0 223.0 -3.0 -4.0 0.0 -3.0 -2.0 -1.0 -3.0 -2.0 -2.0 -2.0 0.0 -1.0 -1.0 -3.0 -4.0 0.0 -4.0 0.0 -2.0 -2.0 -3.0 -4.0 -3.0 0.0 -2.0 -3.0 -4.0 0.0 -1.0 -4.0 -4.0 0.0 -1.0 0.0 0.0 -2.0 -4.0 -4.0 -4.0 -3.0 -2.0 -3.0 -2.0 -3.0 -4.0 -1.0 0.0 0.0 0.0 -1.0 -4.0 0.0 0.0 -4.0 -2.0 -4.0 -2.0 -2.0 0.0 -2.0 0.0 -3.0 -1.0 -4.0 -3.0 -1.0 0.0 -1.0 0.0 -1.0 -3.0 -2.0 -4.0 -2.0 -1.0 -4.0 -3.0 -2.0 -3.0 0.0 -2.0 -1.0 -2.0 0.0 
0.0 -2.0 -3.0 -4.0 -2.0 -2.0 0.0 -4.0 0.0 0.0 -3.0 -1.0 -3.0 -2.0 -2.0 -4.0 -2.0 -2.0 -1.0 -3.0 -1.0 -3.0 0.0 -2.0 -4.0 0.0 -2.0 -1.0 -4.0 0.0 -3.0 233.0 -3.0 -4.0 0.0 -4.0 0.0 0.0 -2.0 -1.0 -4.0 0.0 -3.0 -3.0 -1.0 -2.0 -3.0 -1.0 0.0 0.0 -2.0 -1.0 -4.0 0.0 -1.0 -3.0 -1.0 0.0 -2.0 -3.0 -3.0 -2.0 -1.0 -2.0 -2.0 -4.0 -3.0 0.0 -3.0 -3.0 -2.0 0.0 -1.0 -4.0 -2.0 -3.0 -3.0 -3.0 -3.0 -3.0 -1.0 -2.0 -1.0 -1.0 -1.0 -3.0 0.0 -3.0 -4.0 -2.0 -3.0 -3.0 -3.0 -2.0 -3.0 -1.0 -2.0 -4.0 -3.0 -3.0 -4.0 -3.0 -3.0 -2.0 -1.0 -3.0 -1.0 -3.0 -4.0 -2.0 0.0 -1.0 -2.0 -1.0 -3.0 
-3.0 -4.0 -4.0 -1.0 -3.0 -3.0 -4.0 -1.0 0.0 -3.0 -1.0 -3.0 -3.0 -3.0 0.0 -4.0 -4.0 -3.0 -1.0 -3.0 -4.0 -3.0 -1.0 0.0 -1.0 0.0 -4.0 -1.0 -2.0 0.0 -4.0 -1.0 243.0 -2.0 -2.0 -1.0 -4.0 -2.0 -3.0 -4.0 -1.0 -3.0 -2.0 0.0 -4.0 0.0 -4.0 -1.0 -2.0 -4.0 0.0 0.0 0.0 -4.0 -3.0 -1.0 -4.0 -2.0 -3.0 0.0 -2.0 -4.0 0.0 -3.0 0.0 -2.0 -4.0 -2.0 -1.0 -2.0 -3.0 -4.0 -2.0 -1.0 0.0 -1.0 -3.0 -4.0 0.0 0.0 -2.0 -4.0 -1.0 -3.0 -2.0 -2.0 -1.0 -1.0 -3.0 -2.0 -2.0 0.0 -3.0 -4.0 -2.0 -3.0 0.0 0.0 0.0 -4.0 -3.0 -1.0 -4.0 -4.0 -4.0 -1.0 -1.0 -1.0 -4.0 -3.0 -3.0 -4.0 -4.0 -1.0 0.0 
-2.0 -3.0 -4.0 -1.0 -2.0 0.0 -3.0 -4.0 -4.0 0.0 -1.0 -3.0 0.0 0.0 -2.0 -3.0 -2.0 -3.0 -1.0 -4.0 0.0 -2.0 -1.0 -3.0 0.0 -3.0 -1.0 -3.0 -4.0 -2.0 0.0 0.0 0.0 223.0 -3.0 -3.0 -3.0 0.0 -1.0 -2.0 -3.0 -3.0 0.0 0.0 -2.0 -4.0 -2.0 -3.0 0.0 -2.0 -3.0 -2.0 -3.0 -4.0 -4.0 0.0 -4.0 -4.0 -3.0 0.0 -4.0 -2.0 0.0 0.0 -3.0 -3.0 -3.0 -3.0 0.0 0.0 -1.0 0.0 -1.0 0.0 -4.0 -2.0 -2.0 -3.0 -1.0 -1.0 -4.0 -2.0 -2.0 -2.0 -4.0 -3.0 -1.0 -3.0 -3.0 -4.0 -1.0 0.0 -3.0 -2.0 -3.0 -4.0 -4.0 -1.0 0.0 -3.0 -3.0 0.0 -2.0 -1.0 -1.0 0.0 -1.0 0.0 -2.0 -3.0 -2.0 -4.0 -3.0 0.0 0.0 
-3.0 0.0 0.0 0.0 0.0 -4.0 -1.0 -2.0 -3.0 -2.0 -2.0 -1.0 -2.0 -4.0 -3.0 -1.0 -2.0 0.0 0.0 -3.0 0.0 -1.0 -3.0 -4.0 -2.0 -1.0 -1.0 -4.0 -2.0 -3.0 -4.0 -4.0 -2.0 0.0 244.0 -1.0 -2.0 -2.0 -3.0 -2.0 -1.0 -3.0 -3.0 -4.0 0.0 0.0 -3.0 -2.0 -3.0 0.0 -1.0 -4.0 -1.0 -2.0 -1.0 -4.0 -4.0 -4.0 -1.0 -4.0 -2.0 -4.0 -3.0 -2.0 0.0 -4.0 -1.0 0.0 -3.0 -3.0 -1.0 -4.0 -4.0 -2.0 -4.0 0.0 -1.0 -4.0 -1.0 -1.0 -1.0 0.0 -4.0 0.0 -4.0 -3.0 -4.0 -4.0 -3.0 0.0 -3.0 -4.0 0.0 -1.0 0.0 -4.0 -3.0 -3.0 -3.0 -3.0 -2.0 -2.0 0.0 -1.0 -3.0 -3.0 -1.0 -3.0 -2.0 -4.0 -3.0 -1.0 -3.0 -2.0 -4.0 
-3.0 -3.0 -2.0 -4.0 0.0 -3.0 -1.0 -1.0 -3.0 0.0 -3.0 -3.0 -1.0 -4.0 -2.0 -3.0 -3.0 0.0 -3.0 -1.0 -3.0 -3.0 -4.0 -2.0 -3.0 -1.0 -1.0 -4.0 0.0 -1.0 -4.0 -3.0 -2.0 -2.0 -1.0 223.0 -3.0 0.0 -4.0 0.0 -1.0 0.0 -2.0 -3.0 -2.0 -1.0 -2.0 -3.0 -4.0 -4.0 -4.0 -2.0 -1.0 0.0 0.0 -1.0 -3.0 0.0 -2.0 -1.0 0.0 -3.0 -1.0 -2.0 -4.0 0.0 -2.0 -2.0 -2.0 -4.0 -3.0 -4.0 -2.0 -2.0 0.0 -4.0 -3.0 0.0 0.0 -1.0 -4.0 -4.0 -2.0 -3.0 -3.0 -2.0 -2.0 -1.0 -4.0 -2.0 -2.0 -4.0 -1.0 -3.0 0.0 0.0 0.0 -2.0 -1.0 0.0 -2.0 -4.0 -2.0 -1.0 -3.0 -1.0 0.0 -3.0 -1.0 0.0 -1.0 -1.0 -3.0 -1.0 -1.0 
0.0 0.0 -1.0 0.0 -3.0 -2.0 -2.0 0.0 -3.0 -4.0 -4.0 -2.0 0.0 -2.0 -3.0 -1.0 -1.0 -2.0 -2.0 0.0 -2.0 -1.0 -1.0 -2.0 -4.0 -4.0 -1.0 0.0 -2.0 -4.0 -1.0 -2.0 -3.0 0.0 -3.0 -4.0 218.0 -1.0 0.0 -3.0 0.0 -4.0 -2.0 -3.0 0.0 -3.0 -3.0 -2.0 -1.0 -2.0 -4.0 -3.0 -4.0 -1.0 -2.0 -4.0 -4.0 0.0 -2.0 -2.0 0.0 -2.0 -2.0 0.0 0.0 -3.0 0.0 -4.0 -2.0 -4.0 -2.0 -1.0 -3.0 -1.0 0.0 -1.0 0.0 0.0 -1.0 0.0 -4.0 -2.0 0.0 -2.0 0.0 -4.0 -1.0 -3.0 -3.0 -1.0 0.0 -1.0 -4.0 -3.0 -3.0 -3.0 -3.0 -3.0 -3.0 -3.0 0.0 -1.0 -4.0 -4.0 -2.0 -2.0 -1.0 -3.0 -1.0 0.0 -3.0 -3.0 -1.0 -4.0 -1.0 
-3.0 0.0 -3.0 -3.0 -4.0 -2.0 -2.0 0.0 0.0 -1.0 -2.0 -3.0 -1.0 -3.0 0.0 -1.0 -4.0 -1.0 -4.0 0.0 -2.0 -2.0 0.0 0.0 -1.0 -2.0 -1.0 -1.0 -2.0 0.0 -2.0 -4.0 -4.0 0.0 -4.0 -1.0 -3.0 227.0 -4.0 -2.0 -1.0 -4.0 -4.0 -1.0 0.0 -4.0 0.0 0.0 -4.0 -2.0 0.0 -4.0 0.0 0.0 -4.0 -2.0 -3.0 -1.0 0.0 -3.0 0.0 -4.0 -4.0 -2.0 0.0 -1.0 -2.0 -3.0 -1.0 -4.0 -1.0 -2.0 -2.0 -3.0 0.0 -2.0 -3.0 -4.0 -1.0 -3.0 -2.0 -1.0 -4.0 -3.0 -4.0 -1.0 -1.0 0.0 -1.0 -1.0 -3.0 -2.0 -4.0 -4.0 -3.0 -2.0 0.0 0.0 -2.0 -2.0 -2.0 -2.0 -2.0 -1.0 -1.0 0.0 -2.0 -4.0 -2.0 -3.0 -4.0 -2.0 -3.0 -4.0 -4.0 
-3.0 -1.0 -2.0 -1.0 -2.0 -4.0 -2.0 -3.0 -1.0 -3.0 -3.0 -3.0 -1.0 -2.0 -3.0 -1.0 -2.0 -3.0 -3.0 -2.0 -4.0 -4.0 -1.0 -3.0 0.0 -3.0 -4.0 0.0 -3.0 -2.0 -2.0 -3.0 -2.0 -3.0 -3.0 -1.0 -4.0 -4.0 253.0 -1.0 0.0 -1.0 -4.0 -2.0 -4.0 -2.0 -4.0 -3.0 -3.0 -2.0 -2.0 0.0 0.0 -4.0 0.0 -3.0 -2.0 0.0 0.0 0.0 -4.0 -4.0 -2.0 0.0 -2.0 -1.0 0.0 -2.0 0.0 -2.0 -4.0 -4.0 -2.0 -1.0 -3.0 -2.0 -4.0 -1.0 -3.0 -4.0 -1.0 -1.0 -3.0 -2.0 -3.0 -3.0 -4.0 0.0 -4.0 0.0 -3.0 -2.0 -2.0 -4.0 -1.0 -3.0 -1.0 -3.0 -3.0 -1.0 -2.0 -3.0 -2.0 -4.0 -4.0 -3.0 0.0 -4.0 -2.0 -2.0 -1.0 -4.0 0.0 -4.0 -1.0 
-1.0 0.0 0.0 0.0 -1.0 -1.0 0.0 0.0 -2.0 0.0 -2.0 -4.0 -2.0 -2.0 -2.0 0.0 0.0 -1.0 -1.0 -4.0 -4.0 -3.0 0.0 0.0 -4.0 -3.0 0.0 0.0 0.0 -4.0 -1.0 -3.0 -1.0 0.0 -4.0 -2.0 -1.0 -1.0 -3.0 220.0 -3.0 -2.0 0.0 -2.0 -2.0 -3.0 -2.0 -4.0 -4.0 -4.0 -2.0 -2.0 -1.0 -3.0 -1.0 -3.0 -3.0 -2.0 -4.0 -1.0 -3.0 -4.0 0.0 -3.0 -3.0 0.0 -3.0 -2.0 -1.0 -4.0 -2.0 -1.0 0.0 -4.0 -1.0 -3.0 -1.0 -4.0 -4.0 -3.0 -2.0 -2.0 0.0 0.0 -3.0 0.0 -1.0 -2.0 -3.0 -1.0 -1.0 -1.0 -2.0 -1.0 -3.0 -3.0 -1.0 -4.0 0.0 -3.0 -3.0 -4.0 -1.0 -2.0 -3.0 0.0 -4.0 0.0 -2.0 -4.0 -3.0 -4.0 -2.0 0.0 -4.0 
-2.0 -4.0 0.0 -3.0 -1.0 -1.0 -3.0 -2.0 -2.0 -1.0 -1.0 -3.0 -2.0 0.0 -2.0 0.0 -2.0 -4.0 -4.0 -2.0 -1.0 -1.0 -2.0 -2.0 -2.0 -1.0 -2.0 0.0 -3.0 -3.0 -2.0 -4.0 -3.0 -4.0 -1.0 -4.0 -2.0 0.0 -3.0 -1.0 221.0 -1.0 0.0 0.0 -1.0 -2.0 -4.0 -4.0 -2.0 -3.0 -1.0 -3.0 -3.0 -4.0 -4.0 -1.0 -3.0 -2.0 -1.0 -1.0 -2.0 -1.0 -4.0 0.0 -4.0 -4.0 0.0 -3.0 -2.0 -3.0 0.0 -4.0 0.0 -2.0 -2.0 -4.0 -2.0 -4.0 -2.0 -2.0 -3.0 -3.0 -4.0 -1.0 0.0 -1.0 -3.0 0.0 0.0 0.0 -3.0 -4.0 0.0 0.0 -1.0 -1.0 -2.0 -2.0 -2.0 -4.0 0.0 -3.0 -3.0 -1.0 0.0 -1.0 -3.0 0.0 -3.0 0.0 -3.0 -1.0 -1.0 -1.0 -2.0 
-2.0 -1.0 -2.0 -2.0 0.0 -2.0 -1.0 -1.0 0.0 -1.0 -1.0 0.0 -1.0 0.0 -1.0 -3.0 -4.0 -3.0 -1.0 -4.0 -1.0 -4.0 -1.0 -1.0 -1.0 -3.0 -4.0 -4.0 -3.0 -3.0 -2.0 -3.0 -1.0 -1.0 -2.0 0.0 -1.0 -3.0 -1.0 -4.0 -3.0 217.0 -3.0 -3.0 -2.0 -2.0 -2.0 -2.0 -2.0 0.0 -4.0 -2.0 -1.0 0.0 -4.0 -4.0 -1.0 0.0 -3.0 -2.0 -2.0 0.0 -2.0 -1.0 0.0 -3.0 0.0 0.0 0.0 -2.0 -4.0 -1.0 -3.0 -2.0 -3.0 0.0 0.0 -2.0 -2.0 -3.0 -1.0 -3.0 -3.0 -2.0 -3.0 -1.0 0.0 0.0 -3.0 -3.0 -3.0 -1.0 -4.0 -1.0 0.0 -3.0 -4.0 -2.0 -1.0 0.0 -4.0 -1.0 -4.0 -4.0 -3.0 -1.0 -4.0 -2.0 -2.0 0.0 -4.0 -1.0 -4.0 0.0 -2.0 
-4.0 -2.0 -2.0 -3.0 -1.0 -1.0 -1.0 -3.0 -4.0 -3.0 0.0 -4.0 -2.0 -1.0 -3.0 -3.0 -2.0 -2.0 -4.0 -2.0 -2.0 0.0 -3.0 -1.0 -4.0 -4.0 -3.0 -2.0 -2.0 0.0 0.0 -3.0 -3.0 -3.0 -3.0 -1.0 -2.0 0.0 -4.0 0.0 0.0 -4.0 245.0 -2.0 -2.0 -1.0 -4.0 -1.0 -1.0 -1.0 -2.0 -1.0 -1.0 -3.0 0.0 0.0 0.0 -2.0 -1.0 -1.0 -4.0 -2.0 0.0 -3.0 -1.0 -4.0 -1.0 -1.0 -2.0 -4.0 -3.0 -4.0 -1.0 -4.0 -2.0 -4.0 0.0 -4.0 -3.0 -4.0 -4.0 -1.0 -2.0 -1.0 -4.0 0.0 -3.0 0.0 -2.0 -1.0 -4.0 0.0 -4.0 0.0 -3.0 -1.0 -4.0 -2.0 -4.0 -4.0 0.0 -4.0 -4.0 -4.0 -4.0 -3.0 -1.0 -1.0 0.0 -3.0 -1.0 0.0 -4.0 -3.0 -4.0 
-3.0 -2.0 -1.0 -1.0 -2.0 -2.0 -1.0 -2.0 0.0 0.0 -4.0 -4.0 -2.0 -2.0 -3.0 -2.0 -3.0 -4.0 -4.0 0.0 -1.0 -1.0 -1.0 -2.0 -4.0 -4.0 0.0 -4.0 0.0 -3.0 -2.0 -2.0 0.0 -3.0 -2.0 -2.0 -4.0 -2.0 -2.0 -2.0 -4.0 -2.0 -4.0 214.0 -4.0 -3.0 -2.0 -3.0 -2.0 -1.0 0.0 0.0 -2.0 0.0 -3.0 -1.0 -2.0 0.0 -4.0 -1.0 -1.0 -4.0 0.0 -2.0 -1.0 0.0 -4.0 -3.0 -1.0 0.0 -3.0 -2.0 0.0 -2.0 -3.0 -1.0 -2.0 -4.0 -1.0 -1.0 -4.0 -4.0 -3.0 -1.0 0.0 -4.0 -2.0 -1.0 -3.0 -4.0 -3.0 -2.0 -4.0 0.0 0.0 -2.0 0.0 0.0 -2.0 -1.0 -2.0 0.0 -1.0 -1.0 -2.0 -2.0 -2.0 0.0 -2.0 -1.0 0.0 -3.0 -1.0 0.0 -1.0 
-2.0 -3.0 -3.0 -2.0 -4.0 -1.0 -2.0 -4.0 0.0 0.0 -3.0 -1.0 -2.0 -2.0 0.0 -1.0 -2.0 0.0 -3.0 -3.0 -1.0 -1.0 -4.0 -4.0 -2.0 -1.0 -4.0 -3.0 -1.0 -2.0 -4.0 -2.0 -4.0 0.0 -3.0 0.0 -4.0 0.0 -2.0 -3.0 -1.0 -3.0 -2.0 -4.0 235.0 -3.0 -1.0 -3.0 -3.0 -1.0 -2.0 -4.0 -3.0 -1.0 -3.0 -1.0 -1.0 -2.0 0.0 -1.0 0.0 -2.0 -4.0 -4.0 -1.0 -1.0 -1.0 -4.0 -1.0 -2.0 0.0 -4.0 0.0 -1.0 -1.0 -3.0 -4.0 -4.0 -3.0 -4.0 -3.0 -1.0 0.0 0.0 -3.0 -1.0 -1.0 -4.0 -2.0 0.0 -2.0 -3.0 0.0 -1.0 -1.0 -1.0 -4.0 -1.0 -4.0 -1.0 -3.0 0.0 -4.0 -4.0 -1.0 -1.0 -3.0 -3.0 -2.0 -3.0 -2.0 -2.0 -4.0 0.0 -4.0 
0.0 -1.0 -2.0 -3.0 -4.0 -4.0 0.0 0.0 -4.0 -2.0 -3.0 -4.0 0.0 -2.0 -4.0 -2.0 -4.0 -3.0 0.0 -2.0 0.0 -2.0 -4.0 -1.0 -1.0 -3.0 -2.0 0.0 -1.0 0.0 0.0 -3.0 0.0 -3.0 -3.0 0.0 -1.0 -4.0 0.0 0.0 -2.0 -4.0 -4.0 -2.0 -3.0 251.0 -3.0 -2.0 -1.0 -3.0 -4.0 0.0 -1.0 -2.0 -4.0 -1.0 0.0 -3.0 -1.0 0.0 -4.0 -1.0 -1.0 -4.0 -4.0 -4.0 -1.0 0.0 -2.0 -3.0 -4.0 0.0 -2.0 -1.0 -4.0 -4.0 0.0 0.0 -3.0 -1.0 -3.0 -2.0 -4.0 -4.0 -4.0 -2.0 -3.0 -1.0 -4.0 -1.0 -2.0 -3.0 0.0 -4.0 -1.0 -2.0 -4.0 -4.0 -4.0 -4.0 -4.0 -3.0 -4.0 -3.0 -1.0 -4.0 -1.0 -2.0 -2.0 -2.0 -4.0 -3.0 -3.0 -1.0 -3.0 
-3.0 -2.0 -1.0 -1.0 -1.0 0.0 -3.0 -4.0 -1.0 -3.0 -3.0 -3.0 -4.0 -1.0 -1.0 -2.0 -2.0 -2.0 -3.0 -2.0 0.0 0.0 -1.0 -2.0 -4.0 -2.0 0.0 -3.0 -2.0 -4.0 -2.0 -3.0 -4.0 0.0 -1.0 -1.0 -3.0 -4.0 -2.0 0.0 -2.0 0.0 -3.0 -1.0 -4.0 -1.0 222.0 0.0 -2.0 -1.0 -1.0 -2.0 -2.0 -4.0 -1.0 -3.0 -3.0 0.0 -2.0 -2.0 -4.0 -1.0 -4.0 -3.0 -2.0 -1.0 -1.0 -4.0 -3.0 -2.0 -3.0 0.0 -3.0 0.0 -3.0 -3.0 0.0 0.0 0.0 0.0 -3.0 -1.0 -4.0 -2.0 -1.0 0.0 -2.0 -2.0 -2.0 -4.0 -1.0 -4.0 -3.0 -1.0 -1.0 -4.0 -3.0 0.0 -4.0 -3.0 -1.0 -1.0 0.0 -2.0 -3.0 -3.0 -2.0 0.0 0.0 -1.0 -1.0 0.0 -4.0 -4.0 -4.0 
-3.0 -2.0 0.0 -2.0 -3.0 0.0 -4.0 0.0 -1.0 0.0 -2.0 -2.0 -2.0 -1.0 -4.0 -3.0 0.0 -2.0 -3.0 0.0 -1.0 -3.0 -4.0 -4.0 -4.0 -3.0 -3.0 -3.0 -2.0 -2.0 -3.0 -3.0 -3.0 0.0 -1.0 -1.0 -2.0 -2.0 -4.0 -4.0 -3.0 0.0 -3.0 -2.0 -3.0 -3.0 -4.0 240.0 -1.0 -2.0 -1.0 -4.0 -3.0 -4.0 -1.0 -2.0 -2.0 -4.0 -2.0 -4.0 -1.0 0.0 -1.0 -1.0 -2.0 -2.0 -3.0 -3.0 -3.0 -2.0 -2.0 -2.0 -2.0 -4.0 -4.0 -4.0 -3.0 -4.0 0.0 -3.0 -3.0 0.0 -3.0 -4.0 -4.0 -2.0 -1.0 -1.0 0.0 -1.0 -1.0 -3.0 -4.0 -1.0 0.0 -1.0 -4.0 -1.0 0.0 -3.0 -2.0 -1.0 0.0 -1.0 0.0 0.0 -1.0 -3.0 -1.0 -2.0 -4.0 -2.0 0.0 -2.0 -4.0 
-1.0 -4.0 -2.0 0.0 0.0 -4.0 -3.0 -3.0 -4.0 -1.0 -4.0 0.0 -4.0 -3.0 -2.0 -3.0 0.0 -3.0 -4.0 -4.0 -3.0 -3.0 -4.0 -2.0 -2.0 -1.0 -2.0 -1.0 -4.0 0.0 -3.0 -3.0 -3.0 -4.0 -2.0 0.0 -3.0 -2.0 -3.0 -1.0 -4.0 -2.0 -1.0 -4.0 -2.0 -3.0 -1.0 -4.0 247.0 -1.0 -3.0 -4.0 -2.0 -1.0 -3.0 0.0 -3.0 -1.0 -3.0 -2.0 -3.0 -4.0 -3.0 -3.0 -1.0 -4.0 -4.0 -4.0 0.0 -1.0 -2.0 0.0 0.0 -1.0 0.0 0.0 0.0 -3.0 0.0 -4.0 -1.0 -4.0 -4.0 -3.0 -1.0 0.0 -3.0 -2.0 -1.0 -4.0 -1.0 -3.0 -3.0 0.0 -3.0 -4.0 -3.0 0.0 -3.0 -3.0 -1.0 -3.0 -1.0 -3.0 -2.0 -1.0 -2.0 -2.0 -1.0 -3.0 0.0 -1.0 -1.0 0.0 -4.0 
-4.0 -1.0 -4.0 0.0 -2.0 -2.0 0.0 -3.0 -1.0 -3.0 -1.0 -3.0 0.0 0.0 -1.0 -2.0 -2.0 -3.0 0.0 -2.0 0.0 0.0 -4.0 -3.0 -2.0 -2.0 -1.0 -2.0 -3.0 -3.0 -4.0 0.0 -3.0 -4.0 -1.0 -4.0 -1.0 0.0 0.0 -3.0 0.0 -1.0 -3.0 -2.0 -4.0 -3.0 -4.0 -3.0 -1.0 226.0 -1.0 -3.0 -3.0 -3.0 -1.0 -3.0 -4.0 -1.0 0.0 -1.0 -3.0 -1.0 0.0 -4.0 -2.0 -4.0 0.0 -2.0 -2.0 -4.0 -2.0 -2.0 0.0 -4.0 -1.0 -1.0 -1.0 -4.0 -3.0 -2.0 -1.0 -4.0 -3.0 -2.0 0.0 -2.0 -3.0 -3.0 -4.0 -2.0 -2.0 -2.0 -3.0 0.0 0.0 -2.0 -4.0 0.0 -3.0 -4.0 -4.0 -2.0 0.0 -3.0 -1.0 0.0 -3.0 -2.0 -3.0 0.0 -1.0 0.0 -3.0 -2.0 -1.0 
0.0 0.0 -4.0 -2.0 -1.0 0.0 -2.0 -4.0 -4.0 -3.0 0.0 -1.0 0.0 -4.0 -4.0 0.0 -3.0 -4.0 -1.0 -1.0 0.0 -4.0 0.0 -1.0 -3.0 -1.0 -1.0 -3.0 -4.0 0.0 -2.0 -1.0 0.0 -3.0 0.0 -3.0 0.0 -2.0 -1.0 -2.0 -3.0 -1.0 -1.0 0.0 -2.0 -4.0 -2.0 0.0 -1.0 -3.0 234.0 -4.0 -3.0 -4.0 -4.0 -1.0 -1.0 -2.0 -2.0 0.0 -2.0 0.0 -3.0 -2.0 -1.0 0.0 -1.0 -1.0 -3.0 0.0 -1.0 -4.0 0.0 -3.0 -4.0 -3.0 -3.0 -2.0 -4.0 -3.0 0.0 -4.0 -4.0 0.0 -3.0 -3.0 -2.0 -3.0 0.0 -2.0 -3.0 0.0 -3.0 -3.0 -3.0 -3.0 -1.0 -3.0 -1.0 -4.0 -2.0 -4.0 -3.0 0.0 -3.0 -4.0 -4.0 -4.0 -3.0 -4.0 0.0 -3.0 -1.0 -4.0 -3.0 
-3.0 0.0 -2.0 -4.0 -2.0 0.0 -4.0 -4.0 -3.0 -1.0 0.0 -1.0 -4.0 -1.0 -4.0 0.0 -3.0 -3.0 0.0 0.0 -2.0 -2.0 0.0 0.0 -3.0 -1.0 -2.0 -2.0 0.0 0.0 -1.0 -3.0 -3.0 -2.0 -1.0 -2.0 -4.0 -3.0 -1.0 -4.0 -1.0 0.0 0.0 -2.0 -3.0 -3.0 0.0 -2.0 0.0 0.0 -1.0 203.0 -4.0 -4.0 0.0 0.0 0.0 -4.0 -2.0 -1.0 -4.0 -4.0 -1.0 -1.0 -2.0 -2.0 -1.0 -4.0 0.0 -1.0 0.0 0.0 0.0 -4.0 -2.0 -1.0 -3.0 -1.0 -4.0 -2.0 -4.0 -3.0 0.0 -3.0 -4.0 -3.0 0.0 -2.0 -1.0 0.0 0.0 -4.0 0.0 0.0 -2.0 -2.0 -1.0 -4.0 -1.0 -1.0 0.0 -3.0 0.0 -2.0 -1.0 -4.0 0.0 -3.0 -1.0 -4.0 -2.0 -2.0 -3.0 -2.0 -2.0 
-2.0 -2.0 -4.0 -3.0 -1.0 -2.0 0.0 0.0 -1.0 0.0 0.0 0.0 0.0 -3.0 -2.0 -1.0 -2.0 -2.0 0.0 0.0 -1.0 0.0 -3.0 -2.0 -2.0 -3.0 -1.0 -3.0 -1.0 -2.0 -4.0 -1.0 -3.0 -3.0 -4.0 -3.0 0.0 -1.0 -2.0 -4.0 -1.0 -1.0 -3.0 -4.0 -2.0 0.0 -3.0 -2.0 -2.0 0.0 -1.0 -2.0 218.0 -1.0 -1.0 -2.0 -3.0 0.0 -4.0 -4.0 -4.0 -3.0 -1.0 -2.0 -1.0 -3.0 -3.0 -4.0 0.0 -3.0 -4.0 -1.0 -1.0 0.0 -2.0 -1.0 -2.0 0.0 -2.0 -2.0 -1.0 -2.0 -3.0 -4.0 -2.0 0.0 -3.0 -2.0 -1.0 0.0 -3.0 -1.0 -2.0 -2.0 -1.0 -4.0 -1.0 0.0 -2.0 -3.0 -3.0 -3.0 -2.0 -4.0 -3.0 -2.0 -4.0 -3.0 -3.0 -1.0 0.0 -1.0 -2.0 -3.0 -4.0 
-2.0 -1.0 -4.0 -4.0 -3.0 0.0 -4.0 -3.0 0.0 -3.0 -4.0 0.0 -3.0 -1.0 -4.0 -4.0 -1.0 -1.0 -4.0 0.0 -4.0 -3.0 0.0 -4.0 -1.0 0.0 -4.0 -2.0 0.0 -4.0 -1.0 -1.0 -4.0 -4.0 -1.0 -2.0 -3.0 -1.0 -2.0 -4.0 -3.0 0.0 -2.0 0.0 -4.0 -3.0 -2.0 0.0 -1.0 -4.0 -4.0 -3.0 -2.0 249.0 0.0 -1.0 -2.0 0.0 -2.0 -4.0 -4.0 -3.0 -4.0 -4.0 -3.0 -4.0 -1.0 -3.0 -3.0 -2.0 -2.0 -4.0 -1.0 -4.0 -2.0 -1.0 -4.0 -2.0 -2.0 -3.0 -3.0 -2.0 0.0 -3.0 -4.0 -2.0 -4.0 -2.0 -2.0 0.0 0.0 -1.0 0.0 -3.0 0.0 -2.0 -3.0 -4.0 0.0 0.0 -2.0 -4.0 0.0 -4.0 0.0 -1.0 -2.0 -2.0 -3.0 -2.0 -2.0 -4.0 -1.0 -2.0 -1.0 
0.0 -3.0 -4.0 -1.0 -4.0 0.0 -4.0 -2.0 -3.0 0.0 0.0 -2.0 -2.0 -1.0 -2.0 -2.0 -1.0 0.0 -3.0 0.0 0.0 -4.0 0.0 -1.0 -4.0 -4.0 -2.0 -4.0 -3.0 -4.0 -4.0 -3.0 -4.0 -1.0 -1.0 -4.0 -2.0 -2.0 -4.0 -2.0 0.0 -4.0 -2.0 0.0 -4.0 -3.0 -1.0 -4.0 -2.0 -1.0 -3.0 -4.0 0.0 -3.0 253.0 -4.0 0.0 -1.0 -2.0 -3.0 -3.0 -3.0 -4.0 -3.0 -3.0 -3.0 0.0 -4.0 -3.0 -1.0 -2.0 -3.0 0.0 -4.0 -3.0 -4.0 -3.0 0.0 -2.0 -2.0 -1.0 -3.0 0.0 -4.0 -2.0 -4.0 -2.0 0.0 0.0 -3.0 -2.0 0.0 -1.0 0.0 -4.0 -3.0 0.0 -4.0 -3.0 0.0 -2.0 -1.0 -4.0 -3.0 -1.0 0.0 -1.0 -1.0 -4.0 -4.0 -4.0 -3.0 -4.0 -3.0 -4.0 
-4.0 -3.0 -1.0 -4.0 0.0 -2.0 -4.0 -1.0 -4.0 -3.0 -4.0 -4.0 0.0 -1.0 0.0 -3.0 -2.0 -3.0 -3.0 -2.0 -3.0 -4.0 -3.0 -4.0 -4.0 -1.0 -2.0 -4.0 -1.0 0.0 0.0 -4.0 -2.0 -2.0 -1.0 0.0 -2.0 -3.0 -1.0 -4.0 0.0 -1.0 0.0 -1.0 -4.0 0.0 0.0 -1.0 -4.0 -2.0 -1.0 -3.0 -4.0 -2.0 0.0 224.0 -2.0 -3.0 0.0 -4.0 -2.0 -1.0 -4.0 -2.0 0.0 -1.0 -1.0 -4.0 -1.0 0.0 -2.0 -3.0 -2.0 -3.0 -3.0 -3.0 -2.0 -1.0 0.0 0.0 -1.0 0.0 -4.0 -4.0 -3.0 -2.0 -2.0 -1.0 -3.0 -2.0 -1.0 -3.0 -1.0 -1.0 -1.0 -3.0 -3.0 0.0 -2.0 -2.0 -4.0 0.0 0.0 -1.0 -2.0 -1.0 -2.0 -3.0 0.0 -3.0 -2.0 0.0 -1.0 -3.0 -3.0 
-1.0 -3.0 -2.0 0.0 -3.0 -3.0 -1.0 0.0 -1.0 -3.0 -3.0 -2.0 -2.0 -4.0 -1.0 0.0 -3.0 -3.0 -3.0 -4.0 -2.0 0.0 -2.0 -3.0 -1.0 0.0 -4.0 0.0 -4.0 -4.0 -4.0 0.0 -1.0 -2.0 -4.0 -2.0 -3.0 0.0 -4.0 -1.0 -2.0 -2.0 0.0 -1.0 0.0 -4.0 -4.0 0.0 -4.0 -3.0 0.0 -4.0 0.0 0.0 -3.0 0.0 220.0 -1.0 -3.0 -4.0 -4.0 -3.0 0.0 -2.0 -4.0 -2.0 0.0 0.0 0.0 -4.0 0.0 0.0 -2.0 -4.0 -4.0 -3.0 -1.0 -3.0 -1.0 -2.0 -4.0 0.0 -4.0 0.0 -1.0 0.0 -4.0 -2.0 -1.0 -2.0 -1.0 -3.0 0.0 -1.0 -3.0 -3.0 -2.0 0.0 -3.0 -2.0 -3.0 -1.0 -2.0 -1.0 -3.0 -3.0 0.0 -1.0 -1.0 0.0 -3.0 -1.0 0.0 -4.0 -4.0 
-1.0 -4.0 -4.0 -4.0 -4.0 -2.0 -2.0 -4.0 -1.0 -3.0 0.0 -2.0 -3.0 -2.0 -3.0 -3.0 -1.0 -4.0 -1.0 -3.0 -4.0 -2.0 0.0 -2.0 -4.0 0.0 -1.0 0.0 0.0 -3.0 -2.0 -4.0 -1.0 -4.0 -1.0 -3.0 -1.0 -4.0 0.0 -1.0 -3.0 -4.0 -4.0 -3.0 -2.0 -3.0 -3.0 -3.0 0.0 -1.0 -1.0 0.0 -2.0 -2.0 -2.0 -3.0 -4.0 245.0 0.0 -2.0 0.0 -3.0 -3.0 0.0 -3.0 -4.0 -3.0 -2.0 0.0 -2.0 -1.0 -1.0 -1.0 -2.0 -3.0 0.0 -2.0 -1.0 -2.0 -4.0 -1.0 0.0 -4.0 -4.0 -4.0 -2.0 -2.0 -1.0 -4.0 -1.0 -1.0 -2.0 -4.0 -3.0 -2.0 -4.0 -2.0 -3.0 -4.0 0.0 -1.0 -2.0 -1.0 -2.0 -4.0 -2.0 -4.0 0.0 -3.0 -4.0 -3.0 0.0 -2.0 0.0 -2.0 
-3.0 -2.0 -3.0 -1.0 -1.0 0.0 -4.0 -2.0 0.0 -4.0 -4.0 -4.0 -2.0 -1.0 -3.0 -4.0 0.0 0.0 -2.0 -2.0 -4.0 -2.0 -4.0 0.0 -1.0 -1.0 -1.0 -4.0 -3.0 -1.0 0.0 -1.0 -3.0 -1.0 -4.0 -2.0 0.0 -1.0 -2.0 -1.0 -3.0 -1.0 0.0 0.0 -1.0 -2.0 -4.0 0.0 -4.0 -3.0 0.0 -2.0 -3.0 -1.0 -2.0 -1.0 -3.0 -1.0 214.0 -3.0 -1.0 -3.0 0.0 -4.0 0.0 -1.0 -3.0 0.0 0.0 -1.0 -3.0 -1.0 -1.0 -2.0 -3.0 -2.0 -4.0 -4.0 0.0 -3.0 -1.0 -3.0 -4.0 0.0 -1.0 -2.0 -1.0 -3.0 -2.0 0.0 -4.0 -3.0 -4.0 -4.0 0.0 -4.0 0.0 0.0 -3.0 0.0 0.0 0.0 -2.0 -2.0 0.0 -3.0 -4.0 -3.0 -1.0 -1.0 -2.0 -3.0 0.0 -3.0 -3.0 
0.0 0.0 -3.0 0.0 -3.0 -2.0 -1.0 0.0 -4.0 -2.0 -1.0 0.0 -4.0 0.0 -2.0 -3.0 0.0 -1.0 -1.0 -1.0 -2.0 -2.0 -4.0 0.0 -1.0 -4.0 -1.0 -1.0 -3.0 -1.0 0.0 -3.0 -3.0 -2.0 -3.0 -1.0 -2.0 -3.0 0.0 -2.0 -2.0 -4.0 -4.0 -4.0 -2.0 -4.0 0.0 -1.0 -2.0 -2.0 0.0 -4.0 -4.0 -4.0 0.0 -1.0 -4.0 -4.0 -1.0 204.0 -3.0 0.0 -1.0 0.0 -4.0 -2.0 -1.0 -3.0 0.0 -2.0 -1.0 0.0 -2.0 0.0 0.0 -2.0 0.0 -4.0 -2.0 -4.0 -3.0 0.0 -1.0 -1.0 -3.0 -4.0 -1.0 -2.0 -3.0 -1.0 -1.0 0.0 -3.0 -1.0 -3.0 -4.0 -3.0 -2.0 -1.0 -1.0 -2.0 -3.0 -1.0 0.0 0.0 -4.0 -1.0 0.0 0.0 -1.0 -2.0 0.0 0.0 -4.0 -4.0 
-2.0 0.0 -1.0 -3.0 -3.0 0.0 0.0 -4.0 0.0 -2.0 -1.0 -2.0 -2.0 -3.0 -2.0 0.0 -1.0 -1.0 -4.0 -2.0 -4.0 -4.0 -4.0 0.0 -2.0 -3.0 -2.0 -4.0 -1.0 -4.0 -3.0 -4.0 0.0 -2.0 -2.0 -3.0 -1.0 -2.0 -4.0 0.0 -2.0 -1.0 -4.0 -3.0 -2.0 0.0 -3.0 -3.0 -1.0 -4.0 -1.0 -3.0 -1.0 -1.0 -1.0 -3.0 -3.0 -4.0 -4.0 -3.0 241.0 -4.0 -4.0 -3.0 -2.0 -3.0 -4.0 0.0 -3.0 -3.0 -4.0 -2.0 -3.0 -1.0 -3.0 0.0 0.0 -4.0 0.0 -4.0 0.0 -1.0 -4.0 -2.0 -1.0 0.0 0.0 -1.0 -3.0 -1.0 -1.0 -2.0 -4.0 -3.0 -4.0 0.0 -3.0 -2.0 -1.0 -3.0 -2.0 -4.0 -1.0 -4.0 0.0 0.0 -1.0 -3.0 0.0 -3.0 0.0 -1.0 -3.0 -3.0 -4.0 
-3.0 -1.0 -4.0 -1.0 -3.0 -3.0 -1.0 -3.0 -4.0 -4.0 -1.0 -4.0 -4.0 -3.0 -1.0 -4.0 -1.0 -3.0 0.0 -1.0 -2.0 0.0 -4.0 -2.0 -2.0 -4.0 -3.0 -3.0 -2.0 -3.0 -2.0 -1.0 -1.0 0.0 -3.0 -4.0 -4.0 -2.0 -2.0 -4.0 -1.0 -4.0 -2.0 -2.0 -2.0 -2.0 -2.0 -4.0 -1.0 -1.0 -3.0 0.0 -3.0 -4.0 0.0 0.0 -2.0 -3.0 -2.0 -2.0 0.0 237.0 0.0 0.0 -1.0 -1.0 -4.0 -2.0 -3.0 -1.0 -3.0 -4.0 -3.0 -3.0 -4.0 -2.0 -1.0 -1.0 -1.0 -2.0 -4.0 0.0 -2.0 -3.0 -3.0 -2.0 -1.0 -2.0 0.0 -3.0 -1.0 -4.0 -2.0 -1.0 -4.0 -3.0 -1.0 0.0 -2.0 -1.0 -3.0 0.0 -3.0 -2.0 0.0 -3.0 -1.0 0.0 -1.0 0.0 -4.0 -2.0 -4.0 0.0 -2.0 
0.0 -4.0 -2.0 -3.0 -1.0 -3.0 -4.0 -3.0 -1.0 -1.0 -3.0 -1.0 -3.0 -2.0 -4.0 -1.0 -1.0 -4.0 -4.0 -4.0 -4.0 -3.0 -3.0 -3.0 -3.0 0.0 0.0 -1.0 -2.0 -1.0 -4.0 -3.0 -2.0 -3.0 -3.0 -2.0 -2.0 -2.0 -2.0 -3.0 -2.0 -3.0 -4.0 -4.0 -1.0 0.0 -4.0 -1.0 0.0 -1.0 -4.0 -4.0 0.0 -2.0 -2.0 -2.0 -4.0 0.0 -3.0 -1.0 0.0 -3.0 247.0 -1.0 -3.0 0.0 -1.0 -3.0 -4.0 0.0 -4.0 -4.0 -4.0 0.0 -4.0 -2.0 -3.0 0.0 -4.0 -4.0 -1.0 -2.0 -2.0 -2.0 0.0 -3.0 0.0 -1.0 -2.0 -3.0 -2.0 -2.0 -2.0 -3.0 -1.0 0.0 -1.0 -1.0 -1.0 -2.0 -3.0 -2.0 -4.0 -2.0 -1.0 -3.0 -4.0 -4.0 -1.0 -2.0 -3.0 -2.0 -3.0 0.0 -1.0 
-2.0 -3.0 -1.0 -4.0 -1.0 -4.0 -1.0 -1.0 -1.0 -3.0 -2.0 -2.0 -2.0 -2.0 0.0 -3.0 -2.0 -3.0 -2.0 -2.0 -3.0 -3.0 0.0 -4.0 0.0 -3.0 -1.0 -1.0 -1.0 -2.0 0.0 0.0 -1.0 -3.0 -4.0 -4.0 -1.0 -3.0 -4.0 -1.0 -4.0 -3.0 -3.0 0.0 -1.0 -3.0 -2.0 -4.0 -4.0 -4.0 0.0 -3.0 -4.0 0.0 0.0 -1.0 0.0 -4.0 -4.0 0.0 -4.0 -3.0 -1.0 231.0 -2.0 -4.0 -3.0 -3.0 -4.0 -2.0 -2.0 0.0 -4.0 -1.0 -3.0 -3.0 -2.0 0.0 -1.0 -4.0 0.0 -4.0 0.0 -4.0 0.0 -4.0 0.0 -2.0 -4.0 -1.0 -2.0 0.0 -1.0 -4.0 -2.0 -3.0 0.0 -3.0 -3.0 0.0 -3.0 -1.0 -2.0 -2.0 -2.0 -1.0 -2.0 -2.0 -3.0 -1.0 0.0 -4.0 0.0 0.0 -1.0 
0.0 0.0 -1.0 -1.0 -2.0 0.0 -1.0 -3.0 -4.0 -2.0 -4.0 -1.0 -3.0 0.0 0.0 0.0 -2.0 -2.0 0.0 0.0 -3.0 -3.0 -2.0 0.0 -1.0 -3.0 -3.0 -4.0 -1.0 -1.0 -3.0 -4.0 -3.0 -4.0 -3.0 -3.0 -4.0 -3.0 -4.0 -3.0 -1.0 -4.0 -2.0 -2.0 -3.0 -4.0 0.0 -1.0 -4.0 -1.0 -3.0 -4.0 -2.0 -3.0 -2.0 0.0 0.0 -2.0 -3.0 -1.0 -3.0 -3.0 -3.0 -1.0 222.0 -2.0 -4.0 0.0 0.0 -1.0 -2.0 0.0 -3.0 -1.0 -1.0 -2.0 0.0 -4.0 -2.0 -4.0 0.0 0.0 -2.0 -2.0 0.0 0.0 -1.0 0.0 -4.0 -3.0 0.0 -2.0 -3.0 -2.0 0.0 -3.0 -4.0 0.0 0.0 -4.0 -4.0 -4.0 -4.0 0.0 -3.0 -2.0 -2.0 0.0 0.0 -2.0 -4.0 -3.0 0.0 -2.0 -3.0 
-3.0 0.0 0.0 0.0 -1.0 -2.0 -4.0 -2.0 -1.0 0.0 -1.0 -1.0 0.0 -3.0 -4.0 0.0 0.0 -1.0 -3.0 0.0 -4.0 -3.0 -4.0 0.0 -1.0 -2.0 -2.0 -1.0 0.0 -3.0 -3.0 -4.0 -4.0 -2.0 -2.0 0.0 0.0 -3.0 -2.0 -4.0 -3.0 -3.0 -3.0 0.0 -2.0 -1.0 0.0 -2.0 -2.0 -4.0 -1.0 -4.0 -4.0 -2.0 -1.0 -3.0 -3.0 -4.0 -3.0 -4.0 -4.0 0.0 -3.0 -1.0 -3.0 228.0 -2.0 -2.0 -2.0 -3.0 -3.0 -2.0 -1.0 -2.0 0.0 -3.0 0.0 -2.0 -4.0 -2.0 -4.0 -3.0 -1.0 -4.0 -3.0 0.0 -4.0 -2.0 -3.0 -1.0 -2.0 -1.0 -4.0 0.0 0.0 -3.0 -3.0 0.0 -1.0 0.0 -2.0 -4.0 -2.0 -3.0 0.0 -4.0 -4.0 0.0 -3.0 -1.0 -3.0 -2.0 -2.0 0.0 -1.0 
-4.0 0.0 -2.0 -4.0 -2.0 -2.0 -1.0 -2.0 -2.0 -2.0 -2.0 0.0 -2.0 -4.0 -2.0 -1.0 -3.0 -2.0 -3.0 -4.0 0.0 -3.0 -3.0 -4.0 -1.0 -3.0 0.0 -1.0 -1.0 -1.0 -4.0 -2.0 -4.0 -4.0 -4.0 -2.0 -1.0 0.0 -4.0 0.0 0.0 -4.0 -2.0 0.0 -3.0 -4.0 -2.0 -2.0 -4.0 -4.0 -2.0 -1.0 -3.0 -1.0 -2.0 0.0 0.0 -3.0 -2.0 -4.0 -2.0 0.0 0.0 -4.0 -4.0 -1.0 236.0 0.0 0.0 -1.0 -4.0 -4.0 0.0 -2.0 -1.0 -3.0 -4.0 -1.0 -1.0 -4.0 -3.0 -4.0 -2.0 0.0 -3.0 -3.0 -2.0 -2.0 0.0 -1.0 0.0 -4.0 0.0 -2.0 -3.0 -2.0 -4.0 0.0 0.0 -4.0 0.0 -4.0 -2.0 -1.0 -1.0 -2.0 -3.0 -4.0 -2.0 0.0 -2.0 -4.0 -1.0 -4.0 -2.0 
0.0 -1.0 -1.0 -2.0 -2.0 -2.0 -3.0 -1.0 -4.0 -3.0 -1.0 -2.0 -4.0 -4.0 -1.0 -4.0 -1.0 -2.0 0.0 -4.0 -3.0 0.0 -1.0 -2.0 -4.0 -2.0 0.0 -2.0 -2.0 -1.0 0.0 -2.0 -2.0 -4.0 -2.0 -3.0 0.0 -4.0 -4.0 -1.0 0.0 -3.0 -2.0 -3.0 0.0 -1.0 -2.0 0.0 -2.0 -1.0 -4.0 -1.0 -2.0 0.0 -1.0 0.0 -3.0 0.0 -2.0 -1.0 -4.0 0.0 0.0 -1.0 -4.0 -3.0 0.0 203.0 -1.0 -2.0 -4.0 -1.0 0.0 -2.0 0.0 0.0 -1.0 -1.0 -1.0 -3.0 -4.0 -2.0 -4.0 -2.0 -2.0 -3.0 -4.0 0.0 -2.0 -2.0 -3.0 -1.0 -2.0 0.0 0.0 0.0 -3.0 -2.0 -3.0 0.0 -4.0 -1.0 -3.0 0.0 -1.0 -1.0 -3.0 0.0 -2.0 -2.0 -4.0 -3.0 0.0 0.0 -3.0 
0.0 0.0 -2.0 -2.0 0.0 0.0 -2.0 0.0 -3.0 0.0 -2.0 -2.0 -2.0 -4.0 -3.0 -2.0 -2.0 -3.0 -2.0 -3.0 -4.0 -3.0 -3.0 -1.0 -2.0 -2.0 0.0 0.0 0.0 -2.0 -4.0 0.0 -4.0 -3.0 -4.0 0.0 -2.0 -2.0 -3.0 -2.0 0.0 -3.0 -2.0 -2.0 -3.0 -1.0 -1.0 -3.0 -4.0 -3.0 -2.0 -1.0 -1.0 -2.0 -1.0 -1.0 -2.0 0.0 -3.0 0.0 -1.0 -3.0 -2.0 -2.0 -4.0 -1.0 -1.0 -4.0 215.0 -3.0 -3.0 -4.0 -2.0 -1.0 -2.0 -2.0 -3.0 -4.0 -2.0 -2.0 0.0 -1.0 -4.0 -2.0 -2.0 -4.0 -3.0 0.0 -1.0 -1.0 0.0 -4.0 -2.0 -1.0 -1.0 -1.0 -2.0 0.0 -3.0 -2.0 0.0 0.0 -4.0 -1.0 -3.0 0.0 -3.0 0.0 -2.0 -1.0 -3.0 -1.0 -4.0 -2.0 -1.0 
0.0 0.0 -2.0 0.0 -4.0 -2.0 0.0 -4.0 -1.0 -3.0 -3.0 -1.0 -4.0 -1.0 -2.0 -1.0 -2.0 -3.0 -1.0 0.0 -1.0 0.0 -1.0 -4.0 -2.0 0.0 0.0 -2.0 -4.0 -4.0 0.0 -4.0 -1.0 -1.0 -1.0 -2.0 -3.0 -3.0 0.0 -4.0 -4.0 -3.0 -2.0 -4.0 -1.0 -4.0 -2.0 -3.0 0.0 -2.0 -3.0 -1.0 -3.0 0.0 -1.0 -3.0 -3.0 -4.0 -4.0 0.0 -1.0 -1.0 -3.0 -3.0 0.0 -3.0 -4.0 -1.0 -4.0 231.0 -3.0 -1.0 0.0 -2.0 -3.0 -3.0 -2.0 -2.0 -4.0 -4.0 -3.0 0.0 -3.0 -1.0 -4.0 -1.0 0.0 0.0 -1.0 -3.0 -1.0 -4.0 -4.0 -4.0 -2.0 -4.0 -2.0 -1.0 -1.0 -4.0 -3.0 -1.0 -4.0 -3.0 -1.0 -4.0 -2.0 -4.0 0.0 0.0 0.0 0.0 -3.0 0.0 -1.0 
-4.0 -1.0 -2.0 -2.0 0.0 -3.0 -3.0 -3.0 -3.0 0.0 0.0 -1.0 -2.0 0.0 -4.0 -2.0 -2.0 -3.0 -4.0 -4.0 -2.0 -3.0 -2.0 -3.0 0.0 -3.0 -1.0 -3.0 -2.0 -3.0 -1.0 -1.0 -1.0 -4.0 0.0 0.0 -2.0 0.0 0.0 -2.0 -2.0 -4.0 0.0 -3.0 -1.0 -4.0 -1.0 -3.0 -4.0 -2.0 -2.0 -2.0 0.0 -1.0 -4.0 -3.0 -2.0 -4.0 -4.0 -1.0 -4.0 -3.0 -1.0 -2.0 -1.0 -2.0 0.0 -3.0 -2.0 -1.0 234.0 -2.0 -2.0 -3.0 -3.0 -1.0 -4.0 -2.0 -3.0 -3.0 0.0 0.0 -3.0 0.0 -3.0 -2.0 -4.0 -3.0 -3.0 0.0 -4.0 -4.0 0.0 -4.0 -2.0 -2.0 0.0 0.0 -1.0 -2.0 -3.0 -2.0 -1.0 -2.0 -1.0 -2.0 0.0 -4.0 -4.0 -3.0 -1.0 -3.0 -1.0 -1.0 -4.0 
-3.0 -4.0 0.0 -1.0 -1.0 -3.0 -1.0 -4.0 -3.0 -3.0 0.0 0.0 -1.0 -1.0 0.0 -3.0 -4.0 0.0 -4.0 -4.0 -3.0 0.0 -2.0 -1.0 -3.0 -1.0 0.0 -1.0 -3.0 0.0 -3.0 -1.0 -4.0 -1.0 -4.0 -4.0 0.0 -2.0 -2.0 -4.0 -2.0 -1.0 -3.0 -3.0 0.0 0.0 -1.0 -1.0 -1.0 0.0 -3.0 0.0 -3.0 -3.0 -2.0 -3.0 -2.0 0.0 -4.0 0.0 0.0 -3.0 -3.0 -3.0 0.0 -2.0 -4.0 -3.0 -4.0 -2.0 -1.0 215.0 -2.0 -2.0 -2.0 0.0 -4.0 0.0 -3.0 0.0 -2.0 -3.0 -4.0 -2.0 -4.0 -2.0 0.0 -1.0 -2.0 -4.0 -1.0 0.0 -2.0 -4.0 -1.0 -4.0 -4.0 -3.0 -4.0 0.0 -1.0 0.0 -2.0 -2.0 0.0 -3.0 -1.0 -3.0 -1.0 -1.0 -2.0 -3.0 0.0 0.0 0.0 
-3.0 -1.0 -3.0 -2.0 0.0 -1.0 -2.0 -1.0 0.0 -3.0 -2.0 -1.0 -4.0 0.0 -1.0 -4.0 -3.0 -4.0 -3.0 -1.0 -4.0 0.0 -3.0 0.0 -1.0 0.0 -2.0 0.0 -4.0 0.0 -2.0 -2.0 -1.0 -1.0 -4.0 -3.0 -2.0 -3.0 -1.0 -3.0 -2.0 -4.0 -4.0 -1.0 -3.0 0.0 0.0 -1.0 0.0 -3.0 -3.0 0.0 -4.0 -4.0 -4.0 0.0 -3.0 -1.0 -3.0 -3.0 -2.0 -2.0 -4.0 -2.0 -2.0 0.0 -2.0 0.0 -3.0 -1.0 -3.0 0.0 223.0 -2.0 -2.0 0.0 0.0 -3.0 -4.0 -4.0 -2.0 -2.0 -3.0 -2.0 -1.0 -4.0 -2.0 -4.0 0.0 -1.0 -4.0 -4.0 0.0 -3.0 -3.0 0.0 -2.0 -2.0 0.0 -4.0 -3.0 -2.0 -2.0 -2.0 -1.0 -3.0 -1.0 0.0 -1.0 0.0 -4.0 -3.0 -2.0 0.0 -2.0 
-3.0 -3.0 -4.0 -4.0 0.0 0.0 0.0 0.0 -2.0 -4.0 0.0 -4.0 -3.0 -1.0 -2.0 -3.0 -3.0 -4.0 -1.0 -4.0 0.0 0.0 -2.0 -3.0 -4.0 -4.0 0.0 -4.0 0.0 -2.0 -2.0 0.0 -4.0 0.0 -2.0 -4.0 -2.0 -2.0 0.0 -4.0 -4.0 -1.0 -2.0 0.0 0.0 -1.0 -2.0 -3.0 -4.0 0.0 -1.0 -4.0 -3.0 -2.0 0.0 -4.0 -1.0 -1.0 0.0 -2.0 -3.0 -4.0 0.0 -3.0 -1.0 -4.0 -1.0 0.0 -1.0 0.0 -3.0 0.0 -3.0 222.0 -1.0 -4.0 -2.0 -2.0 -3.0 -1.0 -4.0 -2.0 -3.0 0.0 -3.0 -1.0 -4.0 0.0 0.0 -4.0 -2.0 -4.0 0.0 -2.0 -2.0 -1.0 -2.0 0.0 -1.0 -1.0 -1.0 0.0 -4.0 -1.0 -2.0 -3.0 0.0 -3.0 -3.0 -3.0 -4.0 -2.0 -3.0 0.0 -2.0 
-3.0 -3.0 -2.0 0.0 -1.0 -2.0 -4.0 -3.0 -3.0 -3.0 -3.0 0.0 -3.0 -2.0 0.0 0.0 -4.0 -2.0 -3.0 -3.0 -4.0 -3.0 0.0 0.0 0.0 -3.0 0.0 0.0 -2.0 -4.0 -1.0 -3.0 0.0 -1.0 -4.0 -4.0 -3.0 -4.0 -2.0 0.0 -1.0 0.0 -4.0 -2.0 -3.0 -1.0 -1.0 -4.0 -3.0 -3.0 0.0 -2.0 0.0 -1.0 -4.0 -4.0 0.0 -4.0 0.0 0.0 -2.0 -1.0 -2.0 0.0 0.0 -1.0 -3.0 -3.0 0.0 0.0 -4.0 -1.0 0.0 -1.0 208.0 -3.0 -2.0 -2.0 -2.0 0.0 -1.0 -3.0 -3.0 -2.0 -3.0 -1.0 -1.0 -2.0 -3.0 0.0 -4.0 0.0 -2.0 -2.0 -1.0 -4.0 -2.0 -2.0 -3.0 -1.0 -1.0 -2.0 -2.0 -1.0 -1.0 0.0 -2.0 -1.0 -2.0 0.0 -1.0 -3.0 -4.0 0.0 -2.0 
-3.0 -4.0 0.0 -3.0 -1.0 0.0 -1.0 -1.0 -1.0 -2.0 -2.0 -4.0 -3.0 0.0 -1.0 -2.0 -3.0 0.0 -2.0 -4.0 -4.0 -4.0 -1.0 -3.0 -4.0 -2.0 -1.0 -4.0 -3.0 -3.0 -2.0 0.0 -3.0 0.0 -4.0 -1.0 0.0 -4.0 0.0 -4.0 0.0 -3.0 -3.0 -1.0 -4.0 -1.0 0.0 -1.0 -3.0 -4.0 -3.0 0.0 -4.0 -1.0 -2.0 -1.0 -3.0 -2.0 -4.0 -1.0 0.0 -4.0 -3.0 -1.0 0.0 0.0 -4.0 -4.0 0.0 -1.0 -2.0 -3.0 -4.0 -4.0 -3.0 239.0 -4.0 -3.0 -2.0 -4.0 -2.0 -1.0 -1.0 -3.0 -1.0 0.0 -3.0 -4.0 -4.0 -2.0 0.0 -4.0 -1.0 -1.0 -3.0 -3.0 -1.0 -4.0 0.0 -2.0 -1.0 -1.0 -1.0 -3.0 -4.0 -2.0 -1.0 -2.0 -2.0 -3.0 -2.0 0.0 -3.0 0.0 -3.0 
-3.0 -3.0 -4.0 -2.0 0.0 0.0 -3.0 -1.0 0.0 -3.0 -4.0 -2.0 -1.0 -3.0 -3.0 -3.0 -1.0 -1.0 -4.0 -4.0 -1.0 -1.0 -1.0 0.0 -3.0 -2.0 -3.0 -3.0 0.0 0.0 0.0 0.0 0.0 -1.0 -2.0 -1.0 -4.0 -3.0 -1.0 -3.0 -2.0 -2.0 -2.0 -1.0 -2.0 -1.0 -4.0 0.0 -4.0 -4.0 -3.0 -2.0 0.0 -3.0 -2.0 -4.0 -4.0 -3.0 -4.0 -4.0 -1.0 0.0 0.0 -3.0 -4.0 -1.0 -2.0 -1.0 -1.0 -2.0 -4.0 -3.0 -4.0 -3.0 -4.0 0.0 225.0 -4.0 0.0 0.0 0.0 -3.0 0.0 -3.0 0.0 -2.0 0.0 -4.0 -1.0 0.0 -3.0 -4.0 -2.0 0.0 -1.0 -1.0 -2.0 -3.0 -1.0 -3.0 -3.0 -3.0 -3.0 0.0 -2.0 -3.0 0.0 -1.0 -4.0 -1.0 -2.0 -3.0 -2.0 -1.0 -2.0 
-2.0 -1.0 -3.0 0.0 0.0 -4.0 -3.0 -1.0 -3.0 -2.0 -4.0 -2.0 -4.0 -2.0 0.0 -3.0 -3.0 -3.0 -2.0 -2.0 -1.0 -4.0 -3.0 -4.0 -3.0 -3.0 -1.0 -4.0 -3.0 -3.0 -2.0 -2.0 -3.0 -2.0 0.0 0.0 -2.0 -3.0 0.0 -2.0 -3.0 -2.0 -4.0 -2.0 -4.0 -3.0 -2.0 0.0 -4.0 0.0 -1.0 -3.0 -3.0 -4.0 0.0 0.0 -2.0 -1.0 -3.0 -1.0 -4.0 -1.0 -2.0 -1.0 -3.0 -2.0 -4.0 -1.0 -1.0 -4.0 -1.0 -2.0 0.0 -1.0 0.0 -4.0 0.0 228.0 -4.0 -4.0 -2.0 -1.0 -1.0 -1.0 -2.0 -2.0 -1.0 -2.0 -1.0 -1.0 -3.0 -3.0 -2.0 0.0 -1.0 -3.0 -1.0 -1.0 0.0 -4.0 -1.0 -3.0 -2.0 -2.0 -1.0 0.0 -1.0 -2.0 0.0 -1.0 -3.0 -4.0 -2.0 -2.0 -2.0 
-4.0 -4.0 -3.0 -4.0 -4.0 -1.0 -2.0 -3.0 -1.0 -4.0 -1.0 -2.0 -2.0 -1.0 -2.0 -1.0 -3.0 0.0 -3.0 0.0 -1.0 -2.0 -2.0 -2.0 -1.0 -3.0 -3.0 -2.0 -4.0 -4.0 0.0 -4.0 0.0 0.0 -4.0 -2.0 -1.0 -4.0 -3.0 -4.0 -4.0 -2.0 0.0 0.0 -4.0 -4.0 -2.0 -4.0 -2.0 0.0 0.0 -3.0 -4.0 -2.0 0.0 -1.0 -3.0 0.0 -4.0 -1.0 -4.0 -4.0 0.0 0.0 -2.0 -1.0 -4.0 -3.0 -1.0 0.0 -3.0 -1.0 -3.0 -1.0 -3.0 -3.0 -2.0 0.0 257.0 -4.0 -3.0 -2.0 -2.0 -4.0 -3.0 0.0 -4.0 -2.0 -4.0 -2.0 -4.0 -1.0 -3.0 -2.0 -4.0 -4.0 0.0 -4.0 -2.0 -1.0 -4.0 0.0 -4.0 -4.0 -4.0 -2.0 -3.0 -4.0 -3.0 -2.0 -1.0 -2.0 -1.0 -2.0 0.0 
-4.0 -2.0 -2.0 -4.0 -4.0 -1.0 -2.0 -3.0 -2.0 -1.0 -4.0 -4.0 -4.0 -3.0 -2.0 0.0 0.0 0.0 -4.0 -3.0 -2.0 -4.0 -3.0 -2.0 -1.0 -2.0 -3.0 -2.0 -1.0 -2.0 -1.0 0.0 0.0 -1.0 -2.0 -3.0 0.0 -1.0 -3.0 -4.0 0.0 0.0 -2.0 -3.0 -1.0 -4.0 0.0 -4.0 -3.0 -2.0 0.0 -2.0 -4.0 0.0 -3.0 -3.0 -1.0 0.0 -3.0 -2.0 -2.0 -1.0 -4.0 -4.0 -1.0 0.0 -2.0 -4.0 -1.0 -2.0 -3.0 -1.0 -4.0 -3.0 -2.0 -4.0 -4.0 -1.0 -1.0 237.0 -4.0 0.0 -3.0 -2.0 -2.0 -1.0 -1.0 -4.0 -2.0 -4.0 -1.0 -3.0 0.0 -4.0 0.0 -1.0 0.0 -1.0 -1.0 -3.0 0.0 -3.0 -2.0 -4.0 -1.0 -3.0 -2.0 -4.0 -4.0 0.0 -1.0 0.0 -2.0 -4.0 -3.0 
-3.0 -3.0 -4.0 0.0 -1.0 0.0 0.0 -3.0 -4.0 -1.0 -1.0 0.0 -3.0 -2.0 -2.0 -3.0 0.0 0.0 0.0 0.0 -2.0 -2.0 -2.0 -3.0 -1.0 -3.0 -1.0 -1.0 0.0 -2.0 -2.0 -3.0 -1.0 -1.0 0.0 0.0 -1.0 -2.0 -1.0 -3.0 0.0 -2.0 0.0 -4.0 -1.0 -1.0 -1.0 -3.0 -2.0 -2.0 -4.0 -1.0 -3.0 0.0 -3.0 -2.0 -1.0 -3.0 -1.0 -1.0 -3.0 -4.0 -4.0 0.0 -4.0 -2.0 -4.0 -3.0 -2.0 -1.0 -3.0 -3.0 -2.0 -4.0 -1.0 -2.0 -2.0 -1.0 -2.0 0.0 225.0 -4.0 -4.0 -1.0 0.0 -2.0 -4.0 -4.0 0.0 -2.0 -3.0 -4.0 -2.0 -3.0 -4.0 -1.0 -4.0 -3.0 -2.0 -4.0 -1.0 -2.0 -3.0 -4.0 -4.0 -3.0 -3.0 -3.0 0.0 -1.0 -1.0 -3.0 0.0 -1.0 -2.0 
-3.0 -3.0 -4.0 -3.0 -2.0 -1.0 -2.0 0.0 -3.0 0.0 -3.0 -4.0 -3.0 -3.0 -1.0 -3.0 -2.0 -3.0 -3.0 -2.0 -4.0 -1.0 -2.0 -4.0 -4.0 -3.0 -4.0 -4.0 -3.0 0.0 -2.0 -4.0 -2.0 -4.0 -1.0 0.0 0.0 -1.0 -1.0 -1.0 -4.0 -3.0 -4.0 -2.0 -4.0 -2.0 -4.0 0.0 0.0 -1.0 -3.0 -4.0 -4.0 -4.0 -1.0 -4.0 -4.0 -1.0 0.0 -3.0 -4.0 -2.0 -4.0 -1.0 -1.0 -4.0 -3.0 0.0 -2.0 -3.0 -4.0 -3.0 0.0 -1.0 -3.0 -2.0 0.0 -2.0 -1.0 -1.0 -1.0 248.0 -2.0 -4.0 -1.0 0.0 0.0 -2.0 0.0 0.0 -2.0 -3.0 -1.0 0.0 -2.0 -3.0 0.0 0.0 -1.0 -3.0 -3.0 0.0 -3.0 -3.0 -2.0 -3.0 -3.0 -3.0 -3.0 -4.0 -3.0 -3.0 -2.0 -1.0 -1.0 
-2.0 -2.0 -4.0 -3.0 0.0 0.0 -4.0 -3.0 -1.0 -3.0 -3.0 -1.0 -1.0 -2.0 -3.0 0.0 -3.0 -1.0 -3.0 0.0 -4.0 -1.0 -3.0 -4.0 -2.0 -2.0 -2.0 -2.0 -2.0 -2.0 -4.0 -4.0 -1.0 -4.0 -3.0 0.0 -4.0 -1.0 -2.0 0.0 0.0 -4.0 -3.0 -4.0 0.0 -2.0 -3.0 -1.0 -3.0 -2.0 0.0 0.0 0.0 0.0 -3.0 0.0 -1.0 -3.0 0.0 -4.0 -1.0 -2.0 -2.0 -4.0 -4.0 0.0 -4.0 -4.0 0.0 -2.0 -3.0 -3.0 -2.0 -2.0 0.0 -1.0 0.0 0.0 -1.0 -4.0 -4.0 -4.0 228.0 -1.0 0.0 -4.0 -3.0 -2.0 -1.0 -1.0 -1.0 -4.0 -3.0 -4.0 -1.0 -2.0 -2.0 -1.0 -2.0 -2.0 -1.0 -1.0 -2.0 -4.0 -3.0 -2.0 -1.0 -4.0 -2.0 0.0 -2.0 -2.0 0.0 -1.0 -3.0 
-4.0 0.0 -4.0 -1.0 -1.0 -4.0 0.0 -4.0 -4.0 -1.0 -3.0 0.0 -2.0 -4.0 -3.0 -2.0 -3.0 -3.0 -3.0 -4.0 0.0 -2.0 -4.0 -4.0 -3.0 -4.0 -1.0 0.0 -1.0 -4.0 0.0 0.0 -4.0 -3.0 0.0 -3.0 0.0 0.0 -2.0 -1.0 0.0 -1.0 -2.0 -2.0 -4.0 -1.0 0.0 -1.0 -4.0 -4.0 -1.0 0.0 -2.0 -4.0 0.0 0.0 -3.0 -3.0 -2.0 -1.0 -3.0 -4.0 -4.0 -1.0 -2.0 -3.0 -4.0 -2.0 -1.0 0.0 0.0 -1.0 -1.0 -1.0 -4.0 -1.0 -1.0 -2.0 -4.0 -3.0 -3.0 -4.0 -1.0 228.0 0.0 -1.0 0.0 0.0 -4.0 0.0 -1.0 -4.0 0.0 -2.0 -2.0 -2.0 -3.0 -4.0 0.0 -1.0 -4.0 0.0 -4.0 -2.0 -1.0 -2.0 -3.0 -3.0 -3.0 -3.0 -2.0 -2.0 -2.0 0.0 -2.0 
-3.0 -1.0 -3.0 -3.0 -4.0 -3.0 -3.0 -1.0 -2.0 -4.0 -1.0 0.0 -4.0 -2.0 -3.0 -2.0 -3.0 -1.0 0.0 -4.0 -4.0 -2.0 0.0 -3.0 -4.0 -1.0 -3.0 -1.0 -4.0 -3.0 -1.0 -4.0 0.0 0.0 -2.0 -4.0 -3.0 0.0 0.0 -1.0 -1.0 0.0 -1.0 -4.0 -2.0 0.0 -1.0 -3.0 -1.0 -4.0 -4.0 -4.0 -1.0 -1.0 -4.0 -1.0 -3.0 -2.0 -3.0 -3.0 -4.0 -3.0 -1.0 0.0 -2.0 0.0 -3.0 -2.0 -2.0 -2.0 -3.0 -1.0 -1.0 0.0 -4.0 0.0 -4.0 0.0 -3.0 0.0 -2.0 -2.0 -2.0 -2.0 238.0 -2.0 -1.0 0.0 -1.0 -4.0 -1.0 -4.0 0.0 0.0 -1.0 -2.0 0.0 -3.0 -1.0 -3.0 -3.0 -4.0 -3.0 -1.0 -3.0 -4.0 -1.0 -3.0 -4.0 0.0 -1.0 -4.0 -4.0 -4.0 -3.0 
-2.0 -2.0 0.0 -1.0 -2.0 -3.0 -1.0 -2.0 0.0 -2.0 -2.0 -4.0 -4.0 -1.0 -1.0 -3.0 -2.0 -4.0 -4.0 0.0 -4.0 -1.0 -2.0 -4.0 -2.0 -4.0 -2.0 0.0 0.0 -3.0 -2.0 -3.0 -2.0 -3.0 -1.0 -1.0 -3.0 -3.0 -3.0 0.0 -3.0 0.0 -3.0 -1.0 -4.0 0.0 -4.0 -3.0 -4.0 -3.0 -3.0 -4.0 -2.0 -4.0 -2.0 -4.0 -4.0 0.0 -4.0 -1.0 -1.0 -3.0 -1.0 -3.0 0.0 -4.0 -1.0 -1.0 0.0 -3.0 -4.0 -4.0 -3.0 -2.0 -4.0 0.0 -3.0 -4.0 0.0 -1.0 -3.0 -3.0 -1.0 0.0 0.0 236.0 -3.0 -4.0 0.0 -1.0 -1.0 -2.0 -3.0 -2.0 0.0 -3.0 -2.0 -3.0 0.0 0.0 -4.0 -2.0 -1.0 -1.0 -3.0 -1.0 0.0 -3.0 -2.0 -2.0 0.0 -4.0 0.0 -4.0 0.0 
0.0 -4.0 -2.0 -1.0 -1.0 -2.0 0.0 -3.0 -3.0 0.0 -3.0 -1.0 -3.0 -2.0 -2.0 0.0 -4.0 0.0 -4.0 -3.0 -3.0 0.0 -3.0 -2.0 -2.0 0.0 -3.0 -1.0 -2.0 -2.0 -2.0 -3.0 0.0 0.0 -2.0 -2.0 -1.0 -4.0 -3.0 -1.0 -4.0 0.0 -3.0 -4.0 -3.0 -1.0 -3.0 -1.0 -4.0 -3.0 -2.0 -2.0 -4.0 0.0 -4.0 -1.0 -1.0 -2.0 -3.0 -4.0 -2.0 -2.0 -1.0 -1.0 -3.0 -2.0 -4.0 -4.0 -2.0 -3.0 -4.0 -4.0 -4.0 -2.0 -3.0 -3.0 -2.0 -1.0 0.0 -3.0 -1.0 -2.0 -2.0 0.0 -2.0 -2.0 240.0 -2.0 -1.0 0.0 -3.0 -1.0 0.0 -3.0 -1.0 -3.0 -3.0 -2.0 -2.0 -1.0 -1.0 -1.0 -2.0 -2.0 -1.0 -1.0 -4.0 -4.0 -4.0 0.0 -1.0 -4.0 -4.0 -4.0 -3.0 
-1.0 0.0 -1.0 -3.0 -1.0 -4.0 -1.0 -2.0 -2.0 -2.0 -3.0 -1.0 0.0 -2.0 -4.0 -3.0 -3.0 -2.0 0.0 -2.0 -1.0 0.0 -1.0 -1.0 -4.0 -2.0 -4.0 -1.0 0.0 0.0 -3.0 -4.0 -3.0 -2.0 -1.0 -3.0 -1.0 -3.0 -4.0 -3.0 -1.0 -4.0 -1.0 -3.0 -1.0 -1.0 0.0 -2.0 -4.0 -1.0 -4.0 0.0 0.0 -3.0 0.0 -4.0 0.0 -2.0 -2.0 0.0 -3.0 -1.0 0.0 -4.0 -2.0 -3.0 -4.0 -3.0 -3.0 -3.0 -4.0 -2.0 0.0 -4.0 -3.0 -3.0 -2.0 -1.0 -1.0 0.0 0.0 -2.0 0.0 0.0 -1.0 -3.0 -4.0 230.0 -1.0 -3.0 -1.0 -4.0 -2.0 0.0 -4.0 -4.0 0.0 -3.0 0.0 -1.0 -4.0 -3.0 -1.0 -2.0 -2.0 -4.0 -4.0 0.0 -2.0 -4.0 -3.0 -3.0 -4.0 0.0 -4.0 
-4.0 -3.0 -1.0 -1.0 -1.0 -2.0 -1.0 -4.0 -1.0 0.0 -1.0 -2.0 -3.0 -2.0 0.0 0.0 -4.0 -4.0 0.0 -4.0 -3.0 0.0 -3.0 -2.0 -3.0 0.0 -2.0 -3.0 -2.0 -3.0 0.0 -3.0 0.0 -2.0 -3.0 -2.0 -1.0 0.0 -3.0 0.0 -3.0 -2.0 0.0 -3.0 0.0 -3.0 -2.0 -2.0 -4.0 -2.0 -4.0 -1.0 -4.0 -4.0 -1.0 -2.0 -2.0 -1.0 -2.0 -2.0 -4.0 -4.0 -3.0 -2.0 -2.0 -2.0 0.0 -4.0 -4.0 0.0 -2.0 -3.0 -3.0 -3.0 -1.0 -1.0 -1.0 -1.0 -2.0 -4.0 0.0 -3.0 -2.0 -1.0 -2.0 0.0 -3.0 -2.0 216.0 0.0 -2.0 -2.0 0.0 -1.0 0.0 -4.0 -2.0 -1.0 -3.0 -1.0 -3.0 -2.0 -4.0 0.0 -2.0 -1.0 0.0 0.0 -2.0 0.0 -2.0 -4.0 -2.0 0.0 -2.0 
-2.0 -3.0 -2.0 0.0 -4.0 -3.0 -1.0 -2.0 -3.0 -4.0 -2.0 -2.0 -4.0 0.0 -2.0 0.0 -1.0 -2.0 -1.0 -1.0 -3.0 -4.0 -2.0 -2.0 -2.0 -4.0 -2.0 -3.0 -4.0 -1.0 -3.0 -1.0 -4.0 -4.0 -2.0 -3.0 -3.0 0.0 -3.0 0.0 0.0 -2.0 -2.0 -3.0 -1.0 -2.0 -1.0 0.0 -1.0 -1.0 -2.0 -1.0 -1.0 -2.0 -1.0 -2.0 -1.0 -2.0 -3.0 -3.0 -1.0 -4.0 -3.0 -2.0 -4.0 -2.0 -4.0 -3.0 -1.0 -3.0 0.0 0.0 0.0 -2.0 -1.0 0.0 -4.0 -2.0 -4.0 -4.0 -4.0 -2.0 -2.0 -3.0 -3.0 0.0 -2.0 -1.0 0.0 230.0 -3.0 -1.0 -3.0 -2.0 -3.0 -1.0 -1.0 -1.0 -1.0 -3.0 -3.0 -1.0 0.0 0.0 -3.0 -2.0 -2.0 -2.0 -3.0 -1.0 0.0 -4.0 -4.0 -2.0 -3.0 
-1.0 -3.0 -4.0 -3.0 -3.0 0.0 -2.0 -1.0 -4.0 -4.0 0.0 -2.0 -4.0 -3.0 0.0 0.0 -1.0 -2.0 0.0 -4.0 0.0 0.0 -2.0 -1.0 -2.0 -4.0 0.0 -3.0 -3.0 -2.0 -1.0 -1.0 -3.0 0.0 -3.0 -2.0 -4.0 -3.0 -2.0 -4.0 -4.0 -2.0 -1.0 -2.0 -1.0 -4.0 0.0 -4.0 -4.0 -3.0 -3.0 -3.0 0.0 -3.0 0.0 -1.0 -2.0 -3.0 -3.0 -3.0 -3.0 -3.0 -3.0 -3.0 -4.0 -3.0 0.0 -2.0 -1.0 -1.0 -3.0 -4.0 0.0 -2.0 -1.0 -4.0 -1.0 0.0 -4.0 -2.0 0.0 -2.0 -1.0 -3.0 -4.0 -3.0 0.0 -4.0 -1.0 -3.0 245.0 0.0 -3.0 -4.0 -2.0 -1.0 -4.0 -3.0 -2.0 -4.0 0.0 -2.0 0.0 -1.0 -3.0 -2.0 -1.0 -2.0 -4.0 -4.0 -4.0 -2.0 -1.0 -2.0 -2.0 
0.0 0.0 0.0 0.0 -1.0 0.0 -1.0 -4.0 -2.0 -4.0 -4.0 -2.0 -3.0 0.0 -1.0 -1.0 -2.0 -1.0 -1.0 -3.0 0.0 0.0 -4.0 -4.0 0.0 0.0 -2.0 -2.0 -2.0 0.0 -1.0 0.0 -3.0 -4.0 -1.0 0.0 -1.0 -3.0 0.0 -2.0 -3.0 -3.0 -4.0 -1.0 0.0 0.0 0.0 -3.0 -3.0 -1.0 -3.0 -1.0 -2.0 -1.0 0.0 -4.0 -4.0 -3.0 0.0 0.0 -4.0 -1.0 -1.0 -3.0 -2.0 0.0 -4.0 -4.0 -1.0 -4.0 -2.0 -2.0 -3.0 -2.0 -4.0 -1.0 -2.0 -4.0 -3.0 -1.0 -3.0 0.0 -1.0 -2.0 -2.0 -3.0 -2.0 -4.0 -1.0 -1.0 -4.0 228.0 -1.0 -1.0 -4.0 -3.0 -4.0 -2.0 -4.0 -1.0 -2.0 -2.0 -2.0 -2.0 -4.0 -2.0 -4.0 -4.0 -4.0 -4.0 -1.0 -2.0 -4.0 -4.0 -1.0 
-1.0 0.0 -2.0 -1.0 -1.0 0.0 -3.0 -2.0 0.0 -3.0 -4.0 -2.0 -1.0 -4.0 -1.0 -1.0 -4.0 -1.0 -3.0 0.0 -1.0 -4.0 -2.0 -2.0 -1.0 -4.0 -3.0 -3.0 -3.0 -2.0 -4.0 -1.0 -2.0 0.0 -4.0 0.0 -2.0 -4.0 -1.0 -3.0 0.0 0.0 -4.0 -3.0 -4.0 -3.0 -3.0 -3.0 -1.0 -2.0 -4.0 0.0 -2.0 -2.0 -4.0 -1.0 -1.0 -2.0 -1.0 -4.0 -1.0 -4.0 -2.0 -3.0 -3.0 0.0 -3.0 -4.0 0.0 0.0 -1.0 -3.0 -2.0 -1.0 0.0 -4.0 -2.0 -4.0 -3.0 -1.0 -2.0 -4.0 -3.0 -3.0 0.0 -3.0 -3.0 0.0 -3.0 -4.0 -4.0 -4.0 249.0 -2.0 -3.0 -2.0 -3.0 -3.0 -2.0 -2.0 -1.0 -3.0 -3.0 -1.0 -4.0 -4.0 -1.0 -1.0 0.0 -3.0 -3.0 -1.0 -3.0 -3.0 -3.0 
0.0 -4.0 -1.0 -1.0 -3.0 -2.0 -4.0 0.0 -4.0 -2.0 -1.0 -1.0 -4.0 -3.0 -2.0 -3.0 -2.0 -2.0 -3.0 0.0 -1.0 -1.0 -4.0 0.0 -4.0 -3.0 0.0 -2.0 -4.0 0.0 -4.0 0.0 -4.0 -2.0 -3.0 -4.0 -4.0 0.0 -2.0 -4.0 -4.0 -2.0 0.0 -1.0 0.0 -2.0 0.0 -1.0 -2.0 -1.0 0.0 -2.0 -4.0 -2.0 -4.0 -4.0 -4.0 0.0 -4.0 -2.0 -3.0 0.0 -3.0 -2.0 -1.0 -4.0 -4.0 -4.0 -1.0 0.0 0.0 -4.0 -2.0 -1.0 -3.0 -3.0 0.0 -2.0 -2.0 -2.0 -1.0 -3.0 -2.0 -4.0 -2.0 -4.0 0.0 -2.0 -1.0 -2.0 -2.0 -3.0 -4.0 235.0 0.0 -2.0 -4.0 0.0 -1.0 -2.0 0.0 -4.0 -2.0 -4.0 -2.0 0.0 -2.0 -1.0 -1.0 -4.0 -3.0 -2.0 -1.0 -2.0 0.0 
-3.0 -2.0 -3.0 -2.0 -1.0 -1.0 0.0 -1.0 0.0 0.0 -4.0 0.0 -4.0 -1.0 0.0 -3.0 -3.0 -3.0 -4.0 -1.0 -2.0 -4.0 -4.0 -3.0 0.0 -1.0 -1.0 -3.0 -1.0 0.0 0.0 -4.0 -3.0 -2.0 -4.0 -1.0 -4.0 -2.0 -1.0 -3.0 -1.0 -1.0 -2.0 -1.0 -1.0 -2.0 -1.0 -1.0 -1.0 -3.0 -4.0 -2.0 -3.0 0.0 -3.0 -2.0 -4.0 -3.0 0.0 -4.0 -1.0 -2.0 -3.0 0.0 -3.0 -2.0 -3.0 -2.0 -4.0 -4.0 0.0 -3.0 -2.0 0.0 -2.0 -4.0 0.0 -2.0 0.0 -3.0 -2.0 0.0 -4.0 0.0 0.0 -4.0 -3.0 -4.0 -4.0 0.0 -3.0 -2.0 0.0 0.0 219.0 0.0 -2.0 -2.0 -4.0 -3.0 0.0 -2.0 -2.0 -1.0 -3.0 -4.0 -2.0 -1.0 0.0 -2.0 -4.0 0.0 0.0 -3.0 0.0 
0.0 0.0 -2.0 -3.0 -1.0 -1.0 -3.0 -2.0 -1.0 -3.0 -2.0 -2.0 -4.0 -1.0 -3.0 -3.0 -1.0 -1.0 0.0 -2.0 -3.0 -3.0 -1.0 -1.0 -4.0 -4.0 0.0 -1.0 -3.0 -4.0 -2.0 -1.0 -3.0 -1.0 -3.0 0.0 -3.0 0.0 -2.0 -3.0 -3.0 -4.0 -4.0 -4.0 0.0 0.0 -2.0 -3.0 0.0 -3.0 0.0 -3.0 -3.0 -2.0 -3.0 -4.0 -3.0 -1.0 -4.0 0.0 -3.0 0.0 -1.0 -3.0 -4.0 -2.0 -1.0 -1.0 -4.0 -2.0 -2.0 -3.0 -4.0 -4.0 -4.0 -4.0 -4.0 -2.0 -4.0 -3.0 -1.0 -1.0 -2.0 0.0 -1.0 -1.0 -3.0 -1.0 -2.0 -1.0 -2.0 -2.0 -3.0 -3.0 -4.0 242.0 -1.0 -4.0 -2.0 -3.0 0.0 -1.0 -4.0 -4.0 -4.0 0.0 -1.0 -2.0 -2.0 -4.0 0.0 0.0 -1.0 -1.0 -3.0 
-4.0 -3.0 -4.0 -1.0 0.0 -4.0 -4.0 -2.0 0.0 -3.0 -4.0 -3.0 -1.0 -2.0 -3.0 -1.0 -1.0 0.0 -3.0 -3.0 -4.0 -4.0 -2.0 -3.0 -3.0 -3.0 -3.0 -1.0 0.0 -4.0 -4.0 -3.0 -2.0 -3.0 -4.0 -1.0 -3.0 0.0 -1.0 0.0 -1.0 0.0 -1.0 -4.0 -2.0 -1.0 0.0 -1.0 -2.0 0.0 -1.0 -2.0 -3.0 -2.0 -2.0 -3.0 0.0 -2.0 0.0 -2.0 0.0 0.0 -3.0 -2.0 -2.0 -4.0 -4.0 0.0 -1.0 -3.0 -4.0 -2.0 -4.0 -2.0 -3.0 -1.0 -3.0 -1.0 -2.0 -1.0 0.0 -4.0 -2.0 -1.0 -1.0 -4.0 -4.0 -1.0 -4.0 -2.0 0.0 -1.0 -1.0 -3.0 -4.0 -4.0 237.0 -2.0 0.0 -3.0 -3.0 0.0 -2.0 -3.0 -4.0 0.0 -2.0 -3.0 -2.0 -1.0 -2.0 -4.0 -2.0 -2.0 -1.0 
-1.0 -4.0 -2.0 0.0 0.0 0.0 -2.0 -1.0 0.0 -2.0 0.0 -3.0 -1.0 -1.0 -1.0 -3.0 -2.0 -3.0 -1.0 -3.0 -2.0 -1.0 -4.0 -1.0 -1.0 -2.0 -2.0 -3.0 -3.0 0.0 0.0 0.0 -4.0 -4.0 0.0 -2.0 -3.0 -3.0 0.0 -3.0 -4.0 -4.0 -4.0 -1.0 -1.0 -3.0 -1.0 -1.0 -1.0 -1.0 -4.0 -3.0 -3.0 -3.0 -4.0 0.0 -3.0 -4.0 -1.0 0.0 -4.0 -3.0 -2.0 -4.0 -2.0 -2.0 0.0 -3.0 -3.0 -3.0 -1.0 0.0 -4.0 -2.0 -2.0 0.0 -1.0 -4.0 -3.0 0.0 -4.0 -1.0 -1.0 -1.0 -4.0 0.0 -4.0 0.0 0.0 -2.0 -1.0 -4.0 -1.0 0.0 -4.0 -4.0 -3.0 231.0 -1.0 -2.0 0.0 -4.0 -4.0 0.0 -2.0 -3.0 -3.0 0.0 -3.0 -3.0 -2.0 -3.0 -3.0 -4.0 -3.0 
-3.0 -2.0 -3.0 -4.0 -1.0 0.0 -4.0 0.0 0.0 -2.0 -4.0 0.0 -4.0 -2.0 0.0 -2.0 -4.0 -2.0 -4.0 -3.0 0.0 -1.0 -4.0 -2.0 -3.0 -4.0 -4.0 -4.0 -3.0 0.0 -4.0 -4.0 -4.0 -2.0 -3.0 -1.0 -1.0 -1.0 -4.0 -2.0 0.0 -2.0 -3.0 0.0 -2.0 0.0 -1.0 -2.0 0.0 -4.0 0.0 -3.0 -4.0 0.0 0.0 -2.0 -4.0 -1.0 0.0 -1.0 -1.0 -1.0 -4.0 -1.0 -4.0 -3.0 -3.0 -1.0 -3.0 -2.0 -3.0 -2.0 -2.0 0.0 -1.0 -3.0 0.0 -3.0 -4.0 -2.0 0.0 -3.0 -1.0 -4.0 -3.0 -3.0 0.0 -3.0 0.0 0.0 -1.0 -2.0 -3.0 0.0 0.0 -2.0 -1.0 -2.0 223.0 -3.0 -2.0 0.0 -1.0 -3.0 -1.0 -1.0 0.0 -1.0 -2.0 -4.0 -1.0 -4.0 -3.0 -2.0 0.0 
-1.0 -2.0 -1.0 -2.0 -2.0 -1.0 -1.0 -3.0 -1.0 0.0 -1.0 -4.0 -4.0 -1.0 0.0 -1.0 -3.0 -3.0 -4.0 -4.0 -2.0 -2.0 -1.0 -2.0 0.0 0.0 -3.0 -1.0 -3.0 -3.0 -1.0 -2.0 -1.0 -3.0 -1.0 0.0 -2.0 -3.0 -3.0 -1.0 -2.0 -4.0 -3.0 0.0 -3.0 -4.0 -3.0 -4.0 -3.0 0.0 -3.0 -4.0 0.0 -1.0 -3.0 0.0 -3.0 -2.0 -1.0 -1.0 -1.0 -2.0 -3.0 0.0 -1.0 -1.0 -2.0 -3.0 -2.0 0.0 -3.0 -1.0 -1.0 -4.0 -1.0 -4.0 -4.0 0.0 -3.0 0.0 -1.0 -4.0 -3.0 -2.0 0.0 0.0 -2.0 -3.0 -4.0 -2.0 0.0 0.0 -2.0 -4.0 -1.0 -2.0 -1.0 -3.0 -1.0 218.0 -3.0 0.0 -3.0 -3.0 -3.0 -2.0 -1.0 -3.0 -1.0 0.0 -1.0 -3.0 -2.0 -4.0 -1.0 
-4.0 -4.0 -4.0 -3.0 -2.0 -3.0 0.0 0.0 0.0 -3.0 -4.0 -3.0 -2.0 -2.0 -4.0 -2.0 -2.0 -4.0 -3.0 -4.0 -4.0 -3.0 0.0 -2.0 -2.0 -2.0 -3.0 -3.0 -2.0 -4.0 0.0 -1.0 -4.0 0.0 -4.0 -3.0 -4.0 -4.0 -1.0 0.0 -2.0 -2.0 -2.0 -2.0 -4.0 -2.0 -4.0 0.0 0.0 -3.0 0.0 -2.0 -1.0 -1.0 -2.0 -2.0 0.0 -2.0 0.0 0.0 -3.0 -2.0 -4.0 -3.0 0.0 0.0 -1.0 -2.0 -1.0 0.0 -3.0 -4.0 -2.0 -4.0 -4.0 -1.0 0.0 -1.0 -4.0 0.0 0.0 -1.0 -4.0 -1.0 -2.0 -4.0 -4.0 -2.0 -4.0 -3.0 -3.0 -3.0 -2.0 0.0 -1.0 -2.0 -3.0 -3.0 -2.0 -4.0 246.0 -2.0 -2.0 -3.0 -3.0 -2.0 -3.0 -1.0 -4.0 -4.0 0.0 0.0 -1.0 -1.0 -3.0 
0.0 -4.0 -4.0 0.0 0.0 -4.0 -4.0 -4.0 0.0 -4.0 -2.0 -2.0 -4.0 -2.0 -4.0 -3.0 -2.0 -3.0 -4.0 -2.0 -2.0 -4.0 -4.0 -4.0 -3.0 0.0 -1.0 -2.0 -2.0 -1.0 -3.0 -3.0 0.0 0.0 -1.0 -4.0 -1.0 0.0 -1.0 -3.0 0.0 -3.0 -4.0 -3.0 -1.0 -1.0 0.0 -4.0 0.0 -2.0 -2.0 0.0 -1.0 -2.0 -4.0 -3.0 -2.0 -2.0 -3.0 0.0 0.0 0.0 0.0 -2.0 -4.0 -1.0 -2.0 -3.0 -1.0 -3.0 -1.0 -1.0 -3.0 -2.0 0.0 -4.0 -4.0 0.0 -1.0 0.0 -1.0 -4.0 -3.0 -3.0 -3.0 -2.0 0.0 -2.0 -3.0 -4.0 0.0 0.0 0.0 -2.0 -1.0 -3.0 -3.0 -2.0 0.0 -1.0 -3.0 230.0 -1.0 -4.0 -2.0 -2.0 0.0 -3.0 -3.0 0.0 -2.0 -1.0 -4.0 -4.0 -4.0 
-4.0 0.0 -4.0 -1.0 -2.0 0.0 -3.0 -1.0 -4.0 -4.0 0.0 -3.0 -1.0 -4.0 -1.0 -3.0 -2.0 -3.0 -4.0 0.0 -3.0 -4.0 -4.0 0.0 -1.0 -2.0 -3.0 -1.0 0.0 0.0 -3.0 -1.0 0.0 -2.0 -4.0 -2.0 -3.0 0.0 -2.0 -1.0 -2.0 -1.0 -3.0 -1.0 0.0 -2.0 -3.0 -4.0 -4.0 -4.0 -4.0 -2.0 -3.0 0.0 0.0 -2.0 -1.0 -1.0 -1.0 -4.0 0.0 -4.0 -4.0 -2.0 -2.0 -4.0 -2.0 -1.0 -4.0 -3.0 -4.0 -4.0 -1.0 0.0 -3.0 -2.0 0.0 -1.0 -4.0 -1.0 0.0 -4.0 -1.0 -1.0 -1.0 -4.0 -1.0 -4.0 -2.0 -2.0 -3.0 0.0 0.0 -2.0 -3.0 -3.0 -1.0 -2.0 -4.0 0.0 -1.0 0.0 242.0 -4.0 -2.0 0.0 -2.0 -4.0 -4.0 -4.0 -1.0 -3.0 -3.0 -4.0 -4.0 
-4.0 -1.0 -2.0 -3.0 -1.0 -1.0 -1.0 -4.0 -2.0 -4.0 0.0 -1.0 0.0 -1.0 -3.0 -3.0 -1.0 -1.0 0.0 0.0 -3.0 -1.0 0.0 -4.0 -4.0 -1.0 0.0 -1.0 -4.0 -4.0 -3.0 0.0 0.0 -1.0 0.0 0.0 -2.0 0.0 0.0 -4.0 -3.0 0.0 -4.0 0.0 -4.0 -3.0 -2.0 0.0 0.0 0.0 -4.0 -3.0 -3.0 -2.0 -3.0 -3.0 -3.0 0.0 -4.0 -4.0 -2.0 0.0 -3.0 -2.0 -1.0 0.0 -1.0 0.0 -1.0 -2.0 -1.0 -2.0 0.0 0.0 -1.0 0.0 0.0 -2.0 0.0 -2.0 -2.0 -2.0 -1.0 -3.0 -4.0 -3.0 -3.0 -2.0 0.0 -3.0 -2.0 0.0 0.0 -1.0 -2.0 0.0 -3.0 -1.0 -2.0 -1.0 -2.0 -4.0 -1.0 194.0 0.0 -1.0 -3.0 -4.0 -1.0 -1.0 -3.0 0.0 -2.0 -3.0 -4.0 
-1.0 -1.0 -1.0 -4.0 -1.0 -2.0 -1.0 -1.0 -1.0 0.0 -2.0 0.0 0.0 -3.0 -3.0 0.0 -1.0 -4.0 -2.0 -2.0 -4.0 -1.0 -3.0 -3.0 -4.0 -2.0 -3.0 -3.0 -4.0 -2.0 -2.0 0.0 -4.0 -2.0 -1.0 -2.0 -3.0 -1.0 -4.0 -3.0 0.0 -1.0 -2.0 -3.0 -4.0 -2.0 -1.0 -4.0 -2.0 -4.0 0.0 0.0 -2.0 -2.0 0.0 -1.0 -3.0 -2.0 -2.0 -2.0 0.0 0.0 -1.0 -1.0 0.0 -4.0 0.0 -2.0 -1.0 0.0 -1.0 0.0 -3.0 -4.0 -3.0 -2.0 -2.0 -2.0 0.0 -2.0 -4.0 0.0 -2.0 -3.0 -3.0 -1.0 -3.0 -1.0 -3.0 -4.0 -4.0 -2.0 -4.0 -3.0 -1.0 -2.0 -2.0 -2.0 0.0 -2.0 0.0 -2.0 -2.0 -1.0 221.0 -2.0 -3.0 0.0 0.0 -3.0 -2.0 -4.0 -3.0 -4.0 -3.0 
0.0 -4.0 -2.0 0.0 -2.0 0.0 -1.0 -4.0 -4.0 -1.0 -3.0 0.0 -1.0 -3.0 -3.0 -2.0 -2.0 -2.0 -1.0 -1.0 -1.0 -3.0 -2.0 0.0 -4.0 -1.0 -1.0 -2.0 -2.0 0.0 -2.0 -2.0 -2.0 -4.0 -4.0 -4.0 -1.0 -4.0 -3.0 0.0 -4.0 -1.0 -1.0 -3.0 -4.0 -2.0 -3.0 -2.0 0.0 -1.0 0.0 -2.0 -2.0 -4.0 -3.0 0.0 -3.0 -4.0 0.0 -1.0 -2.0 -2.0 0.0 -1.0 -1.0 -1.0 -3.0 -3.0 -3.0 -4.0 -3.0 0.0 -4.0 0.0 -2.0 0.0 -4.0 -1.0 -3.0 0.0 -2.0 -1.0 -3.0 -1.0 -2.0 -4.0 0.0 0.0 -1.0 -3.0 0.0 -1.0 -4.0 -1.0 -2.0 -2.0 -2.0 -3.0 0.0 -1.0 -4.0 -2.0 -1.0 -3.0 -4.0 216.0 0.0 -2.0 -1.0 -2.0 -1.0 0.0 -1.0 -4.0 -3.0 
-1.0 -1.0 -4.0 0.0 -2.0 0.0 -1.0 -4.0 -2.0 -1.0 -4.0 -3.0 -4.0 -2.0 -2.0 -2.0 -4.0 -3.0 -4.0 -1.0 0.0 -1.0 0.0 -4.0 -3.0 -2.0 -2.0 -4.0 -4.0 -1.0 -1.0 -4.0 0.0 -4.0 -1.0 -3.0 -2.0 -3.0 -3.0 -3.0 -1.0 0.0 -2.0 -4.0 -2.0 -1.0 0.0 -3.0 -2.0 0.0 0.0 -3.0 0.0 -1.0 -2.0 -1.0 -3.0 0.0 -1.0 -2.0 0.0 -4.0 -3.0 -4.0 -4.0 -3.0 -1.0 -4.0 -1.0 -4.0 0.0 -4.0 -2.0 -1.0 -3.0 0.0 -4.0 -2.0 -1.0 -1.0 -4.0 -3.0 -2.0 0.0 0.0 0.0 0.0 -4.0 -4.0 -3.0 0.0 0.0 -3.0 -3.0 -2.0 -2.0 -2.0 0.0 -2.0 -4.0 -1.0 -4.0 -3.0 -2.0 -3.0 -3.0 231.0 -3.0 -2.0 -1.0 -2.0 0.0 -4.0 0.0 -1.0 
-4.0 -4.0 -1.0 -2.0 -4.0 -2.0 0.0 -2.0 -1.0 -4.0 -1.0 -2.0 0.0 -1.0 -1.0 -4.0 -3.0 -4.0 -2.0 -4.0 -4.0 -1.0 -1.0 -4.0 0.0 -1.0 0.0 -2.0 -3.0 -1.0 -2.0 -3.0 -3.0 -3.0 -2.0 0.0 -1.0 -3.0 -4.0 0.0 -1.0 -1.0 -3.0 -3.0 0.0 -4.0 -1.0 0.0 -2.0 -1.0 0.0 -4.0 -4.0 -2.0 -1.0 -2.0 0.0 -3.0 -2.0 -2.0 0.0 -1.0 -4.0 -1.0 -4.0 -4.0 0.0 -1.0 0.0 -2.0 -3.0 -2.0 -3.0 -2.0 -1.0 -1.0 -1.0 -3.0 -4.0 0.0 -4.0 -2.0 -3.0 -3.0 -3.0 -1.0 -3.0 -2.0 -2.0 0.0 -1.0 0.0 -4.0 -4.0 -1.0 -1.0 0.0 -3.0 -1.0 0.0 -2.0 0.0 -1.0 -1.0 -3.0 -2.0 -3.0 224.0 0.0 0.0 -4.0 -4.0 -2.0 -3.0 -4.0 
-1.0 -3.0 0.0 -1.0 -2.0 0.0 -4.0 0.0 -4.0 -4.0 0.0 -3.0 -3.0 -4.0 -3.0 -2.0 -1.0 0.0 -1.0 -4.0 -3.0 -1.0 0.0 -2.0 -3.0 -3.0 -2.0 -4.0 -2.0 -2.0 0.0 -3.0 -1.0 -4.0 -1.0 -1.0 0.0 -4.0 -3.0 -4.0 -2.0 -2.0 -4.0 -2.0 -1.0 -3.0 0.0 -1.0 0.0 -2.0 0.0 -2.0 -3.0 -3.0 -3.0 -2.0 -3.0 -4.0 0.0 -2.0 -3.0 -4.0 -4.0 -3.0 -3.0 -2.0 -1.0 -3.0 -2.0 -1.0 -4.0 0.0 -2.0 -3.0 -3.0 -4.0 0.0 0.0 -4.0 -3.0 0.0 0.0 -4.0 -4.0 -3.0 -4.0 0.0 -4.0 -3.0 -3.0 -2.0 -2.0 0.0 -4.0 -1.0 -4.0 0.0 -3.0 -2.0 -2.0 -1.0 -1.0 -3.0 -2.0 -3.0 -1.0 -3.0 -1.0 246.0 -2.0 -3.0 -4.0 -3.0 -2.0 -1.0 
-3.0 0.0 -1.0 -2.0 -4.0 -3.0 -4.0 -1.0 -1.0 -3.0 -1.0 -1.0 -4.0 -4.0 -4.0 -4.0 -4.0 -2.0 -2.0 -2.0 -2.0 -3.0 -4.0 -3.0 -4.0 -3.0 0.0 -1.0 -1.0 -2.0 0.0 -1.0 -4.0 -4.0 -4.0 -4.0 0.0 -3.0 -4.0 -4.0 -3.0 0.0 -2.0 0.0 -4.0 -3.0 -3.0 -3.0 0.0 -4.0 0.0 0.0 -3.0 -4.0 -4.0 -3.0 -1.0 -4.0 -2.0 -3.0 -2.0 -3.0 -3.0 -1.0 -4.0 -3.0 -3.0 -3.0 -1.0 -1.0 -1.0 -4.0 -1.0 -1.0 -4.0 -4.0 -2.0 -2.0 -1.0 0.0 0.0 -4.0 -4.0 -4.0 -1.0 -3.0 -2.0 -2.0 -2.0 0.0 -1.0 -3.0 -1.0 -4.0 -2.0 -1.0 -4.0 -1.0 -2.0 -2.0 -3.0 -3.0 -4.0 -4.0 -1.0 0.0 -2.0 -2.0 0.0 262.0 -2.0 -2.0 -1.0 -4.0 0.0 
0.0 -1.0 0.0 0.0 0.0 -2.0 -3.0 -4.0 -1.0 0.0 -2.0 -2.0 -4.0 -4.0 -1.0 -2.0 -3.0 -3.0 -2.0 -3.0 0.0 -1.0 -3.0 -1.0 -4.0 0.0 -2.0 -1.0 0.0 -1.0 -2.0 -3.0 -1.0 -3.0 -4.0 0.0 -2.0 -1.0 0.0 -1.0 -2.0 0.0 -3.0 0.0 -3.0 -3.0 -1.0 -3.0 0.0 0.0 0.0 -2.0 -1.0 -1.0 -1.0 -3.0 -3.0 0.0 -2.0 -4.0 -1.0 -3.0 0.0 -4.0 0.0 -2.0 0.0 -3.0 -2.0 -1.0 -4.0 -3.0 -2.0 -1.0 -1.0 -4.0 -2.0 -2.0 -4.0 -4.0 -1.0 -4.0 0.0 0.0 0.0 -2.0 -2.0 0.0 -3.0 -4.0 -2.0 -3.0 -2.0 -4.0 0.0 -2.0 -1.0 -1.0 -3.0 -2.0 -2.0 0.0 -2.0 -2.0 -1.0 -1.0 -2.0 -1.0 -4.0 -2.0 201.0 -2.0 -1.0 0.0 -3.0 
-3.0 -4.0 -4.0 0.0 0.0 -3.0 -2.0 -1.0 -4.0 -1.0 -4.0 -1.0 -3.0 -3.0 0.0 -4.0 -1.0 -1.0 -4.0 -2.0 -2.0 -3.0 0.0 -4.0 -2.0 -4.0 -2.0 -4.0 -3.0 -4.0 -3.0 -2.0 -1.0 -3.0 -1.0 0.0 0.0 -2.0 -3.0 -4.0 -1.0 0.0 -2.0 -3.0 -1.0 -4.0 0.0 -3.0 0.0 -1.0 0.0 0.0 -3.0 -3.0 -3.0 -2.0 -1.0 -4.0 0.0 -2.0 0.0 -3.0 -3.0 -2.0 0.0 -4.0 -3.0 -1.0 -4.0 -4.0 -3.0 -3.0 -4.0 -2.0 -3.0 0.0 -4.0 -2.0 -3.0 -2.0 -1.0 -2.0 -2.0 -1.0 0.0 -3.0 -4.0 -4.0 0.0 -4.0 -4.0 -4.0 -3.0 -4.0 -2.0 -2.0 -3.0 -1.0 -2.0 -1.0 -4.0 -2.0 0.0 -3.0 -1.0 -2.0 -3.0 -2.0 -2.0 0.0 -3.0 246.0 -1.0 0.0 -1.0 
-1.0 -1.0 -3.0 -3.0 -3.0 -4.0 -2.0 -4.0 -1.0 -4.0 -1.0 -2.0 -3.0 -2.0 -1.0 -1.0 -3.0 -2.0 -4.0 -2.0 -3.0 -3.0 -3.0 -4.0 -2.0 -2.0 -4.0 0.0 -4.0 -2.0 -1.0 -2.0 -1.0 -3.0 -1.0 -3.0 -1.0 -4.0 0.0 -2.0 -3.0 -2.0 0.0 -4.0 -2.0 -4.0 0.0 0.0 0.0 -2.0 -1.0 -1.0 -1.0 -3.0 -1.0 -4.0 -4.0 -4.0 -4.0 -1.0 -1.0 -1.0 -3.0 -3.0 -4.0 -3.0 -4.0 0.0 -3.0 -3.0 -4.0 -2.0 -4.0 -4.0 -4.0 -3.0 0.0 -4.0 -1.0 -2.0 -2.0 0.0 -1.0 0.0 -4.0 -1.0 -4.0 -4.0 -4.0 -4.0 -3.0 0.0 -4.0 -3.0 -4.0 -2.0 -1.0 0.0 -2.0 -3.0 0.0 -3.0 -3.0 -2.0 -3.0 -4.0 0.0 0.0 -4.0 0.0 -2.0 0.0 257.0 -4.0 0.0 
-4.0 0.0 -1.0 -4.0 -3.0 -4.0 -1.0 -3.0 -3.0 0.0 -3.0 -4.0 -2.0 -2.0 -3.0 -1.0 -1.0 0.0 -3.0 -2.0 -4.0 -3.0 0.0 -4.0 0.0 -1.0 -1.0 -1.0 -2.0 0.0 -2.0 -1.0 -2.0 -4.0 -3.0 -3.0 -1.0 0.0 -1.0 -1.0 -4.0 -1.0 0.0 -2.0 0.0 -3.0 -1.0 -4.0 -2.0 -3.0 0.0 -3.0 0.0 -2.0 -2.0 -4.0 -1.0 -4.0 -1.0 -2.0 -3.0 -3.0 -1.0 0.0 -2.0 -3.0 -1.0 -2.0 0.0 -2.0 0.0 -4.0 0.0 -3.0 -4.0 -4.0 -3.0 -3.0 -3.0 -4.0 -3.0 -3.0 0.0 -2.0 -1.0 0.0 -4.0 -3.0 -3.0 0.0 0.0 -4.0 -3.0 0.0 -3.0 -1.0 -1.0 -1.0 -4.0 -3.0 0.0 -2.0 -2.0 -4.0 -3.0 -1.0 -4.0 0.0 -1.0 -2.0 -2.0 -1.0 0.0 227.0 -4.0 
-1.0 0.0 -3.0 -2.0 -4.0 -2.0 -3.0 0.0 -3.0 -1.0 0.0 -3.0 -2.0 0.0 0.0 -1.0 0.0 -3.0 -2.0 -1.0 -1.0 -2.0 -4.0 -3.0 -4.0 0.0 0.0 0.0 -2.0 -4.0 0.0 -3.0 -2.0 0.0 -3.0 -1.0 -2.0 -1.0 -3.0 0.0 -1.0 -2.0 -3.0 -4.0 0.0 -4.0 -3.0 -3.0 -4.0 0.0 -4.0 0.0 -3.0 -4.0 -1.0 -2.0 -4.0 0.0 0.0 -2.0 -2.0 -3.0 -1.0 -4.0 -1.0 0.0 -1.0 -1.0 0.0 -2.0 -4.0 -1.0 -3.0 -2.0 0.0 -4.0 -3.0 0.0 0.0 -2.0 0.0 -3.0 -2.0 -3.0 -2.0 0.0 0.0 0.0 -2.0 -1.0 -4.0 -2.0 -4.0 -2.0 0.0 0.0 0.0 0.0 -4.0 -1.0 -3.0 -2.0 -4.0 -1.0 0.0 -3.0 0.0 -2.0 -3.0 -1.0 0.0 -1.0 -2.0 -2.0 198.0 
-13447.00114 -13820.0 -13482.0 -12594.0 -12293.0 -11229.0 -11255.0 -12712.0 -10637.0 -10926.0 -8630.0 -8632.0 -11253.0 -9935.0 -11617.0 -9429.0 -9727.0 -9598.0 -9601.0 -9712.0 -8298.0 -7520.0 -9112.0 -7025.0 -7859.0 -6742.0 -7457.0 -5657.0 -7299.0 -7184.0 -5869.0 -6710.0 -5886.0 -5252.0 -6458.0 -4212.0 -5028.0 -5236.0 -4832.0 -5123.0 -3345.0 -3994.0 -4040.0 -2146.0 -3133.0 -4100.0 -2411.0 -2011.0 -1410.0 -1932.0 -2878.0 -1244.0 -1963.0 -518.0 -1098.0 402.0 68.0 333.0 365.0 417.0 749.0 1911.0 1798.0 1834.0 1480.0 1399.0 2311.0 2379.0 2358.0 2446.0 2998.0 3234.0 3291.0 3871.0 4179.0 4336.0 4404.0 5453.0 5313.0 5518.0 4054.0 6877.0 6012.0 6377.0 6578.0 7186.0 6582.0 6326.0 7143.0 7665.0 7922.0 6056.0 8064.0 8787.0 8322.0 9022.0 9659.0 8480.0 10042.0 9176.0 11161.0 10712.0 10684.0 8987.0 10114.0 10599.0 11614.0 11556.0 12308.0 14391.0 10416.0 13622.0 14516.0 12876.0 11593.0 