127.99936 -3.0 -4.0 -1.0 -2.0 -1.0 -1.0 -2.0 -2.0 -1.0 -2.0 0.0 -4.0 -3.0 -3.0 -1.0 0.0 -3.0 -1.0 -3.0 -3.0 0.0 -2.0 -4.0 -4.0 -3.0 0.0 -2.0 -4.0 -3.0 -4.0 0.0 -2.0 -1.0 -3.0 0.0 -1.0 0.0 -2.0 0.0 0.0 -2.0 -1.0 -2.0 -4.0 -3.0 -1.0 -2.0 -4.0 -1.0 -2.0 -4.0 -2.0 0.0 -4.0 -3.0 -1.0 -4.0 -3.0 0.0 -4.0 -3.0 -3.0 0.0 0.0 
-1.0 115.0 -4.0 0.0 -1.0 -1.0 -1.0 0.0 -3.0 -4.0 0.0 -1.0 -2.0 0.0 -1.0 -4.0 0.0 -1.0 0.0 0.0 -3.0 -1.0 -4.0 -1.0 -4.0 -1.0 -3.0 0.0 -3.0 -1.0 0.0 -1.0 -2.0 -3.0 0.0 -3.0 -2.0 -4.0 0.0 -3.0 -4.0 -2.0 -1.0 -3.0 -3.0 -4.0 -3.0 0.0 0.0 -4.0 -3.0 -1.0 -2.0 -2.0 -1.0 -4.0 -2.0 -2.0 -4.0 -2.0 -1.0 -1.0 0.0 -2.0 -1.0 
0.0 -1.0 128.0 -2.0 -3.0 -4.0 -1.0 -4.0 -4.0 -2.0 -2.0 0.0 -3.0 -2.0 -1.0 -1.0 -4.0 -3.0 -3.0 0.0 -3.0 -3.0 -2.0 -4.0 0.0 -4.0 -4.0 -3.0 -3.0 -1.0 -2.0 -4.0 -3.0 -3.0 0.0 -4.0 -2.0 -1.0 -4.0 -2.0 -2.0 -2.0 -1.0 0.0 0.0 -3.0 0.0 -3.0 -2.0 0.0 0.0 -4.0 0.0 0.0 -3.0 -4.0 -1.0 0.0 -2.0 0.0 -2.0 0.0 -1.0 -4.0 -2.0 
-1.0 -3.0 -2.0 131.0 -2.0 -2.0 0.0 -2.0 -3.0 -3.0 -2.0 0.0 0.0 -2.0 0.0 -3.0 0.0 -1.0 -1.0 -2.0 0.0 -3.0 -2.0 -4.0 -1.0 -1.0 -3.0 0.0 -3.0 -4.0 -3.0 -2.0 -4.0 0.0 -4.0 -4.0 -2.0 -4.0 -2.0 -1.0 -2.0 -1.0 -1.0 -4.0 -4.0 -3.0 -3.0 -4.0 -2.0 -2.0 -2.0 0.0 -1.0 -1.0 -4.0 -4.0 -2.0 -2.0 0.0 -4.0 -1.0 -2.0 -2.0 -1.0 -3.0 
-3.0 -2.0 0.0 -1.0 119.0 -3.0 -3.0 -2.0 -1.0 -1.0 -2.0 -3.0 0.0 -3.0 -3.0 -2.0 -1.0 0.0 -2.0 -3.0 0.0 -2.0 -1.0 -3.0 -2.0 -4.0 0.0 0.0 -1.0 -2.0 0.0 -3.0 -3.0 -3.0 -1.0 -2.0 -2.0 -2.0 -4.0 -3.0 -3.0 -2.0 -3.0 -4.0 -3.0 -4.0 -2.0 0.0 0.0 -3.0 0.0 -1.0 -3.0 0.0 0.0 -4.0 -1.0 -2.0 0.0 0.0 -1.0 -3.0 -1.0 -2.0 -4.0 
-2.0 0.0 -3.0 -1.0 -3.0 136.0 -1.0 -1.0 -3.0 -1.0 -1.0 -3.0 -2.0 0.0 -3.0 0.0 -3.0 -2.0 -2.0 -1.0 -4.0 -3.0 -3.0 -4.0 -2.0 -4.0 -2.0 -4.0 -2.0 0.0 0.0 -3.0 0.0 -2.0 -1.0 -2.0 -3.0 -4.0 -3.0 0.0 -4.0 -2.0 -4.0 -3.0 -3.0 -2.0 -1.0 0.0 -4.0 -3.0 -2.0 -1.0 -4.0 -2.0 -4.0 -4.0 -3.0 0.0 -3.0 -1.0 -1.0 -2.0 -1.0 -2.0 -2.0 
-1.0 -3.0 0.0 -1.0 -1.0 -3.0 103.0 -1.0 -3.0 0.0 -4.0 -4.0 -1.0 -1.0 -3.0 -2.0 -2.0 0.0 -1.0 0.0 -1.0 -4.0 -1.0 0.0 -4.0 0.0 -4.0 0.0 -1.0 -2.0 -4.0 -3.0 -2.0 0.0 -3.0 -1.0 -2.0 0.0 -1.0 -4.0 -2.0 0.0 -3.0 0.0 -2.0 0.0 -2.0 -1.0 -1.0 -1.0 -4.0 0.0 -3.0 -2.0 -2.0 -1.0 0.0 -4.0 0.0 -3.0 -1.0 0.0 0.0 0.0 -3.0 
-3.0 0.0 0.0 0.0 -4.0 -3.0 -2.0 129.0 -1.0 -3.0 -2.0 -4.0 -3.0 -1.0 -3.0 -4.0 -1.0 -4.0 -3.0 -2.0 -1.0 -3.0 -1.0 0.0 -1.0 -1.0 -4.0 0.0 0.0 -3.0 0.0 0.0 -3.0 -1.0 -3.0 -1.0 -2.0 -4.0 -3.0 -4.0 -3.0 -4.0 -2.0 -3.0 -1.0 0.0 -1.0 -2.0 -4.0 -2.0 -1.0 -2.0 -2.0 -4.0 0.0 -1.0 0.0 -2.0 -2.0 -2.0 -4.0 -2.0 -1.0 -4.0 -2.0 
0.0 -3.0 -1.0 0.0 -1.0 -2.0 -1.0 0.0 124.0 -3.0 -3.0 -1.0 -3.0 -1.0 -2.0 -4.0 -4.0 -2.0 -4.0 -3.0 -1.0 0.0 -4.0 -2.0 -1.0 0.0 -3.0 0.0 -3.0 -3.0 -3.0 0.0 0.0 -3.0 -3.0 -3.0 -4.0 -1.0 -1.0 0.0 -4.0 -4.0 -2.0 -1.0 -4.0 0.0 -1.0 -3.0 -3.0 -1.0 -2.0 0.0 -3.0 0.0 -1.0 -1.0 -4.0 -2.0 0.0 -1.0 -4.0 -2.0 -1.0 -3.0 -4.0 
-1.0 -2.0 0.0 0.0 0.0 -3.0 -3.0 0.0 -3.0 128.0 0.0 0.0 -3.0 -2.0 -3.0 -3.0 -2.0 -2.0 -2.0 -4.0 -3.0 -3.0 -2.0 -2.0 -4.0 -1.0 -4.0 -2.0 -3.0 -2.0 -4.0 -1.0 -2.0 -1.0 -4.0 0.0 -2.0 -2.0 -1.0 -3.0 -3.0 -1.0 0.0 -4.0 -2.0 -2.0 0.0 -4.0 -3.0 -4.0 0.0 -3.0 -1.0 -2.0 -2.0 -3.0 -2.0 -1.0 -1.0 0.0 -1.0 -4.0 -3.0 -1.0 -2.0 
-3.0 -2.0 0.0 -3.0 -4.0 -3.0 0.0 -4.0 -4.0 -2.0 152.0 -4.0 0.0 0.0 -3.0 0.0 -4.0 -2.0 0.0 -3.0 -3.0 -3.0 -4.0 0.0 -2.0 -2.0 0.0 0.0 -1.0 -3.0 -3.0 -2.0 -3.0 -4.0 -3.0 -2.0 -1.0 -4.0 -2.0 -3.0 -1.0 -3.0 -2.0 -3.0 -3.0 -4.0 -4.0 -1.0 -3.0 -3.0 -1.0 -3.0 -4.0 -2.0 -3.0 -2.0 -2.0 -3.0 -4.0 -2.0 -3.0 0.0 -3.0 -3.0 -4.0 
-3.0 -2.0 -3.0 -3.0 -2.0 -4.0 0.0 -2.0 -2.0 0.0 -4.0 136.0 -2.0 -4.0 0.0 -2.0 -3.0 -2.0 -3.0 -4.0 -1.0 -4.0 -2.0 0.0 -4.0 -2.0 -4.0 -4.0 -3.0 -2.0 -1.0 -3.0 -2.0 -2.0 -3.0 -2.0 -4.0 -1.0 -4.0 0.0 0.0 -4.0 -1.0 0.0 0.0 -3.0 -2.0 -3.0 0.0 -2.0 0.0 0.0 -4.0 -1.0 -4.0 -3.0 -3.0 -2.0 -2.0 0.0 -3.0 -3.0 -2.0 -1.0 0.0 
0.0 -3.0 -1.0 -2.0 -3.0 0.0 -3.0 -1.0 -1.0 -3.0 -1.0 -1.0 129.0 -4.0 -3.0 0.0 -3.0 -2.0 -4.0 -2.0 -4.0 -4.0 -3.0 -3.0 0.0 -2.0 -3.0 -4.0 -2.0 0.0 -2.0 0.0 0.0 -4.0 -4.0 0.0 -4.0 -4.0 -3.0 -1.0 -4.0 -2.0 -4.0 -1.0 0.0 -4.0 -2.0 -2.0 0.0 -2.0 -3.0 -1.0 -2.0 0.0 -1.0 -2.0 0.0 -4.0 -3.0 0.0 0.0 -1.0 -2.0 -2.0 -3.0 
-2.0 -1.0 -4.0 0.0 -4.0 -1.0 -3.0 -2.0 -2.0 -1.0 -3.0 -1.0 0.0 121.0 0.0 -4.0 0.0 -4.0 0.0 -2.0 -2.0 -4.0 -1.0 -1.0 -2.0 -4.0 -3.0 -4.0 -1.0 -4.0 0.0 -4.0 -4.0 -3.0 -2.0 -1.0 -3.0 -1.0 -1.0 0.0 -2.0 -1.0 -3.0 -1.0 -1.0 -1.0 -4.0 -2.0 -1.0 -3.0 -1.0 -2.0 -1.0 0.0 -4.0 0.0 -3.0 -4.0 0.0 0.0 -1.0 -2.0 -3.0 -1.0 -1.0 
-1.0 -2.0 -2.0 -2.0 -4.0 -2.0 -1.0 -4.0 -1.0 -4.0 -1.0 0.0 -4.0 -4.0 119.0 -2.0 -1.0 0.0 -3.0 -1.0 -3.0 0.0 -2.0 0.0 -4.0 -1.0 0.0 0.0 0.0 -4.0 -4.0 -1.0 -2.0 -1.0 -2.0 -1.0 -3.0 -3.0 -2.0 0.0 -3.0 -4.0 -1.0 0.0 0.0 0.0 -1.0 -4.0 -1.0 -4.0 -1.0 -4.0 -3.0 -3.0 -1.0 0.0 -2.0 -4.0 -3.0 0.0 0.0 -1.0 -2.0 -2.0 -3.0 
-2.0 -3.0 -2.0 -2.0 -1.0 -4.0 -2.0 -3.0 0.0 -2.0 -3.0 -2.0 -3.0 -4.0 0.0 150.0 -1.0 -2.0 0.0 -4.0 -3.0 -3.0 -3.0 -4.0 0.0 -3.0 -3.0 -3.0 -2.0 0.0 -1.0 0.0 -2.0 -4.0 -3.0 -2.0 0.0 -1.0 -3.0 0.0 -4.0 -4.0 -3.0 -2.0 -4.0 -1.0 -1.0 -3.0 -3.0 -1.0 -3.0 -4.0 -4.0 -4.0 -4.0 -4.0 -1.0 -3.0 -4.0 0.0 -3.0 -4.0 -1.0 -4.0 -1.0 
0.0 -4.0 -2.0 -2.0 -3.0 -3.0 -3.0 -1.0 0.0 0.0 -4.0 -1.0 -4.0 -3.0 -1.0 0.0 122.0 -2.0 -1.0 -2.0 -1.0 -3.0 -2.0 0.0 -2.0 -1.0 -2.0 -3.0 -1.0 -1.0 -4.0 -2.0 0.0 -2.0 -4.0 0.0 -4.0 -4.0 -2.0 -1.0 -1.0 -1.0 -2.0 -1.0 0.0 -4.0 -4.0 -1.0 -2.0 -2.0 0.0 -3.0 0.0 -2.0 -2.0 -4.0 -3.0 -1.0 -2.0 -2.0 -3.0 -3.0 -2.0 0.0 -2.0 
0.0 -4.0 0.0 -4.0 -2.0 -4.0 -3.0 -2.0 -3.0 -4.0 -2.0 -1.0 -4.0 -1.0 -4.0 0.0 -2.0 134.0 -2.0 0.0 -4.0 -3.0 0.0 0.0 -2.0 0.0 0.0 -3.0 -2.0 -4.0 -4.0 0.0 -2.0 -1.0 -4.0 0.0 -4.0 -2.0 -4.0 0.0 -1.0 -3.0 -3.0 -2.0 -1.0 -3.0 -1.0 -4.0 -4.0 -2.0 -3.0 -4.0 0.0 -2.0 -2.0 0.0 -1.0 -1.0 -1.0 -3.0 -3.0 -4.0 -2.0 -3.0 0.0 
-2.0 -2.0 -3.0 -4.0 0.0 0.0 -2.0 0.0 -4.0 -2.0 0.0 -1.0 0.0 -2.0 -1.0 -4.0 -4.0 -3.0 122.0 0.0 0.0 -3.0 -1.0 -1.0 0.0 -2.0 -3.0 -2.0 -2.0 -2.0 0.0 -3.0 -1.0 -1.0 -4.0 -1.0 0.0 -3.0 -1.0 -3.0 -3.0 -1.0 -4.0 -1.0 0.0 -1.0 0.0 -3.0 -1.0 -3.0 -1.0 -1.0 -3.0 -4.0 0.0 -4.0 -3.0 -3.0 -3.0 0.0 -3.0 -4.0 -3.0 -2.0 -4.0 
-3.0 -3.0 0.0 -4.0 -4.0 0.0 -4.0 -4.0 -1.0 -1.0 0.0 -1.0 -2.0 -3.0 -2.0 -4.0 -4.0 -2.0 -2.0 137.0 -1.0 -1.0 -4.0 -2.0 -1.0 0.0 -3.0 -3.0 0.0 -4.0 -3.0 -1.0 -4.0 -1.0 -1.0 0.0 -3.0 0.0 0.0 -3.0 0.0 -4.0 -1.0 -3.0 0.0 -4.0 -4.0 -1.0 -4.0 -2.0 -3.0 -3.0 0.0 -2.0 -3.0 -3.0 -3.0 -1.0 -2.0 -4.0 -3.0 -3.0 -2.0 -2.0 -1.0 
-2.0 -3.0 -1.0 -3.0 -1.0 -4.0 -4.0 -4.0 -2.0 -4.0 -1.0 -4.0 -4.0 -3.0 -1.0 -4.0 -4.0 0.0 -2.0 -1.0 150.0 -4.0 -2.0 -3.0 -1.0 -2.0 -4.0 -3.0 -4.0 0.0 -3.0 -4.0 -1.0 -2.0 -1.0 -3.0 -1.0 -1.0 -2.0 -1.0 -3.0 -1.0 0.0 0.0 -1.0 -4.0 -4.0 -3.0 -1.0 -2.0 -4.0 -3.0 -3.0 -3.0 -3.0 -2.0 -3.0 -4.0 0.0 0.0 -2.0 -4.0 0.0 -4.0 -2.0 
0.0 -3.0 0.0 -1.0 -2.0 -1.0 -4.0 0.0 0.0 0.0 -4.0 -1.0 -1.0 -1.0 -3.0 -2.0 -4.0 -2.0 -2.0 -4.0 0.0 120.0 0.0 -3.0 0.0 -1.0 -1.0 0.0 -4.0 -3.0 0.0 -1.0 -1.0 -3.0 -4.0 -2.0 -4.0 -3.0 -3.0 -3.0 -4.0 -3.0 -1.0 -2.0 -3.0 -4.0 -4.0 -3.0 -2.0 -1.0 -3.0 -2.0 0.0 -3.0 -4.0 0.0 -1.0 -1.0 -1.0 -2.0 0.0 0.0 -4.0 0.0 -1.0 
-4.0 0.0 -1.0 -2.0 0.0 -4.0 -4.0 -1.0 -2.0 -4.0 -4.0 -3.0 -4.0 -3.0 -1.0 -3.0 -2.0 -2.0 -1.0 -2.0 -1.0 -3.0 132.0 -1.0 -3.0 -4.0 -1.0 -2.0 -4.0 -3.0 -3.0 0.0 -3.0 -2.0 -3.0 -3.0 -1.0 -1.0 -4.0 -3.0 -4.0 -1.0 -1.0 0.0 0.0 0.0 -3.0 0.0 -3.0 0.0 -3.0 -3.0 -3.0 -3.0 -1.0 -2.0 -1.0 -3.0 0.0 -1.0 -2.0 0.0 -3.0 -1.0 -2.0 
-3.0 -2.0 -3.0 0.0 -1.0 -4.0 -2.0 -3.0 -1.0 0.0 -1.0 -2.0 -3.0 -1.0 -4.0 -1.0 0.0 0.0 -3.0 -2.0 -2.0 -4.0 -1.0 132.0 -3.0 -1.0 -1.0 -2.0 0.0 -4.0 -3.0 -1.0 -2.0 -2.0 -2.0 -4.0 -1.0 -4.0 -2.0 -3.0 -1.0 -2.0 -4.0 -4.0 -1.0 0.0 -3.0 0.0 -3.0 -1.0 -1.0 -4.0 -4.0 0.0 0.0 -3.0 -4.0 -1.0 -1.0 -2.0 -3.0 -2.0 -4.0 -2.0 -4.0 
-4.0 0.0 -3.0 -3.0 -1.0 -2.0 -4.0 -3.0 -1.0 0.0 -2.0 0.0 -1.0 -3.0 -2.0 -2.0 -4.0 -1.0 -1.0 0.0 -2.0 -4.0 -3.0 0.0 141.0 -4.0 -2.0 -4.0 -1.0 -4.0 -2.0 -3.0 -2.0 -3.0 -1.0 0.0 -2.0 -4.0 -1.0 -4.0 -3.0 -2.0 0.0 -4.0 -2.0 -2.0 -3.0 0.0 -1.0 -3.0 -3.0 -3.0 -3.0 -1.0 -1.0 -2.0 -4.0 -2.0 -3.0 -4.0 -1.0 -3.0 -1.0 -3.0 -4.0 
-1.0 -3.0 -2.0 -2.0 0.0 -1.0 -1.0 -4.0 -3.0 -2.0 -3.0 -1.0 -4.0 -4.0 0.0 -4.0 0.0 -2.0 -2.0 0.0 -4.0 -3.0 -2.0 0.0 -2.0 149.0 -1.0 0.0 -4.0 -4.0 -2.0 -2.0 -1.0 -4.0 -3.0 -2.0 -2.0 -3.0 -4.0 -2.0 -4.0 -2.0 -2.0 -4.0 -3.0 -4.0 -3.0 0.0 0.0 -3.0 -4.0 -1.0 -2.0 -4.0 -4.0 -4.0 -2.0 -1.0 -4.0 -2.0 -4.0 0.0 -3.0 -3.0 -2.0 
-1.0 -1.0 -1.0 -4.0 -2.0 -2.0 0.0 -4.0 -2.0 -4.0 -3.0 -2.0 -4.0 -1.0 -4.0 -3.0 -1.0 0.0 -3.0 -3.0 0.0 0.0 -3.0 -2.0 -1.0 -1.0 135.0 -2.0 0.0 0.0 -2.0 -1.0 -2.0 -4.0 -1.0 -2.0 0.0 -2.0 -2.0 -2.0 -4.0 -2.0 -1.0 0.0 0.0 -4.0 -4.0 -3.0 -4.0 -2.0 -2.0 -4.0 -4.0 -3.0 -1.0 -3.0 -4.0 -1.0 -2.0 -4.0 -3.0 -2.0 -2.0 -1.0 -3.0 
0.0 0.0 -2.0 -3.0 0.0 0.0 -1.0 -3.0 -3.0 -1.0 -3.0 -2.0 -2.0 -1.0 -3.0 -1.0 -2.0 0.0 0.0 -3.0 -4.0 0.0 -3.0 0.0 -4.0 0.0 -3.0 125.0 0.0 -3.0 -1.0 -2.0 -3.0 -1.0 -3.0 -2.0 -1.0 -3.0 -3.0 -4.0 -1.0 -3.0 -2.0 -3.0 -2.0 0.0 -2.0 0.0 -4.0 -4.0 -4.0 0.0 0.0 -2.0 -1.0 -1.0 -3.0 -4.0 -3.0 -4.0 -4.0 -1.0 0.0 -3.0 -4.0 
-4.0 -3.0 -3.0 -4.0 -4.0 -1.0 -4.0 -3.0 -1.0 0.0 0.0 -2.0 -4.0 -2.0 -2.0 -2.0 -4.0 -1.0 0.0 0.0 -2.0 0.0 -4.0 -1.0 -2.0 0.0 -3.0 -1.0 127.0 -2.0 0.0 -2.0 -1.0 -3.0 -1.0 -4.0 -3.0 -1.0 -4.0 -3.0 -1.0 -1.0 0.0 -3.0 -4.0 -3.0 0.0 -4.0 -1.0 -4.0 -2.0 0.0 -1.0 -2.0 -1.0 -4.0 0.0 0.0 0.0 -1.0 -1.0 -3.0 -4.0 -3.0 -3.0 
0.0 0.0 0.0 -1.0 -2.0 -4.0 -2.0 -2.0 -2.0 -3.0 0.0 0.0 -1.0 -3.0 -3.0 -1.0 0.0 -1.0 -4.0 -3.0 -4.0 -2.0 0.0 -4.0 -4.0 -1.0 -1.0 -4.0 -1.0 110.0 -1.0 -3.0 -2.0 -3.0 -2.0 -2.0 -1.0 0.0 0.0 -1.0 -2.0 0.0 0.0 -4.0 -2.0 0.0 -1.0 0.0 0.0 -4.0 0.0 -3.0 -2.0 0.0 0.0 -4.0 -3.0 -3.0 -4.0 -1.0 -3.0 -3.0 0.0 -3.0 0.0 
-4.0 -3.0 0.0 -4.0 -1.0 -3.0 -4.0 0.0 -1.0 -1.0 -1.0 -1.0 -1.0 -3.0 -3.0 0.0 -2.0 -3.0 -4.0 0.0 -4.0 -1.0 -2.0 -2.0 -3.0 0.0 -4.0 -1.0 0.0 -4.0 134.0 0.0 -2.0 0.0 -3.0 -4.0 -2.0 -4.0 -2.0 -4.0 -1.0 -3.0 -3.0 -4.0 -2.0 -2.0 -2.0 -3.0 -3.0 -1.0 -2.0 -4.0 -1.0 0.0 -4.0 -1.0 -2.0 -1.0 -3.0 0.0 -1.0 -1.0 -4.0 -4.0 -1.0 
-2.0 -2.0 -1.0 -2.0 -2.0 -3.0 -3.0 -2.0 0.0 0.0 -4.0 0.0 -2.0 -1.0 -4.0 -3.0 -4.0 0.0 -1.0 -4.0 -4.0 -4.0 0.0 -2.0 -4.0 0.0 0.0 -4.0 -2.0 -4.0 -1.0 129.0 0.0 -3.0 0.0 0.0 -3.0 -1.0 -3.0 -2.0 0.0 -2.0 0.0 -2.0 -1.0 0.0 -4.0 -1.0 -2.0 -4.0 -4.0 0.0 -3.0 -3.0 -2.0 -4.0 -4.0 -4.0 -1.0 -3.0 -2.0 -4.0 0.0 -2.0 0.0 
0.0 -1.0 -4.0 -2.0 -4.0 -1.0 -2.0 -4.0 -2.0 -2.0 -4.0 -4.0 -2.0 0.0 -2.0 -1.0 -1.0 -2.0 -3.0 -2.0 -3.0 -2.0 -4.0 -2.0 0.0 0.0 0.0 -1.0 -3.0 -1.0 0.0 -2.0 132.0 -3.0 -2.0 -4.0 0.0 0.0 -4.0 0.0 -3.0 -4.0 -4.0 -4.0 0.0 -2.0 -2.0 0.0 -3.0 -4.0 -1.0 -3.0 -4.0 -1.0 0.0 0.0 -4.0 0.0 -4.0 -3.0 -4.0 -4.0 -2.0 -2.0 0.0 
-1.0 -4.0 -2.0 -4.0 0.0 -3.0 -1.0 -1.0 0.0 -1.0 0.0 -1.0 0.0 -4.0 0.0 0.0 -3.0 -1.0 -1.0 -4.0 0.0 0.0 -1.0 0.0 -4.0 -3.0 -2.0 0.0 -1.0 -2.0 -3.0 0.0 -4.0 114.0 -4.0 -4.0 0.0 -4.0 -2.0 -1.0 0.0 -2.0 -3.0 0.0 -4.0 -3.0 0.0 -1.0 -4.0 -3.0 -4.0 -1.0 0.0 -3.0 0.0 -4.0 -2.0 -4.0 -1.0 0.0 -2.0 -2.0 0.0 -4.0 -1.0 
-2.0 0.0 0.0 -1.0 -1.0 -3.0 -1.0 -3.0 -1.0 0.0 -2.0 0.0 -3.0 0.0 -1.0 -3.0 -3.0 -1.0 -2.0 -2.0 0.0 -1.0 -1.0 -3.0 -1.0 -1.0 -3.0 -1.0 -1.0 -2.0 -4.0 -1.0 0.0 -4.0 113.0 -2.0 -1.0 -3.0 -1.0 -4.0 -3.0 -2.0 -2.0 -3.0 -1.0 -2.0 -4.0 -3.0 -2.0 -2.0 -3.0 -1.0 -1.0 -2.0 -3.0 0.0 -4.0 -1.0 -1.0 -4.0 -1.0 -1.0 0.0 0.0 -4.0 
-3.0 0.0 -4.0 -4.0 -1.0 -4.0 -1.0 -2.0 -1.0 -2.0 0.0 -3.0 -3.0 0.0 -1.0 0.0 0.0 -2.0 -2.0 -4.0 -2.0 -4.0 -3.0 -1.0 -3.0 -4.0 -2.0 -4.0 -4.0 -1.0 -4.0 -4.0 -3.0 -1.0 -4.0 146.0 -2.0 0.0 0.0 0.0 0.0 -4.0 -4.0 -4.0 -3.0 -3.0 0.0 -4.0 -4.0 -4.0 -4.0 -1.0 -1.0 -4.0 -1.0 -2.0 0.0 -2.0 -3.0 -3.0 -2.0 -1.0 -4.0 -2.0 -3.0 
0.0 -3.0 -3.0 -1.0 -3.0 -1.0 0.0 -2.0 -1.0 -4.0 -1.0 -2.0 -4.0 -2.0 -2.0 -2.0 -4.0 -2.0 -4.0 0.0 -1.0 0.0 -3.0 -2.0 0.0 -3.0 -4.0 -1.0 -1.0 0.0 -2.0 -3.0 -3.0 -2.0 -2.0 -1.0 117.0 -4.0 -2.0 -2.0 -2.0 -2.0 0.0 0.0 -1.0 -4.0 0.0 -3.0 0.0 -1.0 -2.0 -3.0 -2.0 0.0 -2.0 -4.0 -1.0 -2.0 -1.0 0.0 0.0 -2.0 -2.0 -2.0 -4.0 
-3.0 -3.0 -1.0 -3.0 -4.0 -4.0 0.0 0.0 0.0 -1.0 -1.0 -4.0 -4.0 -2.0 -2.0 -1.0 -1.0 -1.0 -3.0 -3.0 -3.0 -3.0 -1.0 0.0 -3.0 -1.0 0.0 0.0 -3.0 0.0 -2.0 -3.0 -4.0 -2.0 -2.0 0.0 -4.0 120.0 0.0 -2.0 -1.0 -2.0 -1.0 -4.0 0.0 -2.0 -1.0 -2.0 -4.0 -2.0 -3.0 -4.0 -2.0 -1.0 -4.0 0.0 -3.0 0.0 -4.0 -2.0 0.0 -1.0 -1.0 -1.0 -1.0 
0.0 -4.0 -2.0 0.0 -2.0 -1.0 -1.0 -4.0 -4.0 -4.0 0.0 -2.0 -4.0 0.0 -2.0 -1.0 -2.0 -2.0 0.0 -1.0 -2.0 -2.0 -3.0 -1.0 -4.0 -1.0 -2.0 -1.0 -1.0 0.0 -4.0 -2.0 0.0 -2.0 -1.0 -3.0 -4.0 -4.0 130.0 -4.0 -2.0 -1.0 -3.0 -3.0 -3.0 -4.0 -4.0 0.0 0.0 -4.0 -3.0 -4.0 0.0 0.0 -4.0 0.0 -1.0 -4.0 -3.0 -1.0 -3.0 -4.0 -2.0 0.0 0.0 
-2.0 -2.0 -3.0 -3.0 -4.0 -1.0 -3.0 -2.0 -3.0 -2.0 -4.0 -2.0 -4.0 -3.0 -2.0 0.0 -2.0 -2.0 0.0 -2.0 -1.0 -4.0 -1.0 -4.0 -4.0 -2.0 -3.0 -4.0 -1.0 -1.0 -2.0 -3.0 0.0 -1.0 -4.0 -2.0 0.0 0.0 -2.0 124.0 0.0 0.0 -2.0 0.0 -2.0 -3.0 -1.0 -1.0 -1.0 -3.0 -4.0 -2.0 0.0 0.0 -1.0 -4.0 0.0 -1.0 -4.0 -1.0 0.0 -2.0 -4.0 -3.0 0.0 
0.0 -3.0 0.0 -1.0 -1.0 -2.0 0.0 -1.0 -3.0 -2.0 -1.0 -1.0 -4.0 -3.0 -3.0 -1.0 -1.0 -2.0 0.0 -2.0 -3.0 0.0 0.0 0.0 -1.0 -3.0 -4.0 -2.0 -2.0 -3.0 -3.0 -3.0 -2.0 -2.0 0.0 -3.0 -4.0 -1.0 -3.0 -2.0 116.0 -3.0 -2.0 -2.0 0.0 0.0 0.0 -1.0 -4.0 -3.0 0.0 -1.0 -4.0 -1.0 -2.0 -3.0 -4.0 -2.0 -1.0 -4.0 -1.0 0.0 -3.0 -1.0 -2.0 
0.0 -4.0 -2.0 -1.0 -3.0 -3.0 0.0 0.0 -1.0 -1.0 -4.0 0.0 -3.0 0.0 -4.0 0.0 -3.0 -4.0 -4.0 -2.0 -2.0 -2.0 0.0 -3.0 -3.0 -4.0 -2.0 -4.0 -2.0 0.0 0.0 -1.0 -1.0 -1.0 -4.0 0.0 -4.0 -1.0 -1.0 0.0 -3.0 135.0 -4.0 -4.0 -4.0 -3.0 -4.0 -1.0 0.0 -4.0 -4.0 -4.0 -3.0 -4.0 -1.0 -1.0 -4.0 -2.0 -3.0 -1.0 -2.0 -3.0 0.0 0.0 -2.0 
-1.0 -2.0 -3.0 -3.0 -4.0 0.0 0.0 -2.0 -3.0 -4.0 0.0 -2.0 -1.0 -3.0 -2.0 -4.0 -3.0 -1.0 -2.0 0.0 -3.0 0.0 -3.0 -4.0 -4.0 -4.0 -3.0 -2.0 0.0 0.0 -3.0 0.0 -1.0 -1.0 -2.0 -2.0 -3.0 0.0 -4.0 0.0 -2.0 0.0 126.0 -3.0 -4.0 -3.0 -3.0 0.0 -2.0 -4.0 -3.0 -2.0 -1.0 0.0 -2.0 0.0 -4.0 0.0 0.0 -4.0 -2.0 -3.0 -3.0 -2.0 0.0 
-3.0 -1.0 0.0 -2.0 0.0 -4.0 0.0 -3.0 -2.0 -4.0 -4.0 0.0 -3.0 -2.0 -1.0 -2.0 -1.0 -4.0 0.0 -4.0 -3.0 -1.0 -2.0 -3.0 -2.0 -3.0 -4.0 0.0 -1.0 -4.0 -3.0 -4.0 -2.0 -4.0 -4.0 -1.0 -1.0 -1.0 -3.0 0.0 -2.0 -4.0 0.0 127.0 0.0 -4.0 0.0 0.0 -1.0 -3.0 0.0 -1.0 -2.0 -3.0 -2.0 -4.0 -1.0 -3.0 -3.0 -3.0 -2.0 -2.0 -1.0 0.0 0.0 
-3.0 -1.0 -2.0 -3.0 -2.0 -3.0 -2.0 -1.0 -4.0 -4.0 -1.0 -1.0 -3.0 -4.0 -2.0 0.0 -4.0 -2.0 0.0 -2.0 -1.0 -2.0 -4.0 0.0 -1.0 -2.0 -3.0 0.0 0.0 -3.0 -4.0 -4.0 -3.0 -1.0 -3.0 -1.0 -3.0 0.0 -3.0 -2.0 -3.0 0.0 0.0 -2.0 137.0 -4.0 -4.0 -3.0 -3.0 -2.0 0.0 -2.0 -2.0 0.0 -4.0 -2.0 -1.0 -4.0 -3.0 -2.0 -1.0 0.0 -4.0 -4.0 -3.0 
-2.0 -3.0 0.0 -3.0 -2.0 -2.0 -3.0 -4.0 -2.0 -1.0 -4.0 -4.0 -2.0 0.0 -1.0 -2.0 -1.0 0.0 -3.0 -4.0 -4.0 -4.0 0.0 -2.0 -4.0 -2.0 -3.0 -3.0 -3.0 0.0 0.0 -2.0 -3.0 -2.0 -2.0 -2.0 -1.0 -1.0 0.0 -4.0 0.0 -3.0 -1.0 -2.0 -4.0 146.0 0.0 -3.0 -4.0 -4.0 -2.0 -4.0 -4.0 -2.0 -3.0 -1.0 -4.0 -4.0 -2.0 -3.0 0.0 -4.0 -3.0 0.0 -4.0 
-1.0 0.0 -4.0 -4.0 -2.0 -4.0 -1.0 -2.0 -1.0 0.0 -1.0 -3.0 -4.0 -3.0 0.0 -1.0 -4.0 -4.0 0.0 0.0 -4.0 -2.0 -3.0 -1.0 -2.0 -2.0 -1.0 -1.0 0.0 -3.0 -4.0 0.0 -3.0 -3.0 -2.0 -3.0 -4.0 -1.0 -1.0 0.0 -2.0 0.0 -4.0 -3.0 -1.0 -1.0 131.0 -2.0 -3.0 -3.0 -4.0 -4.0 -2.0 -1.0 0.0 -3.0 -4.0 -4.0 0.0 0.0 -1.0 -3.0 -1.0 -4.0 -2.0 
-2.0 -1.0 -2.0 -3.0 -2.0 0.0 -1.0 -3.0 -2.0 -3.0 0.0 -3.0 -3.0 -3.0 -3.0 -3.0 -2.0 0.0 -2.0 -2.0 0.0 -4.0 -1.0 0.0 -2.0 -4.0 -3.0 -4.0 0.0 -2.0 -3.0 -2.0 -3.0 -3.0 -2.0 -2.0 -3.0 -3.0 -2.0 -4.0 0.0 -3.0 -3.0 -1.0 0.0 -4.0 0.0 126.0 -1.0 -3.0 -2.0 -1.0 -2.0 -3.0 -3.0 0.0 -2.0 -2.0 -4.0 0.0 0.0 -1.0 -1.0 -2.0 -1.0 
0.0 -1.0 -3.0 -4.0 0.0 -4.0 -2.0 -1.0 -3.0 -4.0 0.0 -1.0 -1.0 0.0 -2.0 -1.0 -4.0 -3.0 -2.0 -3.0 0.0 -4.0 -3.0 -2.0 -1.0 -2.0 -2.0 0.0 0.0 -3.0 -4.0 -3.0 0.0 0.0 -1.0 -2.0 -2.0 0.0 0.0 -2.0 -2.0 0.0 -1.0 0.0 0.0 -4.0 0.0 -3.0 116.0 -1.0 -1.0 -1.0 -3.0 -4.0 0.0 -2.0 -4.0 -3.0 -2.0 -4.0 -3.0 -4.0 -1.0 -2.0 -1.0 
-3.0 -4.0 0.0 0.0 -1.0 -3.0 -2.0 -3.0 -4.0 -1.0 -3.0 -3.0 -3.0 -2.0 -2.0 -3.0 -1.0 -1.0 -2.0 -3.0 0.0 -2.0 -4.0 -2.0 -4.0 -2.0 -4.0 -3.0 -4.0 -2.0 -2.0 -2.0 0.0 -1.0 -3.0 -3.0 -3.0 -1.0 0.0 -4.0 -1.0 -3.0 -4.0 -1.0 -4.0 -3.0 -4.0 0.0 0.0 145.0 -4.0 -4.0 -3.0 -1.0 -2.0 -2.0 0.0 -4.0 -2.0 0.0 -4.0 -1.0 -4.0 -1.0 -3.0 
0.0 -3.0 -2.0 0.0 -3.0 0.0 -1.0 -4.0 -3.0 -2.0 -1.0 -4.0 -3.0 -2.0 -4.0 0.0 0.0 -4.0 -2.0 -4.0 -2.0 -3.0 -3.0 -3.0 -2.0 -4.0 -2.0 -1.0 -2.0 -1.0 -3.0 -1.0 -2.0 -4.0 -1.0 -3.0 -1.0 -3.0 -1.0 -4.0 0.0 -3.0 -2.0 0.0 -2.0 -1.0 -2.0 -2.0 -4.0 -4.0 136.0 -4.0 -2.0 -1.0 -1.0 -1.0 0.0 -4.0 -1.0 -1.0 0.0 -3.0 -3.0 -4.0 -3.0 
-3.0 0.0 -3.0 -3.0 0.0 -2.0 -2.0 -2.0 -4.0 -4.0 -4.0 -2.0 -3.0 0.0 -1.0 0.0 -4.0 -2.0 -3.0 -1.0 -4.0 -3.0 -3.0 0.0 0.0 -4.0 -4.0 -3.0 -3.0 0.0 -2.0 -4.0 0.0 -3.0 0.0 -4.0 0.0 -2.0 -2.0 -1.0 -2.0 0.0 -4.0 -4.0 -2.0 -4.0 -4.0 -1.0 -4.0 -3.0 -3.0 146.0 -3.0 -4.0 -3.0 -4.0 -1.0 -3.0 -3.0 0.0 -2.0 -2.0 -1.0 -3.0 -1.0 
0.0 -4.0 0.0 0.0 -1.0 -2.0 -4.0 -1.0 -3.0 -3.0 -2.0 -2.0 -4.0 -2.0 0.0 -3.0 0.0 -3.0 -3.0 -3.0 -3.0 -3.0 -2.0 0.0 -2.0 -1.0 -4.0 -2.0 -4.0 -1.0 -3.0 -4.0 -1.0 -3.0 -3.0 -2.0 -4.0 -2.0 -3.0 -2.0 -2.0 -4.0 -2.0 -3.0 -3.0 0.0 0.0 -2.0 0.0 -3.0 0.0 -3.0 129.0 -1.0 -3.0 -1.0 -2.0 -3.0 0.0 -1.0 0.0 -2.0 -1.0 -4.0 0.0 
0.0 -3.0 -1.0 -4.0 -1.0 -2.0 -3.0 0.0 -2.0 -4.0 -3.0 0.0 0.0 -4.0 0.0 -2.0 -1.0 -4.0 -3.0 0.0 -2.0 0.0 0.0 -1.0 -2.0 -1.0 -2.0 0.0 -3.0 0.0 -1.0 -3.0 -4.0 0.0 -2.0 0.0 -4.0 -4.0 -1.0 -2.0 -1.0 -1.0 -4.0 -2.0 -1.0 -1.0 -4.0 -1.0 -3.0 -3.0 0.0 -1.0 0.0 115.0 -2.0 -4.0 -4.0 -3.0 -3.0 -1.0 -1.0 -2.0 0.0 -4.0 0.0 
-2.0 -3.0 -2.0 -1.0 -3.0 0.0 -4.0 -1.0 -2.0 -4.0 -1.0 -2.0 -1.0 -2.0 0.0 0.0 0.0 -3.0 -2.0 -3.0 0.0 -4.0 0.0 -2.0 -2.0 -2.0 -4.0 0.0 0.0 -3.0 -2.0 0.0 -2.0 -2.0 -4.0 -2.0 -4.0 0.0 -4.0 -2.0 -4.0 -3.0 0.0 -1.0 -4.0 -2.0 -1.0 -3.0 -3.0 -4.0 -1.0 -4.0 -1.0 -4.0 137.0 -2.0 -3.0 -3.0 -3.0 -2.0 -3.0 -2.0 -2.0 -3.0 -4.0 
-2.0 -3.0 -4.0 -1.0 -3.0 -2.0 -4.0 -4.0 -1.0 -1.0 -1.0 0.0 -2.0 -2.0 -4.0 0.0 -2.0 -4.0 -1.0 -4.0 0.0 -4.0 0.0 -1.0 -2.0 -4.0 -2.0 0.0 -3.0 -4.0 -4.0 -1.0 -1.0 -3.0 0.0 -1.0 -1.0 -2.0 -1.0 -1.0 -4.0 -2.0 -4.0 -4.0 -3.0 -3.0 -3.0 -2.0 -4.0 -3.0 -4.0 -3.0 -2.0 -2.0 -2.0 152.0 -4.0 -3.0 -4.0 -3.0 -4.0 0.0 -3.0 -3.0 -3.0 
0.0 -2.0 -2.0 -4.0 -4.0 -1.0 -1.0 0.0 0.0 -1.0 -4.0 -2.0 -1.0 -1.0 -3.0 0.0 -1.0 -1.0 -1.0 -1.0 -4.0 0.0 0.0 -2.0 -3.0 -4.0 -1.0 0.0 -3.0 0.0 -2.0 -3.0 -3.0 -3.0 -3.0 -1.0 -3.0 -3.0 -3.0 -4.0 -2.0 -1.0 -2.0 -4.0 -1.0 -1.0 -1.0 0.0 -3.0 -2.0 -4.0 -1.0 -4.0 0.0 -4.0 -1.0 117.0 -2.0 0.0 -1.0 -3.0 0.0 -1.0 -4.0 0.0 
-2.0 -3.0 -4.0 -1.0 -3.0 -3.0 -2.0 -1.0 0.0 0.0 -4.0 -1.0 0.0 0.0 -2.0 -3.0 -4.0 0.0 -2.0 -1.0 -2.0 -3.0 -1.0 -4.0 -2.0 -2.0 -2.0 -3.0 -3.0 0.0 -1.0 -4.0 -3.0 -4.0 -4.0 -4.0 -4.0 -1.0 -2.0 0.0 -1.0 -2.0 -2.0 -3.0 -4.0 -2.0 -2.0 0.0 -1.0 -4.0 -4.0 -2.0 -3.0 -1.0 0.0 -4.0 -2.0 132.0 -1.0 -3.0 -1.0 -1.0 -2.0 -2.0 0.0 
-4.0 -1.0 -3.0 -2.0 -4.0 -4.0 -4.0 -2.0 -2.0 -4.0 -4.0 -1.0 -4.0 -1.0 -3.0 0.0 0.0 -1.0 -2.0 0.0 0.0 -4.0 -4.0 -1.0 -4.0 -3.0 -3.0 -2.0 -1.0 -4.0 -4.0 -4.0 -3.0 -1.0 0.0 -3.0 -1.0 0.0 -3.0 -2.0 -3.0 -2.0 -4.0 -4.0 0.0 -1.0 -4.0 -1.0 -2.0 -1.0 -2.0 -4.0 -2.0 -4.0 -3.0 -2.0 0.0 -2.0 146.0 -4.0 -3.0 0.0 -2.0 -1.0 -2.0 
-4.0 -4.0 -2.0 -2.0 -3.0 0.0 -2.0 -3.0 -1.0 -1.0 0.0 -1.0 0.0 0.0 -1.0 -1.0 0.0 -4.0 -3.0 -4.0 0.0 -2.0 -3.0 -3.0 0.0 -1.0 -3.0 -4.0 -2.0 -1.0 -4.0 -3.0 -2.0 -2.0 -1.0 -4.0 -4.0 -4.0 -3.0 -2.0 0.0 -2.0 0.0 -1.0 -1.0 -4.0 -4.0 -3.0 -4.0 -4.0 -4.0 0.0 0.0 -1.0 -4.0 -4.0 -4.0 -2.0 -2.0 140.0 -4.0 -3.0 -2.0 -3.0 0.0 
0.0 -3.0 -1.0 -1.0 -1.0 -2.0 -1.0 -1.0 -3.0 -3.0 -4.0 0.0 -2.0 -4.0 -1.0 0.0 -3.0 -2.0 -1.0 -2.0 -1.0 -4.0 -4.0 -2.0 0.0 -2.0 0.0 -3.0 -3.0 -4.0 -1.0 -3.0 -3.0 -3.0 -1.0 -4.0 -3.0 -1.0 -2.0 -4.0 0.0 -4.0 -2.0 -1.0 -1.0 -4.0 0.0 0.0 -1.0 -1.0 -2.0 -1.0 -3.0 -2.0 -2.0 -3.0 -2.0 0.0 -4.0 -2.0 129.0 0.0 -4.0 -3.0 -4.0 
-2.0 -2.0 -2.0 0.0 -4.0 -3.0 -2.0 -1.0 -1.0 -1.0 -2.0 -4.0 -2.0 -4.0 0.0 -2.0 -1.0 -1.0 -3.0 -1.0 -4.0 -3.0 0.0 -4.0 -2.0 -1.0 0.0 -3.0 -3.0 -2.0 0.0 -2.0 -4.0 -2.0 -3.0 -2.0 0.0 -3.0 -2.0 -2.0 0.0 -1.0 -4.0 -2.0 -4.0 -4.0 -2.0 -3.0 -1.0 0.0 -3.0 -4.0 0.0 0.0 -3.0 -2.0 -3.0 -4.0 -2.0 0.0 -4.0 129.0 0.0 -1.0 -2.0 
-3.0 -3.0 0.0 -2.0 -3.0 -4.0 -2.0 -1.0 -3.0 -4.0 -4.0 -2.0 -3.0 -3.0 0.0 -2.0 -4.0 -3.0 -4.0 -3.0 -2.0 -1.0 -2.0 -1.0 -2.0 -2.0 -4.0 0.0 -3.0 -3.0 0.0 -4.0 -3.0 -2.0 -3.0 0.0 -4.0 -4.0 -2.0 -4.0 -1.0 -3.0 -1.0 -4.0 -4.0 -1.0 -1.0 -3.0 0.0 -3.0 -3.0 -3.0 -3.0 -3.0 -2.0 -3.0 -2.0 -4.0 -1.0 -3.0 -3.0 0.0 155.0 -3.0 -2.0 
-3.0 0.0 -4.0 -3.0 -2.0 -2.0 -1.0 -2.0 -4.0 -4.0 -4.0 -1.0 -1.0 -4.0 0.0 0.0 -1.0 0.0 0.0 0.0 0.0 -2.0 0.0 -3.0 -4.0 -1.0 -2.0 -3.0 -3.0 -3.0 -3.0 -2.0 -2.0 0.0 0.0 -2.0 -1.0 -3.0 -1.0 -2.0 -3.0 -3.0 -3.0 -1.0 -4.0 -4.0 -1.0 0.0 0.0 -4.0 -1.0 -2.0 -1.0 -3.0 0.0 -3.0 -4.0 -3.0 -3.0 -3.0 -3.0 -3.0 -4.0 129.0 0.0 
-3.0 -1.0 -1.0 -3.0 -2.0 -1.0 -4.0 -3.0 -2.0 -3.0 -2.0 -1.0 -1.0 0.0 -3.0 0.0 0.0 -1.0 -3.0 -1.0 0.0 -1.0 -2.0 -2.0 -3.0 -4.0 -3.0 -2.0 -3.0 -2.0 -3.0 0.0 -4.0 0.0 -1.0 -4.0 -1.0 -2.0 -4.0 -3.0 -2.0 -4.0 -4.0 -2.0 -1.0 0.0 -3.0 -2.0 -3.0 -2.0 -2.0 0.0 -4.0 -4.0 -2.0 -2.0 -4.0 0.0 0.0 -1.0 -4.0 -2.0 -4.0 0.0 131.0 
