131.999936 -3.0 -4.0 -1.0 -3.0 -2.0 -3.0 -3.0 0.0 -3.0 0.0 -1.0 -2.0 -2.0 -2.0 -2.0 -3.0 0.0 -3.0 -2.0 -2.0 -4.0 -3.0 -2.0 -2.0 0.0 -3.0 -3.0 0.0 -3.0 -2.0 -4.0 -3.0 -1.0 -2.0 -3.0 -2.0 -4.0 -2.0 -2.0 -4.0 0.0 -3.0 0.0 -1.0 -3.0 -2.0 -4.0 0.0 -2.0 0.0 -3.0 -3.0 -3.0 0.0 0.0 -1.0 -2.0 -4.0 -3.0 -2.0 -1.0 -2.0 0.0 -3.0 
-1.0 145.0 -2.0 -4.0 -2.0 -2.0 -4.0 -2.0 -4.0 0.0 -3.0 -2.0 -1.0 -2.0 -2.0 -4.0 -2.0 -3.0 -2.0 -2.0 0.0 -4.0 -4.0 -1.0 -3.0 -4.0 -2.0 -4.0 0.0 -1.0 -1.0 -4.0 0.0 0.0 -2.0 -4.0 -4.0 -3.0 -3.0 -2.0 -2.0 -4.0 -2.0 -4.0 0.0 -1.0 -1.0 -4.0 -2.0 -2.0 0.0 -2.0 -2.0 -1.0 -4.0 -4.0 -4.0 -3.0 -1.0 0.0 -1.0 -4.0 -1.0 -4.0 -2.0 
-3.0 -3.0 136.0 -3.0 -3.0 0.0 -4.0 -4.0 -1.0 -2.0 -1.0 -2.0 -3.0 -3.0 -1.0 -1.0 -4.0 -2.0 0.0 -4.0 0.0 -2.0 -2.0 -4.0 -2.0 0.0 -1.0 -2.0 -2.0 -3.0 -1.0 -2.0 -1.0 -4.0 -1.0 -3.0 -3.0 -4.0 0.0 -1.0 0.0 -4.0 -3.0 -2.0 -1.0 0.0 -4.0 0.0 -1.0 -2.0 -3.0 -4.0 -4.0 -3.0 0.0 -4.0 -3.0 -2.0 -4.0 0.0 -2.0 -2.0 -1.0 -1.0 -4.0 
-4.0 -4.0 -3.0 130.0 -2.0 -3.0 -3.0 0.0 -4.0 -1.0 -2.0 0.0 -1.0 -3.0 -4.0 -2.0 -4.0 0.0 -2.0 -1.0 -2.0 0.0 -1.0 -1.0 -3.0 -2.0 0.0 -1.0 -3.0 -2.0 0.0 -3.0 -2.0 -4.0 -3.0 -1.0 -1.0 0.0 -1.0 -3.0 -4.0 -2.0 -3.0 0.0 -2.0 -4.0 -2.0 0.0 -4.0 -1.0 -3.0 -4.0 0.0 -3.0 -3.0 0.0 -3.0 -3.0 -1.0 0.0 -1.0 -3.0 -4.0 -4.0 0.0 
-3.0 0.0 0.0 0.0 119.0 -4.0 -1.0 0.0 0.0 -4.0 0.0 -4.0 0.0 -3.0 -2.0 -2.0 -3.0 -3.0 -2.0 -3.0 -1.0 0.0 -4.0 -1.0 -3.0 -2.0 -3.0 0.0 -4.0 0.0 -4.0 -4.0 -4.0 -1.0 -3.0 -2.0 0.0 -3.0 -3.0 0.0 -4.0 -4.0 -1.0 -3.0 0.0 0.0 -1.0 -2.0 0.0 -3.0 -2.0 -1.0 0.0 0.0 -3.0 -1.0 0.0 -3.0 -4.0 -1.0 -1.0 0.0 -3.0 -4.0 -2.0 
-2.0 -3.0 0.0 0.0 -1.0 125.0 0.0 0.0 -3.0 -4.0 -1.0 -4.0 -1.0 -3.0 0.0 0.0 0.0 -1.0 -2.0 -4.0 0.0 -3.0 -1.0 -2.0 -4.0 -2.0 -4.0 -4.0 0.0 -1.0 -1.0 -2.0 -2.0 -4.0 0.0 0.0 -4.0 -4.0 -3.0 0.0 0.0 -1.0 -3.0 -1.0 -3.0 -4.0 -1.0 -1.0 -4.0 -3.0 0.0 -2.0 -3.0 -4.0 -4.0 0.0 -2.0 -3.0 -2.0 0.0 -4.0 -4.0 -3.0 -3.0 0.0 
-2.0 -4.0 -3.0 0.0 -1.0 -4.0 123.0 -1.0 -4.0 -3.0 -1.0 -1.0 -3.0 -2.0 0.0 -4.0 -2.0 -2.0 -3.0 -2.0 -3.0 0.0 -2.0 -4.0 -3.0 -2.0 -4.0 -2.0 0.0 -3.0 -1.0 -1.0 -2.0 -2.0 0.0 -4.0 0.0 -3.0 -3.0 -3.0 0.0 -3.0 0.0 -3.0 -2.0 -4.0 0.0 -4.0 0.0 0.0 0.0 -2.0 -2.0 0.0 0.0 -2.0 -3.0 -2.0 0.0 -4.0 -3.0 0.0 -3.0 0.0 -2.0 
-1.0 -2.0 0.0 -2.0 -2.0 -1.0 -3.0 108.0 -3.0 -1.0 -1.0 -2.0 -1.0 -3.0 -3.0 0.0 -4.0 -3.0 -4.0 -2.0 0.0 -4.0 -1.0 0.0 -3.0 -3.0 -4.0 0.0 0.0 0.0 -3.0 -1.0 -4.0 -1.0 -3.0 -1.0 -3.0 0.0 0.0 -1.0 -2.0 -4.0 0.0 0.0 -1.0 -3.0 -1.0 0.0 -3.0 -1.0 -1.0 0.0 -3.0 0.0 0.0 0.0 -2.0 -2.0 -4.0 0.0 -1.0 -3.0 -3.0 -3.0 -1.0 
-2.0 -4.0 -1.0 -3.0 0.0 -4.0 -2.0 -4.0 123.0 0.0 -3.0 -4.0 -4.0 -1.0 -2.0 -2.0 -3.0 0.0 -2.0 -2.0 -2.0 -3.0 -2.0 0.0 -3.0 -1.0 0.0 0.0 -4.0 0.0 -3.0 -3.0 -2.0 -2.0 0.0 0.0 -4.0 -3.0 -2.0 -3.0 -3.0 -2.0 0.0 -2.0 0.0 -1.0 -3.0 -4.0 -2.0 -2.0 0.0 -1.0 0.0 -4.0 -4.0 0.0 -4.0 0.0 -1.0 -1.0 -3.0 -3.0 -3.0 0.0 0.0 
-1.0 -4.0 -1.0 -4.0 -1.0 -2.0 -4.0 -1.0 -4.0 118.0 -1.0 -2.0 -2.0 -2.0 -3.0 -2.0 -3.0 -3.0 0.0 -1.0 0.0 0.0 -4.0 -4.0 0.0 0.0 0.0 -2.0 -2.0 -4.0 -2.0 0.0 -2.0 0.0 -1.0 -4.0 0.0 -2.0 -1.0 -2.0 -1.0 -3.0 -1.0 0.0 -2.0 -2.0 -4.0 -4.0 -1.0 -1.0 -3.0 0.0 -4.0 -4.0 -2.0 0.0 -2.0 0.0 -2.0 -2.0 -4.0 0.0 0.0 -3.0 -2.0 
0.0 -2.0 -4.0 0.0 0.0 -1.0 -4.0 -2.0 -3.0 0.0 122.0 -3.0 0.0 -3.0 -1.0 -3.0 0.0 -2.0 -2.0 -2.0 -3.0 0.0 0.0 -2.0 -1.0 0.0 -4.0 -2.0 0.0 -2.0 -2.0 -1.0 -1.0 -2.0 -4.0 -4.0 -3.0 -1.0 -2.0 -2.0 -4.0 0.0 -1.0 -2.0 -4.0 -1.0 -2.0 -2.0 -2.0 -4.0 -4.0 -1.0 -3.0 -2.0 -3.0 -1.0 -1.0 0.0 -2.0 -2.0 -3.0 -2.0 -4.0 -3.0 -1.0 
-4.0 -3.0 0.0 -2.0 0.0 -1.0 -2.0 -1.0 0.0 -1.0 -3.0 121.0 -2.0 -2.0 -2.0 -1.0 -4.0 -4.0 0.0 -2.0 -2.0 -4.0 0.0 0.0 -4.0 0.0 0.0 -3.0 -3.0 -1.0 -3.0 -3.0 -3.0 0.0 -4.0 -4.0 -1.0 -3.0 -2.0 -4.0 -2.0 0.0 -2.0 -4.0 -2.0 0.0 -4.0 -3.0 -1.0 -2.0 0.0 -2.0 -2.0 0.0 -3.0 0.0 -2.0 0.0 -1.0 -1.0 -4.0 -3.0 -4.0 0.0 -1.0 
0.0 -3.0 -4.0 0.0 -1.0 -2.0 -4.0 -3.0 -4.0 -1.0 -3.0 -1.0 136.0 -3.0 -4.0 0.0 -2.0 -4.0 -3.0 -4.0 -4.0 0.0 -4.0 -4.0 -4.0 -3.0 -2.0 -3.0 -3.0 -2.0 -2.0 -1.0 0.0 -1.0 0.0 -4.0 -2.0 0.0 -3.0 -3.0 -3.0 -4.0 -4.0 -1.0 -3.0 0.0 0.0 -4.0 -4.0 0.0 0.0 -3.0 0.0 -1.0 -1.0 0.0 -1.0 -1.0 -4.0 0.0 -4.0 -1.0 -4.0 0.0 -2.0 
-4.0 0.0 -3.0 -2.0 -1.0 -4.0 -4.0 -3.0 0.0 0.0 -3.0 -2.0 0.0 135.0 -2.0 -4.0 -1.0 -3.0 -3.0 -4.0 -1.0 -3.0 -1.0 -3.0 -3.0 -2.0 0.0 -3.0 -4.0 0.0 -1.0 -2.0 -3.0 0.0 -3.0 -1.0 -4.0 -1.0 -1.0 -3.0 -1.0 -4.0 -1.0 -1.0 -2.0 -1.0 0.0 -1.0 -2.0 -4.0 0.0 0.0 -4.0 0.0 -3.0 -2.0 -4.0 -4.0 -4.0 -1.0 -3.0 -3.0 -3.0 -1.0 -4.0 
-4.0 -4.0 0.0 -1.0 0.0 -4.0 -4.0 -3.0 -4.0 0.0 -4.0 -4.0 0.0 -4.0 134.0 -1.0 -1.0 -3.0 -4.0 0.0 0.0 -2.0 -2.0 0.0 -1.0 -1.0 -2.0 -4.0 0.0 -2.0 -1.0 0.0 -1.0 -2.0 -4.0 -1.0 -2.0 -1.0 0.0 -3.0 0.0 -4.0 -4.0 -2.0 -2.0 -3.0 -3.0 -4.0 -1.0 -2.0 -2.0 -1.0 -3.0 -1.0 -1.0 -2.0 -4.0 -4.0 -3.0 -4.0 -1.0 -2.0 0.0 -3.0 -4.0 
-3.0 -1.0 -4.0 -1.0 -4.0 0.0 -3.0 -2.0 -2.0 -4.0 0.0 -2.0 -4.0 -2.0 -2.0 113.0 -3.0 -3.0 -3.0 0.0 0.0 -1.0 -1.0 -3.0 -1.0 -4.0 -4.0 0.0 0.0 -2.0 -4.0 0.0 -4.0 0.0 -4.0 -3.0 0.0 -2.0 -1.0 0.0 0.0 0.0 -2.0 -1.0 -3.0 -1.0 -3.0 -2.0 -1.0 -3.0 -3.0 -3.0 0.0 -2.0 0.0 -1.0 -1.0 0.0 0.0 0.0 -3.0 -1.0 -4.0 -2.0 0.0 
0.0 -1.0 0.0 -3.0 -3.0 0.0 0.0 -2.0 -1.0 -1.0 -2.0 -1.0 -3.0 0.0 -1.0 0.0 101.0 -2.0 -3.0 -1.0 -1.0 -2.0 0.0 0.0 -3.0 -2.0 0.0 0.0 -2.0 0.0 0.0 -4.0 -4.0 0.0 -4.0 -1.0 0.0 0.0 -3.0 -3.0 -1.0 -2.0 -3.0 -2.0 -1.0 0.0 0.0 -2.0 -3.0 -2.0 -2.0 -1.0 -2.0 -4.0 -2.0 -3.0 0.0 -4.0 -2.0 -3.0 -1.0 -2.0 -3.0 -1.0 -2.0 
-1.0 -1.0 0.0 -1.0 0.0 -2.0 0.0 -3.0 -3.0 -2.0 -3.0 -1.0 0.0 -2.0 -2.0 -3.0 -3.0 114.0 -3.0 -3.0 0.0 -2.0 0.0 0.0 -1.0 -2.0 -4.0 -3.0 -1.0 -1.0 -1.0 0.0 -1.0 -2.0 -4.0 -1.0 -3.0 0.0 0.0 -3.0 0.0 -4.0 -2.0 0.0 0.0 -1.0 -4.0 0.0 -3.0 -4.0 -3.0 -1.0 -3.0 0.0 -4.0 0.0 -4.0 -3.0 0.0 -3.0 0.0 -4.0 -3.0 -4.0 -2.0 
0.0 -1.0 -4.0 -1.0 -2.0 -3.0 0.0 0.0 -2.0 -4.0 -2.0 -1.0 -1.0 -1.0 -3.0 -1.0 -4.0 0.0 120.0 -3.0 0.0 -1.0 -1.0 0.0 -1.0 -2.0 -2.0 -3.0 -1.0 -1.0 0.0 -2.0 -3.0 -3.0 -4.0 -4.0 0.0 0.0 -4.0 -1.0 -1.0 -3.0 -3.0 -2.0 -1.0 -3.0 -2.0 -1.0 -4.0 -2.0 -2.0 -3.0 -2.0 -2.0 -2.0 -1.0 -3.0 -2.0 -2.0 -4.0 -1.0 0.0 -4.0 -2.0 -2.0 
-1.0 -1.0 -2.0 -3.0 -2.0 0.0 -1.0 0.0 -3.0 -3.0 -1.0 -3.0 -1.0 -4.0 -4.0 0.0 -4.0 -4.0 -4.0 140.0 -2.0 -3.0 -3.0 -3.0 0.0 0.0 -4.0 0.0 -3.0 0.0 -3.0 -4.0 -4.0 -3.0 -2.0 -2.0 -3.0 -4.0 -4.0 -4.0 0.0 -3.0 -1.0 -3.0 0.0 -4.0 -1.0 -3.0 0.0 -2.0 0.0 -4.0 0.0 -1.0 -2.0 0.0 -2.0 -4.0 -2.0 -3.0 -2.0 -3.0 -4.0 -3.0 -1.0 
-2.0 0.0 -3.0 -3.0 -2.0 -2.0 0.0 -1.0 -3.0 -2.0 0.0 -1.0 -2.0 0.0 0.0 -4.0 -3.0 -2.0 -4.0 -1.0 138.0 -4.0 0.0 -1.0 -2.0 -4.0 -1.0 0.0 0.0 -3.0 -4.0 -1.0 -2.0 -2.0 -2.0 -4.0 -2.0 -4.0 -1.0 -2.0 -1.0 -1.0 0.0 0.0 -4.0 -4.0 -1.0 -2.0 -2.0 -3.0 -3.0 -4.0 0.0 -4.0 -4.0 -3.0 -4.0 -2.0 -1.0 -3.0 -2.0 -4.0 -4.0 -4.0 -4.0 
0.0 -3.0 -4.0 -3.0 -2.0 -1.0 -2.0 -1.0 -3.0 -3.0 -2.0 0.0 -4.0 -4.0 -2.0 -1.0 -3.0 -3.0 -4.0 -3.0 0.0 163.0 -2.0 -2.0 -2.0 -4.0 -4.0 -1.0 -1.0 -3.0 -2.0 -3.0 -2.0 -2.0 -3.0 -2.0 -2.0 -2.0 -3.0 -2.0 0.0 -2.0 -3.0 -4.0 0.0 -3.0 -4.0 -4.0 -2.0 -4.0 -4.0 -4.0 -3.0 -4.0 -4.0 -4.0 -4.0 -2.0 -1.0 -1.0 -4.0 -4.0 -4.0 -1.0 -3.0 
-3.0 -1.0 -3.0 -3.0 0.0 0.0 -2.0 0.0 0.0 0.0 -1.0 -3.0 0.0 -3.0 -2.0 -1.0 -2.0 -3.0 -3.0 -4.0 0.0 -4.0 105.0 -2.0 0.0 -1.0 0.0 -4.0 -2.0 -1.0 -3.0 -1.0 -3.0 -2.0 0.0 -1.0 -2.0 -4.0 -2.0 -1.0 -1.0 -1.0 -3.0 -1.0 -4.0 -3.0 0.0 -1.0 -2.0 -4.0 -3.0 0.0 -3.0 0.0 0.0 -1.0 -2.0 -2.0 0.0 -3.0 -2.0 -1.0 0.0 -1.0 0.0 
-2.0 -4.0 -1.0 -4.0 0.0 -3.0 -3.0 -4.0 -2.0 -2.0 0.0 0.0 -3.0 -3.0 0.0 -3.0 -4.0 -4.0 -2.0 -4.0 -2.0 -1.0 -2.0 140.0 -3.0 -4.0 -1.0 0.0 -4.0 -2.0 0.0 -1.0 -3.0 -1.0 -1.0 -2.0 -1.0 -3.0 -4.0 0.0 -2.0 -4.0 -2.0 -3.0 -2.0 -4.0 0.0 -1.0 -4.0 0.0 -2.0 -1.0 -4.0 -4.0 -3.0 -4.0 -3.0 -1.0 0.0 0.0 -4.0 0.0 -3.0 -4.0 -2.0 
-1.0 -4.0 -3.0 -4.0 -2.0 -2.0 -3.0 0.0 -1.0 -2.0 0.0 -3.0 -4.0 -4.0 -2.0 -2.0 -3.0 -2.0 -3.0 -1.0 0.0 -1.0 -4.0 -4.0 125.0 -2.0 -2.0 -3.0 -1.0 0.0 0.0 0.0 0.0 -4.0 -2.0 0.0 -4.0 -3.0 -2.0 0.0 -2.0 -2.0 0.0 -1.0 -1.0 -2.0 -1.0 -3.0 -1.0 -2.0 -4.0 -3.0 -1.0 0.0 -4.0 -4.0 0.0 -1.0 -4.0 -4.0 -3.0 -1.0 0.0 0.0 -3.0 
-1.0 -2.0 -2.0 -3.0 0.0 0.0 0.0 -2.0 -4.0 -4.0 -4.0 -3.0 -2.0 0.0 -1.0 -3.0 -1.0 -2.0 -4.0 0.0 0.0 -3.0 -2.0 -2.0 -4.0 136.0 -3.0 -4.0 -2.0 -1.0 -3.0 -4.0 0.0 -4.0 -3.0 -2.0 -1.0 -3.0 -4.0 -3.0 -1.0 -4.0 -4.0 -2.0 0.0 -2.0 -1.0 -1.0 -3.0 -1.0 -2.0 -2.0 -2.0 -3.0 -3.0 -3.0 -2.0 -4.0 -1.0 0.0 -3.0 -1.0 0.0 -4.0 -1.0 
-4.0 -3.0 -1.0 -2.0 -2.0 -3.0 -3.0 -4.0 -1.0 -3.0 0.0 -1.0 -1.0 -3.0 -4.0 -3.0 0.0 -3.0 0.0 -3.0 -3.0 -3.0 -1.0 0.0 -4.0 -3.0 126.0 -3.0 -3.0 0.0 -2.0 -2.0 0.0 -3.0 -1.0 -3.0 -4.0 -1.0 -1.0 0.0 -4.0 0.0 -4.0 -1.0 0.0 -4.0 -4.0 -4.0 0.0 -4.0 -4.0 0.0 -4.0 -1.0 -3.0 0.0 0.0 0.0 -2.0 -1.0 0.0 0.0 -2.0 -1.0 -2.0 
-3.0 -1.0 -3.0 -1.0 -1.0 -2.0 -4.0 -4.0 0.0 -4.0 -2.0 -4.0 -1.0 0.0 0.0 -2.0 -1.0 -3.0 -1.0 -3.0 -4.0 -4.0 -2.0 -4.0 -2.0 -4.0 -4.0 133.0 -3.0 0.0 -2.0 -3.0 -1.0 0.0 0.0 -3.0 -1.0 -4.0 -2.0 -1.0 -1.0 -1.0 -1.0 0.0 -1.0 -4.0 -3.0 -4.0 -4.0 0.0 -2.0 -3.0 -1.0 0.0 -1.0 0.0 -2.0 -4.0 -1.0 -2.0 0.0 -4.0 -4.0 -3.0 -3.0 
-4.0 -3.0 -2.0 -3.0 -4.0 -4.0 0.0 0.0 -2.0 -1.0 -4.0 0.0 -4.0 -2.0 -3.0 -1.0 0.0 -2.0 0.0 -1.0 -2.0 -1.0 0.0 0.0 0.0 -2.0 -2.0 -1.0 124.0 -3.0 -1.0 -2.0 -2.0 -2.0 -2.0 -2.0 -2.0 -1.0 -4.0 -2.0 -4.0 0.0 -4.0 -1.0 -1.0 -4.0 -4.0 -2.0 0.0 0.0 -2.0 -4.0 -2.0 0.0 0.0 -2.0 -4.0 0.0 -2.0 -4.0 0.0 -2.0 -4.0 -4.0 -3.0 
-4.0 -3.0 -2.0 -2.0 -1.0 -2.0 0.0 0.0 -3.0 -2.0 -4.0 -2.0 -2.0 -1.0 -1.0 0.0 -4.0 -2.0 -1.0 -3.0 -4.0 0.0 0.0 -1.0 -1.0 0.0 -2.0 -4.0 -4.0 128.0 -1.0 -1.0 0.0 -3.0 -4.0 -4.0 -3.0 -3.0 -3.0 -4.0 -4.0 -1.0 0.0 -2.0 -4.0 -2.0 -1.0 -4.0 -2.0 -2.0 -3.0 -1.0 -2.0 0.0 -1.0 -3.0 -1.0 -2.0 -2.0 -2.0 0.0 -3.0 -1.0 0.0 -4.0 
-4.0 -3.0 -3.0 -3.0 -3.0 -1.0 0.0 -2.0 0.0 0.0 -4.0 0.0 -2.0 -2.0 -2.0 -2.0 -3.0 0.0 -3.0 0.0 -2.0 -2.0 -3.0 -2.0 -2.0 -1.0 -2.0 -2.0 0.0 -1.0 117.0 -2.0 -3.0 0.0 -4.0 -3.0 0.0 -1.0 -1.0 0.0 -3.0 -4.0 0.0 -4.0 0.0 -3.0 -2.0 -2.0 -3.0 -1.0 0.0 -2.0 -3.0 0.0 -1.0 0.0 -1.0 -4.0 -4.0 -3.0 -3.0 0.0 -2.0 -1.0 -3.0 
-4.0 -2.0 -3.0 0.0 -2.0 -1.0 -1.0 -2.0 -1.0 -4.0 -3.0 -2.0 -4.0 -3.0 -3.0 -4.0 0.0 -4.0 -1.0 -1.0 -2.0 -3.0 -1.0 -1.0 -4.0 0.0 -2.0 -1.0 -1.0 -1.0 -3.0 129.0 0.0 -3.0 0.0 -2.0 0.0 -2.0 -2.0 -2.0 -1.0 -4.0 -3.0 -3.0 -3.0 -2.0 -4.0 -4.0 -3.0 -4.0 -3.0 0.0 -3.0 -2.0 0.0 0.0 -1.0 -3.0 0.0 -3.0 0.0 -1.0 -4.0 0.0 -3.0 
-1.0 0.0 -3.0 0.0 -2.0 0.0 0.0 0.0 -1.0 -1.0 -2.0 -2.0 -1.0 -2.0 -2.0 0.0 0.0 -3.0 -4.0 -3.0 -2.0 0.0 -3.0 -3.0 -2.0 -4.0 -4.0 -3.0 -2.0 -4.0 -2.0 -2.0 126.0 -3.0 -2.0 -4.0 -4.0 0.0 -2.0 -2.0 -4.0 0.0 -1.0 -2.0 -2.0 -1.0 0.0 -3.0 -4.0 0.0 -3.0 -4.0 -1.0 -3.0 0.0 -3.0 -1.0 -4.0 -2.0 0.0 -2.0 -2.0 -1.0 -4.0 -4.0 
-4.0 -3.0 -3.0 -1.0 0.0 -2.0 -2.0 -3.0 -1.0 -2.0 -3.0 0.0 0.0 -4.0 -4.0 -1.0 -4.0 -4.0 -1.0 -3.0 -1.0 -2.0 -4.0 -3.0 -3.0 -2.0 -1.0 -4.0 0.0 -4.0 0.0 -4.0 -1.0 140.0 0.0 -4.0 -2.0 -4.0 -4.0 -4.0 0.0 0.0 -3.0 -1.0 -3.0 -3.0 -3.0 -2.0 -3.0 -4.0 -3.0 -1.0 0.0 0.0 -1.0 -3.0 -2.0 -4.0 -4.0 0.0 -2.0 -1.0 -1.0 -2.0 -2.0 
-3.0 -1.0 -4.0 0.0 0.0 -3.0 -3.0 -3.0 -4.0 -2.0 -2.0 -4.0 0.0 -4.0 -2.0 0.0 0.0 -4.0 -4.0 -4.0 -4.0 -4.0 -2.0 -2.0 -1.0 0.0 0.0 0.0 -3.0 -4.0 -4.0 -3.0 -1.0 -3.0 145.0 0.0 -2.0 -3.0 -3.0 -1.0 -1.0 -3.0 -4.0 -3.0 -1.0 -2.0 -4.0 -4.0 -4.0 -4.0 0.0 -2.0 -4.0 -2.0 -3.0 0.0 -1.0 0.0 -1.0 -4.0 -1.0 -1.0 -4.0 -2.0 -3.0 
-1.0 -2.0 0.0 0.0 -4.0 -2.0 0.0 -3.0 -4.0 0.0 -4.0 0.0 -3.0 -1.0 -1.0 -3.0 -1.0 -2.0 0.0 -4.0 -1.0 -3.0 -4.0 0.0 0.0 0.0 0.0 -1.0 0.0 -3.0 -3.0 -4.0 0.0 -4.0 -2.0 132.0 -3.0 0.0 -3.0 -4.0 0.0 -1.0 -3.0 -4.0 -3.0 -1.0 -2.0 -2.0 -1.0 -3.0 -1.0 -4.0 -2.0 -3.0 -3.0 -3.0 -4.0 -4.0 -4.0 -1.0 0.0 -2.0 -3.0 -4.0 -4.0 
-2.0 0.0 -1.0 0.0 -2.0 -3.0 -4.0 -1.0 -3.0 -3.0 0.0 0.0 0.0 0.0 -3.0 -4.0 0.0 -3.0 -2.0 -3.0 -2.0 -2.0 -1.0 0.0 -2.0 -1.0 -3.0 -1.0 -4.0 -2.0 -2.0 0.0 -3.0 -2.0 -3.0 -2.0 116.0 -2.0 -3.0 -1.0 -4.0 -3.0 -3.0 -4.0 0.0 -3.0 -2.0 -1.0 -1.0 -2.0 -1.0 -1.0 0.0 -3.0 -2.0 -1.0 0.0 -2.0 -4.0 -2.0 0.0 -2.0 0.0 -4.0 -1.0 
-3.0 -4.0 -3.0 -1.0 -3.0 0.0 -2.0 -3.0 -1.0 0.0 -4.0 0.0 0.0 -2.0 -4.0 -2.0 -1.0 -2.0 -3.0 -4.0 -2.0 -4.0 -3.0 -1.0 -1.0 -4.0 -2.0 0.0 -1.0 -1.0 -3.0 0.0 -4.0 -2.0 -3.0 -3.0 0.0 147.0 -1.0 -3.0 0.0 -2.0 -2.0 -3.0 -4.0 -4.0 -4.0 -3.0 -3.0 -4.0 -4.0 -2.0 -3.0 -1.0 -2.0 -3.0 0.0 -4.0 -4.0 -4.0 -3.0 -3.0 -1.0 0.0 -4.0 
-1.0 -4.0 -1.0 -3.0 -2.0 -3.0 -1.0 -1.0 -1.0 -3.0 -4.0 -1.0 -4.0 -1.0 -3.0 -1.0 -2.0 -2.0 -3.0 -2.0 -3.0 -4.0 -3.0 -3.0 -4.0 -1.0 -1.0 0.0 -4.0 0.0 -2.0 0.0 -3.0 -2.0 -4.0 -3.0 -4.0 -4.0 129.0 -2.0 -3.0 -2.0 0.0 -1.0 -1.0 -1.0 0.0 -3.0 -3.0 -1.0 0.0 0.0 -4.0 -1.0 -4.0 -2.0 -3.0 0.0 0.0 -1.0 -4.0 -1.0 0.0 -1.0 -3.0 
-2.0 -4.0 -4.0 0.0 -2.0 -1.0 -3.0 -3.0 -4.0 -3.0 -4.0 -3.0 -1.0 -4.0 0.0 -3.0 -2.0 0.0 -2.0 -4.0 -3.0 0.0 -1.0 -2.0 -3.0 0.0 -4.0 -1.0 -3.0 -1.0 0.0 -4.0 -3.0 0.0 -2.0 -3.0 -3.0 -1.0 0.0 135.0 -1.0 0.0 -4.0 -4.0 -2.0 -1.0 -1.0 0.0 -4.0 -4.0 -1.0 -4.0 -4.0 0.0 0.0 -2.0 -3.0 -1.0 -2.0 -1.0 -2.0 -2.0 -4.0 -2.0 -3.0 
-1.0 -4.0 -4.0 -4.0 -2.0 -1.0 -3.0 -2.0 -4.0 -2.0 -4.0 -1.0 -4.0 -4.0 -2.0 -2.0 -2.0 -2.0 -4.0 -3.0 -4.0 -4.0 0.0 -4.0 -3.0 -3.0 -4.0 -1.0 -3.0 -3.0 0.0 -1.0 -4.0 -1.0 -4.0 -2.0 0.0 0.0 0.0 0.0 131.0 -1.0 -2.0 0.0 -4.0 0.0 -1.0 -2.0 -2.0 0.0 -3.0 -1.0 0.0 -2.0 -1.0 -3.0 0.0 -2.0 -1.0 -3.0 0.0 -2.0 -1.0 -3.0 -1.0 
-3.0 -4.0 -3.0 -2.0 -2.0 -2.0 0.0 -3.0 -3.0 -4.0 -1.0 -1.0 -1.0 -2.0 -2.0 -2.0 -4.0 0.0 -4.0 0.0 -1.0 -2.0 -2.0 0.0 -2.0 -3.0 -3.0 -4.0 -3.0 -1.0 -4.0 -4.0 -3.0 -1.0 -2.0 -4.0 -2.0 0.0 -2.0 -3.0 -2.0 138.0 -4.0 -3.0 -1.0 -4.0 -2.0 -2.0 0.0 -2.0 -1.0 -4.0 -2.0 -3.0 -1.0 -4.0 0.0 -3.0 -2.0 -4.0 0.0 -1.0 0.0 0.0 -4.0 
-2.0 -1.0 -2.0 -2.0 -2.0 -1.0 0.0 -2.0 -3.0 -4.0 -1.0 -4.0 0.0 -3.0 -1.0 -1.0 -4.0 -4.0 -4.0 -2.0 -4.0 -1.0 -4.0 -1.0 -4.0 -3.0 -1.0 -2.0 -2.0 -3.0 0.0 -3.0 0.0 0.0 -2.0 -1.0 -3.0 -2.0 -4.0 -2.0 -1.0 -1.0 129.0 -4.0 -3.0 -2.0 -2.0 -4.0 -4.0 -3.0 0.0 -1.0 -2.0 -1.0 -4.0 0.0 -1.0 -1.0 -3.0 -3.0 -1.0 0.0 -1.0 -2.0 0.0 
-3.0 0.0 -4.0 -3.0 -4.0 -4.0 -2.0 -3.0 -4.0 -3.0 -1.0 -4.0 -3.0 -3.0 -4.0 -3.0 -2.0 -1.0 0.0 -4.0 -3.0 0.0 -3.0 -1.0 -4.0 -1.0 0.0 -4.0 -1.0 -4.0 -1.0 -1.0 -3.0 0.0 -3.0 -1.0 0.0 -3.0 -1.0 0.0 0.0 -1.0 -1.0 124.0 -1.0 -2.0 -1.0 -2.0 0.0 -4.0 -2.0 -3.0 -3.0 -2.0 -1.0 -2.0 0.0 0.0 0.0 -3.0 -2.0 -2.0 -2.0 -1.0 0.0 
-4.0 -3.0 -3.0 -3.0 -1.0 -4.0 -1.0 0.0 -3.0 -4.0 -1.0 0.0 -1.0 0.0 0.0 -3.0 -1.0 -3.0 -2.0 -3.0 -3.0 0.0 0.0 -3.0 -3.0 -4.0 -2.0 -1.0 -4.0 -1.0 0.0 -2.0 -1.0 -4.0 -3.0 -3.0 0.0 -2.0 -2.0 -2.0 -1.0 -3.0 -2.0 -1.0 123.0 0.0 -3.0 -2.0 0.0 -2.0 -3.0 -2.0 -1.0 0.0 -1.0 -4.0 -3.0 -4.0 -3.0 -1.0 0.0 -1.0 -4.0 -2.0 0.0 
-1.0 0.0 -1.0 -2.0 -1.0 -3.0 -4.0 -2.0 -3.0 0.0 -2.0 -3.0 0.0 -3.0 -1.0 -1.0 -1.0 -4.0 0.0 -4.0 -4.0 -4.0 0.0 -4.0 -4.0 -2.0 -2.0 -2.0 -4.0 -4.0 -4.0 -2.0 0.0 -1.0 -1.0 -4.0 0.0 0.0 -4.0 -4.0 -1.0 -2.0 -2.0 -1.0 -3.0 125.0 -2.0 -3.0 0.0 0.0 -3.0 0.0 -4.0 0.0 -3.0 -2.0 0.0 0.0 -3.0 0.0 -4.0 -1.0 -2.0 -2.0 -1.0 
-1.0 -1.0 -1.0 -1.0 -2.0 -3.0 -3.0 0.0 -4.0 0.0 -1.0 -4.0 -3.0 -3.0 0.0 -1.0 -3.0 -3.0 -1.0 -4.0 -4.0 -3.0 -2.0 -2.0 -3.0 0.0 0.0 -1.0 -1.0 -4.0 -4.0 -3.0 -3.0 -3.0 -4.0 -4.0 -4.0 -3.0 -4.0 -4.0 -2.0 -3.0 -4.0 -3.0 -4.0 -3.0 151.0 0.0 0.0 -2.0 -2.0 -1.0 -2.0 -2.0 -1.0 -2.0 -4.0 -3.0 -2.0 -3.0 -4.0 -4.0 -3.0 -1.0 -1.0 
-3.0 -3.0 -1.0 -2.0 0.0 -4.0 -3.0 -4.0 -2.0 -1.0 -1.0 -2.0 -3.0 -2.0 -2.0 0.0 -4.0 -2.0 0.0 0.0 -3.0 -1.0 0.0 -1.0 -2.0 -2.0 -4.0 0.0 0.0 -4.0 0.0 0.0 0.0 -3.0 0.0 -4.0 -4.0 -1.0 -3.0 -4.0 -3.0 -2.0 -3.0 0.0 -3.0 -1.0 -2.0 126.0 -4.0 -2.0 0.0 -1.0 -4.0 -4.0 -2.0 -3.0 0.0 0.0 -2.0 -4.0 -4.0 -1.0 -2.0 -4.0 0.0 
0.0 -4.0 -1.0 -2.0 -4.0 -4.0 -4.0 -1.0 -1.0 -3.0 -2.0 -3.0 -1.0 -2.0 -1.0 -2.0 -4.0 -1.0 -3.0 -1.0 -3.0 -4.0 0.0 0.0 0.0 -4.0 0.0 0.0 -1.0 0.0 -2.0 -1.0 0.0 0.0 -3.0 0.0 -4.0 -2.0 -4.0 -4.0 -1.0 -3.0 -1.0 -2.0 -4.0 -3.0 0.0 -1.0 123.0 -2.0 0.0 -3.0 -4.0 -2.0 -1.0 0.0 -1.0 -2.0 -4.0 -1.0 -2.0 -4.0 0.0 -3.0 -3.0 
-4.0 0.0 -1.0 0.0 0.0 -3.0 -4.0 -1.0 -4.0 0.0 -4.0 0.0 -4.0 -3.0 0.0 -4.0 -2.0 -4.0 -1.0 -3.0 -3.0 -3.0 -1.0 -1.0 -3.0 -2.0 -4.0 -1.0 0.0 -3.0 -2.0 -2.0 -4.0 0.0 -2.0 -3.0 -3.0 -4.0 -1.0 -4.0 -4.0 -2.0 -1.0 0.0 -3.0 -1.0 -3.0 -4.0 -4.0 131.0 -2.0 -2.0 -2.0 -3.0 -1.0 0.0 -2.0 -1.0 -2.0 -1.0 -1.0 -4.0 0.0 0.0 0.0 
-3.0 -4.0 -3.0 -4.0 -1.0 -4.0 -2.0 -4.0 -4.0 -2.0 0.0 -1.0 -1.0 0.0 -4.0 -4.0 0.0 -4.0 -3.0 -3.0 0.0 -3.0 -1.0 -3.0 -2.0 -2.0 -2.0 0.0 -4.0 -4.0 0.0 -4.0 -4.0 0.0 0.0 -4.0 -3.0 -1.0 -4.0 -2.0 -2.0 -3.0 -1.0 0.0 0.0 -3.0 -2.0 -2.0 -1.0 -1.0 134.0 0.0 0.0 -3.0 -3.0 -2.0 -3.0 -2.0 0.0 -1.0 -2.0 -3.0 -4.0 -2.0 0.0 
-2.0 -1.0 0.0 -1.0 -1.0 -4.0 0.0 -3.0 -3.0 -3.0 -4.0 -4.0 -1.0 -2.0 0.0 -4.0 -2.0 -2.0 -3.0 -2.0 -1.0 -4.0 -2.0 -1.0 -1.0 0.0 -3.0 -2.0 -3.0 0.0 -4.0 0.0 0.0 -4.0 0.0 -2.0 -4.0 -2.0 -4.0 -1.0 -2.0 0.0 -2.0 0.0 -1.0 -2.0 -2.0 -2.0 0.0 -4.0 -4.0 130.0 -4.0 -4.0 -2.0 -4.0 -4.0 -1.0 -2.0 -2.0 -3.0 0.0 -1.0 -1.0 -3.0 
-2.0 -4.0 -4.0 0.0 -4.0 -3.0 0.0 0.0 -2.0 -1.0 -2.0 -3.0 -1.0 -3.0 0.0 -2.0 -1.0 -4.0 -4.0 -2.0 -2.0 -4.0 -1.0 -2.0 -2.0 -4.0 -1.0 -4.0 -1.0 -4.0 -2.0 0.0 -1.0 -1.0 -4.0 0.0 -4.0 -4.0 -3.0 0.0 -4.0 -1.0 -4.0 0.0 0.0 -2.0 0.0 -4.0 -3.0 -2.0 0.0 0.0 127.0 -2.0 -1.0 -3.0 0.0 -2.0 -2.0 -4.0 -1.0 0.0 0.0 -3.0 -3.0 
-4.0 -3.0 -1.0 -2.0 -3.0 -2.0 -1.0 -3.0 0.0 -4.0 -3.0 -2.0 -3.0 -2.0 -1.0 0.0 -3.0 -2.0 -1.0 -4.0 -4.0 -3.0 -1.0 0.0 0.0 -2.0 0.0 -3.0 -3.0 -4.0 -2.0 0.0 -1.0 -4.0 -1.0 -4.0 -1.0 -1.0 -3.0 -1.0 -2.0 -2.0 -4.0 -2.0 -4.0 0.0 -4.0 -1.0 -4.0 -1.0 -4.0 -2.0 -2.0 141.0 -1.0 -2.0 -4.0 -4.0 -3.0 -4.0 -1.0 0.0 -3.0 -1.0 -4.0 
-1.0 -3.0 -3.0 -3.0 -4.0 -4.0 -1.0 -4.0 -2.0 -1.0 -1.0 -1.0 0.0 0.0 -4.0 -4.0 0.0 -1.0 -2.0 -4.0 0.0 0.0 -2.0 -2.0 -4.0 0.0 -3.0 -4.0 -4.0 -3.0 -1.0 -1.0 -2.0 -2.0 -3.0 -3.0 -4.0 -3.0 -4.0 0.0 -3.0 0.0 0.0 0.0 -3.0 -1.0 -4.0 -2.0 -4.0 0.0 -4.0 0.0 -1.0 -3.0 142.0 -3.0 -4.0 -4.0 -4.0 -4.0 0.0 -3.0 -1.0 -4.0 -2.0 
-2.0 -4.0 -4.0 -2.0 -1.0 0.0 0.0 -1.0 -3.0 0.0 -2.0 -3.0 -3.0 -2.0 -2.0 -3.0 -4.0 -4.0 -2.0 -4.0 0.0 -2.0 -1.0 -2.0 0.0 -3.0 -2.0 -2.0 -3.0 -1.0 -2.0 0.0 -3.0 -2.0 -3.0 -3.0 -1.0 -4.0 -1.0 -1.0 -1.0 0.0 -1.0 -2.0 -3.0 -1.0 -2.0 -3.0 -4.0 -1.0 -3.0 -1.0 -4.0 -3.0 -2.0 129.0 0.0 -3.0 -3.0 -1.0 -1.0 -3.0 -1.0 -2.0 -2.0 
0.0 -2.0 -3.0 -1.0 -4.0 -4.0 -3.0 -3.0 -1.0 0.0 -1.0 0.0 -3.0 -2.0 -1.0 -2.0 -3.0 -4.0 -4.0 -2.0 -3.0 0.0 -4.0 -3.0 -1.0 -3.0 -3.0 -1.0 -1.0 -3.0 -1.0 -3.0 0.0 0.0 -2.0 -1.0 0.0 0.0 -3.0 -1.0 0.0 0.0 -1.0 -4.0 -2.0 -1.0 -2.0 -3.0 -2.0 -4.0 -1.0 -4.0 -2.0 -3.0 0.0 -4.0 132.0 -4.0 -4.0 -1.0 -1.0 -3.0 -4.0 -2.0 -4.0 
-2.0 -3.0 -2.0 -1.0 -4.0 -3.0 -3.0 -1.0 -2.0 -4.0 -1.0 -4.0 -2.0 -3.0 -2.0 -4.0 -4.0 -4.0 -1.0 -1.0 -4.0 -2.0 0.0 -1.0 -2.0 0.0 -1.0 -4.0 -4.0 -3.0 -4.0 -2.0 -1.0 -1.0 0.0 0.0 -3.0 0.0 -1.0 0.0 -4.0 0.0 0.0 -3.0 -3.0 -2.0 -1.0 0.0 -1.0 -3.0 -1.0 -1.0 -4.0 -1.0 -3.0 -2.0 0.0 127.0 -4.0 -3.0 -1.0 -2.0 -2.0 -1.0 -1.0 
-4.0 -1.0 -4.0 -1.0 0.0 -1.0 0.0 0.0 -3.0 -4.0 0.0 -2.0 -3.0 -3.0 -4.0 -3.0 -4.0 -1.0 0.0 -3.0 0.0 0.0 -4.0 -3.0 0.0 -4.0 0.0 -3.0 -4.0 -2.0 -1.0 -4.0 -2.0 -4.0 -4.0 -1.0 -4.0 -4.0 -3.0 -3.0 -4.0 0.0 -4.0 0.0 -4.0 0.0 -3.0 -1.0 -3.0 -1.0 -3.0 -2.0 -1.0 -3.0 0.0 0.0 0.0 -4.0 140.0 -3.0 -4.0 -4.0 -1.0 -3.0 -1.0 
-4.0 -4.0 -1.0 0.0 -2.0 -3.0 -3.0 0.0 -2.0 -4.0 -4.0 -2.0 0.0 0.0 -2.0 0.0 -2.0 -4.0 -1.0 -1.0 -2.0 -2.0 -1.0 -1.0 -1.0 0.0 -4.0 -1.0 -3.0 -2.0 -3.0 -2.0 -4.0 -1.0 0.0 -2.0 -1.0 -4.0 0.0 -2.0 0.0 -3.0 0.0 -1.0 0.0 -3.0 -1.0 0.0 -3.0 0.0 -3.0 -1.0 0.0 -1.0 -1.0 -1.0 -4.0 -4.0 -1.0 112.0 0.0 -1.0 -2.0 -3.0 -4.0 
-3.0 -4.0 -2.0 -1.0 -2.0 -4.0 -1.0 -2.0 0.0 -2.0 0.0 -3.0 -3.0 -2.0 -1.0 -2.0 0.0 -1.0 -3.0 -3.0 -4.0 -2.0 -2.0 -1.0 -4.0 -3.0 -1.0 0.0 -2.0 -3.0 -3.0 -2.0 -1.0 -1.0 -2.0 -4.0 0.0 -2.0 -1.0 -1.0 -3.0 -1.0 0.0 -4.0 -4.0 -4.0 -1.0 -1.0 -3.0 0.0 -1.0 -1.0 0.0 -1.0 0.0 -4.0 0.0 -4.0 -4.0 -3.0 122.0 0.0 -2.0 -2.0 -1.0 
-3.0 -4.0 0.0 -4.0 0.0 0.0 0.0 -3.0 -1.0 -3.0 -2.0 -3.0 -4.0 -3.0 -3.0 -2.0 0.0 -2.0 -1.0 0.0 -3.0 -1.0 -1.0 -2.0 -4.0 0.0 0.0 -3.0 -3.0 -1.0 0.0 -1.0 -4.0 -2.0 0.0 -3.0 -4.0 -1.0 -4.0 -3.0 -4.0 -3.0 -2.0 0.0 -3.0 0.0 -1.0 -4.0 -4.0 -2.0 -4.0 -2.0 -3.0 -3.0 -3.0 -1.0 0.0 0.0 0.0 -2.0 -4.0 127.0 0.0 0.0 -4.0 
0.0 -1.0 -3.0 -1.0 -4.0 -1.0 -2.0 0.0 0.0 -4.0 -2.0 -4.0 -3.0 -3.0 -4.0 -3.0 -2.0 -3.0 -4.0 -1.0 -2.0 0.0 -1.0 0.0 0.0 -1.0 -2.0 -4.0 -2.0 -4.0 0.0 -2.0 0.0 -4.0 -4.0 -4.0 -4.0 -2.0 -2.0 0.0 -3.0 -4.0 -4.0 -4.0 -1.0 -3.0 -2.0 0.0 -1.0 -2.0 -1.0 -1.0 -1.0 0.0 -3.0 -2.0 -4.0 -2.0 -1.0 -3.0 -2.0 0.0 129.0 0.0 -2.0 
-1.0 -3.0 -2.0 -2.0 -2.0 0.0 0.0 -1.0 -1.0 -2.0 -4.0 -3.0 -4.0 -4.0 -2.0 -4.0 -4.0 -4.0 -3.0 -4.0 0.0 -4.0 -4.0 -3.0 -4.0 -3.0 -2.0 0.0 -4.0 -2.0 -3.0 -3.0 -2.0 -2.0 -4.0 -1.0 0.0 -3.0 0.0 -2.0 -2.0 -1.0 -4.0 -2.0 0.0 0.0 -2.0 -1.0 -2.0 -4.0 -1.0 0.0 -3.0 -3.0 -1.0 0.0 -4.0 -2.0 -1.0 -2.0 0.0 -2.0 -1.0 134.0 0.0 
-4.0 -4.0 -1.0 -3.0 -2.0 -2.0 0.0 -1.0 0.0 -4.0 -3.0 -1.0 0.0 -4.0 -4.0 -1.0 -2.0 0.0 -3.0 -1.0 -3.0 0.0 -4.0 -1.0 -4.0 0.0 0.0 -1.0 0.0 -3.0 -1.0 -4.0 -4.0 -3.0 -2.0 0.0 -2.0 -3.0 -4.0 -4.0 -4.0 0.0 -3.0 -2.0 -4.0 -1.0 0.0 -2.0 -3.0 -3.0 -1.0 -3.0 -1.0 -3.0 -2.0 -1.0 -2.0 -2.0 -2.0 -2.0 -3.0 -3.0 -1.0 -4.0 135.0 
-4138.000064 -4526.0 -4107.0 -3755.0 -3402.0 -3786.0 -2935.0 -2597.0 -2745.0 -2632.0 -3016.0 -2579.0 -2407.0 -2665.0 -2522.0 -1559.0 -2053.0 -2092.0 -1997.0 -1916.0 -2243.0 -2177.0 -965.0 -1241.0 -844.0 -1010.0 -402.0 -607.0 -586.0 -377.0 -199.0 -9.0 -390.0 267.0 330.0 -112.0 424.0 472.0 1080.0 1107.0 1765.0 1400.0 1512.0 2029.0 1633.0 1789.0 1888.0 1828.0 2036.0 2450.0 2835.0 2408.0 2802.0 2892.0 3025.0 3058.0 3040.0 3600.0 3606.0 3219.0 3620.0 3721.0 4035.0 4635.0 4282.0 