194.999886 -1.0 -4.0 0.0 -3.0 -4.0 -2.0 -3.0 0.0 0.0 -4.0 0.0 -3.0 0.0 0.0 -2.0 -4.0 -1.0 -4.0 -1.0 0.0 -1.0 -1.0 0.0 -1.0 0.0 -3.0 0.0 -2.0 -3.0 -2.0 -2.0 0.0 0.0 -3.0 0.0 -4.0 0.0 -4.0 -2.0 -3.0 -1.0 0.0 -1.0 0.0 -2.0 -1.0 -3.0 -1.0 -2.0 -2.0 -1.0 -3.0 -1.0 -3.0 -4.0 -4.0 0.0 -2.0 0.0 0.0 -1.0 -2.0 0.0 0.0 -3.0 -3.0 -3.0 -1.0 0.0 -3.0 -3.0 -4.0 0.0 -1.0 0.0 -1.0 -1.0 0.0 -4.0 -1.0 -1.0 -4.0 -3.0 -3.0 -2.0 -4.0 -1.0 0.0 -2.0 0.0 -4.0 -1.0 -4.0 -1.0 -2.0 -2.0 0.0 -2.0 -3.0 -4.0 0.0 0.0 -3.0 0.0 -3.0 0.0 -1.0 -2.0 -3.0 -2.0 -3.0 -1.0 -2.0 -3.0 
-3.0 216.0 -1.0 -2.0 -2.0 -3.0 -3.0 -1.0 0.0 -3.0 0.0 -4.0 0.0 0.0 -4.0 -2.0 -4.0 0.0 -4.0 0.0 -4.0 -2.0 -2.0 -2.0 -2.0 -4.0 -1.0 -1.0 -4.0 -2.0 -2.0 -1.0 -3.0 0.0 -3.0 -4.0 -1.0 -1.0 -1.0 -2.0 -1.0 -2.0 -4.0 -4.0 -2.0 -1.0 0.0 -3.0 -1.0 -4.0 0.0 -4.0 -2.0 -2.0 -1.0 0.0 -2.0 -1.0 -2.0 -2.0 -3.0 0.0 -3.0 -1.0 -1.0 -1.0 -4.0 0.0 -2.0 -2.0 -3.0 -2.0 -3.0 0.0 -1.0 0.0 -3.0 -4.0 -1.0 -1.0 -3.0 -1.0 -1.0 -3.0 -4.0 -3.0 -2.0 0.0 -3.0 -4.0 -1.0 -3.0 0.0 -1.0 -1.0 -1.0 -2.0 0.0 -4.0 0.0 -1.0 -4.0 -2.0 -1.0 -2.0 -3.0 -2.0 -3.0 -1.0 -2.0 -1.0 -2.0 -2.0 0.0 -2.0 
-2.0 -3.0 228.0 -3.0 -2.0 -1.0 -1.0 -3.0 -1.0 -1.0 -3.0 -4.0 -3.0 0.0 -1.0 0.0 -4.0 0.0 0.0 0.0 -4.0 -3.0 -3.0 0.0 -1.0 -4.0 -2.0 -2.0 -1.0 -3.0 -4.0 -3.0 -1.0 -3.0 -2.0 -3.0 -1.0 -1.0 -4.0 -4.0 -4.0 -1.0 -4.0 0.0 -4.0 -3.0 0.0 -3.0 -3.0 -3.0 -1.0 -3.0 -4.0 -4.0 -1.0 -4.0 -4.0 -3.0 0.0 -1.0 0.0 -4.0 -1.0 -2.0 -4.0 -3.0 0.0 -2.0 0.0 0.0 -3.0 -2.0 -2.0 0.0 -3.0 -2.0 -4.0 0.0 -1.0 -2.0 0.0 -2.0 -1.0 -1.0 0.0 -3.0 -1.0 -4.0 -2.0 -2.0 -1.0 -3.0 0.0 -4.0 -1.0 0.0 -1.0 -2.0 -1.0 -2.0 -4.0 -2.0 0.0 -3.0 -3.0 -1.0 -4.0 0.0 -1.0 -1.0 0.0 -3.0 -1.0 -4.0 -4.0 
0.0 -4.0 -1.0 214.0 -1.0 -2.0 0.0 -3.0 -3.0 0.0 -3.0 -3.0 -2.0 -2.0 -1.0 0.0 -2.0 -1.0 -1.0 -3.0 0.0 -4.0 -1.0 -1.0 0.0 0.0 0.0 0.0 -4.0 -3.0 -3.0 -1.0 -2.0 -3.0 -2.0 -1.0 -4.0 -1.0 -4.0 0.0 -4.0 -1.0 -4.0 -1.0 0.0 -4.0 -1.0 -4.0 0.0 -2.0 -3.0 -1.0 -4.0 -3.0 -1.0 -1.0 0.0 -1.0 0.0 -1.0 -3.0 -1.0 -1.0 -1.0 -4.0 0.0 0.0 -2.0 -4.0 0.0 -2.0 -1.0 -4.0 -1.0 -3.0 -4.0 -1.0 0.0 -3.0 -4.0 -3.0 0.0 -1.0 -3.0 -1.0 -3.0 -3.0 -4.0 -2.0 -2.0 -2.0 -3.0 -1.0 -2.0 -2.0 -2.0 0.0 -4.0 -1.0 -2.0 -2.0 -1.0 0.0 -3.0 -3.0 -1.0 -4.0 -2.0 -1.0 0.0 -3.0 -2.0 -4.0 -4.0 -2.0 
-3.0 -3.0 -3.0 -3.0 210.0 0.0 -2.0 -3.0 0.0 0.0 -1.0 -2.0 -3.0 -2.0 -1.0 -1.0 -1.0 -1.0 -1.0 -4.0 -3.0 -3.0 -2.0 0.0 -2.0 -2.0 -3.0 -4.0 -4.0 0.0 0.0 -1.0 -1.0 0.0 -3.0 -3.0 -2.0 0.0 -2.0 -1.0 -3.0 -3.0 -2.0 0.0 -2.0 0.0 0.0 0.0 -4.0 -4.0 0.0 -3.0 0.0 -4.0 -2.0 -2.0 -1.0 -4.0 0.0 0.0 0.0 -1.0 -4.0 0.0 -3.0 -1.0 0.0 -3.0 0.0 -3.0 -2.0 0.0 -1.0 -4.0 0.0 -3.0 0.0 -3.0 0.0 -4.0 -2.0 0.0 -3.0 -4.0 -2.0 -1.0 -4.0 0.0 -4.0 -3.0 -3.0 -4.0 -1.0 -1.0 -1.0 -2.0 -1.0 0.0 -3.0 -2.0 -1.0 -4.0 -4.0 -1.0 -3.0 0.0 -4.0 -2.0 -4.0 -2.0 -1.0 -3.0 0.0 0.0 -4.0 
0.0 -2.0 -1.0 -3.0 -3.0 215.0 0.0 -4.0 -3.0 -3.0 -2.0 0.0 0.0 0.0 -1.0 0.0 -3.0 -4.0 -1.0 0.0 -1.0 -4.0 -4.0 -2.0 0.0 -1.0 -2.0 -1.0 -3.0 -1.0 0.0 -2.0 -2.0 -3.0 -1.0 -3.0 0.0 0.0 0.0 -3.0 -4.0 -2.0 0.0 -1.0 -3.0 -2.0 -4.0 -2.0 0.0 -2.0 -1.0 -4.0 -2.0 -4.0 -1.0 -3.0 -3.0 -2.0 0.0 -2.0 -1.0 -4.0 -3.0 0.0 -3.0 -2.0 0.0 -4.0 -4.0 -2.0 -2.0 -3.0 0.0 -2.0 -2.0 -3.0 -2.0 -3.0 0.0 0.0 0.0 -1.0 -2.0 0.0 -2.0 0.0 -3.0 0.0 -2.0 -3.0 -2.0 -2.0 -2.0 0.0 -4.0 0.0 -1.0 0.0 -1.0 -4.0 -3.0 -4.0 -3.0 -1.0 -4.0 0.0 -4.0 -1.0 -3.0 -4.0 -4.0 -4.0 -4.0 0.0 -2.0 
-1.0 -2.0 -3.0 -4.0 -2.0 -4.0 245.0 -3.0 -1.0 -3.0 -3.0 0.0 -4.0 0.0 -4.0 0.0 -3.0 -1.0 -4.0 -4.0 -1.0 0.0 -4.0 0.0 -1.0 -2.0 -2.0 -2.0 0.0 -1.0 -2.0 -2.0 -3.0 -4.0 -4.0 -3.0 -4.0 -4.0 -4.0 -1.0 0.0 -3.0 -3.0 -3.0 -4.0 -3.0 -3.0 -4.0 -3.0 0.0 0.0 -1.0 -2.0 -3.0 -2.0 0.0 -4.0 -2.0 -1.0 0.0 0.0 -1.0 -2.0 -1.0 0.0 -4.0 0.0 -1.0 -4.0 -3.0 -2.0 0.0 -4.0 -4.0 0.0 -1.0 -3.0 -4.0 -2.0 -2.0 -3.0 -4.0 -4.0 -2.0 -1.0 -2.0 -1.0 -1.0 -2.0 0.0 -1.0 -2.0 -1.0 -3.0 -2.0 -1.0 -3.0 -2.0 -1.0 -3.0 -3.0 -3.0 -4.0 -3.0 0.0 -3.0 -2.0 -4.0 -2.0 -1.0 -1.0 -2.0 -3.0 -2.0 -4.0 
-3.0 -2.0 -3.0 0.0 -1.0 -2.0 -1.0 231.0 -3.0 -4.0 -2.0 -3.0 -3.0 -3.0 0.0 0.0 0.0 -4.0 -4.0 -2.0 -4.0 -4.0 0.0 -1.0 -2.0 -1.0 -2.0 -2.0 -4.0 -1.0 0.0 0.0 -1.0 -2.0 0.0 -2.0 0.0 -3.0 -4.0 -3.0 -2.0 -2.0 -2.0 -2.0 -3.0 -1.0 -2.0 0.0 -2.0 -4.0 -2.0 -2.0 -2.0 -2.0 -3.0 -3.0 -3.0 -3.0 -4.0 0.0 0.0 -1.0 -1.0 -4.0 -3.0 -4.0 -4.0 0.0 0.0 -1.0 -2.0 0.0 -2.0 -4.0 -1.0 -2.0 -4.0 0.0 -4.0 -4.0 -4.0 0.0 0.0 -4.0 -1.0 -2.0 -1.0 -1.0 -3.0 -3.0 -4.0 -3.0 -1.0 -1.0 0.0 -2.0 -2.0 0.0 -4.0 -2.0 -3.0 -3.0 -2.0 -3.0 -4.0 0.0 -4.0 -2.0 -1.0 -4.0 -1.0 -2.0 -3.0 0.0 0.0 
-1.0 -3.0 -2.0 -1.0 -2.0 -4.0 0.0 -1.0 205.0 -2.0 -1.0 -2.0 -4.0 -4.0 0.0 0.0 -1.0 -3.0 -1.0 -4.0 -2.0 -3.0 0.0 -1.0 -3.0 -3.0 -2.0 -4.0 0.0 -3.0 0.0 0.0 0.0 -2.0 -2.0 -2.0 -2.0 -4.0 -1.0 0.0 -1.0 -1.0 -4.0 -2.0 -2.0 -2.0 -1.0 0.0 0.0 0.0 -3.0 -3.0 -2.0 -3.0 -4.0 -3.0 0.0 0.0 -2.0 -4.0 -2.0 -4.0 0.0 0.0 0.0 0.0 -3.0 -4.0 -2.0 0.0 0.0 0.0 0.0 0.0 -1.0 -1.0 -1.0 -3.0 -3.0 -4.0 -3.0 -1.0 0.0 -2.0 -4.0 0.0 0.0 -4.0 -3.0 -3.0 -2.0 -2.0 0.0 -4.0 0.0 -3.0 -2.0 0.0 -1.0 -2.0 -2.0 -4.0 -4.0 -1.0 -2.0 -3.0 -3.0 -1.0 0.0 -1.0 -4.0 0.0 -3.0 -2.0 -4.0 
-1.0 -1.0 -1.0 -2.0 -1.0 -1.0 -1.0 0.0 -1.0 217.0 -3.0 -1.0 0.0 -2.0 -1.0 -2.0 -3.0 -3.0 -3.0 -4.0 0.0 0.0 -4.0 -4.0 0.0 -2.0 -4.0 0.0 -3.0 -1.0 -3.0 0.0 -2.0 -3.0 -2.0 -2.0 -1.0 0.0 -2.0 0.0 0.0 -1.0 -4.0 -1.0 -4.0 -1.0 0.0 -1.0 -1.0 -4.0 -4.0 -3.0 0.0 -3.0 -1.0 -2.0 -2.0 -4.0 0.0 -2.0 -4.0 -1.0 -3.0 -3.0 -2.0 -3.0 0.0 -1.0 -1.0 0.0 -4.0 0.0 -4.0 -4.0 -1.0 -2.0 -4.0 -2.0 -3.0 -2.0 -2.0 -2.0 -2.0 -2.0 -4.0 -1.0 -1.0 -4.0 0.0 0.0 -1.0 -3.0 0.0 -3.0 -3.0 -3.0 -3.0 -3.0 0.0 -3.0 -1.0 -3.0 -3.0 0.0 -1.0 -3.0 -3.0 -3.0 -1.0 -4.0 -2.0 -1.0 -4.0 0.0 -2.0 
-4.0 -1.0 -3.0 -3.0 -2.0 -1.0 0.0 -3.0 0.0 -2.0 224.0 -3.0 -1.0 -2.0 -1.0 0.0 -2.0 -3.0 -4.0 -3.0 -2.0 -3.0 -4.0 -2.0 -2.0 -3.0 -2.0 -4.0 -3.0 -2.0 -3.0 -3.0 0.0 0.0 -2.0 0.0 -2.0 0.0 0.0 -1.0 0.0 -4.0 -4.0 0.0 -1.0 -2.0 -1.0 0.0 0.0 0.0 -3.0 -3.0 -3.0 -1.0 -1.0 -1.0 0.0 -4.0 -3.0 -4.0 0.0 -1.0 -4.0 -4.0 -1.0 -3.0 0.0 -4.0 -4.0 -2.0 -4.0 -1.0 -3.0 -3.0 -1.0 0.0 -3.0 -3.0 -3.0 -3.0 -2.0 -4.0 -2.0 -2.0 -2.0 -1.0 -1.0 -3.0 -4.0 -3.0 0.0 -3.0 -2.0 0.0 -3.0 0.0 -2.0 -1.0 -2.0 -1.0 -1.0 -3.0 -4.0 0.0 0.0 -1.0 -1.0 0.0 -4.0 -2.0 -3.0 -4.0 -1.0 0.0 -4.0 
-3.0 -1.0 -1.0 -1.0 -4.0 -1.0 -3.0 -4.0 -1.0 -3.0 -2.0 214.0 -4.0 -2.0 -3.0 -4.0 -3.0 -2.0 -3.0 -4.0 -3.0 -3.0 -1.0 0.0 -3.0 -3.0 0.0 -1.0 -1.0 -2.0 -2.0 -2.0 -1.0 -2.0 -1.0 -1.0 -4.0 -1.0 -2.0 -1.0 -4.0 -4.0 -3.0 0.0 -2.0 -1.0 0.0 -3.0 -3.0 0.0 -3.0 -1.0 -2.0 0.0 0.0 -4.0 -3.0 -2.0 -1.0 -2.0 -1.0 -1.0 -1.0 -1.0 0.0 -2.0 0.0 -3.0 -3.0 0.0 -3.0 -2.0 0.0 -2.0 -2.0 -1.0 -3.0 -1.0 -1.0 -4.0 -2.0 -1.0 0.0 -4.0 -3.0 0.0 -2.0 -4.0 -3.0 -3.0 -2.0 -4.0 -1.0 -1.0 -2.0 -3.0 -3.0 0.0 -2.0 -1.0 -2.0 0.0 -4.0 0.0 -2.0 -2.0 -1.0 -2.0 -1.0 -3.0 -1.0 -1.0 -1.0 -1.0 0.0 
-2.0 -1.0 -3.0 -4.0 -2.0 -2.0 -1.0 -3.0 -3.0 -1.0 0.0 -2.0 245.0 -2.0 -4.0 -3.0 -1.0 -1.0 -3.0 -1.0 -3.0 -2.0 -4.0 -3.0 -1.0 -3.0 -4.0 -4.0 -4.0 -2.0 -3.0 -3.0 -4.0 -3.0 -1.0 -2.0 -1.0 -2.0 -1.0 -4.0 -3.0 0.0 -3.0 0.0 -4.0 -1.0 -3.0 -1.0 -2.0 -4.0 -4.0 0.0 -2.0 0.0 -1.0 -1.0 -4.0 -2.0 -4.0 -3.0 -3.0 -4.0 0.0 -1.0 -4.0 -3.0 -3.0 -1.0 0.0 -4.0 -4.0 0.0 -4.0 -1.0 -4.0 0.0 0.0 -4.0 -2.0 -3.0 -3.0 -2.0 -4.0 0.0 -1.0 -4.0 -4.0 0.0 -4.0 -4.0 -2.0 -2.0 -2.0 -1.0 -3.0 -3.0 -4.0 -1.0 0.0 0.0 0.0 -3.0 -1.0 -2.0 0.0 -2.0 -3.0 -1.0 -1.0 0.0 0.0 -3.0 0.0 -4.0 -1.0 
-4.0 -4.0 -2.0 -1.0 -3.0 -3.0 -2.0 -2.0 0.0 -4.0 -3.0 -1.0 0.0 245.0 -1.0 -2.0 -4.0 -4.0 -2.0 -3.0 -4.0 -4.0 -2.0 -1.0 0.0 -1.0 -4.0 -2.0 -4.0 -4.0 0.0 0.0 0.0 0.0 0.0 -2.0 -3.0 -4.0 -2.0 -4.0 -2.0 -1.0 -2.0 -1.0 -3.0 -3.0 -2.0 0.0 -2.0 -1.0 -1.0 -1.0 -1.0 -3.0 -2.0 -3.0 -4.0 -1.0 -3.0 -3.0 -4.0 0.0 0.0 -4.0 0.0 -3.0 -3.0 -4.0 0.0 -1.0 -2.0 0.0 0.0 -4.0 -1.0 0.0 -4.0 -4.0 -2.0 -3.0 -3.0 -1.0 -1.0 -3.0 -4.0 -1.0 -3.0 -3.0 -2.0 -3.0 -2.0 -4.0 -2.0 -1.0 -3.0 -3.0 -4.0 -4.0 -4.0 -2.0 -1.0 -3.0 0.0 -3.0 -2.0 -3.0 0.0 -1.0 -3.0 -2.0 -3.0 -2.0 0.0 -2.0 -3.0 
0.0 -1.0 0.0 -2.0 -2.0 -1.0 -2.0 -3.0 -4.0 -3.0 0.0 -3.0 -4.0 -4.0 204.0 0.0 0.0 -3.0 0.0 0.0 0.0 0.0 0.0 -1.0 -1.0 -1.0 -2.0 0.0 -3.0 -3.0 -3.0 0.0 -3.0 -1.0 -3.0 0.0 -4.0 -1.0 -3.0 -4.0 -2.0 -1.0 -4.0 -4.0 0.0 0.0 0.0 0.0 0.0 -4.0 -1.0 -4.0 0.0 -1.0 -2.0 -3.0 -2.0 -4.0 -4.0 -2.0 -1.0 -1.0 -1.0 0.0 -2.0 -3.0 -4.0 -4.0 -4.0 -4.0 0.0 -4.0 -2.0 0.0 -1.0 -1.0 0.0 -3.0 0.0 -1.0 -3.0 -4.0 -4.0 0.0 -4.0 -1.0 -4.0 -4.0 0.0 -2.0 -2.0 -3.0 0.0 -1.0 -1.0 -2.0 -2.0 -1.0 -4.0 0.0 -1.0 -2.0 -1.0 0.0 -2.0 -3.0 0.0 -2.0 -2.0 -2.0 -3.0 -1.0 -4.0 0.0 0.0 
-2.0 0.0 -2.0 -2.0 -4.0 -2.0 -1.0 -4.0 0.0 -3.0 -4.0 0.0 -3.0 -3.0 -3.0 250.0 -4.0 0.0 0.0 0.0 -3.0 -3.0 -1.0 -3.0 -2.0 -2.0 -4.0 -2.0 -3.0 -4.0 -1.0 -4.0 -1.0 -1.0 -3.0 -4.0 -2.0 -1.0 0.0 -4.0 -2.0 -2.0 0.0 -2.0 -1.0 -2.0 -3.0 -3.0 -4.0 -3.0 -2.0 -3.0 -2.0 -4.0 -3.0 -3.0 0.0 -3.0 -1.0 -3.0 -3.0 0.0 -1.0 -3.0 0.0 -3.0 -2.0 -4.0 -1.0 -4.0 -3.0 -4.0 -2.0 0.0 -3.0 -1.0 -1.0 -4.0 0.0 -4.0 0.0 -2.0 -4.0 -2.0 -4.0 -1.0 -2.0 -4.0 -1.0 -1.0 -4.0 -4.0 -4.0 -4.0 0.0 -1.0 -4.0 -4.0 -3.0 0.0 -1.0 -2.0 -4.0 -2.0 -2.0 -3.0 -2.0 -2.0 -1.0 -4.0 0.0 0.0 -1.0 -3.0 0.0 
0.0 0.0 -2.0 0.0 0.0 -3.0 0.0 -4.0 -1.0 -3.0 -3.0 -3.0 -4.0 0.0 -1.0 -3.0 221.0 0.0 -2.0 -3.0 -3.0 -4.0 0.0 -3.0 -3.0 0.0 -1.0 -4.0 -4.0 0.0 -3.0 -3.0 0.0 -3.0 -2.0 -2.0 0.0 -1.0 -4.0 0.0 -3.0 -3.0 -2.0 -4.0 -1.0 0.0 -4.0 -1.0 -2.0 -1.0 -4.0 -3.0 0.0 0.0 -3.0 0.0 -4.0 -1.0 -2.0 0.0 -2.0 -2.0 -1.0 -2.0 -1.0 -4.0 -4.0 -1.0 -1.0 -4.0 -1.0 -4.0 -2.0 -3.0 -2.0 0.0 -1.0 -4.0 -2.0 -2.0 -1.0 -3.0 -1.0 -1.0 0.0 0.0 -3.0 -2.0 -1.0 -2.0 0.0 0.0 -2.0 -2.0 -3.0 -3.0 -3.0 -2.0 -3.0 -1.0 -3.0 -1.0 -2.0 -2.0 -3.0 0.0 -3.0 -4.0 -3.0 -2.0 0.0 -3.0 -4.0 -3.0 -2.0 
0.0 -2.0 -4.0 -3.0 -4.0 -1.0 -1.0 -4.0 -1.0 0.0 0.0 -3.0 -2.0 -1.0 -1.0 -3.0 -2.0 210.0 -1.0 -2.0 -4.0 0.0 -3.0 0.0 -1.0 -1.0 -3.0 -3.0 0.0 -4.0 -2.0 0.0 -1.0 -1.0 -1.0 -1.0 -2.0 -3.0 -3.0 0.0 -2.0 -1.0 -4.0 -1.0 -2.0 -4.0 -2.0 -4.0 -1.0 -1.0 -3.0 -4.0 0.0 -1.0 -3.0 -3.0 -4.0 0.0 -2.0 -2.0 -3.0 -4.0 -3.0 -2.0 -2.0 -2.0 -3.0 0.0 -3.0 -3.0 -4.0 -1.0 0.0 0.0 0.0 -2.0 0.0 -1.0 0.0 -3.0 -4.0 0.0 -3.0 -3.0 0.0 -1.0 -4.0 0.0 0.0 -3.0 -4.0 -1.0 0.0 -1.0 -2.0 -1.0 -1.0 -4.0 0.0 -4.0 0.0 -4.0 0.0 0.0 -1.0 -4.0 -3.0 -2.0 -1.0 -4.0 0.0 -3.0 -1.0 -3.0 0.0 
0.0 -2.0 -1.0 -2.0 -2.0 -2.0 -3.0 -4.0 -3.0 -1.0 0.0 -4.0 -3.0 -4.0 -1.0 -1.0 -3.0 -2.0 242.0 -1.0 -2.0 -3.0 -3.0 -1.0 -4.0 -3.0 -2.0 -2.0 -3.0 -2.0 -4.0 -2.0 0.0 -4.0 0.0 -2.0 -4.0 -2.0 -4.0 -3.0 -3.0 -3.0 0.0 0.0 0.0 -2.0 0.0 0.0 -3.0 -1.0 -1.0 -4.0 -4.0 -1.0 0.0 -2.0 -3.0 -3.0 0.0 0.0 -4.0 -2.0 -3.0 -2.0 -1.0 -4.0 -4.0 -3.0 -2.0 -1.0 -1.0 -3.0 -1.0 -3.0 -4.0 -2.0 -2.0 -1.0 -2.0 -2.0 -3.0 -4.0 -1.0 -3.0 -3.0 -1.0 -4.0 -2.0 -3.0 0.0 0.0 -3.0 -2.0 -4.0 -1.0 -2.0 -4.0 -2.0 -3.0 -2.0 -1.0 -4.0 0.0 -3.0 -3.0 -3.0 -1.0 -2.0 -2.0 -2.0 -3.0 0.0 0.0 -1.0 -4.0 
-3.0 0.0 0.0 -3.0 -1.0 -4.0 -1.0 -3.0 -3.0 -3.0 0.0 -4.0 -4.0 -3.0 -3.0 -3.0 0.0 -3.0 -1.0 239.0 -3.0 -4.0 0.0 -4.0 -2.0 -2.0 -1.0 -2.0 -1.0 0.0 -1.0 0.0 -2.0 -4.0 -2.0 0.0 0.0 0.0 -2.0 -2.0 -2.0 -3.0 -4.0 -1.0 -1.0 -4.0 -2.0 -4.0 -4.0 -3.0 -2.0 -4.0 -2.0 0.0 -2.0 -4.0 -3.0 -4.0 -1.0 -4.0 0.0 -3.0 -3.0 0.0 -3.0 -2.0 -1.0 0.0 -4.0 -2.0 -1.0 -2.0 -3.0 -4.0 0.0 0.0 0.0 -4.0 -2.0 0.0 -3.0 -4.0 -2.0 -4.0 -4.0 -2.0 -4.0 0.0 -3.0 0.0 -2.0 -3.0 -3.0 -1.0 -4.0 -2.0 -2.0 0.0 -3.0 -4.0 -4.0 -1.0 -1.0 -2.0 -4.0 -1.0 -1.0 -1.0 -1.0 -4.0 0.0 -2.0 -1.0 -4.0 0.0 
-2.0 -2.0 -2.0 -1.0 -3.0 -4.0 0.0 0.0 -2.0 0.0 -1.0 0.0 -4.0 -2.0 -3.0 -1.0 -3.0 -2.0 -2.0 0.0 218.0 -1.0 0.0 -3.0 0.0 -1.0 0.0 -1.0 -3.0 -1.0 -3.0 -1.0 -2.0 -1.0 -2.0 -3.0 -4.0 -1.0 0.0 -1.0 -3.0 0.0 -1.0 -2.0 -1.0 -4.0 0.0 -2.0 0.0 -4.0 -3.0 -1.0 -2.0 -2.0 -4.0 0.0 -2.0 -1.0 0.0 -3.0 -4.0 -3.0 0.0 -2.0 -3.0 -2.0 -3.0 -2.0 -4.0 -2.0 -1.0 0.0 -4.0 -2.0 0.0 -2.0 -1.0 -1.0 -4.0 0.0 -4.0 -3.0 -3.0 -4.0 -3.0 -4.0 -2.0 0.0 -3.0 0.0 -4.0 0.0 -1.0 -1.0 -4.0 -2.0 -2.0 -4.0 -2.0 -1.0 -4.0 -1.0 -1.0 -3.0 -2.0 0.0 -4.0 -4.0 -3.0 -1.0 0.0 -1.0 -2.0 -4.0 -4.0 
-2.0 -4.0 -1.0 -3.0 -4.0 0.0 -4.0 -1.0 -1.0 -1.0 -4.0 -2.0 -4.0 -3.0 -3.0 -3.0 -3.0 0.0 -2.0 0.0 -4.0 247.0 -2.0 -4.0 -3.0 -3.0 -1.0 -1.0 -3.0 -3.0 -4.0 -1.0 -1.0 -1.0 -3.0 -1.0 -4.0 -2.0 -4.0 0.0 0.0 -2.0 -2.0 -2.0 0.0 -2.0 -4.0 -2.0 0.0 -3.0 -4.0 -1.0 -1.0 -4.0 0.0 0.0 -1.0 -1.0 -3.0 0.0 0.0 -4.0 -4.0 -1.0 -4.0 -2.0 -3.0 -2.0 0.0 -3.0 -2.0 -2.0 -2.0 -3.0 -4.0 -4.0 -4.0 -4.0 -1.0 0.0 -3.0 -4.0 -1.0 -3.0 -3.0 -3.0 -3.0 -4.0 -4.0 -1.0 -1.0 -2.0 -1.0 -2.0 -3.0 -1.0 -4.0 -1.0 0.0 0.0 -1.0 -2.0 -4.0 -1.0 -3.0 -1.0 -1.0 0.0 0.0 -4.0 -3.0 -3.0 -4.0 -1.0 -4.0 
-1.0 -3.0 0.0 0.0 -3.0 0.0 0.0 -1.0 -3.0 -1.0 -1.0 -1.0 0.0 0.0 0.0 0.0 -1.0 -3.0 -4.0 -1.0 -2.0 0.0 190.0 -2.0 -1.0 0.0 0.0 0.0 0.0 -1.0 -2.0 -2.0 0.0 -3.0 -1.0 -4.0 0.0 -3.0 0.0 -3.0 -1.0 -1.0 -4.0 -3.0 -4.0 -4.0 -3.0 0.0 0.0 -4.0 -1.0 -2.0 -4.0 -2.0 -2.0 -3.0 -1.0 -4.0 -1.0 -3.0 0.0 0.0 0.0 0.0 -3.0 -1.0 -2.0 -4.0 -1.0 -4.0 -1.0 -1.0 -4.0 -1.0 -1.0 0.0 -1.0 -3.0 -3.0 -4.0 -3.0 -1.0 -1.0 -2.0 0.0 -1.0 -4.0 -2.0 -4.0 -4.0 -1.0 0.0 0.0 -1.0 -3.0 -3.0 -4.0 -2.0 0.0 0.0 -1.0 0.0 -1.0 -3.0 -3.0 -1.0 0.0 -1.0 -2.0 -3.0 -4.0 0.0 -3.0 -2.0 -2.0 
-2.0 -1.0 -2.0 -2.0 -3.0 0.0 0.0 -3.0 -2.0 0.0 -4.0 -1.0 -1.0 -2.0 -3.0 -1.0 -1.0 0.0 -3.0 -4.0 -2.0 -2.0 -4.0 224.0 -2.0 -2.0 -3.0 -1.0 0.0 -4.0 -4.0 0.0 0.0 -4.0 -2.0 -2.0 -3.0 0.0 -2.0 -3.0 -1.0 -3.0 0.0 0.0 -2.0 -3.0 -1.0 -1.0 -3.0 0.0 -1.0 0.0 -2.0 0.0 -3.0 -4.0 -1.0 -1.0 -3.0 -4.0 -3.0 -3.0 -2.0 -3.0 -1.0 -3.0 -4.0 -1.0 -4.0 -2.0 -2.0 -1.0 -4.0 -3.0 -3.0 -3.0 -1.0 -2.0 -2.0 -4.0 -3.0 -3.0 -2.0 -1.0 0.0 -2.0 -4.0 0.0 -2.0 -4.0 -4.0 0.0 -1.0 -3.0 -4.0 -1.0 0.0 0.0 -4.0 -1.0 -3.0 -2.0 -3.0 -1.0 -1.0 -2.0 -4.0 -1.0 0.0 -1.0 0.0 -1.0 -4.0 -1.0 -2.0 
-4.0 0.0 -3.0 -4.0 -4.0 -4.0 0.0 -3.0 -4.0 -1.0 -4.0 -1.0 -4.0 0.0 -2.0 -3.0 -3.0 -2.0 -3.0 0.0 -1.0 0.0 -1.0 0.0 226.0 -2.0 -3.0 -1.0 -1.0 -3.0 -3.0 -4.0 -4.0 -4.0 -2.0 -3.0 -1.0 -2.0 -4.0 -1.0 0.0 -2.0 -2.0 -2.0 -1.0 -1.0 -4.0 0.0 -1.0 -4.0 -3.0 -2.0 -3.0 -3.0 0.0 -4.0 -4.0 -3.0 -1.0 -4.0 0.0 -3.0 -2.0 -3.0 -1.0 -3.0 -2.0 0.0 -3.0 -1.0 -1.0 -1.0 0.0 -2.0 -4.0 -3.0 0.0 0.0 -1.0 -1.0 -1.0 -3.0 0.0 0.0 -3.0 -2.0 -2.0 -4.0 -1.0 -1.0 -4.0 0.0 -3.0 -3.0 -1.0 -2.0 0.0 -2.0 -1.0 -3.0 0.0 -2.0 0.0 -3.0 -1.0 -3.0 -3.0 -2.0 -3.0 -2.0 0.0 -1.0 -2.0 -3.0 -1.0 
-2.0 -2.0 -2.0 -2.0 -4.0 -3.0 0.0 -1.0 -4.0 -3.0 -4.0 0.0 -3.0 -3.0 -2.0 -2.0 -3.0 -2.0 -1.0 0.0 0.0 0.0 -1.0 -3.0 -1.0 245.0 0.0 0.0 0.0 -3.0 -4.0 -3.0 -1.0 -4.0 -3.0 -3.0 -1.0 -3.0 0.0 0.0 -1.0 -2.0 -1.0 -1.0 -2.0 0.0 -2.0 0.0 -3.0 -3.0 -1.0 -2.0 -1.0 -2.0 -3.0 0.0 -3.0 -1.0 -4.0 -1.0 0.0 -2.0 -4.0 -3.0 -4.0 -4.0 -4.0 0.0 -3.0 -4.0 -1.0 0.0 -3.0 -4.0 -1.0 -1.0 -3.0 -3.0 -3.0 -4.0 0.0 -4.0 -3.0 -4.0 -4.0 -3.0 -3.0 -3.0 -3.0 0.0 -4.0 -4.0 -4.0 -2.0 0.0 -1.0 -3.0 0.0 -2.0 0.0 -2.0 -3.0 -2.0 -4.0 -3.0 -4.0 -2.0 -3.0 -1.0 -4.0 -1.0 -4.0 -4.0 -4.0 0.0 
-3.0 -4.0 -3.0 -2.0 -3.0 -1.0 -1.0 0.0 -3.0 0.0 0.0 0.0 -4.0 -3.0 -4.0 -2.0 -2.0 -4.0 -1.0 -2.0 -1.0 0.0 -4.0 -1.0 -3.0 -1.0 234.0 -1.0 0.0 -3.0 0.0 -4.0 -2.0 -4.0 0.0 -3.0 0.0 -1.0 0.0 -4.0 -4.0 -3.0 -4.0 -1.0 0.0 -2.0 0.0 0.0 -3.0 -2.0 -1.0 -1.0 -3.0 -3.0 -1.0 -2.0 0.0 -4.0 -1.0 -3.0 0.0 -2.0 -3.0 0.0 0.0 -2.0 -4.0 -4.0 -4.0 -4.0 -2.0 -3.0 0.0 -2.0 0.0 -3.0 -1.0 -2.0 -1.0 -4.0 -1.0 -4.0 -1.0 -4.0 -4.0 -1.0 -2.0 -1.0 -4.0 -2.0 0.0 -3.0 -4.0 -3.0 0.0 -3.0 -2.0 -2.0 -4.0 0.0 -3.0 0.0 -4.0 -1.0 -2.0 -3.0 -4.0 -4.0 0.0 -2.0 -4.0 -1.0 -3.0 -1.0 -4.0 
-3.0 -1.0 -4.0 -2.0 -2.0 -3.0 -2.0 -4.0 -1.0 -4.0 0.0 -1.0 -2.0 -4.0 -2.0 -4.0 -2.0 -1.0 -2.0 -1.0 -1.0 -1.0 -3.0 -2.0 0.0 -3.0 0.0 231.0 -3.0 0.0 -4.0 -3.0 0.0 0.0 -1.0 -2.0 -2.0 -2.0 -3.0 -3.0 -3.0 0.0 0.0 -4.0 -4.0 -1.0 -3.0 0.0 -1.0 -4.0 -2.0 -1.0 -2.0 -1.0 -2.0 -1.0 -4.0 0.0 -3.0 -4.0 -3.0 0.0 -4.0 0.0 -3.0 -3.0 -4.0 -4.0 -2.0 -1.0 -2.0 -3.0 -3.0 0.0 -3.0 -1.0 -2.0 -2.0 -2.0 -4.0 0.0 -1.0 -3.0 -1.0 -2.0 -2.0 -3.0 0.0 0.0 -2.0 -1.0 -2.0 -3.0 -2.0 0.0 -2.0 -1.0 -3.0 -1.0 -4.0 -4.0 -1.0 -1.0 -2.0 -3.0 -3.0 -2.0 -4.0 -2.0 -1.0 -4.0 -1.0 -2.0 -3.0 -1.0 
-3.0 -4.0 -2.0 0.0 0.0 -4.0 -4.0 -4.0 -3.0 -1.0 -4.0 0.0 -2.0 -2.0 -1.0 -4.0 -1.0 -1.0 -4.0 -3.0 -2.0 -3.0 -4.0 0.0 -4.0 -3.0 -3.0 -2.0 263.0 -1.0 -4.0 -2.0 -3.0 -3.0 -4.0 -1.0 0.0 -3.0 -4.0 0.0 -1.0 -1.0 -3.0 -1.0 -1.0 -1.0 -1.0 -2.0 -2.0 -2.0 -1.0 -3.0 -2.0 0.0 -4.0 0.0 -3.0 -3.0 -4.0 -2.0 -2.0 -4.0 -3.0 0.0 -1.0 -2.0 -1.0 -3.0 -4.0 0.0 -3.0 -1.0 -1.0 -4.0 -3.0 -1.0 -4.0 -4.0 -1.0 -2.0 -2.0 -3.0 -3.0 -1.0 -4.0 0.0 -4.0 -4.0 -2.0 -3.0 -2.0 -2.0 -2.0 -2.0 -1.0 -3.0 -2.0 -3.0 0.0 -2.0 -3.0 -2.0 -2.0 -4.0 -2.0 -4.0 -2.0 -1.0 -4.0 -4.0 -4.0 -3.0 -3.0 -2.0 -4.0 
-4.0 0.0 -1.0 -4.0 -1.0 -1.0 -3.0 -2.0 -4.0 -2.0 -3.0 0.0 -3.0 0.0 -4.0 0.0 -1.0 -2.0 -1.0 -2.0 -4.0 -1.0 -4.0 -2.0 -1.0 -2.0 -2.0 -3.0 -4.0 222.0 -3.0 0.0 -3.0 -2.0 0.0 -3.0 -1.0 -1.0 -2.0 -4.0 -4.0 -4.0 0.0 -2.0 -4.0 -3.0 -2.0 -2.0 -3.0 -2.0 -1.0 0.0 -4.0 -1.0 -1.0 -2.0 -3.0 -1.0 -2.0 -3.0 -4.0 -3.0 -1.0 -2.0 -3.0 -1.0 -1.0 -2.0 -2.0 0.0 0.0 -1.0 -2.0 -4.0 -3.0 0.0 -2.0 -3.0 -3.0 -3.0 -1.0 -1.0 -3.0 0.0 0.0 0.0 0.0 -3.0 -4.0 0.0 -3.0 -1.0 -3.0 -1.0 -4.0 -1.0 -2.0 -4.0 0.0 0.0 -4.0 -1.0 -2.0 0.0 -2.0 -3.0 -2.0 -3.0 -3.0 -1.0 -1.0 -3.0 -2.0 0.0 0.0 
-1.0 -4.0 -2.0 -1.0 -2.0 -2.0 -4.0 -1.0 -1.0 0.0 0.0 -3.0 0.0 -1.0 -3.0 -3.0 -4.0 -4.0 -4.0 -3.0 -3.0 -2.0 -1.0 -2.0 -2.0 -3.0 -4.0 -3.0 -4.0 -1.0 239.0 -4.0 -1.0 -1.0 -3.0 -2.0 -2.0 -4.0 -1.0 -3.0 -3.0 -1.0 -2.0 -1.0 -4.0 -2.0 0.0 -1.0 -3.0 -2.0 -4.0 -3.0 -2.0 -2.0 -3.0 0.0 -1.0 0.0 -2.0 -3.0 -1.0 -4.0 -3.0 -1.0 -2.0 -1.0 -3.0 -3.0 -1.0 -3.0 -2.0 -3.0 -1.0 -1.0 -2.0 -2.0 -3.0 -4.0 0.0 -3.0 -3.0 0.0 0.0 -3.0 0.0 -4.0 -2.0 -3.0 -1.0 -3.0 -3.0 0.0 0.0 -3.0 -3.0 -1.0 -2.0 -2.0 -2.0 -1.0 -3.0 0.0 -1.0 -4.0 -2.0 -1.0 -3.0 0.0 -4.0 -4.0 -4.0 -2.0 0.0 0.0 -4.0 
-1.0 -2.0 -1.0 -1.0 -4.0 -4.0 -3.0 -3.0 -2.0 -2.0 -3.0 -4.0 0.0 -1.0 -1.0 0.0 -4.0 -4.0 -4.0 -4.0 -4.0 0.0 -1.0 -1.0 -1.0 -3.0 -1.0 0.0 -3.0 -4.0 -3.0 235.0 -3.0 0.0 -3.0 -2.0 -3.0 -4.0 -1.0 -1.0 -2.0 -1.0 -3.0 0.0 -2.0 0.0 -1.0 -3.0 0.0 -2.0 -4.0 -1.0 0.0 0.0 -2.0 -1.0 -4.0 0.0 0.0 -2.0 -1.0 0.0 -2.0 -1.0 -4.0 -2.0 -2.0 -2.0 -1.0 -4.0 -4.0 -4.0 -3.0 -4.0 -4.0 -2.0 -2.0 -1.0 -1.0 -1.0 -3.0 -2.0 -1.0 -3.0 -2.0 0.0 -2.0 -2.0 -3.0 -1.0 -2.0 -4.0 0.0 -2.0 -3.0 -4.0 -1.0 -3.0 -3.0 -4.0 0.0 -4.0 -1.0 -4.0 -4.0 -2.0 0.0 -2.0 -2.0 -1.0 -1.0 -4.0 -2.0 -2.0 -2.0 
0.0 -3.0 -1.0 -1.0 0.0 -3.0 -1.0 -3.0 -2.0 -1.0 -4.0 -1.0 -1.0 -2.0 -4.0 -3.0 -3.0 0.0 -3.0 -2.0 -1.0 -2.0 -3.0 -3.0 -2.0 -3.0 -1.0 0.0 -3.0 -3.0 -3.0 -4.0 252.0 -1.0 -4.0 -4.0 -3.0 -4.0 -3.0 -4.0 -1.0 -3.0 -1.0 -2.0 -3.0 0.0 -4.0 -1.0 0.0 -2.0 0.0 -3.0 -3.0 -1.0 -4.0 -3.0 -2.0 -2.0 -4.0 0.0 -2.0 -3.0 -1.0 -3.0 -3.0 -3.0 -2.0 -1.0 -2.0 0.0 -4.0 -2.0 -1.0 -3.0 -1.0 -3.0 -4.0 -2.0 -1.0 -1.0 -2.0 -3.0 -4.0 0.0 -3.0 -3.0 -1.0 0.0 -4.0 -4.0 -2.0 -4.0 -3.0 0.0 0.0 -1.0 -4.0 0.0 -4.0 -2.0 -4.0 -4.0 -1.0 -3.0 -1.0 -3.0 -1.0 -1.0 -2.0 -4.0 -4.0 -3.0 -2.0 -4.0 -1.0 
-4.0 -3.0 -2.0 -4.0 -4.0 -1.0 0.0 -2.0 -2.0 -1.0 -4.0 -1.0 -4.0 0.0 -4.0 0.0 -3.0 -4.0 -4.0 -4.0 -2.0 -1.0 -1.0 -1.0 -4.0 -1.0 -1.0 0.0 -3.0 -2.0 -4.0 -4.0 -1.0 231.0 0.0 0.0 -1.0 -2.0 0.0 -2.0 -1.0 -3.0 -3.0 -3.0 -2.0 -2.0 -2.0 0.0 -1.0 -1.0 -3.0 -4.0 -4.0 -2.0 0.0 -2.0 -4.0 -3.0 0.0 0.0 -4.0 -4.0 -3.0 0.0 -4.0 0.0 -2.0 -2.0 0.0 -4.0 -1.0 -2.0 -1.0 -3.0 -3.0 0.0 -3.0 -2.0 -2.0 -4.0 -4.0 -1.0 -4.0 -4.0 -4.0 0.0 0.0 -2.0 -3.0 -2.0 -1.0 -4.0 -4.0 0.0 -2.0 -3.0 0.0 0.0 0.0 -2.0 -2.0 -3.0 -4.0 -1.0 0.0 0.0 -1.0 0.0 -1.0 -2.0 -2.0 -2.0 -2.0 -4.0 -2.0 
-1.0 -3.0 -2.0 -1.0 -4.0 -1.0 -4.0 -4.0 0.0 -3.0 -4.0 -1.0 -2.0 0.0 -1.0 0.0 -3.0 -1.0 -2.0 0.0 0.0 -2.0 -4.0 -1.0 -1.0 -3.0 -2.0 0.0 -1.0 -4.0 -3.0 0.0 -2.0 -2.0 222.0 -2.0 -4.0 -1.0 0.0 -4.0 -3.0 -1.0 -1.0 -2.0 -4.0 -1.0 -2.0 -3.0 -4.0 0.0 -4.0 -4.0 -4.0 -4.0 -3.0 -1.0 -2.0 -1.0 -4.0 -3.0 -2.0 -1.0 0.0 -2.0 0.0 -2.0 -2.0 -2.0 0.0 -4.0 -3.0 -3.0 0.0 -1.0 0.0 -3.0 -2.0 0.0 -1.0 -2.0 -1.0 -2.0 -2.0 0.0 -3.0 -3.0 -2.0 -1.0 -1.0 -1.0 -2.0 -2.0 -2.0 -1.0 -3.0 -1.0 -2.0 -2.0 -2.0 -3.0 -4.0 -3.0 -3.0 -4.0 -2.0 -1.0 -1.0 -1.0 -2.0 0.0 -4.0 0.0 0.0 -4.0 -3.0 
0.0 -3.0 -2.0 -4.0 -1.0 0.0 0.0 -1.0 -1.0 -4.0 -3.0 -3.0 -1.0 0.0 -4.0 -2.0 -4.0 -1.0 -3.0 -2.0 0.0 -1.0 0.0 -2.0 -4.0 -1.0 -3.0 -3.0 -4.0 -1.0 -2.0 -2.0 -4.0 -1.0 -4.0 260.0 -4.0 0.0 -2.0 -3.0 -1.0 -3.0 -3.0 -4.0 -2.0 -4.0 0.0 -1.0 -3.0 0.0 -2.0 -1.0 0.0 -3.0 -1.0 -3.0 0.0 -2.0 -4.0 0.0 -3.0 -1.0 -2.0 -4.0 -4.0 -1.0 -4.0 -1.0 -3.0 -1.0 -2.0 -3.0 -3.0 0.0 -3.0 0.0 -4.0 -4.0 -4.0 -2.0 -4.0 -4.0 -4.0 0.0 -3.0 -4.0 -3.0 -4.0 0.0 -2.0 -2.0 0.0 -3.0 -4.0 -1.0 -2.0 -4.0 -4.0 0.0 -4.0 -3.0 -3.0 -1.0 -1.0 -4.0 -3.0 -2.0 -4.0 -4.0 -4.0 -3.0 -1.0 -1.0 -4.0 -4.0 
-4.0 -2.0 0.0 -2.0 -3.0 0.0 -2.0 -3.0 -3.0 -4.0 -1.0 -2.0 -1.0 0.0 0.0 -2.0 -3.0 -2.0 0.0 -4.0 -3.0 -1.0 -1.0 -3.0 -3.0 -3.0 -4.0 -1.0 -3.0 -3.0 -1.0 -1.0 -3.0 -3.0 0.0 -3.0 253.0 -2.0 -2.0 -4.0 0.0 0.0 -4.0 -3.0 -3.0 0.0 -4.0 0.0 -4.0 0.0 -3.0 -2.0 -4.0 -3.0 -2.0 0.0 0.0 -1.0 -4.0 -3.0 0.0 0.0 -4.0 -4.0 -4.0 -3.0 -2.0 0.0 -4.0 -3.0 -2.0 -4.0 -3.0 -4.0 -1.0 -2.0 0.0 -4.0 -1.0 0.0 -4.0 -4.0 -2.0 -1.0 0.0 -2.0 -3.0 -3.0 -3.0 -3.0 -2.0 -3.0 -1.0 -1.0 -4.0 -4.0 -3.0 -3.0 -4.0 -4.0 0.0 0.0 -1.0 -3.0 -3.0 -3.0 -2.0 -1.0 -4.0 -2.0 -1.0 -3.0 -4.0 -3.0 -2.0 
-2.0 -1.0 0.0 -2.0 -2.0 -1.0 0.0 0.0 -2.0 -3.0 -1.0 0.0 0.0 -1.0 0.0 -4.0 0.0 -2.0 -4.0 -2.0 -3.0 -2.0 -4.0 -3.0 -2.0 -1.0 0.0 -2.0 0.0 0.0 -4.0 0.0 -1.0 -2.0 -4.0 -1.0 -2.0 211.0 -3.0 0.0 -3.0 0.0 -1.0 -1.0 -1.0 0.0 0.0 -1.0 -1.0 -3.0 -1.0 -3.0 -2.0 -4.0 0.0 -2.0 -3.0 0.0 -2.0 -1.0 -2.0 -1.0 -4.0 -3.0 0.0 -4.0 -1.0 -1.0 -3.0 -2.0 0.0 -3.0 -3.0 -3.0 -1.0 -1.0 0.0 -3.0 -3.0 0.0 -2.0 -1.0 -2.0 -4.0 -2.0 -3.0 -1.0 0.0 -3.0 -4.0 -3.0 -3.0 -4.0 0.0 -3.0 -4.0 -3.0 -1.0 -2.0 -4.0 0.0 -4.0 -1.0 -3.0 0.0 -1.0 -4.0 -3.0 -2.0 -4.0 0.0 -4.0 -1.0 -4.0 -3.0 
-4.0 -3.0 -2.0 -1.0 -2.0 -1.0 -4.0 0.0 0.0 -1.0 -3.0 -3.0 -2.0 -2.0 -2.0 -3.0 -2.0 -4.0 -3.0 0.0 -2.0 -1.0 0.0 -2.0 -2.0 -1.0 0.0 0.0 -1.0 0.0 -4.0 -4.0 -1.0 -3.0 -1.0 -1.0 -4.0 -2.0 245.0 -1.0 -2.0 -4.0 -1.0 0.0 -3.0 -3.0 -4.0 -3.0 -3.0 -1.0 -2.0 0.0 -3.0 -4.0 -2.0 -1.0 -4.0 -4.0 -4.0 -2.0 -1.0 -1.0 -3.0 -3.0 -4.0 -1.0 -4.0 -1.0 -2.0 -3.0 -3.0 -1.0 -2.0 -4.0 -2.0 -4.0 -3.0 -1.0 -4.0 -3.0 -2.0 -3.0 -1.0 -3.0 -4.0 -2.0 -2.0 -4.0 -4.0 -1.0 -3.0 0.0 -2.0 -2.0 0.0 -1.0 0.0 -3.0 -2.0 -3.0 -4.0 -1.0 0.0 -4.0 -1.0 -3.0 -4.0 -4.0 -1.0 -1.0 -3.0 -1.0 0.0 -1.0 -3.0 
-1.0 0.0 -4.0 0.0 -2.0 0.0 -2.0 -2.0 -1.0 -2.0 -1.0 -3.0 -4.0 -4.0 -2.0 -4.0 -3.0 -3.0 -2.0 -4.0 -1.0 -2.0 -4.0 -3.0 -4.0 0.0 -1.0 -4.0 -1.0 0.0 -1.0 0.0 -1.0 -4.0 -3.0 -2.0 -4.0 -3.0 -4.0 225.0 -3.0 -2.0 -4.0 -4.0 -3.0 -4.0 -3.0 -4.0 -1.0 -3.0 0.0 -2.0 -1.0 -2.0 -4.0 -2.0 0.0 0.0 0.0 0.0 0.0 -2.0 0.0 -2.0 -1.0 -2.0 0.0 -2.0 0.0 -4.0 -3.0 -4.0 -3.0 -2.0 -1.0 -4.0 -4.0 -4.0 -4.0 -1.0 -1.0 -1.0 0.0 -2.0 -1.0 -2.0 -3.0 0.0 0.0 -1.0 0.0 -3.0 -2.0 0.0 -2.0 0.0 0.0 0.0 -4.0 -2.0 0.0 -2.0 -1.0 -3.0 -3.0 0.0 -1.0 -3.0 -1.0 -4.0 -2.0 -4.0 -1.0 -4.0 -1.0 
-2.0 -2.0 0.0 -1.0 -3.0 -1.0 -4.0 -2.0 -1.0 0.0 -4.0 0.0 -4.0 -1.0 -4.0 -1.0 0.0 -1.0 -3.0 -3.0 -1.0 -3.0 -1.0 -4.0 -3.0 -4.0 -1.0 -1.0 0.0 -3.0 -4.0 -4.0 -4.0 -1.0 -1.0 -4.0 -2.0 0.0 -2.0 -3.0 239.0 -3.0 -4.0 0.0 -1.0 -2.0 -3.0 -4.0 -2.0 -2.0 -4.0 -3.0 0.0 -4.0 -2.0 -3.0 -2.0 -3.0 -4.0 0.0 -3.0 -2.0 -2.0 -1.0 0.0 -4.0 -1.0 0.0 -3.0 -3.0 -1.0 0.0 -1.0 -4.0 -2.0 -3.0 -4.0 -4.0 -1.0 -3.0 -2.0 -3.0 -4.0 -2.0 0.0 -3.0 -1.0 -2.0 -4.0 -1.0 0.0 -1.0 -4.0 -4.0 -2.0 0.0 -1.0 -4.0 0.0 -2.0 -2.0 -4.0 -3.0 -2.0 -1.0 0.0 -1.0 0.0 -1.0 -3.0 -2.0 -4.0 -4.0 -1.0 0.0 
-2.0 -1.0 0.0 -3.0 -1.0 -3.0 -3.0 -3.0 -1.0 0.0 -1.0 -4.0 -1.0 -3.0 -1.0 -1.0 -3.0 -3.0 -1.0 -3.0 -2.0 -3.0 -2.0 -1.0 -3.0 0.0 -2.0 -1.0 -4.0 0.0 0.0 0.0 0.0 -2.0 0.0 -1.0 -4.0 -4.0 -4.0 -4.0 -4.0 232.0 0.0 -4.0 -4.0 -4.0 0.0 0.0 -2.0 -2.0 -1.0 -4.0 -3.0 0.0 0.0 -1.0 0.0 -1.0 -4.0 0.0 -3.0 0.0 0.0 0.0 -1.0 0.0 -4.0 -4.0 -4.0 -3.0 0.0 -3.0 0.0 -2.0 -4.0 0.0 -2.0 -4.0 -4.0 0.0 -2.0 -1.0 -4.0 -1.0 -2.0 -1.0 -3.0 -1.0 -4.0 -4.0 -1.0 0.0 -4.0 -2.0 -3.0 -2.0 -3.0 -4.0 -3.0 -4.0 0.0 0.0 -1.0 -4.0 -4.0 0.0 -2.0 -4.0 -2.0 -4.0 -4.0 -3.0 -3.0 -2.0 -3.0 
0.0 -2.0 -2.0 -4.0 -4.0 -1.0 0.0 -3.0 -3.0 -3.0 -4.0 -1.0 0.0 -2.0 -2.0 0.0 -2.0 -2.0 -2.0 -1.0 0.0 -2.0 -3.0 -4.0 0.0 -2.0 -3.0 -4.0 -3.0 0.0 -2.0 -4.0 -2.0 -2.0 -2.0 -4.0 -1.0 -1.0 0.0 -1.0 -1.0 -4.0 230.0 -2.0 -1.0 -4.0 -4.0 -1.0 0.0 -4.0 -2.0 -3.0 -1.0 0.0 -4.0 -3.0 0.0 0.0 -3.0 -2.0 0.0 -1.0 -3.0 -3.0 0.0 -3.0 -4.0 -3.0 -1.0 -3.0 -2.0 -1.0 0.0 -3.0 -3.0 -2.0 -4.0 -1.0 -1.0 -3.0 -3.0 -4.0 0.0 -4.0 -1.0 -1.0 -4.0 0.0 0.0 -3.0 -4.0 -1.0 -1.0 -4.0 -2.0 -1.0 -3.0 -3.0 -1.0 -2.0 -3.0 0.0 0.0 -4.0 -3.0 0.0 -4.0 -1.0 -4.0 -3.0 -3.0 -4.0 -1.0 0.0 0.0 
-3.0 0.0 -2.0 -4.0 0.0 0.0 -1.0 -2.0 -3.0 -2.0 -3.0 -1.0 -3.0 0.0 -4.0 -3.0 -2.0 -2.0 -4.0 -4.0 -2.0 -2.0 0.0 -3.0 -2.0 -4.0 -2.0 0.0 0.0 0.0 -4.0 -4.0 -3.0 0.0 -3.0 0.0 -1.0 -1.0 0.0 -3.0 0.0 -4.0 0.0 214.0 0.0 -2.0 0.0 -4.0 -1.0 -3.0 -3.0 0.0 -1.0 0.0 0.0 -1.0 0.0 -4.0 -2.0 -1.0 -2.0 -1.0 -1.0 -1.0 -2.0 -1.0 0.0 0.0 -1.0 -2.0 -1.0 -1.0 -4.0 -3.0 -4.0 -2.0 -1.0 -3.0 -2.0 -2.0 -4.0 -4.0 -2.0 -4.0 0.0 -3.0 -4.0 -1.0 -4.0 -2.0 -3.0 -3.0 -1.0 0.0 -4.0 -1.0 0.0 0.0 -4.0 0.0 -4.0 -3.0 -2.0 0.0 -3.0 -3.0 -2.0 0.0 -2.0 -4.0 -2.0 -1.0 -2.0 -3.0 -2.0 
-4.0 -2.0 -4.0 0.0 -2.0 0.0 -3.0 0.0 0.0 -4.0 -2.0 -4.0 -3.0 -3.0 -4.0 0.0 -4.0 -2.0 -2.0 -1.0 -3.0 -1.0 -2.0 -3.0 -1.0 -2.0 -1.0 0.0 -2.0 0.0 -4.0 0.0 0.0 -1.0 -1.0 -2.0 -1.0 -4.0 0.0 -2.0 -1.0 0.0 -4.0 -1.0 242.0 -4.0 -3.0 -1.0 -3.0 -2.0 0.0 0.0 -2.0 -3.0 -4.0 -1.0 -4.0 0.0 -2.0 -2.0 -2.0 -4.0 -3.0 0.0 -3.0 -3.0 -1.0 -3.0 0.0 -4.0 0.0 -1.0 -4.0 -3.0 -2.0 -1.0 -4.0 -3.0 -3.0 -3.0 -1.0 0.0 -2.0 -1.0 -1.0 -2.0 -3.0 -1.0 -1.0 -4.0 -2.0 -4.0 -4.0 -1.0 -3.0 -1.0 -4.0 0.0 -3.0 -3.0 -1.0 -4.0 -4.0 -4.0 -2.0 -2.0 -3.0 -2.0 -4.0 -4.0 -4.0 0.0 -4.0 -3.0 -2.0 
-2.0 -2.0 0.0 0.0 -4.0 -4.0 -4.0 -3.0 0.0 -1.0 -4.0 0.0 -4.0 0.0 -4.0 -2.0 -1.0 0.0 -1.0 0.0 -4.0 -1.0 -2.0 -3.0 -3.0 -3.0 -2.0 -4.0 -3.0 -1.0 0.0 -1.0 -4.0 -3.0 -4.0 -1.0 -2.0 -2.0 -4.0 0.0 -3.0 0.0 -1.0 -4.0 -2.0 232.0 -3.0 0.0 0.0 -1.0 -1.0 -1.0 -4.0 -3.0 -4.0 -2.0 -2.0 -1.0 -3.0 -2.0 -3.0 -2.0 -3.0 -4.0 0.0 -2.0 0.0 -4.0 -4.0 0.0 -2.0 -2.0 -2.0 -2.0 0.0 -2.0 -3.0 -4.0 -1.0 -3.0 0.0 -1.0 -4.0 -2.0 -4.0 0.0 -4.0 -4.0 -4.0 -2.0 0.0 0.0 -2.0 -4.0 -4.0 0.0 0.0 -3.0 0.0 -1.0 0.0 -1.0 -4.0 -4.0 0.0 -1.0 -1.0 -3.0 -1.0 -4.0 -1.0 -2.0 -4.0 0.0 -4.0 
0.0 -4.0 -1.0 -4.0 -2.0 0.0 0.0 -3.0 0.0 -4.0 -1.0 0.0 -3.0 0.0 -2.0 0.0 -2.0 -3.0 -4.0 0.0 -2.0 -2.0 -4.0 -2.0 -3.0 -4.0 -4.0 0.0 -2.0 -3.0 -3.0 -3.0 -2.0 -1.0 -3.0 -1.0 0.0 -2.0 -2.0 -1.0 -1.0 -3.0 -2.0 -3.0 -3.0 -4.0 234.0 -2.0 -3.0 -4.0 -4.0 -4.0 0.0 -4.0 -4.0 -1.0 -4.0 -1.0 -2.0 -1.0 -3.0 -4.0 -4.0 -3.0 -2.0 0.0 -2.0 -2.0 -3.0 -4.0 -4.0 -2.0 -4.0 -4.0 -2.0 0.0 0.0 -3.0 -3.0 -2.0 0.0 -3.0 -2.0 -2.0 -3.0 -3.0 0.0 0.0 -3.0 -4.0 -2.0 0.0 0.0 0.0 0.0 -3.0 -2.0 0.0 0.0 -4.0 0.0 -2.0 -2.0 -1.0 -1.0 -3.0 0.0 -4.0 -1.0 -1.0 -4.0 0.0 -3.0 0.0 -3.0 
-4.0 0.0 -2.0 0.0 -4.0 -2.0 -2.0 -2.0 -3.0 -2.0 -2.0 -3.0 -1.0 -3.0 0.0 -3.0 -1.0 -2.0 -1.0 0.0 -3.0 -2.0 -1.0 -1.0 -3.0 0.0 -3.0 -3.0 -1.0 -3.0 -4.0 -1.0 -1.0 -3.0 -3.0 -4.0 -2.0 -3.0 0.0 -2.0 -2.0 -1.0 0.0 -4.0 -1.0 0.0 -1.0 224.0 -3.0 -3.0 0.0 -2.0 -3.0 -1.0 -4.0 -4.0 -3.0 -1.0 -1.0 0.0 -3.0 -2.0 -3.0 -2.0 -4.0 -3.0 -4.0 0.0 -1.0 -1.0 -4.0 0.0 -3.0 -1.0 -2.0 -2.0 -2.0 0.0 -4.0 -1.0 -1.0 -1.0 -3.0 0.0 -1.0 -1.0 -1.0 -2.0 -4.0 -3.0 -2.0 -2.0 -3.0 -1.0 -3.0 0.0 -3.0 -3.0 -2.0 -4.0 0.0 -1.0 -1.0 -3.0 -4.0 -1.0 -3.0 -3.0 -1.0 -4.0 -1.0 -3.0 0.0 -1.0 -2.0 
0.0 -3.0 0.0 0.0 -2.0 -3.0 0.0 -2.0 -3.0 -4.0 -1.0 -4.0 0.0 -1.0 -2.0 -3.0 -3.0 0.0 -1.0 -1.0 -4.0 0.0 -1.0 -1.0 -4.0 -2.0 -1.0 -2.0 -2.0 -1.0 -3.0 -4.0 -4.0 -3.0 -2.0 -2.0 -1.0 -4.0 -4.0 -2.0 -1.0 -4.0 0.0 -3.0 0.0 -1.0 -3.0 -4.0 233.0 -2.0 -3.0 -1.0 -4.0 -2.0 -4.0 -3.0 -4.0 -2.0 0.0 -1.0 0.0 -1.0 -1.0 -4.0 -2.0 0.0 -2.0 -2.0 -2.0 -1.0 -2.0 -3.0 -2.0 -4.0 0.0 -4.0 -1.0 -2.0 -3.0 -3.0 -1.0 -4.0 -1.0 -3.0 -2.0 -3.0 -4.0 -3.0 -4.0 -2.0 -3.0 0.0 -2.0 -2.0 -4.0 -4.0 -3.0 0.0 -1.0 0.0 -1.0 0.0 -3.0 -1.0 -1.0 -4.0 -4.0 0.0 -1.0 0.0 -3.0 -4.0 -2.0 0.0 -2.0 
-4.0 -1.0 -4.0 -1.0 -4.0 -1.0 -2.0 -2.0 -1.0 -1.0 -2.0 -1.0 -1.0 -2.0 -4.0 -3.0 0.0 0.0 -4.0 -3.0 -3.0 -4.0 -4.0 -1.0 -4.0 -2.0 0.0 -2.0 -4.0 -2.0 -2.0 -4.0 -3.0 -1.0 0.0 -1.0 0.0 0.0 -2.0 -4.0 0.0 -4.0 -4.0 -3.0 -1.0 -4.0 -2.0 -3.0 -4.0 227.0 -3.0 -2.0 -1.0 -3.0 -1.0 -2.0 -1.0 0.0 0.0 -3.0 -1.0 -1.0 -4.0 -1.0 0.0 -4.0 -4.0 -4.0 -2.0 0.0 -3.0 -4.0 -2.0 -1.0 0.0 -1.0 -4.0 -3.0 -4.0 0.0 -1.0 -2.0 -3.0 0.0 -1.0 -4.0 -1.0 -1.0 -3.0 0.0 -4.0 0.0 -2.0 0.0 -1.0 -4.0 -1.0 -3.0 -1.0 -2.0 -3.0 -2.0 -4.0 -3.0 -1.0 0.0 -2.0 -2.0 -1.0 0.0 -2.0 -2.0 -1.0 0.0 -2.0 
-2.0 -3.0 -4.0 -4.0 -2.0 0.0 -1.0 -1.0 -1.0 -4.0 -1.0 -3.0 0.0 -2.0 -4.0 -1.0 -1.0 -4.0 -3.0 -2.0 -3.0 -3.0 -3.0 0.0 0.0 -4.0 -3.0 -1.0 -3.0 -1.0 -2.0 -4.0 -1.0 -2.0 -3.0 0.0 -4.0 -1.0 -4.0 -1.0 -3.0 -3.0 -4.0 -1.0 -4.0 -1.0 -2.0 -2.0 -2.0 -4.0 247.0 0.0 0.0 -4.0 -3.0 -1.0 -3.0 -4.0 0.0 -2.0 0.0 0.0 -4.0 -3.0 -3.0 0.0 -1.0 -4.0 -3.0 0.0 -1.0 -3.0 -1.0 0.0 -3.0 0.0 -3.0 -1.0 -2.0 -3.0 0.0 -2.0 -1.0 -4.0 0.0 -3.0 -3.0 0.0 -4.0 -2.0 -2.0 0.0 -2.0 -4.0 -2.0 -4.0 -4.0 -2.0 -4.0 -3.0 -1.0 -2.0 -1.0 -3.0 -3.0 -2.0 -4.0 -1.0 -4.0 -3.0 0.0 -4.0 -2.0 -3.0 -4.0 
-1.0 -2.0 -1.0 -2.0 -3.0 0.0 -4.0 0.0 -1.0 -4.0 -4.0 -2.0 -2.0 -3.0 -3.0 -4.0 0.0 -2.0 -2.0 -2.0 -2.0 -4.0 0.0 -2.0 -3.0 0.0 -1.0 -1.0 -2.0 -4.0 -4.0 -3.0 -2.0 -2.0 -2.0 -3.0 -2.0 -3.0 -2.0 -4.0 0.0 -3.0 0.0 -4.0 -3.0 -4.0 -4.0 -2.0 -4.0 -2.0 0.0 221.0 -1.0 -3.0 0.0 -1.0 -2.0 -2.0 -4.0 -4.0 -1.0 0.0 -2.0 -3.0 0.0 0.0 0.0 -4.0 -1.0 -4.0 -2.0 -4.0 -1.0 -3.0 -1.0 -4.0 -3.0 -1.0 -4.0 -3.0 -1.0 0.0 -3.0 -2.0 -2.0 -1.0 -1.0 0.0 0.0 -1.0 -4.0 -1.0 -3.0 0.0 0.0 -1.0 -2.0 -1.0 -2.0 -1.0 0.0 0.0 -3.0 -4.0 -3.0 -3.0 -1.0 0.0 -1.0 -1.0 0.0 -2.0 -1.0 -2.0 -2.0 
-4.0 -3.0 -4.0 -3.0 0.0 -3.0 0.0 -1.0 0.0 -1.0 -1.0 -2.0 0.0 -1.0 -4.0 0.0 -3.0 -3.0 -3.0 -1.0 0.0 -3.0 -2.0 0.0 -2.0 -4.0 -1.0 -2.0 -4.0 -3.0 0.0 -4.0 0.0 -4.0 -2.0 -3.0 -4.0 -2.0 0.0 0.0 -4.0 -4.0 0.0 0.0 -3.0 -3.0 0.0 -3.0 -4.0 -1.0 -1.0 -2.0 227.0 -2.0 -4.0 0.0 -3.0 -4.0 0.0 -3.0 0.0 -1.0 -3.0 -4.0 -2.0 0.0 0.0 -3.0 -3.0 -1.0 0.0 -3.0 -2.0 -1.0 0.0 -2.0 -2.0 -2.0 0.0 -4.0 -4.0 -2.0 0.0 0.0 -2.0 -2.0 -2.0 -2.0 0.0 -4.0 -4.0 -4.0 -3.0 0.0 -1.0 0.0 -4.0 -4.0 -4.0 -4.0 -3.0 -1.0 -4.0 -3.0 0.0 -3.0 -1.0 -1.0 -2.0 -2.0 -1.0 -1.0 -2.0 -4.0 -2.0 
-2.0 -2.0 -1.0 -2.0 -4.0 -4.0 -4.0 -2.0 -3.0 -4.0 -1.0 -1.0 0.0 -4.0 -4.0 -4.0 0.0 -4.0 -4.0 -4.0 -4.0 0.0 -3.0 -1.0 -3.0 -4.0 -2.0 -1.0 -4.0 -1.0 0.0 0.0 -3.0 -3.0 0.0 -2.0 -3.0 -1.0 -3.0 -4.0 -1.0 -3.0 -2.0 -1.0 -3.0 -4.0 -4.0 -2.0 -1.0 -2.0 -2.0 -1.0 -4.0 235.0 -2.0 -1.0 -2.0 0.0 -1.0 0.0 -1.0 -3.0 -1.0 -2.0 -3.0 -2.0 -1.0 -2.0 -2.0 -4.0 -3.0 -2.0 0.0 -2.0 0.0 0.0 -2.0 0.0 0.0 -4.0 0.0 -4.0 0.0 0.0 -3.0 -2.0 -4.0 -2.0 -3.0 -1.0 -4.0 -1.0 0.0 0.0 -1.0 -4.0 -3.0 -3.0 -3.0 -1.0 -4.0 -3.0 -2.0 -1.0 0.0 -4.0 0.0 0.0 -3.0 -4.0 0.0 -2.0 -4.0 -1.0 -2.0 
-2.0 -3.0 -4.0 -4.0 -2.0 -3.0 -3.0 0.0 0.0 -2.0 -2.0 -2.0 -1.0 -2.0 -1.0 -4.0 -2.0 -1.0 0.0 -1.0 -1.0 0.0 -3.0 -2.0 -3.0 -4.0 -2.0 -2.0 -3.0 -2.0 -2.0 -4.0 -1.0 -3.0 -3.0 -1.0 0.0 -3.0 -2.0 -3.0 -2.0 -2.0 -2.0 -4.0 -2.0 0.0 -3.0 -3.0 -1.0 -1.0 -2.0 0.0 0.0 0.0 235.0 0.0 -4.0 -1.0 0.0 -3.0 -1.0 0.0 -4.0 0.0 -3.0 -3.0 0.0 -3.0 -3.0 -1.0 0.0 -1.0 -3.0 0.0 -4.0 -2.0 -2.0 -4.0 -4.0 -4.0 -4.0 -4.0 0.0 -2.0 -4.0 -1.0 0.0 -4.0 0.0 -3.0 -3.0 -2.0 -4.0 -2.0 -3.0 -2.0 -4.0 -3.0 -1.0 -4.0 -4.0 -1.0 -3.0 -1.0 -2.0 -2.0 -4.0 0.0 -4.0 -1.0 -2.0 -2.0 -1.0 -2.0 -1.0 
-1.0 0.0 -2.0 -3.0 -4.0 -1.0 0.0 -1.0 0.0 -3.0 -4.0 -2.0 -2.0 -3.0 -4.0 -3.0 0.0 0.0 -3.0 -3.0 -4.0 -2.0 -2.0 -1.0 -4.0 -1.0 0.0 -2.0 -1.0 -3.0 -2.0 0.0 -4.0 -2.0 -4.0 -3.0 -1.0 -1.0 -2.0 -2.0 -1.0 -3.0 0.0 -1.0 -1.0 0.0 -2.0 0.0 0.0 -1.0 0.0 0.0 -4.0 -1.0 -3.0 226.0 -4.0 -1.0 -3.0 -1.0 -1.0 0.0 0.0 -2.0 -1.0 -4.0 -4.0 -2.0 0.0 -2.0 -1.0 -3.0 -1.0 -1.0 -3.0 -3.0 -4.0 -3.0 0.0 -1.0 -2.0 -2.0 -2.0 -2.0 -4.0 -1.0 -3.0 -2.0 -4.0 -4.0 -3.0 -1.0 -3.0 -2.0 0.0 -4.0 -2.0 -4.0 -3.0 -4.0 -4.0 -1.0 -1.0 -3.0 -1.0 -4.0 -3.0 0.0 -3.0 0.0 -4.0 -4.0 -1.0 -2.0 -1.0 
0.0 -3.0 -2.0 -1.0 0.0 -2.0 -2.0 0.0 -2.0 -2.0 -2.0 -3.0 -4.0 0.0 -1.0 -3.0 -3.0 -4.0 -4.0 -1.0 -4.0 -3.0 -2.0 -4.0 0.0 0.0 -4.0 -2.0 -2.0 -2.0 -4.0 -1.0 -4.0 -1.0 -4.0 -2.0 0.0 -3.0 -1.0 -4.0 -4.0 -2.0 -1.0 -2.0 -2.0 -1.0 -4.0 -3.0 -1.0 -4.0 -4.0 -3.0 -2.0 0.0 -3.0 -3.0 227.0 -1.0 -2.0 -1.0 -3.0 -1.0 -1.0 0.0 -3.0 -2.0 0.0 0.0 0.0 0.0 -4.0 -3.0 -4.0 -4.0 -1.0 0.0 -2.0 -4.0 0.0 -4.0 -4.0 0.0 -1.0 -3.0 -2.0 0.0 -2.0 0.0 0.0 0.0 -4.0 0.0 -2.0 -3.0 -2.0 -1.0 -1.0 -1.0 -2.0 0.0 -4.0 -1.0 -1.0 0.0 -3.0 -2.0 -1.0 -3.0 -2.0 -4.0 -3.0 -1.0 -4.0 -2.0 -3.0 
0.0 -1.0 -4.0 -1.0 0.0 -1.0 -1.0 -2.0 0.0 -4.0 -3.0 0.0 -1.0 -3.0 -4.0 -1.0 -4.0 -3.0 -2.0 -3.0 -2.0 -1.0 0.0 -2.0 -3.0 -1.0 -3.0 -4.0 -1.0 0.0 -3.0 -1.0 -3.0 -2.0 -2.0 -4.0 0.0 -3.0 -1.0 0.0 -3.0 -3.0 -1.0 -3.0 0.0 -4.0 -2.0 0.0 0.0 -4.0 -1.0 -2.0 -1.0 0.0 -1.0 0.0 -2.0 213.0 -1.0 0.0 -1.0 0.0 -3.0 -1.0 -4.0 -2.0 -1.0 -1.0 0.0 0.0 -3.0 0.0 -1.0 -4.0 -1.0 -2.0 -2.0 -3.0 0.0 0.0 -4.0 -3.0 -4.0 -1.0 -1.0 -1.0 0.0 0.0 0.0 -1.0 -4.0 -4.0 -2.0 0.0 -4.0 -2.0 -2.0 -4.0 -4.0 -4.0 -3.0 -1.0 -3.0 -2.0 -4.0 -2.0 -3.0 -1.0 -3.0 -1.0 -1.0 -4.0 -3.0 -3.0 -3.0 
0.0 -2.0 0.0 -4.0 -1.0 0.0 -1.0 0.0 -4.0 -2.0 -1.0 -4.0 -4.0 -3.0 -1.0 0.0 0.0 -2.0 -1.0 0.0 -4.0 -1.0 -4.0 -3.0 -4.0 -4.0 -3.0 -2.0 -4.0 -1.0 -1.0 -2.0 -1.0 -3.0 -1.0 -2.0 -3.0 -2.0 0.0 -1.0 -4.0 0.0 -4.0 -1.0 -2.0 -4.0 0.0 0.0 0.0 0.0 -3.0 0.0 -4.0 -4.0 -2.0 -3.0 0.0 -1.0 236.0 -3.0 -2.0 -4.0 0.0 -4.0 -4.0 -4.0 -3.0 -4.0 -1.0 -4.0 -4.0 0.0 -2.0 -4.0 -3.0 -4.0 0.0 -1.0 -1.0 -2.0 -4.0 0.0 -3.0 0.0 -1.0 -4.0 -3.0 -3.0 -1.0 -1.0 0.0 -3.0 -2.0 -3.0 -4.0 -4.0 0.0 0.0 -1.0 -3.0 -3.0 -3.0 -3.0 -3.0 0.0 -1.0 -4.0 -4.0 0.0 -1.0 -3.0 -3.0 -2.0 -3.0 -1.0 
-4.0 -2.0 -2.0 -3.0 0.0 -4.0 -2.0 0.0 -4.0 -2.0 -1.0 0.0 -3.0 -2.0 -1.0 -3.0 -2.0 0.0 -2.0 -4.0 0.0 -4.0 -4.0 -3.0 -1.0 0.0 -3.0 -3.0 -4.0 -1.0 -4.0 -1.0 -3.0 -4.0 -3.0 -3.0 -2.0 0.0 -1.0 -1.0 0.0 -2.0 -1.0 -3.0 0.0 -1.0 -2.0 -3.0 0.0 -4.0 -2.0 -2.0 -4.0 0.0 -2.0 -2.0 0.0 -4.0 -2.0 234.0 0.0 -4.0 -2.0 -2.0 -2.0 0.0 0.0 -4.0 -3.0 0.0 -4.0 0.0 -4.0 -3.0 -3.0 -3.0 -1.0 -1.0 -4.0 -2.0 0.0 -2.0 -1.0 -4.0 0.0 -1.0 -2.0 -1.0 -3.0 -4.0 -1.0 -2.0 -3.0 -1.0 -2.0 -3.0 -4.0 -2.0 -4.0 -3.0 -4.0 -3.0 -4.0 -2.0 -1.0 -1.0 -2.0 0.0 -4.0 -1.0 0.0 -1.0 -3.0 -1.0 -2.0 
-1.0 -3.0 -2.0 -2.0 -2.0 -4.0 -1.0 -1.0 -3.0 -3.0 -2.0 -3.0 -1.0 -3.0 -4.0 -2.0 -4.0 0.0 -2.0 -4.0 -3.0 0.0 -4.0 -2.0 -1.0 -2.0 -4.0 -1.0 -4.0 -3.0 0.0 -2.0 -4.0 -4.0 -2.0 -1.0 -4.0 0.0 -3.0 -4.0 -1.0 0.0 0.0 -1.0 -2.0 0.0 0.0 -4.0 -4.0 -3.0 -2.0 -2.0 -3.0 -3.0 -2.0 -1.0 -1.0 -3.0 -1.0 -3.0 243.0 0.0 -1.0 -4.0 -2.0 0.0 -4.0 -4.0 -3.0 -1.0 0.0 -1.0 -1.0 -2.0 -4.0 0.0 -1.0 -1.0 -2.0 -1.0 0.0 -2.0 -4.0 -1.0 -2.0 -4.0 0.0 -1.0 -3.0 0.0 -1.0 -4.0 -1.0 -3.0 -2.0 0.0 -4.0 -4.0 -4.0 -2.0 -3.0 -2.0 -4.0 -4.0 -3.0 -2.0 -1.0 -2.0 -1.0 0.0 -2.0 -2.0 -4.0 -4.0 -4.0 
-1.0 -2.0 0.0 -2.0 -3.0 -4.0 -1.0 -4.0 -1.0 -3.0 0.0 -4.0 -1.0 -3.0 -3.0 -3.0 -2.0 -4.0 -2.0 -1.0 -1.0 -3.0 -2.0 -4.0 -2.0 -2.0 0.0 0.0 -4.0 0.0 -2.0 -1.0 -4.0 -3.0 0.0 -3.0 -1.0 -4.0 -1.0 -3.0 -1.0 0.0 0.0 0.0 0.0 -4.0 -3.0 -3.0 0.0 -4.0 -3.0 -2.0 -3.0 -4.0 -4.0 0.0 -3.0 -1.0 -2.0 -3.0 -1.0 226.0 -1.0 -3.0 0.0 -1.0 0.0 -1.0 -3.0 -2.0 -3.0 -1.0 0.0 -4.0 0.0 -2.0 -1.0 -1.0 0.0 -1.0 -3.0 -3.0 -2.0 -2.0 -1.0 -2.0 -3.0 0.0 -2.0 -1.0 -1.0 -4.0 -4.0 -4.0 -1.0 -3.0 -1.0 -2.0 -3.0 -1.0 -3.0 0.0 -2.0 -1.0 -3.0 -3.0 0.0 -4.0 -4.0 0.0 -2.0 -4.0 -4.0 -3.0 -1.0 
-3.0 -2.0 0.0 -3.0 -1.0 -4.0 -2.0 -3.0 -2.0 -4.0 -3.0 -1.0 -2.0 0.0 -3.0 -2.0 -2.0 -2.0 -2.0 -4.0 0.0 -1.0 0.0 0.0 -2.0 -3.0 0.0 -1.0 0.0 -4.0 -3.0 -4.0 -1.0 -3.0 -3.0 -4.0 0.0 -3.0 0.0 0.0 -1.0 -4.0 -2.0 -4.0 -4.0 -2.0 -3.0 -3.0 -3.0 -3.0 -3.0 0.0 -4.0 -4.0 -1.0 -1.0 0.0 -3.0 -3.0 -2.0 -4.0 0.0 215.0 -3.0 -1.0 0.0 0.0 -3.0 -1.0 -1.0 -3.0 -2.0 -3.0 -4.0 0.0 -2.0 -3.0 0.0 -3.0 -2.0 0.0 -2.0 0.0 -4.0 -1.0 -2.0 0.0 -2.0 -1.0 -1.0 -2.0 -1.0 0.0 -4.0 -4.0 0.0 -1.0 0.0 -2.0 -1.0 -3.0 0.0 -3.0 -3.0 0.0 -4.0 -1.0 0.0 -2.0 -2.0 0.0 -3.0 -2.0 -1.0 -1.0 
-1.0 -1.0 0.0 -2.0 -3.0 0.0 -2.0 0.0 -2.0 -1.0 0.0 -2.0 -4.0 -4.0 -4.0 -3.0 -4.0 -3.0 0.0 0.0 -1.0 0.0 0.0 -2.0 -1.0 -3.0 0.0 0.0 -4.0 -1.0 -1.0 -3.0 -1.0 -1.0 -2.0 -3.0 -2.0 -1.0 0.0 -1.0 -1.0 0.0 -2.0 -2.0 -1.0 -3.0 0.0 -2.0 -1.0 -3.0 -2.0 0.0 -1.0 -1.0 0.0 -3.0 -1.0 -4.0 -4.0 -2.0 -1.0 -1.0 0.0 199.0 -2.0 -3.0 0.0 -4.0 -1.0 -4.0 -4.0 -3.0 -1.0 0.0 -4.0 -2.0 -3.0 0.0 -1.0 -4.0 0.0 -4.0 -4.0 0.0 -4.0 -3.0 0.0 -4.0 -2.0 -1.0 0.0 -2.0 0.0 -2.0 -3.0 0.0 -3.0 -2.0 -2.0 0.0 -2.0 -2.0 -4.0 -4.0 0.0 -1.0 -3.0 -4.0 -4.0 -2.0 -1.0 0.0 0.0 0.0 -2.0 
-3.0 -2.0 -1.0 0.0 -4.0 -4.0 -2.0 -1.0 0.0 -1.0 -1.0 -4.0 -1.0 -2.0 -4.0 -2.0 0.0 -2.0 -3.0 -4.0 -4.0 -1.0 0.0 -2.0 -4.0 0.0 -3.0 0.0 0.0 -3.0 -4.0 -3.0 -3.0 -1.0 -3.0 0.0 -3.0 0.0 -4.0 -4.0 -3.0 -1.0 -3.0 -4.0 -4.0 -3.0 0.0 0.0 -1.0 -1.0 -4.0 -2.0 -2.0 -2.0 -2.0 0.0 -1.0 -1.0 -1.0 0.0 0.0 0.0 -1.0 -2.0 202.0 -3.0 0.0 0.0 0.0 -1.0 -2.0 -3.0 -4.0 -4.0 -2.0 -1.0 0.0 -2.0 -3.0 -2.0 0.0 -1.0 -3.0 0.0 -2.0 0.0 -1.0 -3.0 0.0 0.0 -3.0 -1.0 -2.0 -2.0 -2.0 -1.0 -2.0 -3.0 -1.0 -4.0 -3.0 -2.0 0.0 0.0 -1.0 0.0 -1.0 -3.0 0.0 -2.0 0.0 -4.0 -4.0 -3.0 0.0 
-4.0 -3.0 -1.0 -4.0 0.0 -4.0 -4.0 0.0 -1.0 -2.0 0.0 -4.0 -4.0 -4.0 0.0 -3.0 -2.0 -3.0 -1.0 -3.0 -2.0 -4.0 0.0 -2.0 -4.0 0.0 0.0 -1.0 -4.0 -2.0 -2.0 -1.0 -1.0 -1.0 -2.0 -2.0 -2.0 0.0 0.0 0.0 -2.0 -1.0 -3.0 -2.0 -3.0 0.0 0.0 -4.0 -2.0 -3.0 0.0 -2.0 0.0 -4.0 0.0 0.0 -2.0 0.0 -2.0 0.0 -1.0 -3.0 -3.0 0.0 0.0 231.0 -1.0 -2.0 -4.0 -4.0 -3.0 0.0 -4.0 -1.0 -3.0 -1.0 -4.0 -4.0 -3.0 -3.0 0.0 -4.0 0.0 -1.0 -4.0 -2.0 0.0 -2.0 -2.0 -2.0 0.0 -2.0 -3.0 -1.0 -2.0 -4.0 -3.0 -4.0 -1.0 -3.0 -3.0 -1.0 -4.0 -4.0 -3.0 -3.0 -2.0 -2.0 0.0 0.0 -4.0 -4.0 -4.0 -2.0 -4.0 
0.0 -1.0 0.0 -4.0 0.0 0.0 -1.0 -2.0 0.0 -1.0 0.0 -2.0 -3.0 0.0 -3.0 -4.0 -1.0 -4.0 -4.0 -4.0 -4.0 -3.0 -3.0 -3.0 -3.0 -4.0 -2.0 0.0 -3.0 0.0 -1.0 -3.0 -2.0 -4.0 -2.0 -4.0 -4.0 -2.0 -1.0 -2.0 -1.0 -4.0 -3.0 -4.0 -3.0 -1.0 -4.0 -3.0 -2.0 -3.0 -2.0 -2.0 -2.0 -4.0 -3.0 -2.0 -4.0 -1.0 -3.0 -4.0 -1.0 -4.0 -4.0 -4.0 0.0 -1.0 247.0 -3.0 -3.0 -3.0 -3.0 -2.0 -3.0 -2.0 -4.0 -1.0 0.0 -2.0 -3.0 -2.0 0.0 0.0 0.0 -3.0 -3.0 -3.0 -3.0 0.0 0.0 -3.0 -1.0 -3.0 -2.0 0.0 -3.0 -4.0 -2.0 0.0 0.0 -3.0 -4.0 -2.0 -1.0 -3.0 -3.0 -2.0 -1.0 0.0 -1.0 -4.0 -2.0 -1.0 -2.0 0.0 -4.0 
-2.0 -4.0 -1.0 -3.0 -2.0 -1.0 -2.0 -4.0 -2.0 -4.0 -4.0 -3.0 -3.0 -1.0 -2.0 -3.0 -2.0 -2.0 0.0 0.0 -1.0 0.0 0.0 0.0 0.0 -4.0 -1.0 0.0 0.0 -1.0 -1.0 -1.0 0.0 -2.0 -3.0 -3.0 0.0 -3.0 -1.0 -2.0 -1.0 -4.0 -4.0 -2.0 -3.0 0.0 0.0 0.0 -3.0 0.0 0.0 -4.0 -2.0 -3.0 -3.0 -4.0 0.0 -4.0 -3.0 -2.0 -2.0 -2.0 -4.0 -4.0 -4.0 0.0 -2.0 214.0 -2.0 -1.0 -1.0 -3.0 0.0 -1.0 0.0 -3.0 -2.0 0.0 0.0 -3.0 -4.0 -2.0 -1.0 -3.0 0.0 0.0 -2.0 -4.0 -4.0 -2.0 -1.0 0.0 0.0 -2.0 -3.0 -2.0 -4.0 -1.0 -2.0 -3.0 0.0 0.0 -2.0 -4.0 -3.0 0.0 -4.0 0.0 -3.0 -4.0 -2.0 -2.0 -2.0 -2.0 -2.0 
0.0 -1.0 -2.0 -1.0 -3.0 -2.0 -4.0 -4.0 -2.0 0.0 -1.0 -4.0 -1.0 -1.0 -1.0 0.0 -4.0 -2.0 -3.0 -1.0 -2.0 -3.0 0.0 -4.0 -4.0 -1.0 -4.0 -1.0 -1.0 -3.0 -3.0 -3.0 -1.0 -2.0 0.0 -4.0 -1.0 -2.0 0.0 -2.0 -4.0 0.0 -3.0 -3.0 -3.0 0.0 -3.0 0.0 -4.0 -3.0 0.0 -3.0 -2.0 -3.0 -2.0 -2.0 -2.0 -2.0 0.0 -2.0 -2.0 0.0 -4.0 -3.0 -3.0 -1.0 -2.0 -4.0 220.0 -1.0 -1.0 0.0 -4.0 0.0 -1.0 -2.0 -4.0 -4.0 0.0 -4.0 -2.0 -1.0 -4.0 -4.0 -1.0 0.0 -3.0 -4.0 -3.0 0.0 -2.0 -1.0 -1.0 -3.0 0.0 -1.0 0.0 -4.0 0.0 -2.0 -1.0 -1.0 0.0 -1.0 -4.0 -1.0 -2.0 0.0 -3.0 -4.0 0.0 -1.0 -1.0 -2.0 -4.0 
-3.0 -2.0 -1.0 -3.0 -1.0 -4.0 -2.0 -2.0 -4.0 -4.0 -1.0 -1.0 0.0 -4.0 0.0 -3.0 -3.0 -1.0 -3.0 -1.0 -4.0 -1.0 -4.0 -1.0 -4.0 -3.0 -2.0 -3.0 -2.0 -4.0 -2.0 -2.0 -1.0 -3.0 -4.0 -2.0 -2.0 -2.0 -1.0 -4.0 -1.0 0.0 -4.0 -3.0 -2.0 -3.0 0.0 -3.0 -2.0 -2.0 -4.0 -3.0 -3.0 -4.0 0.0 -3.0 -1.0 -1.0 0.0 -1.0 0.0 -4.0 -4.0 -1.0 -4.0 0.0 -2.0 -1.0 0.0 247.0 -3.0 0.0 -2.0 -3.0 -3.0 -3.0 -2.0 -2.0 -1.0 -2.0 -2.0 -2.0 -4.0 -1.0 -2.0 -2.0 -2.0 -1.0 -3.0 -2.0 -1.0 -2.0 -3.0 -2.0 -2.0 -4.0 -1.0 -2.0 -3.0 -1.0 0.0 -3.0 -3.0 0.0 -2.0 -4.0 -3.0 -4.0 -3.0 -1.0 -4.0 -1.0 -1.0 -2.0 -3.0 
-2.0 0.0 -3.0 -2.0 0.0 -1.0 0.0 -2.0 0.0 -1.0 -4.0 0.0 -1.0 -4.0 -1.0 -2.0 -2.0 0.0 0.0 0.0 0.0 -1.0 -2.0 0.0 -2.0 -1.0 -1.0 -3.0 -3.0 -2.0 0.0 -4.0 -2.0 -3.0 0.0 -2.0 -3.0 -2.0 -1.0 -3.0 -4.0 -2.0 -1.0 0.0 -3.0 0.0 -4.0 -1.0 0.0 -3.0 -4.0 -3.0 -4.0 -1.0 -3.0 -2.0 -2.0 -3.0 -4.0 0.0 -1.0 -1.0 -1.0 -1.0 -3.0 -4.0 -3.0 -2.0 -2.0 -4.0 211.0 -3.0 -1.0 0.0 -2.0 -4.0 -4.0 -1.0 -3.0 -1.0 -3.0 0.0 -4.0 0.0 -4.0 -4.0 -2.0 -2.0 0.0 -3.0 -2.0 -4.0 -2.0 -1.0 -1.0 0.0 -2.0 -3.0 -3.0 -3.0 -2.0 -3.0 -2.0 0.0 -1.0 -3.0 0.0 -1.0 -4.0 0.0 -4.0 0.0 0.0 -3.0 0.0 
0.0 -4.0 -4.0 -1.0 -1.0 -1.0 -3.0 -1.0 0.0 -2.0 -2.0 -1.0 -1.0 -3.0 -2.0 -1.0 0.0 -3.0 -4.0 -2.0 0.0 -2.0 -2.0 -1.0 -2.0 -2.0 0.0 -3.0 0.0 -4.0 -2.0 -4.0 -1.0 -2.0 -3.0 -3.0 -1.0 -3.0 -3.0 -2.0 -2.0 -3.0 -1.0 -3.0 0.0 -1.0 -1.0 -2.0 0.0 -3.0 -2.0 -3.0 0.0 -1.0 -2.0 -3.0 0.0 -1.0 -1.0 -4.0 -4.0 -3.0 -4.0 -1.0 -4.0 -1.0 -4.0 -2.0 -3.0 -4.0 -2.0 232.0 -2.0 -1.0 -4.0 -1.0 -2.0 -3.0 0.0 -2.0 -4.0 -4.0 -1.0 -1.0 -1.0 -2.0 0.0 -4.0 -3.0 -1.0 -3.0 -2.0 -1.0 -2.0 -2.0 -2.0 -2.0 -3.0 -4.0 -3.0 0.0 -1.0 -1.0 -1.0 0.0 -2.0 -3.0 -4.0 -2.0 -3.0 -1.0 -4.0 -4.0 -3.0 -2.0 
-1.0 -2.0 -4.0 -1.0 -1.0 -3.0 -2.0 -1.0 -1.0 -3.0 -2.0 -4.0 -1.0 -1.0 0.0 0.0 -3.0 -1.0 -1.0 -3.0 0.0 0.0 -3.0 0.0 -1.0 -4.0 -4.0 -3.0 -1.0 -3.0 -1.0 0.0 -4.0 0.0 -4.0 -2.0 -2.0 -2.0 -1.0 -4.0 0.0 -4.0 -3.0 -2.0 -1.0 -4.0 -2.0 0.0 -1.0 -4.0 -3.0 0.0 -3.0 -2.0 -3.0 -2.0 -2.0 0.0 -4.0 -2.0 -1.0 -1.0 -3.0 -1.0 -2.0 -1.0 -1.0 -2.0 -1.0 -2.0 -1.0 -4.0 207.0 0.0 -3.0 -3.0 0.0 -1.0 -2.0 -2.0 -4.0 -1.0 -1.0 -1.0 -2.0 -3.0 -2.0 -4.0 -1.0 -3.0 0.0 0.0 -2.0 -2.0 -2.0 0.0 -4.0 -2.0 -4.0 -3.0 0.0 -1.0 0.0 -2.0 -2.0 -1.0 -2.0 -1.0 -2.0 -1.0 -1.0 -3.0 0.0 -1.0 -2.0 
-3.0 -4.0 0.0 -4.0 -1.0 -1.0 0.0 -4.0 -1.0 -4.0 -1.0 -2.0 0.0 -4.0 0.0 -3.0 -2.0 0.0 -1.0 -2.0 0.0 -1.0 -4.0 0.0 0.0 -4.0 -4.0 -3.0 -1.0 -4.0 0.0 -2.0 -2.0 -2.0 -1.0 -1.0 -4.0 -1.0 -4.0 0.0 0.0 -4.0 -3.0 -2.0 -1.0 -1.0 -4.0 -2.0 -3.0 -3.0 -3.0 -1.0 -2.0 -1.0 -3.0 -2.0 -3.0 -1.0 -4.0 0.0 -1.0 -2.0 -1.0 -4.0 -4.0 -3.0 -2.0 -3.0 0.0 0.0 -2.0 -2.0 -4.0 221.0 -3.0 -4.0 -4.0 -1.0 -2.0 0.0 -1.0 -4.0 -2.0 -1.0 -3.0 -1.0 -2.0 -1.0 -3.0 -1.0 -1.0 -2.0 -1.0 -1.0 0.0 -3.0 0.0 -4.0 -4.0 -2.0 -1.0 -3.0 -3.0 0.0 -1.0 -1.0 0.0 -3.0 -2.0 -1.0 -4.0 0.0 -4.0 -1.0 0.0 
-4.0 -2.0 -4.0 -2.0 -4.0 -2.0 -1.0 -2.0 -4.0 -3.0 -4.0 0.0 -3.0 -3.0 -3.0 -1.0 -2.0 -4.0 0.0 0.0 -2.0 -4.0 -3.0 -3.0 -2.0 -3.0 -3.0 -3.0 -2.0 -2.0 -1.0 -4.0 -1.0 0.0 -2.0 -3.0 -3.0 -1.0 -1.0 -1.0 -3.0 -4.0 -1.0 0.0 0.0 -1.0 -2.0 -1.0 -2.0 -3.0 -4.0 -2.0 -1.0 -1.0 -2.0 -3.0 -3.0 -4.0 -4.0 -1.0 -1.0 -2.0 -1.0 -2.0 -3.0 -4.0 -2.0 -2.0 -3.0 0.0 -2.0 -2.0 -2.0 -1.0 256.0 -4.0 -4.0 -4.0 -1.0 -1.0 -1.0 -2.0 -1.0 -3.0 -4.0 -2.0 -3.0 -3.0 -1.0 -3.0 -1.0 -1.0 -1.0 -4.0 -2.0 -3.0 -3.0 -1.0 -3.0 -4.0 -2.0 0.0 -4.0 -2.0 -1.0 0.0 -4.0 -1.0 -3.0 -4.0 -1.0 -4.0 -4.0 -2.0 -3.0 
-4.0 -3.0 -1.0 -1.0 0.0 -2.0 -4.0 -4.0 -1.0 -1.0 -1.0 -3.0 -4.0 -2.0 -4.0 -3.0 -1.0 -1.0 -2.0 -1.0 -1.0 -2.0 -4.0 -4.0 -3.0 -4.0 -4.0 -3.0 0.0 -3.0 -2.0 -2.0 0.0 -3.0 -3.0 -2.0 -4.0 -4.0 -1.0 -2.0 -1.0 -1.0 0.0 -2.0 -3.0 -2.0 0.0 -1.0 -3.0 -3.0 -2.0 -4.0 -1.0 0.0 -1.0 -1.0 -2.0 -2.0 -3.0 -1.0 -3.0 -1.0 0.0 -2.0 -2.0 -2.0 0.0 0.0 0.0 0.0 -3.0 -1.0 -3.0 -4.0 -2.0 235.0 0.0 -4.0 -2.0 -3.0 -2.0 -3.0 -4.0 -3.0 -4.0 -2.0 0.0 -1.0 -4.0 -4.0 -1.0 -4.0 -4.0 -1.0 -2.0 -2.0 -3.0 0.0 -2.0 0.0 0.0 -2.0 -3.0 -1.0 -2.0 -1.0 -1.0 -3.0 -3.0 -3.0 -1.0 0.0 -4.0 -4.0 -2.0 
-1.0 0.0 -3.0 -4.0 -2.0 -4.0 -2.0 0.0 -2.0 -1.0 -1.0 -2.0 -2.0 -2.0 -3.0 -1.0 0.0 -4.0 -3.0 -1.0 -2.0 -3.0 -1.0 0.0 -1.0 -1.0 0.0 -2.0 -2.0 -2.0 -2.0 -2.0 -4.0 -2.0 -4.0 0.0 -2.0 -3.0 -4.0 -3.0 0.0 -4.0 -3.0 -2.0 -1.0 -4.0 -1.0 -4.0 -2.0 -2.0 -2.0 -2.0 0.0 0.0 -1.0 -4.0 -4.0 -4.0 -3.0 -4.0 -2.0 -2.0 -3.0 -2.0 -4.0 -3.0 -3.0 -3.0 -2.0 -2.0 -3.0 -1.0 -3.0 -3.0 -2.0 -2.0 242.0 0.0 -2.0 -2.0 -4.0 -3.0 -4.0 0.0 -1.0 -1.0 -4.0 -3.0 -3.0 -4.0 -3.0 -3.0 -3.0 -3.0 0.0 -2.0 -3.0 -2.0 -1.0 -3.0 -3.0 0.0 -2.0 0.0 -1.0 -3.0 -2.0 -1.0 -1.0 -3.0 -2.0 -3.0 0.0 0.0 -2.0 
-3.0 0.0 -1.0 -4.0 -3.0 -2.0 -4.0 -4.0 -2.0 -2.0 -2.0 -3.0 -1.0 -3.0 -2.0 -2.0 -3.0 -3.0 -1.0 -2.0 -2.0 -3.0 -4.0 0.0 0.0 -3.0 -1.0 -1.0 -2.0 -2.0 0.0 -2.0 -3.0 0.0 -2.0 -3.0 -2.0 0.0 -4.0 -2.0 -4.0 -1.0 -4.0 -1.0 -2.0 0.0 0.0 -4.0 0.0 -2.0 -2.0 -1.0 -3.0 -2.0 -2.0 -2.0 -1.0 -3.0 -2.0 -2.0 -3.0 0.0 -1.0 -4.0 -2.0 -3.0 -2.0 -4.0 -2.0 -2.0 0.0 -4.0 0.0 -2.0 -3.0 -2.0 -3.0 229.0 -4.0 -1.0 -2.0 -2.0 -3.0 0.0 0.0 0.0 0.0 0.0 -4.0 -3.0 -1.0 -2.0 -2.0 -4.0 -4.0 -2.0 -1.0 -1.0 -2.0 -2.0 -1.0 -1.0 0.0 -1.0 -4.0 -2.0 -2.0 -1.0 -2.0 -4.0 -4.0 -3.0 -2.0 -3.0 -1.0 
-1.0 -1.0 -1.0 0.0 -2.0 -2.0 -2.0 -2.0 0.0 -4.0 -2.0 0.0 0.0 0.0 0.0 -1.0 -3.0 -3.0 0.0 -3.0 -3.0 -1.0 -1.0 -4.0 -4.0 -3.0 -1.0 -3.0 0.0 -2.0 -1.0 0.0 0.0 -1.0 -4.0 -1.0 -2.0 -3.0 -3.0 -3.0 -3.0 -3.0 -2.0 0.0 -2.0 -4.0 -2.0 -2.0 0.0 0.0 0.0 -3.0 -4.0 0.0 -1.0 -3.0 -3.0 -3.0 -3.0 -4.0 -3.0 -1.0 -1.0 -2.0 0.0 -1.0 0.0 -4.0 0.0 -1.0 0.0 -2.0 -4.0 -2.0 -1.0 0.0 -4.0 -1.0 204.0 -4.0 -1.0 -4.0 -3.0 0.0 -2.0 -4.0 -1.0 -3.0 -1.0 -2.0 0.0 -4.0 -4.0 -2.0 -2.0 -4.0 -1.0 -1.0 -2.0 -1.0 -1.0 -2.0 -3.0 -4.0 0.0 -1.0 -1.0 -1.0 0.0 -4.0 -4.0 0.0 0.0 -1.0 0.0 
-3.0 -4.0 -1.0 -3.0 0.0 -2.0 -2.0 -2.0 -3.0 -4.0 0.0 -2.0 -4.0 -4.0 -3.0 -2.0 0.0 0.0 -4.0 -2.0 -4.0 -1.0 -3.0 -3.0 0.0 -1.0 0.0 -1.0 -2.0 -4.0 -2.0 -4.0 -4.0 -1.0 0.0 -3.0 -3.0 0.0 -1.0 -3.0 -4.0 -2.0 0.0 -2.0 0.0 -2.0 -3.0 -1.0 0.0 -3.0 0.0 -4.0 -4.0 -1.0 -1.0 -1.0 -2.0 -2.0 -3.0 -1.0 0.0 -4.0 -2.0 -1.0 -1.0 -2.0 -4.0 -3.0 -2.0 0.0 -4.0 0.0 0.0 -3.0 -1.0 -2.0 -3.0 -3.0 -3.0 233.0 -2.0 -3.0 -3.0 0.0 -2.0 -3.0 -4.0 -4.0 0.0 -2.0 -3.0 -3.0 -2.0 -2.0 0.0 -4.0 -2.0 -4.0 0.0 -2.0 -2.0 -3.0 0.0 0.0 -1.0 -4.0 -1.0 -2.0 -1.0 -1.0 -3.0 -4.0 -4.0 -2.0 -1.0 
-4.0 -4.0 -4.0 -3.0 0.0 -2.0 -4.0 -2.0 -3.0 -4.0 -3.0 -4.0 0.0 -3.0 -3.0 -1.0 -1.0 0.0 -2.0 -3.0 -3.0 -3.0 0.0 0.0 -2.0 -1.0 -2.0 -2.0 -2.0 -3.0 -2.0 -2.0 -1.0 -1.0 -2.0 -1.0 -4.0 -3.0 -1.0 -2.0 0.0 -1.0 -3.0 0.0 -2.0 -3.0 -2.0 -2.0 -4.0 -1.0 -1.0 -2.0 -3.0 -4.0 -3.0 -1.0 -3.0 -2.0 -1.0 0.0 -3.0 -4.0 -3.0 -1.0 0.0 -1.0 -2.0 -3.0 -2.0 0.0 -1.0 -1.0 0.0 -2.0 0.0 -3.0 0.0 -1.0 -1.0 -4.0 222.0 -3.0 -1.0 0.0 0.0 0.0 -2.0 -3.0 -2.0 0.0 -3.0 0.0 0.0 -4.0 0.0 -3.0 -2.0 -4.0 -3.0 0.0 -4.0 -3.0 -4.0 0.0 -3.0 0.0 0.0 -4.0 -4.0 -2.0 -3.0 0.0 -4.0 -3.0 -1.0 
-4.0 -4.0 0.0 0.0 -1.0 0.0 -3.0 -1.0 -4.0 -2.0 -1.0 -4.0 0.0 -1.0 -1.0 -1.0 -4.0 -3.0 -3.0 -3.0 -4.0 -1.0 0.0 0.0 -2.0 -2.0 -1.0 -3.0 -1.0 -1.0 -3.0 0.0 0.0 0.0 0.0 -3.0 -2.0 -2.0 -3.0 -2.0 -4.0 -3.0 -4.0 -2.0 0.0 0.0 0.0 -3.0 -4.0 -2.0 -3.0 -4.0 -3.0 0.0 -2.0 -3.0 0.0 0.0 -2.0 -1.0 -1.0 0.0 -3.0 -2.0 -1.0 -2.0 -1.0 -4.0 0.0 -3.0 0.0 -1.0 -4.0 -4.0 -1.0 0.0 -4.0 -4.0 -1.0 -1.0 -3.0 212.0 -4.0 -4.0 -4.0 -4.0 -1.0 -3.0 0.0 -1.0 -4.0 -3.0 -2.0 0.0 -1.0 0.0 0.0 0.0 0.0 -2.0 0.0 0.0 -2.0 -2.0 -4.0 -3.0 -1.0 -4.0 -3.0 -1.0 -1.0 0.0 -4.0 -3.0 -1.0 
0.0 -4.0 -2.0 0.0 -4.0 -2.0 -2.0 -1.0 -1.0 0.0 -2.0 -3.0 -3.0 -2.0 -2.0 -3.0 -3.0 -3.0 -3.0 0.0 -1.0 -4.0 -2.0 -1.0 -3.0 -2.0 -2.0 -3.0 -3.0 -3.0 -3.0 -1.0 -2.0 -2.0 -1.0 -2.0 -1.0 -1.0 -4.0 -2.0 -1.0 0.0 -3.0 -1.0 -4.0 -3.0 -2.0 -1.0 -1.0 0.0 -4.0 -3.0 -4.0 -2.0 -1.0 -2.0 -3.0 -4.0 -4.0 -4.0 -2.0 -2.0 -4.0 -2.0 -4.0 -1.0 0.0 0.0 -1.0 -3.0 -3.0 -3.0 -1.0 -3.0 -1.0 -1.0 -3.0 0.0 0.0 0.0 -3.0 0.0 242.0 -3.0 -2.0 0.0 -4.0 0.0 0.0 -2.0 0.0 -1.0 -3.0 -2.0 -3.0 -4.0 -4.0 -4.0 -4.0 -4.0 -2.0 -1.0 -2.0 -4.0 -3.0 -2.0 -1.0 -3.0 -3.0 -3.0 -1.0 -2.0 -4.0 -1.0 -3.0 
-1.0 -1.0 -1.0 -2.0 -4.0 -4.0 -2.0 -1.0 -2.0 -3.0 -4.0 -4.0 -4.0 0.0 -2.0 -2.0 -2.0 -2.0 0.0 0.0 -2.0 -3.0 -3.0 0.0 -2.0 -1.0 -1.0 -4.0 -3.0 -2.0 -1.0 -2.0 -3.0 -4.0 -3.0 -4.0 -3.0 0.0 -1.0 -3.0 -3.0 -2.0 0.0 -4.0 -2.0 -3.0 -1.0 -4.0 -2.0 -3.0 -3.0 0.0 -2.0 -3.0 -2.0 -2.0 0.0 -1.0 -1.0 -1.0 -1.0 -1.0 0.0 -3.0 -2.0 -1.0 -2.0 -2.0 -1.0 -3.0 0.0 -4.0 -3.0 -2.0 0.0 -4.0 -3.0 0.0 0.0 -3.0 -1.0 -1.0 -1.0 232.0 -1.0 -2.0 -2.0 -3.0 -4.0 -1.0 -1.0 -4.0 -3.0 -2.0 -2.0 -4.0 -3.0 -2.0 0.0 -2.0 -1.0 0.0 0.0 -4.0 -4.0 -4.0 -2.0 -2.0 0.0 -1.0 -3.0 -1.0 -4.0 -4.0 -3.0 
0.0 0.0 -3.0 -3.0 0.0 -4.0 -4.0 -2.0 -2.0 -1.0 -2.0 -2.0 -1.0 -2.0 -4.0 -2.0 -2.0 -4.0 -1.0 -1.0 -4.0 -4.0 -1.0 -3.0 -3.0 -2.0 -4.0 -3.0 0.0 0.0 -1.0 -4.0 -1.0 -1.0 -1.0 0.0 -3.0 -1.0 -2.0 -3.0 -1.0 -1.0 0.0 0.0 -4.0 0.0 -4.0 -2.0 -3.0 -4.0 0.0 -1.0 -1.0 -1.0 -4.0 -3.0 -3.0 -3.0 -3.0 -1.0 0.0 -3.0 -1.0 -4.0 -4.0 -4.0 -4.0 -2.0 -3.0 -3.0 -3.0 0.0 -1.0 0.0 -3.0 -4.0 -2.0 -4.0 0.0 -1.0 -4.0 -3.0 -4.0 -3.0 248.0 0.0 0.0 -4.0 -1.0 -4.0 -4.0 -4.0 -3.0 -4.0 -1.0 -3.0 0.0 -4.0 -2.0 -3.0 -3.0 -1.0 0.0 -4.0 -3.0 -2.0 -4.0 -2.0 -4.0 -3.0 0.0 -1.0 -2.0 -1.0 -1.0 
-4.0 -4.0 -4.0 -2.0 -2.0 0.0 -1.0 -4.0 -1.0 -4.0 -2.0 -1.0 -3.0 -4.0 -1.0 0.0 -2.0 -1.0 -4.0 0.0 -1.0 -2.0 -2.0 -2.0 -2.0 -2.0 -3.0 -4.0 -1.0 -4.0 -4.0 -4.0 -3.0 -3.0 -3.0 -3.0 0.0 -4.0 0.0 -4.0 -4.0 0.0 -3.0 -3.0 -1.0 -1.0 0.0 0.0 -3.0 -1.0 -2.0 0.0 -3.0 -4.0 -3.0 -3.0 -4.0 0.0 -2.0 -4.0 -4.0 -1.0 -1.0 -1.0 -3.0 -3.0 -3.0 -2.0 -1.0 -4.0 -4.0 -4.0 -2.0 -2.0 -2.0 0.0 -3.0 -2.0 -4.0 -3.0 -2.0 -3.0 -1.0 -3.0 -4.0 270.0 -3.0 -2.0 -4.0 -3.0 -4.0 -2.0 -4.0 -3.0 -2.0 -4.0 -4.0 -1.0 -1.0 -4.0 -2.0 -2.0 -3.0 -3.0 -3.0 -2.0 0.0 -1.0 -3.0 -3.0 -1.0 -3.0 -3.0 -2.0 0.0 
-2.0 -1.0 -3.0 -4.0 0.0 -1.0 -2.0 -3.0 -3.0 -4.0 -1.0 -3.0 -2.0 -4.0 -1.0 -3.0 -4.0 -3.0 -3.0 -2.0 -3.0 0.0 -2.0 -4.0 -3.0 0.0 -3.0 -4.0 -4.0 0.0 -2.0 -4.0 0.0 -2.0 -3.0 -2.0 -1.0 -3.0 -2.0 -1.0 -4.0 -3.0 -3.0 -2.0 -4.0 -2.0 -2.0 -2.0 0.0 -1.0 -4.0 -2.0 -2.0 0.0 0.0 -2.0 0.0 0.0 -2.0 0.0 -1.0 0.0 -1.0 -3.0 -3.0 0.0 -2.0 -1.0 -1.0 0.0 -1.0 -1.0 -2.0 -3.0 0.0 -1.0 -4.0 -4.0 -3.0 -4.0 -1.0 0.0 -4.0 -1.0 -3.0 -3.0 227.0 -2.0 0.0 -2.0 -1.0 -3.0 -1.0 -3.0 -4.0 -3.0 0.0 -3.0 -2.0 0.0 -3.0 -1.0 -1.0 0.0 -3.0 -2.0 -2.0 -4.0 -3.0 -1.0 -1.0 -1.0 -2.0 -1.0 -4.0 
-2.0 -2.0 -2.0 -3.0 -3.0 -1.0 -4.0 0.0 -3.0 -4.0 -4.0 -1.0 -3.0 -4.0 -2.0 -2.0 0.0 -4.0 -4.0 -1.0 -1.0 -4.0 -3.0 -3.0 -2.0 -2.0 0.0 -2.0 -3.0 -1.0 -4.0 -3.0 0.0 -2.0 0.0 0.0 -3.0 -1.0 0.0 -1.0 0.0 -2.0 -2.0 -1.0 -4.0 -1.0 -2.0 -2.0 0.0 -2.0 0.0 -4.0 0.0 -1.0 -1.0 -1.0 -3.0 -4.0 0.0 0.0 -2.0 -1.0 -3.0 -1.0 -4.0 -4.0 -4.0 -2.0 0.0 -4.0 0.0 -1.0 -4.0 -2.0 -3.0 -4.0 0.0 -3.0 -3.0 -3.0 0.0 -1.0 -2.0 -2.0 0.0 -1.0 -2.0 221.0 -1.0 0.0 -4.0 -2.0 -1.0 -4.0 0.0 -1.0 -3.0 -3.0 -1.0 0.0 -2.0 -1.0 0.0 -3.0 0.0 -3.0 -2.0 -3.0 -1.0 -4.0 -3.0 -4.0 0.0 -3.0 -2.0 
-3.0 0.0 -1.0 -2.0 0.0 -2.0 -1.0 -4.0 0.0 -3.0 0.0 -4.0 -2.0 -1.0 -2.0 -4.0 -2.0 -1.0 -1.0 -4.0 -3.0 0.0 -3.0 -2.0 0.0 -1.0 -2.0 -1.0 0.0 -4.0 0.0 0.0 -1.0 -4.0 -2.0 -2.0 0.0 -1.0 -1.0 -1.0 -2.0 -4.0 -4.0 -2.0 -1.0 -4.0 -2.0 0.0 -1.0 -3.0 -2.0 0.0 0.0 -1.0 -4.0 -1.0 -1.0 -3.0 -3.0 -4.0 -3.0 0.0 0.0 0.0 -3.0 -2.0 -3.0 -1.0 -3.0 0.0 -1.0 0.0 -1.0 -1.0 -1.0 -3.0 -4.0 -1.0 -3.0 -2.0 -3.0 0.0 -2.0 -1.0 -4.0 -3.0 -4.0 -1.0 211.0 -1.0 -3.0 -2.0 0.0 0.0 -3.0 -4.0 -1.0 -1.0 -3.0 -4.0 -4.0 -3.0 -3.0 -1.0 -3.0 -2.0 -2.0 0.0 -1.0 -1.0 -1.0 -3.0 -3.0 -4.0 -1.0 
-1.0 -2.0 -3.0 -4.0 -2.0 0.0 -1.0 -2.0 0.0 -3.0 -1.0 -3.0 0.0 0.0 -3.0 0.0 -1.0 -2.0 -3.0 -2.0 0.0 0.0 -2.0 0.0 -3.0 -3.0 -2.0 -3.0 -2.0 -1.0 -1.0 -3.0 0.0 0.0 0.0 0.0 -1.0 -1.0 -1.0 -3.0 -1.0 -2.0 -2.0 -1.0 -3.0 -4.0 -1.0 -4.0 -3.0 -1.0 -3.0 -4.0 -2.0 -3.0 -3.0 -1.0 -2.0 -4.0 -4.0 -1.0 -1.0 -4.0 -2.0 -1.0 -4.0 -1.0 0.0 -2.0 -4.0 -4.0 -1.0 -1.0 -1.0 -4.0 -2.0 -4.0 -3.0 -4.0 -4.0 0.0 -3.0 -1.0 0.0 0.0 -3.0 0.0 0.0 0.0 -3.0 215.0 -1.0 0.0 -3.0 0.0 -3.0 -3.0 -3.0 0.0 -2.0 -3.0 -3.0 -3.0 0.0 -1.0 -1.0 -1.0 -4.0 -4.0 -4.0 -4.0 0.0 0.0 -1.0 -2.0 -4.0 
-4.0 -1.0 0.0 0.0 -2.0 -4.0 -2.0 -2.0 -4.0 -2.0 -3.0 0.0 -3.0 -1.0 -4.0 -2.0 0.0 -1.0 -1.0 -2.0 -2.0 -2.0 -3.0 -1.0 -2.0 -2.0 -2.0 -2.0 0.0 -4.0 -1.0 -2.0 -1.0 0.0 -1.0 0.0 0.0 -1.0 -1.0 -1.0 -3.0 0.0 -2.0 -3.0 -1.0 0.0 -2.0 0.0 -1.0 -4.0 -2.0 -4.0 -2.0 -2.0 -2.0 -4.0 -3.0 -3.0 -4.0 0.0 -3.0 -3.0 -3.0 -1.0 -1.0 0.0 0.0 -4.0 -1.0 -3.0 -4.0 0.0 -3.0 -2.0 0.0 -3.0 -1.0 0.0 -2.0 -4.0 -3.0 -1.0 -1.0 -3.0 0.0 -1.0 0.0 -4.0 -2.0 -3.0 206.0 0.0 -1.0 0.0 -3.0 -3.0 0.0 -1.0 0.0 -2.0 -3.0 0.0 -2.0 -2.0 -1.0 -3.0 -1.0 -3.0 -4.0 -3.0 -3.0 -1.0 -1.0 -3.0 -2.0 
-2.0 -4.0 -4.0 -2.0 -2.0 -1.0 -3.0 -2.0 -4.0 -3.0 -1.0 -2.0 -3.0 -1.0 -4.0 0.0 -4.0 -3.0 -4.0 -3.0 -1.0 -2.0 0.0 -2.0 -4.0 -1.0 -2.0 0.0 -1.0 -3.0 -1.0 -2.0 0.0 -4.0 0.0 -4.0 -1.0 -1.0 -3.0 -2.0 -4.0 0.0 -3.0 0.0 -4.0 -1.0 0.0 -4.0 -2.0 -1.0 -4.0 0.0 0.0 -3.0 -2.0 -1.0 0.0 -2.0 -1.0 -3.0 -1.0 -1.0 -3.0 -2.0 -4.0 -1.0 -2.0 -2.0 -4.0 -3.0 -1.0 -1.0 -1.0 -2.0 -4.0 -1.0 0.0 -2.0 0.0 -2.0 -2.0 -1.0 -3.0 -3.0 -2.0 0.0 -3.0 -1.0 -1.0 -1.0 -3.0 233.0 -2.0 -4.0 -3.0 -1.0 -1.0 -3.0 -2.0 -2.0 -2.0 -3.0 -2.0 0.0 -2.0 -2.0 -3.0 -4.0 -3.0 -3.0 -4.0 -4.0 -1.0 -4.0 0.0 
-1.0 -1.0 -3.0 -1.0 -4.0 -3.0 -4.0 -3.0 0.0 -3.0 0.0 -2.0 -2.0 -2.0 -1.0 -3.0 -1.0 -4.0 -2.0 -3.0 -3.0 -1.0 -2.0 0.0 -3.0 -1.0 0.0 -4.0 -1.0 -1.0 0.0 -4.0 -2.0 -2.0 -3.0 -3.0 0.0 -3.0 -3.0 0.0 -4.0 -3.0 0.0 -2.0 -1.0 0.0 -2.0 -4.0 0.0 -1.0 -1.0 -4.0 -1.0 -2.0 -3.0 0.0 0.0 -3.0 -1.0 -1.0 -1.0 0.0 -2.0 -2.0 0.0 -1.0 -2.0 -1.0 -1.0 -3.0 -4.0 0.0 -4.0 -2.0 -2.0 -1.0 0.0 -3.0 -3.0 -2.0 -3.0 -2.0 -1.0 -2.0 -2.0 -3.0 0.0 0.0 -1.0 -4.0 -1.0 0.0 199.0 -3.0 -1.0 0.0 -4.0 -1.0 -1.0 0.0 -2.0 -3.0 -3.0 -2.0 0.0 0.0 -1.0 0.0 0.0 -2.0 -1.0 -4.0 -1.0 -2.0 -3.0 
0.0 -4.0 -1.0 -1.0 -3.0 -1.0 -3.0 -2.0 -3.0 0.0 0.0 -1.0 -1.0 -2.0 0.0 0.0 -3.0 -3.0 -2.0 -2.0 -4.0 -2.0 -2.0 -2.0 -4.0 -3.0 -4.0 0.0 -3.0 -1.0 -3.0 -1.0 0.0 -4.0 -4.0 -4.0 -1.0 0.0 -3.0 0.0 -3.0 0.0 -3.0 -4.0 -1.0 -1.0 -3.0 -1.0 -2.0 -1.0 0.0 -4.0 -1.0 -4.0 0.0 -1.0 -4.0 -3.0 -2.0 -4.0 -1.0 -4.0 -1.0 0.0 -1.0 0.0 0.0 -2.0 -2.0 -2.0 -4.0 -4.0 -3.0 -3.0 0.0 -4.0 -2.0 -3.0 -3.0 -3.0 -2.0 -4.0 -1.0 0.0 -3.0 -1.0 0.0 -2.0 -2.0 -2.0 0.0 -2.0 -3.0 225.0 -1.0 0.0 -2.0 -3.0 -3.0 0.0 -4.0 -4.0 -4.0 0.0 0.0 0.0 0.0 -4.0 -3.0 -1.0 -2.0 -4.0 -3.0 -3.0 -1.0 
-4.0 0.0 -4.0 -2.0 -1.0 -1.0 -1.0 -3.0 -4.0 -1.0 -4.0 0.0 -3.0 -1.0 -3.0 -2.0 -2.0 0.0 -2.0 -2.0 -2.0 -4.0 -1.0 -3.0 -2.0 0.0 -2.0 -2.0 0.0 -4.0 0.0 -1.0 -4.0 -1.0 -1.0 -4.0 -3.0 -4.0 -2.0 -1.0 -1.0 -3.0 -3.0 0.0 0.0 0.0 -1.0 -3.0 -4.0 -4.0 -3.0 -2.0 -1.0 -1.0 -4.0 0.0 -4.0 0.0 0.0 -4.0 -3.0 -3.0 0.0 -3.0 0.0 -3.0 -4.0 -1.0 -2.0 -3.0 -2.0 -2.0 0.0 -2.0 -1.0 -2.0 -4.0 -3.0 -2.0 -4.0 -1.0 -4.0 0.0 -2.0 0.0 -3.0 0.0 -3.0 -1.0 -1.0 -1.0 -2.0 -1.0 -3.0 214.0 -2.0 -3.0 0.0 -2.0 -1.0 -3.0 -1.0 -2.0 0.0 -3.0 -3.0 0.0 -2.0 0.0 -1.0 -2.0 -1.0 0.0 -2.0 -1.0 
-2.0 0.0 -1.0 0.0 -4.0 -3.0 -2.0 -3.0 0.0 -4.0 0.0 -2.0 -4.0 -1.0 -3.0 -1.0 -4.0 -1.0 -2.0 0.0 -4.0 -2.0 -1.0 0.0 -4.0 -2.0 0.0 -1.0 -2.0 -3.0 -2.0 0.0 -4.0 0.0 -1.0 -3.0 -3.0 -2.0 -1.0 0.0 -4.0 -3.0 -1.0 0.0 -2.0 -3.0 0.0 -2.0 -2.0 0.0 -1.0 -3.0 -4.0 0.0 0.0 -2.0 -3.0 -2.0 -3.0 -3.0 0.0 -3.0 -2.0 -2.0 -2.0 0.0 -1.0 -1.0 -3.0 0.0 -2.0 -4.0 -2.0 -1.0 0.0 -1.0 0.0 0.0 0.0 -3.0 -3.0 0.0 -3.0 -3.0 -3.0 -4.0 -3.0 -2.0 0.0 0.0 -4.0 -3.0 0.0 -2.0 -2.0 207.0 -3.0 -3.0 -4.0 0.0 -1.0 -3.0 -1.0 -2.0 -1.0 -4.0 -4.0 -2.0 -1.0 0.0 -4.0 0.0 -1.0 0.0 -4.0 
-3.0 -3.0 -2.0 -2.0 0.0 -1.0 -1.0 -4.0 -1.0 -2.0 -2.0 -1.0 -3.0 -1.0 0.0 0.0 -1.0 -1.0 -1.0 -2.0 -4.0 -3.0 -4.0 -2.0 -4.0 -3.0 0.0 -1.0 -3.0 -4.0 -2.0 -3.0 -2.0 -2.0 -2.0 -4.0 -3.0 -3.0 -2.0 -3.0 -4.0 0.0 -3.0 0.0 -2.0 -2.0 -1.0 0.0 -1.0 -3.0 -4.0 -2.0 0.0 -2.0 0.0 -1.0 0.0 -2.0 0.0 -1.0 -4.0 -4.0 -4.0 -4.0 -3.0 -1.0 -2.0 -1.0 -4.0 -4.0 -4.0 -4.0 0.0 -2.0 0.0 -2.0 -3.0 -4.0 0.0 -1.0 -3.0 -3.0 -1.0 0.0 -2.0 -1.0 -3.0 -3.0 0.0 -1.0 -3.0 -4.0 -4.0 0.0 -4.0 0.0 227.0 -2.0 -2.0 -1.0 0.0 -1.0 -1.0 0.0 -4.0 -2.0 -4.0 0.0 -3.0 -3.0 0.0 -1.0 -1.0 -4.0 -2.0 
0.0 -4.0 -4.0 -4.0 -3.0 -4.0 -2.0 -3.0 -2.0 0.0 0.0 -3.0 0.0 -3.0 -3.0 -2.0 0.0 -4.0 -4.0 0.0 -4.0 -2.0 0.0 -3.0 -4.0 -3.0 -4.0 -3.0 -1.0 -2.0 -2.0 -1.0 -3.0 -1.0 -3.0 -4.0 -4.0 0.0 -4.0 -4.0 -2.0 -1.0 0.0 -1.0 -1.0 -4.0 0.0 -3.0 -2.0 -3.0 -2.0 -3.0 -3.0 0.0 -4.0 -1.0 -1.0 -3.0 -3.0 -1.0 -1.0 -2.0 -3.0 0.0 -4.0 -3.0 -1.0 -2.0 0.0 -1.0 -1.0 -4.0 -3.0 -3.0 -2.0 -4.0 -1.0 -4.0 -2.0 -1.0 -1.0 -2.0 -1.0 -1.0 -2.0 -2.0 -4.0 -3.0 -3.0 -3.0 -4.0 -4.0 0.0 -4.0 -3.0 -1.0 -2.0 246.0 -1.0 -4.0 0.0 -1.0 -1.0 -2.0 -2.0 -3.0 -2.0 -1.0 -4.0 0.0 0.0 -1.0 -1.0 -2.0 -4.0 
-3.0 -1.0 -1.0 0.0 -3.0 -2.0 -4.0 -3.0 0.0 -3.0 0.0 -3.0 0.0 -2.0 -1.0 -1.0 -3.0 -4.0 -3.0 0.0 0.0 -4.0 -1.0 -1.0 -1.0 -1.0 -2.0 -3.0 -3.0 -3.0 -4.0 -3.0 -4.0 -3.0 0.0 0.0 -4.0 -2.0 -4.0 -3.0 -3.0 0.0 -4.0 -4.0 -2.0 -2.0 -3.0 -3.0 -2.0 -3.0 -4.0 -1.0 -2.0 -2.0 -1.0 -1.0 0.0 -4.0 -1.0 -3.0 -3.0 0.0 0.0 -3.0 -3.0 -4.0 0.0 0.0 0.0 -2.0 0.0 -1.0 -2.0 0.0 -2.0 -4.0 -3.0 0.0 0.0 -4.0 -1.0 -3.0 0.0 -4.0 -4.0 -2.0 -2.0 -1.0 -1.0 0.0 0.0 -3.0 -2.0 -1.0 -1.0 -3.0 -2.0 -1.0 222.0 -4.0 -4.0 -2.0 -2.0 -2.0 -2.0 0.0 -1.0 -1.0 -3.0 -3.0 -4.0 0.0 0.0 -2.0 -2.0 
0.0 -1.0 -4.0 -1.0 -4.0 -2.0 -3.0 0.0 0.0 -1.0 -4.0 -2.0 -2.0 -2.0 -1.0 0.0 -2.0 -2.0 0.0 -3.0 0.0 -1.0 -2.0 -2.0 -2.0 -1.0 -3.0 0.0 0.0 -2.0 -4.0 -2.0 -4.0 -4.0 -4.0 -3.0 -4.0 -3.0 -3.0 -4.0 -2.0 -3.0 -4.0 -1.0 -4.0 -1.0 -3.0 -3.0 0.0 -4.0 -4.0 0.0 -4.0 0.0 -2.0 -3.0 -4.0 -1.0 -4.0 -2.0 -3.0 0.0 -4.0 -3.0 -3.0 -3.0 -2.0 -3.0 -4.0 -1.0 -3.0 -1.0 -2.0 -3.0 -1.0 -3.0 -3.0 -1.0 -2.0 -3.0 -3.0 -1.0 -4.0 -3.0 -4.0 0.0 -2.0 0.0 -3.0 0.0 -2.0 -3.0 -4.0 -3.0 -1.0 -1.0 0.0 -4.0 -1.0 253.0 -3.0 -4.0 -1.0 -4.0 -2.0 -2.0 -2.0 -4.0 -2.0 -4.0 -1.0 0.0 -4.0 -2.0 0.0 
0.0 -4.0 -1.0 -2.0 -4.0 -3.0 -3.0 -4.0 -2.0 -4.0 -2.0 -3.0 -4.0 -4.0 0.0 -4.0 0.0 -1.0 0.0 -4.0 0.0 0.0 -1.0 -3.0 -2.0 -4.0 -1.0 -1.0 -4.0 -2.0 -1.0 -1.0 -2.0 -3.0 -4.0 -2.0 -4.0 -1.0 -1.0 -4.0 -3.0 -3.0 -3.0 -4.0 -1.0 -1.0 -1.0 -2.0 0.0 -1.0 -4.0 -2.0 0.0 -3.0 -2.0 0.0 -4.0 -1.0 -4.0 -1.0 -1.0 -3.0 -2.0 -2.0 -3.0 -3.0 -1.0 -1.0 -2.0 -1.0 0.0 -2.0 -3.0 -4.0 -1.0 -4.0 -3.0 0.0 -4.0 -2.0 -1.0 -2.0 -1.0 -4.0 -4.0 -3.0 0.0 0.0 0.0 -1.0 -1.0 -3.0 -4.0 -4.0 -2.0 -2.0 -1.0 -4.0 -2.0 -1.0 235.0 -4.0 -4.0 -1.0 -1.0 -1.0 0.0 -4.0 0.0 -3.0 0.0 -1.0 0.0 -1.0 -3.0 
-4.0 0.0 -1.0 -2.0 -3.0 -2.0 -2.0 -1.0 -1.0 -1.0 -1.0 -3.0 -2.0 -3.0 -2.0 0.0 0.0 -3.0 -1.0 -2.0 0.0 -1.0 0.0 -4.0 -1.0 -2.0 0.0 -2.0 -1.0 -4.0 -3.0 -2.0 -2.0 -3.0 -4.0 0.0 -4.0 -3.0 -2.0 -1.0 -2.0 -3.0 0.0 -3.0 0.0 -4.0 -2.0 0.0 -4.0 -2.0 -2.0 -3.0 -2.0 -2.0 -4.0 -3.0 -3.0 0.0 -2.0 -4.0 -1.0 0.0 -1.0 -1.0 -4.0 -3.0 -3.0 -1.0 -1.0 -1.0 -4.0 -3.0 -2.0 0.0 0.0 0.0 -2.0 -2.0 -3.0 -1.0 -3.0 -4.0 -1.0 0.0 0.0 -2.0 -2.0 -4.0 -4.0 -3.0 -3.0 -4.0 -3.0 -2.0 -4.0 0.0 -3.0 -4.0 -2.0 -1.0 -1.0 226.0 -3.0 -3.0 -3.0 0.0 -2.0 -2.0 -1.0 -3.0 -1.0 -2.0 -1.0 -2.0 -2.0 
-2.0 0.0 -1.0 -1.0 -3.0 -1.0 -1.0 -4.0 -3.0 0.0 0.0 0.0 -4.0 -4.0 -2.0 0.0 -1.0 -3.0 -1.0 -3.0 -3.0 -1.0 -1.0 -4.0 -1.0 0.0 -1.0 -4.0 -2.0 -3.0 0.0 0.0 -2.0 -3.0 0.0 -3.0 0.0 -1.0 -1.0 -3.0 -1.0 -1.0 -4.0 -4.0 0.0 -4.0 0.0 0.0 0.0 -1.0 -1.0 -2.0 -4.0 -1.0 -2.0 -3.0 -2.0 -1.0 -4.0 -1.0 -2.0 -2.0 -4.0 -4.0 -2.0 -3.0 0.0 -3.0 -4.0 -1.0 -3.0 0.0 -2.0 -2.0 -3.0 -3.0 -1.0 -3.0 -1.0 0.0 -2.0 -3.0 -3.0 -1.0 -4.0 -3.0 -1.0 -1.0 -3.0 -1.0 0.0 -2.0 -3.0 -4.0 -1.0 0.0 -1.0 -4.0 -4.0 -3.0 -2.0 -2.0 234.0 -4.0 -4.0 -4.0 -4.0 -1.0 -4.0 -4.0 -4.0 -1.0 -3.0 -4.0 -3.0 
-2.0 -3.0 -4.0 -2.0 0.0 -4.0 0.0 -4.0 -1.0 -2.0 -3.0 -2.0 -2.0 -3.0 -2.0 0.0 -2.0 0.0 -2.0 0.0 -1.0 -1.0 0.0 0.0 -2.0 -2.0 -3.0 -1.0 -2.0 0.0 0.0 -1.0 -3.0 -2.0 -4.0 -4.0 -4.0 0.0 0.0 -1.0 -1.0 0.0 0.0 -3.0 -2.0 0.0 -4.0 -3.0 0.0 -4.0 -3.0 -2.0 -2.0 -1.0 -3.0 -2.0 -1.0 -1.0 -4.0 -3.0 -1.0 -3.0 -3.0 0.0 -4.0 -3.0 -1.0 -3.0 -4.0 -4.0 -4.0 -4.0 -4.0 -1.0 -3.0 -3.0 -3.0 -4.0 -4.0 -2.0 0.0 -1.0 0.0 -1.0 -4.0 0.0 -2.0 0.0 0.0 -1.0 -2.0 -2.0 -1.0 0.0 -2.0 -4.0 -4.0 -3.0 -2.0 -2.0 -4.0 0.0 0.0 224.0 -4.0 0.0 -3.0 -3.0 -2.0 -3.0 -1.0 -2.0 0.0 -2.0 -3.0 
-4.0 0.0 -3.0 0.0 -2.0 -3.0 -3.0 0.0 -3.0 -4.0 -4.0 -3.0 -1.0 -2.0 -1.0 -1.0 -2.0 -2.0 -3.0 -1.0 -1.0 -3.0 -4.0 -1.0 -3.0 -2.0 0.0 -2.0 -3.0 -2.0 -3.0 0.0 -2.0 -4.0 -1.0 -4.0 -3.0 -4.0 -4.0 -2.0 0.0 0.0 -4.0 -3.0 0.0 -3.0 -4.0 -4.0 -3.0 0.0 -4.0 -3.0 -2.0 -4.0 -3.0 -2.0 -4.0 -3.0 0.0 -1.0 -2.0 -4.0 -2.0 -1.0 -4.0 0.0 0.0 0.0 -4.0 -1.0 -4.0 -3.0 -3.0 -2.0 -1.0 -1.0 -3.0 -2.0 0.0 -2.0 0.0 -1.0 -1.0 -1.0 -1.0 -1.0 -2.0 -1.0 -3.0 -2.0 -3.0 -1.0 -1.0 0.0 -2.0 -3.0 -1.0 -3.0 0.0 -3.0 -1.0 -2.0 -4.0 -4.0 234.0 0.0 -4.0 -1.0 -2.0 -3.0 0.0 0.0 -2.0 -1.0 -4.0 
0.0 -4.0 -2.0 -2.0 -3.0 -2.0 -2.0 -3.0 -3.0 -3.0 0.0 0.0 -4.0 -3.0 -2.0 -1.0 -3.0 -1.0 -2.0 -4.0 -2.0 -2.0 -3.0 -2.0 -2.0 0.0 -1.0 0.0 0.0 -2.0 -1.0 -3.0 0.0 -2.0 -3.0 -3.0 -4.0 0.0 0.0 -1.0 -2.0 0.0 -1.0 0.0 -1.0 -2.0 -4.0 -2.0 -3.0 -3.0 -1.0 -4.0 0.0 -4.0 -2.0 -2.0 -1.0 -3.0 -2.0 -4.0 -2.0 -1.0 -4.0 -3.0 -2.0 -2.0 -4.0 -1.0 -4.0 -3.0 -3.0 -1.0 -1.0 -2.0 0.0 0.0 -1.0 -4.0 0.0 -3.0 -4.0 0.0 -1.0 -1.0 -1.0 -2.0 -1.0 -1.0 0.0 -1.0 -4.0 -1.0 -4.0 0.0 -3.0 -4.0 -2.0 -2.0 -1.0 -4.0 0.0 -2.0 0.0 -1.0 -1.0 220.0 0.0 -1.0 -2.0 -3.0 -2.0 -3.0 -4.0 -4.0 -3.0 
-3.0 0.0 -1.0 -3.0 -2.0 0.0 -4.0 -4.0 0.0 -3.0 -4.0 -1.0 -3.0 -4.0 -1.0 -3.0 -2.0 -4.0 -3.0 -1.0 -4.0 -1.0 0.0 0.0 -2.0 0.0 -4.0 -2.0 0.0 0.0 0.0 -3.0 -1.0 -2.0 -1.0 -1.0 -3.0 -2.0 -3.0 -4.0 -4.0 0.0 -4.0 -1.0 -2.0 -1.0 -3.0 -3.0 -2.0 -1.0 -2.0 -3.0 -4.0 -3.0 0.0 -3.0 -3.0 -4.0 0.0 -1.0 -4.0 -3.0 -3.0 -2.0 0.0 -4.0 -4.0 -1.0 0.0 -3.0 -4.0 0.0 -4.0 -1.0 -1.0 -3.0 -1.0 -1.0 0.0 -2.0 -3.0 -3.0 -2.0 -3.0 0.0 -1.0 0.0 -3.0 -4.0 -4.0 -1.0 -1.0 -2.0 -4.0 0.0 -3.0 -3.0 -4.0 0.0 0.0 0.0 -1.0 -4.0 -1.0 -4.0 -3.0 238.0 -3.0 -4.0 -3.0 -1.0 -2.0 -2.0 -1.0 -4.0 
-4.0 -4.0 0.0 -1.0 -1.0 -1.0 -3.0 -4.0 -3.0 -3.0 -4.0 -2.0 0.0 -1.0 -2.0 0.0 -2.0 -1.0 -1.0 -2.0 -1.0 0.0 -2.0 -2.0 -3.0 -2.0 -2.0 -1.0 -1.0 -2.0 0.0 -4.0 -1.0 -1.0 -4.0 -4.0 -4.0 -4.0 -3.0 -4.0 -3.0 0.0 0.0 -2.0 -2.0 -2.0 -1.0 -3.0 -2.0 -4.0 -2.0 -2.0 -3.0 0.0 -2.0 -1.0 -1.0 -4.0 -2.0 -1.0 -2.0 0.0 -4.0 -2.0 -2.0 -3.0 -1.0 -4.0 0.0 -4.0 -4.0 -2.0 -2.0 0.0 -1.0 -1.0 -1.0 0.0 -3.0 -3.0 0.0 -3.0 -4.0 -4.0 0.0 0.0 -3.0 -2.0 0.0 -1.0 -3.0 -1.0 -1.0 -1.0 -4.0 -4.0 -3.0 -4.0 0.0 -4.0 -2.0 -2.0 0.0 -1.0 -1.0 -3.0 -3.0 232.0 -3.0 -2.0 -4.0 -3.0 0.0 -2.0 -4.0 
-2.0 0.0 -3.0 -1.0 -1.0 -2.0 -1.0 -3.0 -4.0 0.0 -1.0 0.0 -4.0 0.0 -4.0 -2.0 -4.0 0.0 -3.0 -3.0 -4.0 -4.0 0.0 0.0 -1.0 -1.0 -1.0 -4.0 0.0 -3.0 -3.0 -3.0 -3.0 -4.0 0.0 -2.0 -2.0 0.0 -3.0 0.0 0.0 -4.0 0.0 -3.0 -1.0 -4.0 -2.0 0.0 0.0 0.0 -1.0 -3.0 -3.0 -3.0 -4.0 -1.0 -3.0 -3.0 0.0 -1.0 -3.0 -1.0 -1.0 -2.0 -3.0 -1.0 -3.0 -2.0 0.0 -2.0 -2.0 -3.0 -3.0 -4.0 -3.0 -3.0 -3.0 -4.0 -2.0 -3.0 -4.0 -2.0 -3.0 -2.0 -4.0 -4.0 -2.0 -4.0 -1.0 -3.0 0.0 -4.0 -1.0 -4.0 -3.0 -1.0 0.0 -1.0 -3.0 -3.0 -1.0 -2.0 -4.0 -3.0 -3.0 -3.0 0.0 -2.0 237.0 -4.0 -4.0 0.0 0.0 0.0 -2.0 
-2.0 0.0 -1.0 -3.0 -4.0 -1.0 0.0 -3.0 0.0 0.0 0.0 -1.0 -1.0 -4.0 -1.0 0.0 -2.0 -2.0 0.0 -4.0 -4.0 -3.0 -3.0 -3.0 -3.0 -4.0 -2.0 -2.0 -3.0 -1.0 -4.0 0.0 -4.0 -4.0 -4.0 -1.0 0.0 -1.0 -4.0 -4.0 -3.0 -1.0 -3.0 -4.0 -3.0 -1.0 -1.0 -2.0 -1.0 -3.0 -1.0 -2.0 -3.0 -4.0 -1.0 -1.0 0.0 0.0 -3.0 -3.0 0.0 0.0 -1.0 -1.0 -4.0 0.0 -3.0 -3.0 -3.0 -1.0 -4.0 -1.0 -1.0 0.0 -2.0 -3.0 -2.0 0.0 -2.0 -2.0 -3.0 0.0 -2.0 -3.0 -2.0 -4.0 -1.0 -1.0 -1.0 -3.0 0.0 -4.0 -1.0 -3.0 -1.0 -2.0 0.0 0.0 -1.0 0.0 -3.0 -2.0 -2.0 -1.0 -1.0 0.0 -4.0 -2.0 -2.0 216.0 -3.0 -4.0 -3.0 0.0 -1.0 
-4.0 -3.0 -2.0 -4.0 -1.0 -2.0 -1.0 -2.0 -4.0 -1.0 -4.0 0.0 -2.0 -2.0 -2.0 -2.0 -3.0 -4.0 -1.0 -1.0 -3.0 -2.0 -4.0 -1.0 -2.0 -3.0 -3.0 -4.0 -2.0 -2.0 -4.0 -3.0 -1.0 -1.0 -3.0 -4.0 0.0 -1.0 -1.0 0.0 0.0 -1.0 -4.0 -4.0 -3.0 -1.0 -4.0 -2.0 0.0 -4.0 -1.0 -3.0 -4.0 -1.0 -2.0 -3.0 -2.0 -2.0 -2.0 -4.0 -2.0 -1.0 -4.0 -1.0 -2.0 -1.0 -2.0 0.0 -2.0 -1.0 -1.0 -2.0 0.0 -1.0 -3.0 -2.0 -1.0 -4.0 0.0 -2.0 -1.0 -3.0 -3.0 -1.0 -3.0 -1.0 -1.0 -2.0 0.0 -1.0 0.0 -4.0 -2.0 -1.0 -1.0 -4.0 -2.0 -4.0 -1.0 -1.0 -1.0 -2.0 0.0 -2.0 -4.0 -4.0 -4.0 -2.0 -1.0 0.0 230.0 -1.0 -4.0 -1.0 0.0 
-1.0 -2.0 -1.0 -1.0 -4.0 -4.0 -1.0 -1.0 -3.0 -3.0 0.0 -2.0 -3.0 -1.0 -3.0 0.0 -4.0 -1.0 -1.0 0.0 -4.0 -4.0 0.0 -2.0 -2.0 -1.0 -1.0 -4.0 0.0 -3.0 -4.0 -3.0 -4.0 -1.0 -4.0 -1.0 -2.0 -4.0 -3.0 -1.0 0.0 -3.0 -2.0 0.0 -3.0 -1.0 -2.0 -2.0 -2.0 -1.0 0.0 0.0 -1.0 -3.0 0.0 -4.0 -3.0 -2.0 -4.0 -1.0 -4.0 -2.0 -1.0 0.0 -1.0 -4.0 -1.0 -4.0 -3.0 0.0 -4.0 -2.0 -2.0 -2.0 -3.0 -1.0 -4.0 -3.0 -3.0 -1.0 -4.0 -1.0 0.0 -1.0 -1.0 -3.0 -3.0 0.0 -3.0 -2.0 -3.0 0.0 -2.0 -3.0 0.0 -4.0 -2.0 -3.0 -1.0 -1.0 -2.0 -4.0 -2.0 -2.0 -2.0 0.0 0.0 0.0 0.0 -3.0 -3.0 222.0 -2.0 -2.0 0.0 
0.0 -2.0 -1.0 -3.0 -1.0 -3.0 -2.0 0.0 -4.0 -4.0 -4.0 0.0 0.0 -1.0 -3.0 0.0 -1.0 0.0 -4.0 0.0 -2.0 -1.0 -4.0 -3.0 0.0 -1.0 -2.0 -1.0 -2.0 -2.0 0.0 0.0 0.0 0.0 -1.0 0.0 -1.0 -4.0 -3.0 -1.0 -4.0 0.0 -4.0 -4.0 -2.0 -2.0 -2.0 -4.0 -4.0 -1.0 -1.0 -1.0 -1.0 -3.0 -3.0 -3.0 -1.0 -4.0 -4.0 -2.0 -1.0 -2.0 0.0 -2.0 -1.0 -4.0 0.0 -4.0 -1.0 0.0 -4.0 -1.0 0.0 -2.0 -4.0 -2.0 -3.0 -1.0 -2.0 0.0 -3.0 -3.0 -2.0 -3.0 -2.0 0.0 -3.0 -4.0 0.0 0.0 0.0 -4.0 -1.0 -2.0 0.0 -3.0 -3.0 -4.0 0.0 -2.0 -3.0 -3.0 -3.0 0.0 0.0 0.0 0.0 -4.0 -2.0 -1.0 0.0 -1.0 204.0 -1.0 -2.0 
-4.0 0.0 0.0 -1.0 -4.0 -2.0 -2.0 -1.0 -2.0 -2.0 -4.0 -1.0 -2.0 -1.0 0.0 0.0 -3.0 -4.0 -1.0 -4.0 -2.0 -2.0 -2.0 -3.0 0.0 -4.0 -2.0 -2.0 -3.0 0.0 0.0 -3.0 -3.0 -2.0 -4.0 -1.0 -4.0 0.0 -1.0 0.0 -4.0 -3.0 -2.0 -3.0 -3.0 -4.0 -3.0 -4.0 -2.0 -3.0 -1.0 0.0 -3.0 0.0 -3.0 -3.0 -4.0 -3.0 -4.0 -3.0 -1.0 -3.0 -3.0 -4.0 -3.0 -4.0 -2.0 -2.0 -1.0 -4.0 -1.0 -4.0 -4.0 0.0 -1.0 -2.0 -3.0 -4.0 -3.0 -3.0 -1.0 -1.0 -1.0 -4.0 -2.0 -4.0 0.0 0.0 0.0 0.0 -4.0 0.0 0.0 -1.0 -3.0 -4.0 -1.0 -4.0 -4.0 -2.0 -2.0 -3.0 -2.0 0.0 -3.0 0.0 -3.0 -2.0 -3.0 -1.0 0.0 -3.0 -1.0 245.0 -3.0 
-1.0 -2.0 -2.0 0.0 -1.0 -4.0 0.0 0.0 -1.0 -3.0 -3.0 -3.0 -3.0 -3.0 0.0 0.0 -2.0 -1.0 -4.0 -1.0 -3.0 -1.0 -3.0 -3.0 0.0 -2.0 -2.0 -2.0 -2.0 -4.0 -4.0 -1.0 -2.0 -1.0 -2.0 0.0 -3.0 -2.0 -3.0 -2.0 -1.0 -1.0 -4.0 -1.0 -1.0 -4.0 -3.0 -2.0 -4.0 -3.0 -1.0 -4.0 -2.0 -1.0 -3.0 -2.0 -4.0 0.0 0.0 -4.0 -3.0 -4.0 -2.0 -2.0 -3.0 -2.0 0.0 -1.0 -1.0 -3.0 0.0 -3.0 -1.0 -3.0 -3.0 -3.0 -2.0 -3.0 -4.0 -1.0 -4.0 0.0 -2.0 -2.0 0.0 -2.0 -2.0 -1.0 -4.0 -2.0 -4.0 -2.0 -4.0 -1.0 -2.0 -2.0 -3.0 -1.0 -4.0 -4.0 -2.0 -2.0 -3.0 -4.0 -2.0 -1.0 -1.0 0.0 -4.0 -3.0 0.0 -1.0 0.0 -2.0 236.0 
-11521.000114 -11857.0 -12248.0 -12303.0 -11560.0 -11956.0 -12462.0 -11709.0 -10367.0 -11245.0 -10578.0 -9092.0 -10337.0 -10916.0 -9065.0 -10530.0 -9529.0 -8283.0 -9506.0 -9098.0 -9092.0 -8811.0 -7592.0 -7839.0 -6652.0 -8926.0 -7874.0 -6984.0 -8086.0 -5702.0 -6208.0 -6260.0 -6746.0 -5037.0 -5110.0 -6898.0 -5964.0 -5605.0 -5026.0 -3432.0 -3959.0 -4663.0 -3568.0 -3342.0 -4102.0 -2756.0 -2206.0 -2284.0 -2295.0 -1109.0 -2033.0 -397.0 -1405.0 -99.0 -1032.0 -1139.0 122.0 -711.0 -274.0 496.0 735.0 855.0 1843.0 712.0 2123.0 1267.0 2406.0 1996.0 2752.0 3240.0 2115.0 2631.0 3415.0 3772.0 4410.0 4533.0 4503.0 4819.0 4099.0 5255.0 5695.0 5104.0 5776.0 6115.0 6271.0 7417.0 7287.0 7086.0 6038.0 6345.0 6757.0 8043.0 7669.0 7958.0 8654.0 7830.0 9063.0 10442.0 9533.0 10307.0 10845.0 9577.0 9151.0 10014.0 11742.0 10658.0 11592.0 11510.0 11603.0 11632.0 13114.0 12394.0 11317.0 13839.0 13236.0 