26.999986 -1.0 -1.0 0.0 -1.0 -4.0 -3.0 -1.0 -3.0 -2.0 -1.0 -1.0 -3.0 -3.0 -3.0 
-1.0 32.0 -1.0 -4.0 -2.0 -1.0 0.0 -1.0 -4.0 -2.0 -4.0 -2.0 -4.0 -3.0 -3.0 
0.0 0.0 17.0 -1.0 -3.0 0.0 -2.0 -4.0 -1.0 -3.0 -3.0 0.0 0.0 0.0 0.0 
0.0 -1.0 -1.0 29.0 -4.0 -4.0 -4.0 -4.0 -4.0 -2.0 0.0 -2.0 -2.0 0.0 -1.0 
-1.0 -1.0 -2.0 -3.0 28.0 -3.0 -2.0 -4.0 -2.0 0.0 -1.0 -3.0 -3.0 -2.0 -1.0 
-3.0 -2.0 -1.0 -3.0 -1.0 27.0 -2.0 0.0 -3.0 0.0 -1.0 -4.0 -1.0 -3.0 -3.0 
-1.0 0.0 -4.0 -2.0 -3.0 -1.0 28.0 -3.0 0.0 -4.0 0.0 -3.0 -3.0 0.0 -4.0 
-3.0 0.0 0.0 -4.0 0.0 -1.0 -3.0 19.0 -3.0 -1.0 0.0 -1.0 0.0 -3.0 0.0 
0.0 -4.0 -4.0 -3.0 -1.0 -2.0 -1.0 -3.0 30.0 -4.0 0.0 -3.0 -2.0 -3.0 0.0 
-3.0 -2.0 0.0 -4.0 0.0 -2.0 -2.0 -1.0 -1.0 27.0 -1.0 -4.0 -3.0 -3.0 -1.0 
-2.0 -2.0 -1.0 -1.0 -2.0 -4.0 -4.0 -4.0 -3.0 -1.0 33.0 0.0 -3.0 -2.0 -4.0 
0.0 0.0 -4.0 -1.0 -4.0 -3.0 -1.0 -1.0 -1.0 -1.0 -2.0 24.0 -4.0 0.0 -2.0 
-2.0 -3.0 -2.0 -1.0 -4.0 -1.0 -3.0 -3.0 -3.0 -4.0 -2.0 -4.0 36.0 -2.0 -2.0 
-4.0 0.0 0.0 -2.0 -2.0 0.0 -3.0 -3.0 -3.0 -3.0 -2.0 -1.0 -3.0 28.0 -2.0 
-3.0 -2.0 -1.0 0.0 -1.0 -2.0 -2.0 -3.0 0.0 0.0 -2.0 0.0 -4.0 -2.0 22.0 
