205.886 -3.0 -4.0 -2.0 -2.0 0.0 -3.0 -4.0 -2.0 -3.0 -2.0 -1.0 -4.0 -4.0 0.0 -4.0 -2.0 0.0 -3.0 -2.0 -1.0 -2.0 -2.0 -1.0 -1.0 -1.0 -1.0 0.0 0.0 -1.0 -1.0 -1.0 -4.0 -2.0 0.0 0.0 -4.0 -3.0 0.0 -4.0 -4.0 -3.0 -4.0 -2.0 -3.0 -2.0 -2.0 -3.0 -1.0 -1.0 -2.0 -1.0 0.0 -2.0 -1.0 0.0 -2.0 -4.0 0.0 -2.0 -4.0 -3.0 0.0 0.0 -2.0 -1.0 0.0 0.0 -4.0 -1.0 -3.0 0.0 -3.0 0.0 0.0 -2.0 0.0 -3.0 -1.0 0.0 -1.0 -1.0 -2.0 -2.0 -2.0 -4.0 -1.0 -2.0 -4.0 -1.0 -2.0 0.0 -2.0 -4.0 -2.0 -2.0 -3.0 -3.0 -2.0 -4.0 -3.0 -1.0 0.0 0.0 -1.0 0.0 -4.0 -4.0 0.0 -1.0 0.0 -1.0 -1.0 -4.0 -2.0 
-1.0 238.0 -3.0 0.0 -1.0 -1.0 -4.0 -1.0 -3.0 -3.0 -1.0 -1.0 0.0 0.0 -3.0 -2.0 -1.0 -3.0 -2.0 -3.0 -4.0 -2.0 -3.0 -1.0 -4.0 -2.0 -4.0 -2.0 -4.0 -1.0 0.0 -4.0 -3.0 0.0 -4.0 0.0 -3.0 -4.0 -3.0 -4.0 0.0 -1.0 -1.0 -4.0 0.0 -1.0 0.0 -4.0 0.0 -3.0 -2.0 -4.0 -3.0 -4.0 -2.0 0.0 -3.0 -2.0 -3.0 -4.0 0.0 -3.0 0.0 -1.0 -4.0 -1.0 -2.0 -2.0 0.0 -3.0 -4.0 -4.0 -4.0 0.0 -2.0 0.0 -4.0 -1.0 -3.0 0.0 -1.0 -3.0 0.0 -2.0 -3.0 -1.0 0.0 -2.0 -4.0 -4.0 -4.0 -4.0 -1.0 -3.0 0.0 -3.0 -1.0 -4.0 0.0 -3.0 -2.0 0.0 -3.0 -2.0 -4.0 -3.0 -3.0 -4.0 -4.0 0.0 -4.0 0.0 0.0 -1.0 -1.0 
-4.0 -3.0 225.0 -2.0 -4.0 0.0 -3.0 -1.0 0.0 -2.0 -2.0 0.0 -1.0 -4.0 -4.0 -2.0 -1.0 -3.0 -4.0 -1.0 -4.0 0.0 0.0 0.0 -1.0 -1.0 -4.0 -3.0 -1.0 -3.0 -4.0 0.0 -1.0 -2.0 -1.0 -3.0 -4.0 0.0 -3.0 -1.0 -1.0 -1.0 -3.0 -3.0 -4.0 -1.0 0.0 -3.0 0.0 -2.0 -2.0 -2.0 -3.0 -3.0 -4.0 -1.0 -3.0 -1.0 -1.0 -3.0 0.0 -1.0 -1.0 -4.0 -3.0 0.0 -1.0 -3.0 -1.0 -2.0 -1.0 0.0 -3.0 0.0 -3.0 -4.0 -1.0 -3.0 0.0 -2.0 0.0 -2.0 -2.0 -3.0 -2.0 -4.0 -1.0 -4.0 -3.0 -3.0 -1.0 -4.0 -2.0 -2.0 -3.0 -1.0 -3.0 -1.0 -1.0 -3.0 -3.0 -2.0 -1.0 0.0 -1.0 -4.0 -3.0 -2.0 -3.0 -1.0 -3.0 -1.0 0.0 -4.0 -1.0 
-2.0 -4.0 -2.0 230.0 -1.0 -3.0 -3.0 -2.0 -1.0 -4.0 -3.0 -3.0 -2.0 -1.0 -3.0 -3.0 -3.0 -4.0 0.0 -2.0 -2.0 -4.0 -4.0 -4.0 -4.0 -3.0 -2.0 -4.0 -4.0 -2.0 -4.0 -3.0 -1.0 0.0 -2.0 -2.0 -1.0 -1.0 -2.0 -4.0 -2.0 -3.0 -1.0 0.0 -3.0 -1.0 -2.0 -4.0 0.0 -4.0 -4.0 0.0 0.0 -2.0 -1.0 0.0 -4.0 -1.0 0.0 -3.0 -2.0 -3.0 -2.0 -1.0 -2.0 0.0 0.0 -4.0 0.0 0.0 -2.0 -3.0 -1.0 -4.0 -3.0 -2.0 -3.0 -4.0 -2.0 -3.0 -3.0 -3.0 -3.0 0.0 -1.0 0.0 0.0 -1.0 -1.0 0.0 -2.0 -4.0 -3.0 0.0 -3.0 -1.0 -2.0 -3.0 -2.0 -2.0 -4.0 -4.0 0.0 -1.0 0.0 0.0 -1.0 -1.0 0.0 -2.0 -2.0 -4.0 -2.0 0.0 0.0 
-4.0 -4.0 -2.0 -3.0 224.0 0.0 -3.0 -1.0 0.0 -2.0 0.0 -2.0 -2.0 -2.0 -2.0 -2.0 0.0 -2.0 -3.0 -3.0 -3.0 -4.0 -2.0 0.0 -1.0 -3.0 -3.0 -2.0 0.0 -4.0 -4.0 -3.0 -1.0 -4.0 -3.0 0.0 -4.0 -2.0 -4.0 0.0 -2.0 -3.0 -1.0 -1.0 -2.0 -4.0 -1.0 -1.0 -3.0 -4.0 -4.0 0.0 0.0 0.0 -2.0 0.0 0.0 -1.0 -4.0 -3.0 0.0 -2.0 -2.0 -2.0 -3.0 -3.0 0.0 0.0 -1.0 -2.0 -3.0 0.0 -1.0 -3.0 0.0 -3.0 0.0 -4.0 -3.0 0.0 -3.0 -4.0 -3.0 -4.0 0.0 -1.0 0.0 -1.0 -2.0 -1.0 -3.0 -2.0 -1.0 0.0 -2.0 -2.0 -3.0 -1.0 -4.0 -3.0 -3.0 -2.0 0.0 -3.0 -4.0 -1.0 -2.0 -3.0 -1.0 0.0 -2.0 -4.0 0.0 -4.0 -3.0 
-2.0 -2.0 -3.0 0.0 0.0 233.0 -3.0 -2.0 -4.0 -1.0 0.0 -4.0 -3.0 -3.0 -2.0 -4.0 -4.0 -3.0 -1.0 0.0 -3.0 -2.0 -2.0 -1.0 -3.0 0.0 0.0 -4.0 0.0 0.0 -4.0 -2.0 -1.0 -2.0 -4.0 -1.0 0.0 -2.0 -2.0 0.0 -1.0 -1.0 -3.0 -4.0 -4.0 -1.0 -1.0 -1.0 -4.0 -1.0 0.0 -4.0 -3.0 -1.0 0.0 0.0 -2.0 0.0 -2.0 -3.0 -3.0 -3.0 -4.0 -2.0 -3.0 -2.0 -2.0 -3.0 -3.0 -4.0 0.0 -4.0 0.0 0.0 -3.0 -2.0 0.0 0.0 -1.0 -4.0 -4.0 0.0 -4.0 -3.0 0.0 -1.0 -4.0 -1.0 -2.0 0.0 -3.0 -3.0 -3.0 -2.0 -4.0 -3.0 -1.0 -2.0 -1.0 -4.0 -4.0 -4.0 0.0 0.0 -2.0 -1.0 -4.0 -3.0 -4.0 -3.0 -1.0 -3.0 -2.0 -3.0 -1.0 
-1.0 -2.0 -3.0 0.0 -3.0 -2.0 239.0 -4.0 -4.0 -2.0 -3.0 -2.0 0.0 -3.0 0.0 -4.0 0.0 -3.0 -4.0 -1.0 -2.0 -3.0 -2.0 0.0 -4.0 -1.0 0.0 -1.0 -1.0 -3.0 -4.0 -4.0 -4.0 -3.0 -3.0 -1.0 -2.0 -2.0 -3.0 -4.0 -1.0 -4.0 -3.0 0.0 -2.0 -3.0 -3.0 -2.0 0.0 -1.0 -1.0 -3.0 -3.0 -1.0 -2.0 -4.0 -1.0 -4.0 -2.0 -2.0 -2.0 -4.0 -3.0 -4.0 -2.0 -3.0 -3.0 -1.0 0.0 -4.0 -4.0 -3.0 -3.0 -2.0 -2.0 -2.0 -1.0 0.0 -4.0 -4.0 -1.0 -1.0 -3.0 0.0 -2.0 -4.0 -1.0 -1.0 0.0 -2.0 0.0 0.0 -3.0 -3.0 0.0 -1.0 -2.0 -3.0 0.0 -1.0 -1.0 0.0 -3.0 -2.0 -4.0 0.0 -3.0 0.0 -4.0 -3.0 -3.0 -3.0 -2.0 0.0 -2.0 
-4.0 -2.0 0.0 -3.0 -3.0 0.0 0.0 220.0 -2.0 -2.0 -1.0 -4.0 -3.0 -3.0 -1.0 -2.0 -3.0 -3.0 -4.0 -2.0 -3.0 -1.0 0.0 -1.0 -3.0 0.0 -1.0 -3.0 -3.0 0.0 0.0 0.0 -1.0 -2.0 -1.0 -2.0 0.0 -2.0 -4.0 0.0 -3.0 -3.0 0.0 -2.0 -1.0 -2.0 -2.0 -1.0 -2.0 0.0 -3.0 0.0 -1.0 -2.0 -2.0 -2.0 0.0 -2.0 -4.0 -3.0 -3.0 0.0 -2.0 -2.0 -2.0 -2.0 0.0 -4.0 0.0 0.0 -4.0 -3.0 0.0 -4.0 -3.0 -2.0 -2.0 -4.0 -3.0 -1.0 0.0 -1.0 -1.0 -1.0 0.0 -1.0 -4.0 -2.0 -3.0 -3.0 -4.0 -3.0 -2.0 -1.0 -1.0 0.0 -4.0 -4.0 -2.0 -1.0 -3.0 -2.0 -4.0 0.0 -3.0 0.0 -3.0 -4.0 0.0 -1.0 -4.0 -4.0 -4.0 -2.0 -3.0 
-3.0 -4.0 0.0 -2.0 -3.0 -2.0 -3.0 -4.0 250.0 -1.0 0.0 -3.0 -2.0 -4.0 0.0 0.0 -3.0 -3.0 -2.0 -4.0 -4.0 -4.0 -2.0 -2.0 -3.0 -2.0 -2.0 -2.0 -4.0 -2.0 -3.0 -1.0 -4.0 -4.0 -2.0 -2.0 -2.0 0.0 -2.0 -3.0 -2.0 -3.0 -3.0 -2.0 -3.0 -2.0 -4.0 -4.0 -1.0 -3.0 -3.0 -2.0 -2.0 0.0 -2.0 -4.0 -1.0 -3.0 0.0 -4.0 -4.0 -1.0 -2.0 -4.0 -2.0 -3.0 0.0 0.0 -4.0 -3.0 -3.0 -1.0 -4.0 -2.0 0.0 0.0 -3.0 -1.0 -4.0 0.0 -1.0 -3.0 -2.0 -3.0 -2.0 -2.0 -4.0 -4.0 0.0 -2.0 0.0 -2.0 0.0 -1.0 -3.0 -1.0 -3.0 -2.0 -4.0 -1.0 -1.0 -3.0 0.0 -2.0 -1.0 -3.0 0.0 -3.0 0.0 -1.0 -1.0 -3.0 -4.0 -4.0 -2.0 
-3.0 -1.0 -3.0 0.0 -1.0 -2.0 -2.0 -4.0 -2.0 245.0 0.0 -2.0 -4.0 -3.0 -3.0 -4.0 0.0 -2.0 -2.0 -2.0 0.0 0.0 -4.0 -4.0 -2.0 -4.0 -3.0 -2.0 0.0 -1.0 -2.0 -4.0 -2.0 -2.0 -4.0 -4.0 -3.0 -1.0 -1.0 -1.0 -2.0 -3.0 -4.0 0.0 -1.0 -4.0 -2.0 -3.0 0.0 -1.0 -3.0 0.0 -4.0 -3.0 -4.0 -2.0 -4.0 -3.0 0.0 -3.0 -3.0 -2.0 -4.0 -2.0 -1.0 -3.0 -2.0 0.0 -3.0 0.0 0.0 -3.0 -4.0 -1.0 -1.0 -1.0 -1.0 -2.0 -1.0 -3.0 -2.0 -4.0 -2.0 -2.0 -2.0 -3.0 -1.0 -1.0 -3.0 -1.0 -4.0 -3.0 -2.0 0.0 -1.0 -2.0 -2.0 -4.0 -2.0 -1.0 -2.0 -1.0 -1.0 -4.0 -3.0 -3.0 -2.0 0.0 -2.0 -4.0 -4.0 -3.0 -4.0 -1.0 -2.0 
-2.0 -4.0 -2.0 -4.0 -1.0 0.0 -2.0 -1.0 0.0 -2.0 241.0 -3.0 -4.0 -3.0 0.0 -3.0 -2.0 -1.0 -2.0 0.0 0.0 0.0 -4.0 -2.0 0.0 0.0 -2.0 -4.0 -2.0 -4.0 -3.0 0.0 -4.0 -4.0 0.0 -3.0 -1.0 -1.0 -4.0 0.0 -3.0 0.0 -2.0 -4.0 -2.0 -2.0 -2.0 -2.0 -4.0 -4.0 -2.0 -4.0 -1.0 -3.0 -3.0 -2.0 -1.0 -2.0 -1.0 -2.0 -4.0 0.0 -3.0 -1.0 -4.0 -2.0 -2.0 0.0 -1.0 -4.0 -3.0 -1.0 -3.0 -4.0 -3.0 -4.0 -1.0 -3.0 -4.0 -2.0 -2.0 -2.0 -1.0 0.0 -2.0 -2.0 0.0 0.0 0.0 -1.0 -4.0 -2.0 -4.0 -4.0 -4.0 -1.0 -4.0 -3.0 -1.0 -2.0 -2.0 0.0 -2.0 -2.0 -4.0 -3.0 -2.0 0.0 -1.0 -2.0 -3.0 -3.0 -4.0 -2.0 -3.0 
-3.0 0.0 -1.0 -1.0 0.0 0.0 -2.0 -2.0 -2.0 -1.0 -3.0 198.0 -3.0 -4.0 -1.0 -1.0 -4.0 0.0 -4.0 0.0 -1.0 -4.0 -4.0 0.0 -3.0 -2.0 -3.0 -1.0 0.0 -2.0 -3.0 -4.0 -3.0 -1.0 0.0 -1.0 0.0 -4.0 -1.0 -2.0 -1.0 -1.0 -1.0 -3.0 0.0 -3.0 0.0 0.0 -2.0 -4.0 -3.0 0.0 -2.0 0.0 -4.0 -4.0 -2.0 -2.0 -3.0 -1.0 -3.0 0.0 -3.0 -3.0 -2.0 0.0 -4.0 -2.0 0.0 -2.0 -1.0 -4.0 -2.0 -1.0 -3.0 -1.0 -3.0 0.0 -4.0 0.0 -1.0 0.0 -4.0 -1.0 -4.0 -2.0 -4.0 -2.0 -4.0 0.0 0.0 -1.0 -3.0 0.0 0.0 -2.0 -2.0 -2.0 0.0 0.0 -1.0 -2.0 -2.0 -4.0 -1.0 -4.0 0.0 -1.0 -2.0 -1.0 -1.0 0.0 0.0 0.0 -2.0 
-3.0 -2.0 -3.0 -1.0 -4.0 -4.0 -2.0 -3.0 -3.0 0.0 -2.0 -1.0 209.0 0.0 -2.0 0.0 0.0 -2.0 -3.0 -3.0 -1.0 -4.0 -3.0 -4.0 -4.0 0.0 -1.0 -1.0 0.0 -3.0 0.0 -3.0 -4.0 -2.0 -2.0 -3.0 -3.0 0.0 -4.0 -3.0 0.0 -3.0 -1.0 0.0 -3.0 -3.0 -2.0 -1.0 -3.0 -3.0 -3.0 -4.0 -1.0 -2.0 -4.0 -2.0 -3.0 -4.0 -3.0 0.0 0.0 -2.0 -3.0 -1.0 -1.0 -2.0 -3.0 -1.0 -3.0 -2.0 0.0 0.0 -3.0 -3.0 0.0 -3.0 -3.0 -1.0 -2.0 -1.0 -1.0 -4.0 -2.0 0.0 -4.0 -2.0 0.0 0.0 -3.0 0.0 -1.0 0.0 0.0 -1.0 -1.0 -2.0 -4.0 0.0 -1.0 0.0 -4.0 -3.0 0.0 0.0 -3.0 0.0 0.0 -4.0 0.0 -2.0 -4.0 -1.0 0.0 0.0 0.0 
-4.0 -2.0 -1.0 -4.0 -3.0 0.0 -1.0 -4.0 -4.0 -1.0 -3.0 -4.0 -2.0 208.0 -3.0 -1.0 -4.0 0.0 -4.0 -2.0 0.0 -3.0 -2.0 -4.0 -1.0 -2.0 -1.0 -4.0 -1.0 -4.0 0.0 0.0 -2.0 0.0 -1.0 0.0 -4.0 -4.0 -2.0 -1.0 -2.0 -4.0 -3.0 0.0 -1.0 -1.0 -1.0 -1.0 0.0 -3.0 -1.0 0.0 -3.0 0.0 -2.0 -1.0 -1.0 -4.0 0.0 0.0 -1.0 -4.0 -1.0 -3.0 -4.0 0.0 0.0 0.0 0.0 -4.0 -4.0 -2.0 -4.0 -2.0 -3.0 0.0 -1.0 -1.0 0.0 -2.0 -2.0 -2.0 -1.0 0.0 -1.0 0.0 -3.0 0.0 -1.0 -4.0 -1.0 0.0 0.0 -4.0 -4.0 -3.0 -3.0 -4.0 -2.0 -2.0 -3.0 -1.0 -1.0 -1.0 -3.0 -2.0 -1.0 -1.0 -1.0 -3.0 -1.0 0.0 0.0 -2.0 -4.0 
-2.0 -3.0 0.0 -1.0 -3.0 -4.0 -1.0 -1.0 0.0 -2.0 -1.0 -3.0 0.0 -2.0 215.0 0.0 -3.0 -3.0 -3.0 -2.0 -3.0 -3.0 -3.0 -1.0 -1.0 -4.0 -3.0 0.0 -3.0 -1.0 -3.0 -4.0 -2.0 0.0 -1.0 -4.0 -2.0 -2.0 -2.0 -1.0 -1.0 -4.0 -1.0 0.0 -2.0 -3.0 0.0 -3.0 -2.0 -1.0 -3.0 -1.0 -4.0 -3.0 -3.0 -3.0 0.0 0.0 0.0 -4.0 -4.0 0.0 -3.0 -4.0 -2.0 0.0 -1.0 0.0 0.0 -3.0 0.0 -1.0 0.0 -3.0 -2.0 -4.0 0.0 -1.0 -3.0 0.0 0.0 -1.0 0.0 -3.0 0.0 -4.0 -4.0 -2.0 -2.0 -4.0 -3.0 -2.0 -4.0 -4.0 -4.0 -4.0 0.0 -2.0 -3.0 -1.0 -3.0 -4.0 0.0 -2.0 0.0 -3.0 0.0 -1.0 -1.0 -2.0 0.0 -2.0 0.0 -3.0 -1.0 
-1.0 -1.0 -1.0 -2.0 -2.0 -4.0 0.0 -4.0 -1.0 0.0 -1.0 -1.0 -1.0 -4.0 -1.0 218.0 -1.0 -1.0 -3.0 -4.0 -2.0 -3.0 -1.0 -3.0 -1.0 -1.0 0.0 -2.0 -1.0 -4.0 -4.0 -1.0 -1.0 -4.0 -2.0 -1.0 -3.0 -3.0 -2.0 -4.0 0.0 -3.0 0.0 -1.0 -2.0 -2.0 -2.0 0.0 -3.0 0.0 -4.0 -1.0 0.0 0.0 -3.0 0.0 -1.0 -1.0 -3.0 0.0 0.0 -1.0 -3.0 -4.0 -2.0 0.0 -1.0 -4.0 -4.0 -2.0 -1.0 -3.0 -3.0 0.0 -4.0 -4.0 -4.0 -3.0 -3.0 -1.0 -2.0 -4.0 -4.0 -2.0 -1.0 -3.0 -1.0 -4.0 -3.0 0.0 -2.0 -2.0 -3.0 0.0 -4.0 -3.0 -2.0 -3.0 -1.0 -2.0 0.0 0.0 0.0 0.0 -3.0 -4.0 -3.0 -4.0 0.0 -4.0 0.0 -3.0 0.0 -2.0 0.0 
0.0 -1.0 -3.0 -1.0 -3.0 -1.0 -4.0 -1.0 -4.0 -2.0 -3.0 -2.0 -4.0 -4.0 -3.0 -1.0 244.0 -3.0 -4.0 -2.0 -1.0 -4.0 -1.0 -2.0 -4.0 -3.0 -4.0 0.0 -3.0 -2.0 -2.0 -3.0 -1.0 0.0 -3.0 -3.0 -3.0 -2.0 -1.0 -2.0 -3.0 -4.0 -3.0 -1.0 -2.0 -3.0 -1.0 -4.0 -4.0 -4.0 -1.0 -3.0 -3.0 -4.0 0.0 0.0 -1.0 0.0 -1.0 0.0 -3.0 -4.0 -1.0 -4.0 -2.0 0.0 -3.0 -3.0 0.0 0.0 0.0 -4.0 -4.0 -4.0 -4.0 -1.0 -3.0 -3.0 0.0 0.0 -1.0 -2.0 -1.0 -2.0 -2.0 -3.0 -3.0 -1.0 0.0 -3.0 -2.0 -1.0 -1.0 -2.0 -4.0 0.0 -4.0 -4.0 -2.0 -4.0 -1.0 0.0 -2.0 -2.0 -3.0 -4.0 -1.0 -2.0 -1.0 -2.0 -1.0 -2.0 -1.0 -4.0 -1.0 
-3.0 -3.0 -2.0 0.0 -2.0 -1.0 -3.0 -3.0 -1.0 -4.0 -4.0 0.0 -1.0 0.0 -3.0 0.0 0.0 237.0 0.0 0.0 -3.0 -4.0 -3.0 0.0 -4.0 -1.0 -4.0 0.0 -4.0 -3.0 -2.0 0.0 -4.0 -3.0 -2.0 -1.0 -1.0 -4.0 -3.0 -3.0 -3.0 -3.0 0.0 -4.0 -4.0 0.0 -1.0 -4.0 -4.0 -1.0 -2.0 -4.0 -4.0 -4.0 -3.0 0.0 -4.0 -1.0 -3.0 -2.0 -4.0 0.0 0.0 0.0 -4.0 -3.0 -1.0 -3.0 -2.0 0.0 -2.0 -2.0 -3.0 -2.0 -1.0 -1.0 0.0 -2.0 0.0 -2.0 -4.0 -3.0 -1.0 -1.0 -4.0 0.0 -4.0 -3.0 -1.0 -1.0 -4.0 -1.0 0.0 -4.0 -1.0 -1.0 -3.0 -1.0 -2.0 -2.0 -4.0 -3.0 -1.0 -3.0 -4.0 -2.0 -2.0 -4.0 -3.0 -2.0 0.0 -2.0 -1.0 0.0 -3.0 
-3.0 -1.0 0.0 0.0 -2.0 -2.0 0.0 -4.0 0.0 -1.0 -2.0 -3.0 -1.0 -4.0 -3.0 -4.0 -2.0 -2.0 210.0 -3.0 -2.0 -4.0 -2.0 -4.0 -1.0 -1.0 -1.0 -1.0 0.0 -1.0 0.0 -1.0 0.0 -3.0 -3.0 0.0 0.0 -4.0 -3.0 -4.0 -4.0 -2.0 -2.0 -4.0 -1.0 -4.0 -2.0 -3.0 -3.0 -1.0 -3.0 -3.0 0.0 -2.0 0.0 -2.0 -4.0 -1.0 0.0 -3.0 -4.0 -4.0 -2.0 0.0 -2.0 -3.0 -1.0 -3.0 -2.0 0.0 -2.0 -2.0 -1.0 -2.0 -1.0 -1.0 -3.0 0.0 0.0 -2.0 -4.0 0.0 0.0 -2.0 -3.0 -3.0 -1.0 -1.0 -1.0 -1.0 -2.0 -4.0 -2.0 -1.0 0.0 -4.0 0.0 -3.0 -4.0 -2.0 -1.0 -1.0 -2.0 0.0 -2.0 -1.0 0.0 -2.0 -1.0 -1.0 0.0 -2.0 -3.0 -4.0 -1.0 
-1.0 0.0 -4.0 -3.0 -4.0 -1.0 -4.0 -4.0 -2.0 -4.0 -2.0 -3.0 0.0 -3.0 -1.0 -1.0 0.0 -1.0 -2.0 217.0 -2.0 -4.0 0.0 -3.0 -2.0 -2.0 0.0 -2.0 -3.0 0.0 -1.0 -3.0 -4.0 -2.0 -4.0 0.0 0.0 -1.0 -1.0 -1.0 -4.0 -4.0 -3.0 -4.0 -2.0 0.0 0.0 -2.0 -4.0 -4.0 -3.0 -3.0 -4.0 -3.0 0.0 -1.0 -3.0 -3.0 -1.0 -2.0 -4.0 -3.0 0.0 -2.0 -2.0 0.0 -1.0 -1.0 -2.0 -1.0 -4.0 0.0 -2.0 -1.0 -4.0 0.0 -1.0 -2.0 -1.0 -3.0 -4.0 -1.0 -1.0 -2.0 -1.0 -3.0 -4.0 -1.0 -1.0 -3.0 -3.0 -3.0 0.0 -4.0 -2.0 -1.0 -1.0 0.0 -3.0 -1.0 -2.0 -1.0 -2.0 -1.0 0.0 0.0 -2.0 -2.0 -2.0 0.0 0.0 -1.0 -3.0 -1.0 -2.0 
-1.0 -1.0 -4.0 -3.0 -3.0 -4.0 -2.0 -2.0 -2.0 -3.0 -3.0 -1.0 -4.0 -3.0 -4.0 -1.0 -4.0 -3.0 -2.0 -3.0 227.0 -1.0 -2.0 -3.0 -4.0 -4.0 -4.0 0.0 -3.0 -4.0 0.0 -1.0 0.0 -3.0 -3.0 0.0 -4.0 -3.0 0.0 -3.0 -2.0 -4.0 -3.0 -1.0 0.0 -1.0 -2.0 -2.0 -2.0 -2.0 -2.0 -3.0 -1.0 -1.0 -2.0 -1.0 -2.0 -1.0 -2.0 0.0 0.0 -2.0 0.0 -1.0 -2.0 -4.0 -3.0 -2.0 0.0 0.0 -3.0 0.0 -4.0 -3.0 0.0 -2.0 -2.0 -1.0 -3.0 -2.0 -3.0 0.0 -1.0 0.0 -2.0 0.0 -3.0 -1.0 0.0 0.0 -3.0 -3.0 -2.0 -4.0 -3.0 -4.0 -2.0 0.0 -3.0 -4.0 -3.0 -2.0 -2.0 -1.0 -2.0 0.0 -1.0 -4.0 -1.0 -4.0 -1.0 0.0 -4.0 -1.0 0.0 
0.0 -4.0 -1.0 -3.0 -3.0 -2.0 -1.0 -1.0 -1.0 -3.0 -4.0 -4.0 -4.0 -2.0 0.0 -3.0 -4.0 -3.0 0.0 0.0 -3.0 221.0 0.0 -1.0 -2.0 -1.0 -4.0 0.0 -4.0 -4.0 -3.0 0.0 -2.0 -3.0 -3.0 -1.0 -1.0 -2.0 -3.0 0.0 -4.0 0.0 -1.0 -3.0 -3.0 -3.0 -1.0 -2.0 -4.0 -3.0 -3.0 -1.0 0.0 -4.0 0.0 -2.0 -4.0 -1.0 -3.0 -3.0 -1.0 -2.0 -4.0 -4.0 -2.0 -4.0 -4.0 -1.0 -4.0 -1.0 -1.0 -2.0 0.0 0.0 -2.0 0.0 0.0 -4.0 -1.0 -1.0 -2.0 -2.0 -3.0 0.0 -2.0 -4.0 -3.0 -2.0 0.0 0.0 -2.0 0.0 -3.0 0.0 -3.0 0.0 -1.0 0.0 -4.0 -1.0 -1.0 -4.0 -2.0 0.0 -4.0 -2.0 -1.0 -1.0 -1.0 -4.0 0.0 -2.0 -3.0 0.0 -1.0 
0.0 -1.0 -4.0 -1.0 -4.0 -4.0 -1.0 0.0 -3.0 0.0 0.0 0.0 0.0 0.0 -4.0 -1.0 0.0 -1.0 -1.0 -2.0 -4.0 -3.0 200.0 -1.0 0.0 -3.0 -3.0 -2.0 -1.0 -2.0 0.0 -3.0 0.0 -2.0 -3.0 -3.0 -3.0 -4.0 -2.0 -1.0 0.0 -1.0 -4.0 0.0 0.0 0.0 -2.0 -3.0 -2.0 -1.0 -2.0 -1.0 0.0 0.0 -3.0 -1.0 -3.0 -3.0 -4.0 -4.0 0.0 -1.0 0.0 -2.0 -4.0 -4.0 0.0 0.0 0.0 -2.0 -4.0 0.0 -4.0 -1.0 -2.0 -2.0 -2.0 -3.0 -1.0 -1.0 -1.0 0.0 -3.0 0.0 0.0 -1.0 -3.0 -1.0 -3.0 0.0 -2.0 -1.0 -4.0 0.0 -1.0 -3.0 -4.0 -3.0 -2.0 0.0 -3.0 -1.0 -1.0 -2.0 -3.0 -1.0 -1.0 -2.0 -4.0 -2.0 -3.0 -2.0 -2.0 -3.0 -4.0 
-3.0 -1.0 0.0 -2.0 0.0 -1.0 -1.0 -1.0 -4.0 -4.0 0.0 -2.0 -1.0 -1.0 -1.0 0.0 -3.0 -2.0 -4.0 0.0 -3.0 -2.0 -2.0 202.0 -1.0 -1.0 0.0 -1.0 -2.0 -4.0 -1.0 -4.0 0.0 -2.0 -3.0 0.0 -1.0 -3.0 -3.0 -3.0 0.0 -4.0 -2.0 0.0 0.0 -4.0 -2.0 -4.0 0.0 0.0 -3.0 -2.0 -3.0 0.0 0.0 -3.0 -2.0 0.0 -2.0 -2.0 -2.0 0.0 -4.0 0.0 0.0 -3.0 -3.0 -2.0 -1.0 -2.0 -2.0 0.0 -1.0 -1.0 -2.0 0.0 -4.0 -3.0 -2.0 -1.0 -3.0 -2.0 -2.0 0.0 -2.0 -4.0 0.0 -1.0 -1.0 -1.0 -1.0 -2.0 -2.0 -4.0 -1.0 -1.0 -3.0 -2.0 -2.0 -2.0 -1.0 -1.0 -4.0 -1.0 -4.0 -1.0 -4.0 -4.0 -2.0 0.0 -2.0 -3.0 -2.0 0.0 -4.0 
-4.0 -2.0 -2.0 0.0 -4.0 -2.0 -3.0 -3.0 -3.0 0.0 0.0 -3.0 -3.0 -3.0 -4.0 0.0 -4.0 0.0 -4.0 -2.0 -2.0 -1.0 -2.0 -2.0 246.0 -3.0 -4.0 -1.0 -4.0 -3.0 -2.0 0.0 -1.0 -2.0 -3.0 0.0 -3.0 -1.0 -1.0 -3.0 -4.0 -4.0 0.0 -1.0 0.0 -2.0 -4.0 -2.0 -3.0 -1.0 -1.0 -2.0 -2.0 -1.0 -2.0 -3.0 -1.0 -2.0 -4.0 -4.0 -1.0 -2.0 -3.0 -3.0 0.0 -2.0 -2.0 -2.0 -3.0 -4.0 -3.0 -1.0 -3.0 0.0 -4.0 -3.0 -3.0 -1.0 -3.0 -1.0 0.0 -3.0 0.0 -4.0 0.0 -3.0 -3.0 0.0 0.0 -3.0 -1.0 -1.0 -4.0 -1.0 -4.0 -1.0 -1.0 -4.0 -2.0 -3.0 -1.0 -3.0 -1.0 -2.0 -2.0 -4.0 -4.0 -2.0 -2.0 -2.0 -3.0 -3.0 -4.0 -2.0 -2.0 
-3.0 -4.0 -2.0 -4.0 -4.0 0.0 -4.0 -3.0 -1.0 -2.0 -3.0 -4.0 -4.0 -3.0 0.0 0.0 -2.0 -3.0 -4.0 -4.0 -4.0 -4.0 0.0 -3.0 0.0 256.0 -3.0 0.0 -1.0 -1.0 0.0 0.0 -2.0 -2.0 -2.0 -1.0 0.0 0.0 -4.0 0.0 0.0 0.0 -4.0 -4.0 -2.0 -4.0 -3.0 -2.0 0.0 0.0 -2.0 -4.0 -3.0 0.0 -1.0 -2.0 -3.0 0.0 -4.0 -1.0 -1.0 -2.0 -4.0 -2.0 -2.0 -2.0 -3.0 -2.0 -2.0 -4.0 -4.0 0.0 0.0 -2.0 -1.0 -3.0 -3.0 -4.0 -4.0 -4.0 -2.0 -3.0 -4.0 -4.0 -1.0 -1.0 -4.0 -4.0 -1.0 -2.0 -3.0 -4.0 -3.0 -4.0 0.0 -1.0 -3.0 -1.0 -4.0 -4.0 -4.0 -1.0 -2.0 -1.0 0.0 -4.0 -1.0 -1.0 -3.0 -3.0 -4.0 -4.0 -1.0 -2.0 -3.0 
-1.0 -4.0 -3.0 -3.0 -4.0 -2.0 0.0 -4.0 -1.0 -3.0 -2.0 0.0 -2.0 -2.0 -2.0 -1.0 -3.0 -2.0 -1.0 0.0 -4.0 0.0 -2.0 -4.0 -4.0 -4.0 205.0 0.0 -3.0 -2.0 0.0 -4.0 0.0 -1.0 0.0 -1.0 0.0 -2.0 -2.0 0.0 -1.0 0.0 -1.0 -1.0 -2.0 0.0 -4.0 -4.0 -1.0 -4.0 -4.0 -3.0 -4.0 -3.0 -4.0 -3.0 -1.0 -3.0 -3.0 -3.0 -1.0 -3.0 0.0 -1.0 -1.0 0.0 0.0 0.0 0.0 -4.0 0.0 0.0 -2.0 -3.0 0.0 -1.0 0.0 -4.0 0.0 -3.0 -2.0 0.0 0.0 -2.0 -2.0 -2.0 -3.0 -1.0 -4.0 -3.0 -2.0 -2.0 -3.0 -4.0 -2.0 -1.0 -4.0 0.0 -1.0 -1.0 -3.0 0.0 -2.0 -1.0 0.0 -2.0 -3.0 -2.0 -2.0 -1.0 -1.0 0.0 -2.0 0.0 -2.0 
-2.0 -2.0 -2.0 -4.0 -4.0 0.0 -1.0 0.0 -3.0 0.0 -4.0 -3.0 -1.0 0.0 -2.0 -1.0 0.0 -3.0 -3.0 -1.0 -3.0 -1.0 -1.0 -3.0 -4.0 -4.0 -4.0 215.0 -4.0 -4.0 -2.0 -1.0 -1.0 -2.0 -4.0 0.0 -4.0 -4.0 -4.0 -3.0 0.0 -2.0 -4.0 0.0 -4.0 0.0 -1.0 -2.0 -1.0 -1.0 -4.0 -1.0 -1.0 -3.0 -2.0 -4.0 -3.0 0.0 0.0 -1.0 -4.0 0.0 -2.0 0.0 -2.0 0.0 0.0 -3.0 -1.0 -4.0 -3.0 -1.0 0.0 -4.0 -4.0 -4.0 -2.0 -2.0 0.0 -3.0 -1.0 -1.0 0.0 0.0 -2.0 -2.0 -1.0 -1.0 -3.0 0.0 -2.0 -2.0 -4.0 -2.0 -3.0 -1.0 0.0 -3.0 0.0 -1.0 -3.0 0.0 0.0 -4.0 -2.0 -4.0 -3.0 -1.0 -1.0 0.0 -3.0 0.0 0.0 0.0 -3.0 
-2.0 -4.0 0.0 0.0 -3.0 -2.0 -3.0 0.0 -4.0 -3.0 -1.0 -1.0 -3.0 0.0 -4.0 -4.0 -4.0 -1.0 0.0 0.0 -4.0 -2.0 0.0 0.0 -4.0 0.0 -4.0 0.0 210.0 0.0 -3.0 -2.0 -3.0 -4.0 0.0 -3.0 -1.0 -3.0 -3.0 -1.0 -1.0 -3.0 -1.0 -2.0 -2.0 -3.0 0.0 0.0 -2.0 0.0 0.0 0.0 -3.0 -1.0 0.0 -2.0 -1.0 -1.0 -1.0 -2.0 -3.0 -2.0 0.0 -1.0 -3.0 -3.0 0.0 -2.0 -4.0 -2.0 -2.0 0.0 -4.0 -3.0 0.0 0.0 -2.0 -3.0 0.0 -4.0 -2.0 0.0 0.0 -2.0 -4.0 -1.0 0.0 -2.0 -4.0 -4.0 0.0 -2.0 -4.0 -1.0 -4.0 -1.0 -4.0 -2.0 -2.0 -4.0 -1.0 -4.0 -3.0 0.0 -2.0 -4.0 -1.0 0.0 -1.0 -2.0 -3.0 0.0 -3.0 -1.0 -3.0 
-4.0 -4.0 -3.0 0.0 -3.0 0.0 -3.0 -4.0 -2.0 -2.0 0.0 -3.0 -1.0 -2.0 -2.0 0.0 -3.0 -2.0 -3.0 -1.0 -4.0 -3.0 0.0 -4.0 -3.0 -4.0 -1.0 0.0 -3.0 239.0 0.0 -1.0 0.0 0.0 0.0 -1.0 -1.0 -3.0 -3.0 -3.0 -3.0 0.0 -4.0 -3.0 -2.0 -1.0 -4.0 -4.0 -2.0 0.0 -2.0 -1.0 -3.0 -2.0 0.0 -2.0 -4.0 -4.0 -3.0 -4.0 0.0 -3.0 -3.0 0.0 -4.0 -3.0 -2.0 -4.0 -4.0 0.0 0.0 0.0 -4.0 0.0 -4.0 -3.0 0.0 0.0 -4.0 -1.0 -4.0 -4.0 -2.0 -1.0 0.0 -4.0 -1.0 -3.0 0.0 -3.0 -3.0 -1.0 -1.0 -1.0 -4.0 -4.0 -1.0 -2.0 -4.0 -1.0 -1.0 -1.0 0.0 -3.0 -4.0 -1.0 -4.0 -3.0 0.0 -4.0 0.0 -2.0 -4.0 -3.0 -2.0 
0.0 -2.0 -1.0 -2.0 -3.0 -2.0 -2.0 -1.0 -3.0 -3.0 0.0 0.0 -2.0 -3.0 -2.0 0.0 -3.0 0.0 -1.0 -2.0 -4.0 -3.0 -4.0 -2.0 -4.0 -4.0 0.0 -3.0 -2.0 -3.0 241.0 -2.0 -3.0 -4.0 -4.0 0.0 -4.0 -1.0 -2.0 -2.0 -3.0 -4.0 -2.0 0.0 -3.0 -1.0 -2.0 0.0 -4.0 -2.0 -3.0 -1.0 0.0 -3.0 0.0 0.0 -1.0 -2.0 -3.0 0.0 0.0 -4.0 -2.0 -3.0 -2.0 -4.0 0.0 -3.0 -2.0 -3.0 -3.0 0.0 -1.0 -3.0 0.0 -1.0 -4.0 -3.0 -4.0 -1.0 -4.0 0.0 -1.0 -3.0 -3.0 -4.0 -4.0 -4.0 0.0 -2.0 -2.0 -4.0 -4.0 -2.0 -3.0 -3.0 0.0 -1.0 -1.0 -4.0 0.0 -2.0 -2.0 -4.0 -1.0 -3.0 -3.0 -2.0 -4.0 -4.0 -1.0 -2.0 0.0 -2.0 -2.0 
-4.0 0.0 -1.0 -2.0 -3.0 -1.0 -1.0 -3.0 -2.0 -3.0 -3.0 -2.0 -4.0 -3.0 -4.0 -2.0 -4.0 -4.0 -2.0 -4.0 -1.0 0.0 -2.0 -2.0 -1.0 0.0 -4.0 -2.0 -4.0 -3.0 0.0 221.0 -2.0 0.0 -3.0 -4.0 -1.0 -3.0 0.0 -3.0 -1.0 -4.0 -1.0 0.0 -1.0 -3.0 0.0 -2.0 0.0 -3.0 -2.0 -4.0 0.0 0.0 -1.0 -2.0 -1.0 -1.0 -4.0 -3.0 -3.0 -4.0 -3.0 -4.0 -2.0 -2.0 -1.0 -4.0 -3.0 -1.0 -4.0 -1.0 -1.0 -2.0 -1.0 -4.0 0.0 -4.0 -3.0 0.0 0.0 0.0 -3.0 0.0 0.0 0.0 -4.0 -3.0 -3.0 -1.0 0.0 0.0 -4.0 -1.0 0.0 -1.0 -1.0 -4.0 -1.0 -3.0 -1.0 -2.0 -3.0 -4.0 -3.0 -1.0 -3.0 0.0 -1.0 -1.0 -3.0 0.0 0.0 0.0 -3.0 
0.0 -4.0 -3.0 -4.0 0.0 -2.0 0.0 -2.0 -3.0 -4.0 -3.0 -1.0 -2.0 -4.0 -2.0 -3.0 -2.0 -2.0 -2.0 -1.0 -4.0 -4.0 -2.0 0.0 0.0 -2.0 -4.0 -3.0 -2.0 -2.0 0.0 -4.0 224.0 -1.0 -3.0 0.0 -2.0 -3.0 0.0 -3.0 -2.0 -3.0 0.0 -1.0 0.0 -1.0 0.0 -4.0 -3.0 -3.0 -4.0 0.0 -1.0 0.0 -3.0 -2.0 -3.0 -4.0 -2.0 0.0 -2.0 0.0 -2.0 -4.0 -4.0 -2.0 -4.0 0.0 -1.0 -1.0 -1.0 -4.0 -4.0 -4.0 -2.0 -1.0 -4.0 0.0 -2.0 -3.0 0.0 -2.0 -1.0 -3.0 -1.0 -2.0 0.0 -1.0 -4.0 -4.0 -1.0 -1.0 -4.0 0.0 0.0 -2.0 0.0 -1.0 -1.0 -4.0 -3.0 -1.0 -4.0 -1.0 -3.0 -3.0 0.0 -2.0 -2.0 0.0 -2.0 0.0 -2.0 -2.0 -3.0 
0.0 -4.0 -2.0 -3.0 -3.0 -4.0 -4.0 -4.0 -3.0 0.0 -2.0 -4.0 -3.0 0.0 -1.0 -3.0 0.0 -4.0 -1.0 -4.0 -4.0 -3.0 0.0 0.0 -3.0 -2.0 -4.0 0.0 -3.0 -4.0 -3.0 -1.0 -3.0 245.0 -3.0 -4.0 -4.0 0.0 -3.0 -3.0 -3.0 0.0 -3.0 -3.0 -3.0 0.0 -2.0 0.0 -1.0 0.0 -2.0 0.0 -3.0 -2.0 -3.0 -3.0 -1.0 -3.0 -4.0 0.0 0.0 -3.0 -3.0 -1.0 -4.0 0.0 0.0 -3.0 0.0 -3.0 -4.0 -2.0 -3.0 -2.0 -1.0 -3.0 -3.0 -1.0 -2.0 -1.0 -3.0 -4.0 0.0 -2.0 -4.0 -4.0 -2.0 -1.0 -3.0 -1.0 -2.0 -3.0 -4.0 -1.0 -3.0 -2.0 -2.0 -4.0 -4.0 -1.0 0.0 0.0 -1.0 -2.0 -1.0 -2.0 0.0 -4.0 -1.0 -1.0 -3.0 0.0 -2.0 -3.0 -4.0 
0.0 -3.0 0.0 -1.0 0.0 -1.0 -4.0 0.0 -4.0 -1.0 -1.0 -3.0 -2.0 -2.0 0.0 -3.0 -3.0 -2.0 -1.0 -4.0 -3.0 0.0 0.0 -2.0 -4.0 -2.0 0.0 -3.0 -1.0 -3.0 -3.0 -3.0 -3.0 -1.0 208.0 -3.0 -3.0 -3.0 0.0 0.0 0.0 -2.0 -3.0 -3.0 0.0 -3.0 -3.0 0.0 0.0 -4.0 0.0 -2.0 -1.0 -3.0 -3.0 0.0 0.0 -4.0 -1.0 -3.0 -4.0 -2.0 -1.0 -2.0 0.0 -3.0 -1.0 -3.0 -3.0 0.0 0.0 -1.0 -4.0 -4.0 -3.0 0.0 -1.0 -1.0 -3.0 -3.0 -1.0 -2.0 0.0 -3.0 -2.0 -3.0 -3.0 -3.0 -1.0 0.0 -2.0 -1.0 0.0 -2.0 -4.0 -1.0 -3.0 0.0 -2.0 0.0 -3.0 0.0 -3.0 -2.0 -3.0 -1.0 0.0 -2.0 -3.0 -2.0 0.0 -4.0 -1.0 -1.0 -4.0 
-3.0 -2.0 -3.0 -2.0 -4.0 0.0 -1.0 -1.0 -2.0 -3.0 -4.0 0.0 -4.0 -3.0 -2.0 0.0 -2.0 0.0 -1.0 -2.0 0.0 -1.0 -3.0 0.0 -2.0 -2.0 -3.0 -2.0 0.0 -4.0 -4.0 -4.0 -1.0 -1.0 -2.0 211.0 0.0 0.0 0.0 -3.0 -3.0 0.0 -1.0 -3.0 0.0 0.0 -3.0 0.0 0.0 0.0 -4.0 -4.0 -3.0 -4.0 -3.0 -1.0 -2.0 -3.0 0.0 0.0 -4.0 -4.0 0.0 -1.0 -2.0 -2.0 -1.0 -3.0 0.0 0.0 -3.0 -2.0 0.0 -3.0 0.0 -3.0 0.0 -3.0 0.0 -3.0 -4.0 -3.0 -2.0 -2.0 -2.0 -1.0 0.0 0.0 -4.0 -2.0 -4.0 0.0 0.0 -3.0 -3.0 -3.0 -1.0 -1.0 -3.0 -2.0 -3.0 0.0 -4.0 -1.0 -2.0 -3.0 0.0 -1.0 -4.0 -4.0 -4.0 0.0 -2.0 -1.0 -3.0 
-3.0 -4.0 -4.0 -4.0 -4.0 -1.0 -1.0 -1.0 -2.0 0.0 -4.0 -1.0 -2.0 -3.0 -3.0 -2.0 -2.0 -3.0 -4.0 -4.0 0.0 -4.0 -2.0 -1.0 -3.0 -3.0 -3.0 0.0 -3.0 -3.0 -3.0 -3.0 -4.0 -1.0 0.0 -4.0 245.0 -3.0 -1.0 -2.0 -1.0 -4.0 -1.0 -1.0 -2.0 -2.0 -1.0 -1.0 -1.0 -3.0 -3.0 -1.0 -1.0 0.0 0.0 -4.0 -3.0 0.0 -3.0 -3.0 -3.0 -4.0 -2.0 -2.0 -4.0 0.0 -2.0 0.0 -2.0 -2.0 0.0 -3.0 -3.0 -3.0 -1.0 -1.0 -4.0 -3.0 -4.0 -4.0 -4.0 0.0 -3.0 -1.0 -2.0 -2.0 -3.0 -4.0 0.0 -3.0 -1.0 -2.0 0.0 0.0 -4.0 -4.0 -4.0 0.0 -4.0 -1.0 0.0 -4.0 -3.0 -1.0 -3.0 -1.0 0.0 -3.0 -3.0 0.0 0.0 0.0 -4.0 0.0 -4.0 
0.0 -1.0 -2.0 0.0 -4.0 -1.0 -4.0 0.0 -1.0 0.0 -4.0 0.0 -4.0 -1.0 0.0 0.0 -1.0 -4.0 -1.0 -4.0 0.0 -1.0 -1.0 -3.0 -4.0 -4.0 -2.0 -2.0 0.0 0.0 -4.0 -3.0 -3.0 -4.0 -1.0 0.0 0.0 216.0 -1.0 -3.0 -2.0 -2.0 0.0 0.0 -1.0 -3.0 -3.0 -1.0 -1.0 -4.0 -2.0 -1.0 -3.0 -2.0 0.0 -2.0 -2.0 0.0 -4.0 -2.0 0.0 -4.0 -4.0 -1.0 -4.0 0.0 -3.0 -2.0 -1.0 -1.0 -3.0 -3.0 -3.0 0.0 -2.0 -3.0 -2.0 -2.0 -2.0 -3.0 -3.0 -4.0 -4.0 -4.0 0.0 -4.0 -2.0 -4.0 -1.0 -3.0 -1.0 0.0 -3.0 -4.0 -3.0 0.0 -2.0 -2.0 -3.0 0.0 0.0 -2.0 0.0 -3.0 -2.0 0.0 0.0 0.0 -2.0 -1.0 -4.0 -4.0 -3.0 -1.0 -1.0 
-4.0 -2.0 -2.0 -3.0 -2.0 -1.0 -2.0 -1.0 -4.0 -3.0 -2.0 -3.0 -2.0 0.0 0.0 -2.0 0.0 -1.0 -1.0 -1.0 -1.0 0.0 -4.0 -2.0 -1.0 -4.0 -2.0 -3.0 -2.0 0.0 -1.0 -4.0 0.0 -4.0 -2.0 -2.0 -4.0 -3.0 235.0 -1.0 -3.0 -1.0 -1.0 -3.0 -3.0 -2.0 -4.0 -4.0 -2.0 -1.0 -1.0 -4.0 -2.0 -1.0 -2.0 -4.0 -4.0 -4.0 -2.0 -1.0 0.0 -2.0 -2.0 -3.0 -2.0 -4.0 -2.0 0.0 -4.0 -4.0 -4.0 -3.0 0.0 -4.0 -4.0 -3.0 -1.0 -3.0 -3.0 -2.0 -2.0 -1.0 0.0 -4.0 -3.0 -3.0 -3.0 -2.0 -2.0 -3.0 -2.0 0.0 -3.0 -2.0 0.0 -1.0 -2.0 -2.0 -4.0 -1.0 0.0 0.0 0.0 -3.0 -4.0 0.0 -2.0 -1.0 -1.0 -2.0 -1.0 -2.0 0.0 -2.0 -2.0 
-1.0 -1.0 -1.0 -2.0 -1.0 -1.0 -4.0 -3.0 -1.0 -4.0 -4.0 -3.0 0.0 -1.0 -3.0 -1.0 -3.0 -2.0 0.0 -2.0 -2.0 -2.0 -2.0 -1.0 -2.0 -3.0 0.0 -2.0 -3.0 -4.0 -2.0 -3.0 -1.0 -4.0 0.0 -3.0 -2.0 -3.0 -1.0 234.0 -4.0 -2.0 -4.0 -2.0 0.0 -3.0 -2.0 -2.0 0.0 -1.0 -3.0 0.0 -3.0 -3.0 -2.0 -1.0 -1.0 -2.0 -2.0 -3.0 -3.0 -1.0 -3.0 -4.0 -3.0 -4.0 0.0 -3.0 -3.0 -1.0 -4.0 -3.0 -2.0 -3.0 0.0 0.0 -3.0 -2.0 -1.0 -1.0 -4.0 -2.0 -2.0 -1.0 -1.0 0.0 -1.0 -2.0 -2.0 -3.0 -2.0 -1.0 -4.0 -3.0 -1.0 -3.0 -4.0 0.0 0.0 -4.0 -3.0 -2.0 -1.0 -1.0 -3.0 -4.0 -1.0 -4.0 0.0 -1.0 -1.0 -2.0 -4.0 -3.0 -2.0 
-2.0 -4.0 0.0 -3.0 -4.0 -1.0 -4.0 -1.0 -2.0 -1.0 -1.0 -1.0 -2.0 -4.0 -4.0 0.0 -1.0 0.0 0.0 -2.0 0.0 0.0 -2.0 -4.0 -3.0 -3.0 0.0 -1.0 -2.0 -2.0 -4.0 -1.0 -1.0 -3.0 -3.0 -3.0 -3.0 -2.0 0.0 -1.0 202.0 -1.0 0.0 -2.0 0.0 -3.0 -1.0 -1.0 -1.0 -3.0 0.0 -3.0 -2.0 -3.0 -2.0 -1.0 0.0 0.0 0.0 -2.0 -1.0 -4.0 -1.0 -3.0 -4.0 0.0 -4.0 -2.0 0.0 -1.0 0.0 0.0 -4.0 -2.0 -4.0 -1.0 -2.0 -3.0 -1.0 -1.0 -4.0 -3.0 -1.0 -3.0 0.0 -3.0 -4.0 -3.0 -2.0 -1.0 -3.0 -1.0 -1.0 0.0 -2.0 -2.0 -1.0 -3.0 -1.0 0.0 0.0 -1.0 0.0 -4.0 -4.0 0.0 -2.0 0.0 -4.0 -1.0 -2.0 0.0 -1.0 -3.0 -4.0 
-4.0 -4.0 0.0 -4.0 0.0 -2.0 0.0 -3.0 0.0 -3.0 -3.0 -3.0 0.0 -3.0 -4.0 -3.0 -1.0 -2.0 -4.0 -3.0 -1.0 0.0 -3.0 -2.0 -1.0 -2.0 -4.0 -1.0 -3.0 0.0 -2.0 0.0 0.0 -1.0 -1.0 -1.0 -2.0 0.0 -3.0 0.0 -4.0 240.0 -3.0 0.0 -4.0 -2.0 -2.0 -3.0 0.0 -4.0 -1.0 -4.0 -2.0 0.0 -4.0 -2.0 -4.0 -4.0 -3.0 -2.0 -1.0 -1.0 -3.0 -3.0 0.0 0.0 -2.0 -3.0 -4.0 -4.0 -4.0 0.0 0.0 0.0 -2.0 -4.0 -4.0 -2.0 0.0 -4.0 -2.0 -2.0 0.0 -3.0 -4.0 -3.0 -1.0 -4.0 0.0 -4.0 -1.0 0.0 -1.0 -1.0 -1.0 -1.0 -3.0 -4.0 -3.0 0.0 -2.0 0.0 -3.0 -2.0 -4.0 -3.0 -1.0 -3.0 -4.0 -4.0 -4.0 -3.0 -3.0 -2.0 -2.0 
-1.0 -1.0 -1.0 -2.0 0.0 -1.0 -1.0 -1.0 -1.0 -3.0 -3.0 0.0 -1.0 -4.0 -3.0 -3.0 -1.0 -2.0 -1.0 0.0 -2.0 -2.0 -2.0 -1.0 -3.0 -2.0 -4.0 -3.0 -2.0 -3.0 -3.0 -3.0 0.0 -2.0 0.0 -4.0 -3.0 -2.0 -3.0 -2.0 -4.0 0.0 229.0 -1.0 -3.0 -3.0 -1.0 -1.0 -3.0 -3.0 -4.0 -4.0 -2.0 -1.0 0.0 0.0 -4.0 -2.0 -2.0 -4.0 -3.0 -3.0 -3.0 -3.0 0.0 -1.0 -2.0 -4.0 -2.0 -2.0 0.0 -3.0 -4.0 0.0 0.0 -4.0 -3.0 -3.0 -4.0 -1.0 -1.0 -4.0 0.0 -3.0 -4.0 -1.0 -3.0 -1.0 -3.0 -1.0 -3.0 -3.0 -3.0 -3.0 -3.0 -2.0 0.0 -2.0 0.0 0.0 -4.0 0.0 0.0 -1.0 -4.0 -3.0 0.0 -2.0 -1.0 0.0 -4.0 -1.0 -2.0 -1.0 -3.0 
0.0 -3.0 -4.0 -3.0 -4.0 -4.0 -1.0 0.0 -2.0 -4.0 0.0 -1.0 0.0 -4.0 0.0 -4.0 -3.0 -4.0 -4.0 -1.0 0.0 -2.0 -1.0 -3.0 -2.0 -3.0 0.0 0.0 -3.0 -2.0 -2.0 -1.0 -4.0 -2.0 -1.0 -4.0 -2.0 0.0 -4.0 -2.0 -3.0 -1.0 -4.0 246.0 -3.0 -3.0 -1.0 -4.0 -4.0 -4.0 -1.0 -1.0 -3.0 -3.0 -2.0 0.0 -2.0 -3.0 -4.0 -2.0 -3.0 0.0 0.0 0.0 -1.0 0.0 -4.0 -4.0 -4.0 -2.0 -4.0 -4.0 -4.0 -3.0 -3.0 -2.0 -1.0 -2.0 0.0 -2.0 0.0 -4.0 -3.0 0.0 -3.0 -1.0 -2.0 -2.0 0.0 -3.0 -4.0 -2.0 0.0 0.0 -2.0 -3.0 -3.0 -2.0 -3.0 -3.0 0.0 0.0 -2.0 0.0 -1.0 -3.0 -2.0 -3.0 -2.0 -2.0 -4.0 -3.0 -3.0 -2.0 -4.0 
-1.0 -3.0 -1.0 -1.0 -4.0 0.0 -3.0 -2.0 -2.0 -2.0 0.0 -2.0 0.0 -2.0 -4.0 -4.0 -2.0 -1.0 0.0 0.0 -2.0 -1.0 -1.0 0.0 -4.0 -4.0 -2.0 -4.0 -4.0 -1.0 -1.0 -1.0 -3.0 -2.0 -3.0 -1.0 -2.0 -1.0 -1.0 -4.0 -2.0 -1.0 -1.0 -2.0 218.0 -4.0 -1.0 -3.0 -1.0 0.0 -2.0 -1.0 -2.0 -4.0 0.0 -4.0 -2.0 -3.0 -3.0 0.0 -4.0 0.0 0.0 -1.0 -3.0 -2.0 -2.0 0.0 -3.0 0.0 -3.0 -1.0 0.0 -4.0 -1.0 -3.0 0.0 0.0 -3.0 -4.0 -1.0 0.0 -4.0 0.0 -1.0 -1.0 -3.0 -3.0 -2.0 -2.0 -1.0 -3.0 0.0 -1.0 -2.0 -1.0 0.0 -4.0 -3.0 -2.0 -1.0 -3.0 -4.0 -4.0 -2.0 -2.0 -4.0 -4.0 -4.0 -2.0 -1.0 -3.0 -1.0 -3.0 0.0 
-3.0 0.0 -1.0 -3.0 -2.0 -3.0 0.0 -3.0 -4.0 -4.0 -1.0 -4.0 -4.0 -4.0 -1.0 0.0 0.0 -2.0 -4.0 -2.0 -3.0 0.0 -3.0 -3.0 -3.0 -2.0 -2.0 -3.0 -3.0 -3.0 0.0 0.0 0.0 0.0 0.0 -3.0 -3.0 -1.0 -2.0 0.0 -3.0 -4.0 -3.0 -3.0 -2.0 243.0 -4.0 0.0 -3.0 -4.0 -3.0 -3.0 -1.0 -4.0 -2.0 -2.0 -2.0 0.0 -2.0 0.0 -3.0 -2.0 -2.0 -1.0 0.0 -4.0 0.0 -1.0 -2.0 -1.0 -4.0 -3.0 -2.0 -4.0 -3.0 -4.0 0.0 0.0 -4.0 -3.0 -3.0 -1.0 -2.0 -4.0 -3.0 -2.0 -3.0 -3.0 0.0 -2.0 -2.0 -3.0 -1.0 -4.0 -1.0 -3.0 -2.0 -1.0 -1.0 -3.0 -1.0 -3.0 -2.0 0.0 -3.0 -2.0 0.0 -2.0 -4.0 -2.0 -3.0 0.0 -4.0 -4.0 -2.0 
-1.0 -1.0 -2.0 -4.0 -2.0 -1.0 -2.0 -1.0 -3.0 0.0 -4.0 -1.0 -3.0 -1.0 0.0 -3.0 0.0 0.0 -1.0 -2.0 0.0 -3.0 -2.0 -3.0 0.0 -3.0 -2.0 -1.0 -3.0 -4.0 -1.0 -2.0 0.0 -1.0 0.0 -1.0 -2.0 -1.0 -3.0 -2.0 -1.0 -2.0 -4.0 -3.0 -2.0 -4.0 226.0 0.0 -3.0 -1.0 -2.0 -3.0 -1.0 -4.0 -1.0 -3.0 -2.0 -1.0 -2.0 -3.0 -1.0 -4.0 -3.0 -2.0 0.0 0.0 -2.0 -1.0 -2.0 -2.0 -3.0 -3.0 -4.0 -4.0 0.0 -4.0 -1.0 -3.0 -3.0 -3.0 -3.0 -2.0 -3.0 -2.0 -4.0 -1.0 -4.0 -2.0 -4.0 -2.0 0.0 -4.0 -4.0 0.0 -3.0 -4.0 0.0 -4.0 -2.0 -3.0 -1.0 -3.0 -1.0 -4.0 -2.0 -3.0 0.0 0.0 -2.0 -3.0 0.0 -2.0 0.0 0.0 -1.0 
-3.0 0.0 0.0 -3.0 -1.0 -2.0 -3.0 -1.0 -3.0 0.0 -4.0 -4.0 0.0 -4.0 -3.0 -1.0 -2.0 -4.0 -4.0 0.0 -1.0 -1.0 -3.0 -1.0 -4.0 -1.0 -1.0 -2.0 -4.0 -1.0 -4.0 -1.0 -2.0 0.0 -1.0 0.0 -4.0 -4.0 0.0 -1.0 -1.0 -3.0 -3.0 -2.0 -3.0 -4.0 -3.0 249.0 -2.0 -4.0 0.0 -2.0 -2.0 -3.0 -3.0 -3.0 -1.0 -2.0 -2.0 0.0 -2.0 -4.0 0.0 -4.0 0.0 -4.0 -4.0 -3.0 -2.0 -4.0 -1.0 0.0 -3.0 -1.0 0.0 -3.0 -3.0 -3.0 -4.0 -2.0 -1.0 -2.0 -4.0 0.0 -3.0 -1.0 -2.0 -3.0 -2.0 -3.0 0.0 -4.0 -1.0 -2.0 -3.0 -4.0 -2.0 -3.0 -4.0 -1.0 -3.0 -3.0 -4.0 -3.0 -3.0 -3.0 -1.0 -1.0 -3.0 -1.0 -4.0 -3.0 -3.0 0.0 -1.0 
-2.0 -4.0 -3.0 -2.0 -4.0 -4.0 -4.0 -3.0 0.0 0.0 -2.0 -4.0 0.0 -2.0 -4.0 -4.0 0.0 -1.0 -2.0 -4.0 -3.0 -1.0 0.0 0.0 0.0 0.0 -4.0 -2.0 -2.0 -4.0 -1.0 -3.0 -3.0 -3.0 -1.0 -2.0 0.0 -4.0 0.0 -1.0 -4.0 -3.0 -3.0 -4.0 0.0 -4.0 -3.0 -4.0 229.0 -3.0 -3.0 -3.0 -1.0 0.0 0.0 -2.0 0.0 -1.0 0.0 -1.0 -3.0 -3.0 0.0 0.0 -3.0 -1.0 -4.0 -4.0 -1.0 -3.0 0.0 -1.0 -2.0 0.0 -3.0 0.0 0.0 -3.0 -4.0 0.0 -2.0 -3.0 0.0 0.0 0.0 0.0 -4.0 -4.0 -2.0 -3.0 -2.0 -3.0 -2.0 0.0 -4.0 -3.0 -3.0 -2.0 0.0 -4.0 -2.0 0.0 0.0 -1.0 -4.0 -3.0 -4.0 -2.0 -4.0 0.0 -2.0 -1.0 -4.0 -3.0 -1.0 
-4.0 -4.0 -2.0 0.0 -1.0 -2.0 -3.0 0.0 -3.0 -3.0 -4.0 0.0 -1.0 -3.0 -3.0 -2.0 0.0 0.0 -3.0 -4.0 -1.0 0.0 -2.0 -4.0 -1.0 -2.0 -2.0 -4.0 -2.0 -1.0 0.0 -4.0 -3.0 -3.0 -3.0 -4.0 -4.0 -4.0 -1.0 0.0 -1.0 -3.0 -3.0 -1.0 0.0 -4.0 -3.0 -3.0 -4.0 227.0 -4.0 -1.0 -2.0 -4.0 -2.0 -2.0 0.0 -4.0 -4.0 -2.0 0.0 -2.0 -2.0 -1.0 0.0 -1.0 -4.0 0.0 0.0 -1.0 -2.0 0.0 -3.0 -2.0 -1.0 0.0 -3.0 0.0 -4.0 -1.0 -1.0 -2.0 -2.0 -3.0 -1.0 0.0 -3.0 -4.0 -2.0 -2.0 0.0 -2.0 -3.0 -3.0 -2.0 -4.0 0.0 -3.0 0.0 0.0 -4.0 -2.0 0.0 -1.0 -4.0 0.0 -1.0 -3.0 -3.0 -1.0 -3.0 -2.0 -2.0 -3.0 0.0 
-3.0 -1.0 0.0 -2.0 -3.0 -3.0 -3.0 -4.0 -2.0 0.0 0.0 -2.0 0.0 -3.0 0.0 -3.0 -4.0 -1.0 -1.0 -3.0 -2.0 -1.0 -2.0 -4.0 -3.0 -2.0 -3.0 -1.0 -4.0 0.0 -1.0 -1.0 -4.0 -2.0 -4.0 -2.0 -4.0 -1.0 -1.0 -3.0 -2.0 -3.0 -1.0 0.0 -1.0 -1.0 0.0 0.0 0.0 -1.0 220.0 -1.0 0.0 -4.0 -1.0 -2.0 -1.0 -3.0 -4.0 -1.0 -2.0 -3.0 0.0 -4.0 0.0 -2.0 -3.0 0.0 0.0 -3.0 -2.0 -3.0 0.0 -4.0 0.0 0.0 0.0 -4.0 -1.0 -2.0 -2.0 -2.0 -1.0 0.0 -4.0 -1.0 0.0 -1.0 -4.0 -2.0 -1.0 -1.0 -4.0 -3.0 -2.0 0.0 0.0 -4.0 -2.0 0.0 -4.0 -2.0 -3.0 -3.0 -4.0 0.0 -2.0 -3.0 -3.0 -4.0 -4.0 -4.0 -3.0 -4.0 -1.0 
-2.0 -3.0 -1.0 -4.0 -2.0 0.0 -4.0 -1.0 -1.0 -1.0 -4.0 0.0 0.0 -2.0 -4.0 0.0 -2.0 -3.0 0.0 -2.0 -2.0 -1.0 -2.0 -2.0 -1.0 -3.0 -2.0 0.0 -1.0 -4.0 -3.0 -2.0 -3.0 0.0 -1.0 -3.0 0.0 -1.0 -2.0 0.0 -1.0 -3.0 0.0 -1.0 -4.0 -4.0 -4.0 -4.0 -1.0 -4.0 -4.0 234.0 -2.0 -1.0 -2.0 -4.0 -3.0 -2.0 0.0 -4.0 0.0 -3.0 -1.0 -4.0 -3.0 -3.0 0.0 -2.0 -1.0 -4.0 -1.0 -2.0 -1.0 -3.0 -2.0 -1.0 -1.0 -4.0 -3.0 -2.0 -3.0 -2.0 -4.0 0.0 -2.0 0.0 -2.0 0.0 -4.0 -4.0 -3.0 -3.0 -2.0 -2.0 -1.0 -1.0 -4.0 -4.0 -1.0 0.0 -2.0 -4.0 -2.0 0.0 -1.0 0.0 -2.0 -3.0 -4.0 -2.0 -4.0 -2.0 -1.0 -4.0 -3.0 
0.0 -1.0 -4.0 -1.0 -3.0 -1.0 -2.0 -4.0 -1.0 -4.0 0.0 -2.0 -1.0 -1.0 -1.0 -4.0 -2.0 -1.0 -2.0 -1.0 0.0 -1.0 -2.0 -1.0 -2.0 -4.0 0.0 -3.0 -1.0 0.0 -4.0 -2.0 -4.0 0.0 -1.0 -2.0 -2.0 -2.0 -2.0 -1.0 0.0 -4.0 -2.0 -3.0 -4.0 -2.0 -2.0 0.0 -4.0 -4.0 -1.0 -4.0 239.0 -3.0 -3.0 -4.0 -2.0 -3.0 -1.0 -3.0 -3.0 -4.0 -2.0 0.0 -3.0 -3.0 -2.0 -4.0 -3.0 -4.0 -4.0 -4.0 -2.0 -4.0 -1.0 -3.0 -2.0 -3.0 -2.0 0.0 -2.0 -3.0 -4.0 0.0 -1.0 -2.0 0.0 -3.0 -3.0 0.0 -4.0 -3.0 -3.0 -2.0 -4.0 -1.0 0.0 -4.0 -3.0 -3.0 -1.0 -1.0 0.0 0.0 -1.0 -4.0 -3.0 -4.0 -3.0 0.0 -2.0 0.0 -2.0 -1.0 0.0 
0.0 -1.0 -1.0 0.0 -3.0 0.0 -4.0 -3.0 0.0 -1.0 -1.0 -4.0 -2.0 -4.0 -4.0 -1.0 -2.0 0.0 -4.0 -3.0 -3.0 -1.0 0.0 -4.0 0.0 0.0 -3.0 -2.0 -4.0 0.0 -2.0 0.0 -2.0 0.0 0.0 -3.0 -2.0 -4.0 0.0 -4.0 -4.0 -3.0 -3.0 -1.0 -2.0 -4.0 -4.0 -4.0 -3.0 -2.0 -2.0 -4.0 -2.0 234.0 -4.0 -2.0 -3.0 -4.0 -3.0 -4.0 -1.0 -3.0 -3.0 0.0 0.0 -2.0 -3.0 -3.0 -2.0 -4.0 -1.0 -2.0 -3.0 0.0 -1.0 -1.0 -3.0 -2.0 0.0 -3.0 -2.0 -2.0 -2.0 -3.0 -1.0 -2.0 -2.0 0.0 0.0 -4.0 -2.0 -2.0 -3.0 -3.0 -3.0 -1.0 0.0 -2.0 -1.0 -2.0 -1.0 0.0 0.0 -1.0 -2.0 -3.0 -4.0 -3.0 -3.0 -3.0 -4.0 0.0 -1.0 -2.0 -3.0 
-3.0 -1.0 -4.0 -2.0 -2.0 0.0 0.0 -1.0 -3.0 -1.0 -1.0 -1.0 0.0 -4.0 -1.0 -1.0 -3.0 -2.0 -3.0 0.0 -1.0 -2.0 -3.0 -2.0 -2.0 -3.0 -4.0 -3.0 0.0 -4.0 0.0 -2.0 -3.0 -4.0 -4.0 -1.0 -3.0 -3.0 -1.0 0.0 -2.0 -1.0 -1.0 -2.0 -1.0 0.0 -2.0 -1.0 -2.0 -3.0 -2.0 0.0 0.0 -2.0 194.0 0.0 0.0 -1.0 0.0 0.0 0.0 0.0 -4.0 -2.0 -1.0 -2.0 -1.0 -4.0 0.0 -4.0 -3.0 -3.0 -1.0 -3.0 -3.0 0.0 -1.0 -2.0 0.0 -3.0 -2.0 0.0 -3.0 -3.0 -4.0 -1.0 -4.0 -3.0 -2.0 -3.0 0.0 -2.0 -1.0 0.0 -2.0 0.0 -3.0 -1.0 -1.0 0.0 -1.0 0.0 -4.0 -1.0 0.0 0.0 0.0 -3.0 -3.0 0.0 -3.0 -3.0 -1.0 -2.0 -3.0 
-3.0 -3.0 -3.0 -3.0 -4.0 0.0 -1.0 -2.0 0.0 -4.0 -1.0 0.0 -3.0 0.0 -2.0 -2.0 -3.0 -4.0 -3.0 -1.0 -1.0 -2.0 -1.0 -3.0 -2.0 -4.0 -3.0 -2.0 -4.0 -1.0 0.0 -1.0 -3.0 -4.0 -3.0 -1.0 -1.0 0.0 0.0 -3.0 -4.0 -3.0 -4.0 -4.0 -2.0 -1.0 -3.0 -3.0 -3.0 -2.0 -2.0 -1.0 0.0 -3.0 -1.0 245.0 -1.0 0.0 -1.0 -1.0 -1.0 -4.0 -4.0 -3.0 -1.0 -3.0 0.0 -4.0 -2.0 -2.0 -3.0 -4.0 -1.0 0.0 -3.0 -1.0 -2.0 -2.0 -4.0 -2.0 -2.0 -2.0 0.0 -2.0 -1.0 -3.0 -2.0 -4.0 -3.0 -4.0 -3.0 -3.0 -3.0 0.0 -1.0 -3.0 -1.0 -4.0 -1.0 -3.0 -3.0 -4.0 -3.0 -2.0 0.0 -2.0 -4.0 0.0 0.0 -3.0 -4.0 -4.0 -2.0 -3.0 0.0 
-1.0 0.0 0.0 0.0 -2.0 -1.0 0.0 -3.0 -1.0 0.0 -1.0 -4.0 0.0 -2.0 -2.0 -3.0 -2.0 -3.0 -3.0 -4.0 -4.0 -1.0 -2.0 -3.0 -4.0 -4.0 -3.0 -1.0 -2.0 -4.0 -4.0 -4.0 -3.0 -1.0 -4.0 -4.0 -4.0 -3.0 -1.0 -3.0 0.0 -2.0 0.0 -3.0 0.0 -1.0 -3.0 -4.0 -1.0 -1.0 -2.0 -3.0 -2.0 0.0 -1.0 -1.0 225.0 -2.0 -1.0 -3.0 -2.0 -3.0 -1.0 -1.0 -3.0 -4.0 -4.0 -2.0 -2.0 -4.0 -3.0 -4.0 -4.0 -1.0 -1.0 -2.0 0.0 -3.0 -4.0 -3.0 0.0 0.0 -4.0 -1.0 -3.0 0.0 -2.0 0.0 -1.0 0.0 -2.0 0.0 -4.0 -3.0 0.0 0.0 0.0 -2.0 -2.0 -1.0 0.0 -2.0 -2.0 -4.0 -1.0 -3.0 -1.0 0.0 -4.0 0.0 -3.0 -3.0 0.0 -3.0 -2.0 
-4.0 -1.0 -1.0 0.0 -2.0 -2.0 -1.0 -1.0 -1.0 -4.0 -1.0 -3.0 -1.0 -2.0 -4.0 -2.0 -1.0 0.0 -2.0 -4.0 -2.0 -4.0 -4.0 0.0 -4.0 -2.0 -1.0 -1.0 -1.0 -3.0 0.0 -2.0 0.0 -1.0 -1.0 -2.0 -4.0 -1.0 0.0 -2.0 -2.0 -3.0 0.0 -1.0 -4.0 -1.0 0.0 -4.0 -3.0 -3.0 -3.0 -2.0 -1.0 -2.0 -1.0 -3.0 -2.0 219.0 -4.0 -4.0 -1.0 -1.0 0.0 0.0 -2.0 -2.0 -3.0 -3.0 -1.0 -1.0 -3.0 -4.0 -3.0 0.0 -1.0 -4.0 -1.0 -2.0 0.0 -3.0 0.0 -4.0 -2.0 -1.0 -1.0 -4.0 -3.0 -3.0 -1.0 0.0 -3.0 0.0 -1.0 -3.0 0.0 -1.0 -1.0 -1.0 -3.0 -2.0 -2.0 -4.0 -3.0 0.0 -4.0 -4.0 -2.0 -2.0 -2.0 -3.0 0.0 -4.0 -2.0 -1.0 -2.0 
-2.0 0.0 -3.0 -3.0 -1.0 -3.0 -1.0 -3.0 -2.0 -2.0 -4.0 -4.0 0.0 -1.0 -2.0 0.0 -4.0 0.0 -2.0 0.0 -2.0 -1.0 0.0 -2.0 -2.0 -1.0 -2.0 -2.0 -4.0 -4.0 0.0 -3.0 -3.0 -1.0 -1.0 -2.0 0.0 -3.0 -4.0 -4.0 -3.0 0.0 -2.0 -1.0 -2.0 -1.0 -2.0 0.0 0.0 -2.0 0.0 0.0 0.0 -1.0 0.0 -2.0 -2.0 0.0 205.0 -1.0 -2.0 -4.0 -3.0 -4.0 -3.0 -1.0 -4.0 -4.0 -2.0 0.0 -2.0 0.0 0.0 -1.0 -1.0 -2.0 -4.0 -4.0 -3.0 -3.0 -1.0 -2.0 -3.0 -1.0 0.0 -1.0 0.0 -4.0 -1.0 -4.0 -2.0 -2.0 0.0 -3.0 -1.0 0.0 -2.0 -3.0 -1.0 -4.0 -4.0 0.0 0.0 -2.0 -3.0 -3.0 -2.0 -2.0 -1.0 -1.0 -4.0 0.0 -2.0 0.0 -2.0 
-2.0 -2.0 -4.0 0.0 -4.0 -1.0 0.0 -3.0 -4.0 -2.0 0.0 -1.0 -1.0 -1.0 0.0 0.0 -4.0 -1.0 -1.0 -1.0 -4.0 -3.0 -3.0 -4.0 -4.0 -2.0 0.0 -2.0 0.0 -4.0 0.0 -1.0 0.0 -1.0 -1.0 -2.0 0.0 -2.0 -4.0 0.0 -1.0 -4.0 0.0 -1.0 -3.0 0.0 -1.0 -3.0 -1.0 -4.0 -1.0 0.0 -1.0 -4.0 0.0 -4.0 -1.0 0.0 0.0 198.0 -2.0 -3.0 0.0 -2.0 -4.0 -4.0 0.0 0.0 0.0 -1.0 -4.0 0.0 -4.0 -4.0 0.0 -4.0 -2.0 -3.0 0.0 0.0 -2.0 -2.0 -3.0 -1.0 0.0 0.0 -3.0 0.0 -1.0 -4.0 -2.0 -1.0 -2.0 -2.0 -3.0 -4.0 -2.0 -2.0 -2.0 -4.0 -1.0 -2.0 -1.0 -3.0 -1.0 -4.0 0.0 -2.0 -2.0 -1.0 0.0 -3.0 -2.0 0.0 -1.0 
-4.0 -2.0 0.0 -1.0 -4.0 0.0 -1.0 -1.0 -3.0 0.0 0.0 -1.0 -1.0 0.0 -1.0 -1.0 -3.0 -1.0 -1.0 0.0 -3.0 -2.0 0.0 -1.0 -1.0 -4.0 -3.0 -2.0 -1.0 -1.0 0.0 -4.0 -3.0 -2.0 0.0 -2.0 -2.0 -2.0 -1.0 -2.0 -4.0 -2.0 -1.0 -1.0 -3.0 -4.0 0.0 -1.0 -4.0 -2.0 -3.0 0.0 -1.0 0.0 -1.0 -1.0 -1.0 0.0 -2.0 -3.0 205.0 -4.0 0.0 0.0 -1.0 0.0 -4.0 -2.0 -4.0 -4.0 0.0 -3.0 -2.0 -2.0 -3.0 -2.0 -1.0 -3.0 -1.0 -1.0 -4.0 -4.0 -1.0 -1.0 -3.0 -2.0 -3.0 -4.0 -1.0 0.0 -4.0 -4.0 0.0 -2.0 -1.0 -3.0 0.0 0.0 0.0 -3.0 -4.0 -4.0 0.0 -2.0 -3.0 -4.0 -4.0 0.0 -2.0 -3.0 0.0 -3.0 0.0 -2.0 -2.0 
-1.0 0.0 -4.0 0.0 0.0 -3.0 -2.0 -2.0 -3.0 -2.0 -4.0 -1.0 -4.0 -4.0 -3.0 -2.0 -1.0 -4.0 -4.0 -1.0 -1.0 -4.0 -1.0 0.0 -4.0 -4.0 -4.0 0.0 0.0 0.0 0.0 0.0 -2.0 -1.0 -3.0 -3.0 0.0 -2.0 0.0 -1.0 -2.0 -4.0 0.0 -4.0 0.0 0.0 -1.0 -4.0 -2.0 -2.0 -4.0 -4.0 -1.0 -4.0 -2.0 -3.0 -1.0 -2.0 -3.0 -2.0 -4.0 228.0 -4.0 -1.0 -1.0 -1.0 -1.0 0.0 -3.0 -2.0 -4.0 -2.0 -3.0 -2.0 -3.0 -2.0 -2.0 -3.0 -1.0 -3.0 -2.0 -1.0 0.0 -1.0 0.0 -3.0 -3.0 -1.0 0.0 -2.0 -2.0 -3.0 -3.0 -2.0 -2.0 -1.0 -2.0 -4.0 -3.0 -3.0 -2.0 -2.0 0.0 -2.0 0.0 -2.0 0.0 -4.0 -3.0 -1.0 -1.0 0.0 -3.0 -4.0 -4.0 
0.0 -2.0 -4.0 -2.0 -4.0 -2.0 -1.0 -2.0 -2.0 -2.0 -2.0 -3.0 -3.0 0.0 -2.0 -4.0 0.0 -4.0 -1.0 -1.0 -4.0 -2.0 -1.0 -4.0 0.0 0.0 -2.0 -3.0 -1.0 -3.0 -2.0 0.0 0.0 -4.0 0.0 -2.0 -3.0 -1.0 -1.0 -4.0 -4.0 -2.0 0.0 -2.0 0.0 0.0 -4.0 -1.0 -1.0 -3.0 0.0 -1.0 -3.0 -2.0 -4.0 -3.0 -2.0 -3.0 -3.0 -1.0 0.0 -1.0 214.0 -3.0 -1.0 -2.0 -3.0 0.0 -3.0 0.0 -2.0 -2.0 -2.0 -1.0 -2.0 -1.0 -2.0 0.0 -4.0 -4.0 0.0 -4.0 -4.0 -1.0 -3.0 0.0 -3.0 -3.0 0.0 -2.0 -1.0 -3.0 -1.0 -1.0 -3.0 -1.0 0.0 -3.0 -2.0 0.0 -2.0 -4.0 0.0 -1.0 -1.0 -2.0 0.0 -2.0 -1.0 -1.0 -4.0 -4.0 -2.0 -1.0 -4.0 
0.0 -2.0 -1.0 -4.0 -3.0 -4.0 -2.0 -1.0 -3.0 -4.0 -2.0 -3.0 -3.0 -3.0 -3.0 -1.0 -2.0 0.0 -2.0 0.0 -3.0 -2.0 0.0 -2.0 -1.0 -1.0 0.0 -3.0 -4.0 -1.0 -3.0 -1.0 0.0 0.0 -2.0 -4.0 -1.0 -3.0 -2.0 -2.0 -2.0 0.0 -3.0 -1.0 -3.0 -2.0 -3.0 -3.0 -4.0 -3.0 -1.0 -4.0 -3.0 -4.0 -3.0 0.0 -4.0 -4.0 -3.0 -4.0 0.0 -4.0 -2.0 228.0 -2.0 0.0 0.0 -2.0 0.0 0.0 0.0 0.0 0.0 -2.0 0.0 -4.0 0.0 -1.0 -3.0 -4.0 -1.0 -4.0 -4.0 -4.0 -1.0 0.0 -1.0 -1.0 -1.0 -4.0 -3.0 0.0 0.0 -2.0 -4.0 -3.0 0.0 -3.0 -2.0 -1.0 0.0 -3.0 -3.0 -3.0 -2.0 -4.0 -3.0 -1.0 -2.0 -2.0 -3.0 -3.0 -3.0 0.0 -1.0 
-2.0 -1.0 0.0 -1.0 -3.0 -2.0 -2.0 0.0 -2.0 -2.0 -2.0 -2.0 -2.0 -1.0 -2.0 -1.0 -1.0 -2.0 -4.0 -4.0 -3.0 -2.0 -4.0 -4.0 -2.0 -4.0 -1.0 -3.0 -2.0 -3.0 -2.0 0.0 -4.0 -3.0 -4.0 0.0 0.0 -1.0 -2.0 -3.0 0.0 0.0 0.0 0.0 0.0 -4.0 -3.0 0.0 -2.0 -1.0 -3.0 -1.0 -1.0 0.0 -2.0 -3.0 -3.0 -4.0 -3.0 -1.0 0.0 -2.0 -1.0 -1.0 220.0 -2.0 -3.0 -3.0 -1.0 -4.0 0.0 -3.0 -2.0 -1.0 -2.0 0.0 -1.0 -1.0 -2.0 -3.0 -1.0 -1.0 -3.0 -4.0 -2.0 -1.0 0.0 -2.0 0.0 0.0 -1.0 -4.0 -3.0 -4.0 -1.0 0.0 0.0 -4.0 -3.0 0.0 -1.0 -1.0 -3.0 -1.0 -3.0 -4.0 -4.0 -4.0 -3.0 -3.0 -3.0 -1.0 -3.0 -3.0 -3.0 
-2.0 -2.0 -4.0 0.0 0.0 -4.0 -4.0 -4.0 -1.0 -3.0 -3.0 0.0 0.0 -1.0 -2.0 -3.0 -4.0 -3.0 -3.0 0.0 -4.0 0.0 -2.0 -3.0 -3.0 -3.0 -1.0 -1.0 -3.0 -3.0 -4.0 -2.0 -2.0 0.0 -2.0 0.0 0.0 -3.0 0.0 -2.0 0.0 -2.0 -1.0 -1.0 -1.0 -2.0 -3.0 -2.0 -2.0 -3.0 -2.0 -1.0 0.0 -2.0 -2.0 0.0 -4.0 -4.0 -2.0 -1.0 0.0 -2.0 -4.0 0.0 0.0 246.0 -1.0 -4.0 -1.0 -3.0 0.0 -2.0 -2.0 -3.0 -2.0 -2.0 -2.0 -4.0 -3.0 -4.0 -3.0 0.0 0.0 -4.0 -4.0 -3.0 -4.0 -2.0 -3.0 -1.0 -4.0 -1.0 -4.0 -3.0 -3.0 -3.0 -1.0 -3.0 -3.0 -2.0 0.0 -2.0 -2.0 -1.0 -4.0 -4.0 -4.0 -4.0 -3.0 -4.0 0.0 -1.0 -3.0 -4.0 -4.0 
-1.0 0.0 -1.0 -4.0 -1.0 -4.0 -2.0 0.0 -1.0 -1.0 -3.0 -2.0 0.0 -2.0 -2.0 -1.0 -3.0 -3.0 -3.0 -2.0 -4.0 -3.0 -4.0 -2.0 0.0 -1.0 0.0 -4.0 0.0 -4.0 0.0 -4.0 -4.0 -2.0 -4.0 -1.0 -4.0 -3.0 -2.0 0.0 -1.0 -2.0 -4.0 -1.0 -1.0 -3.0 0.0 -1.0 -1.0 -3.0 -2.0 -4.0 -4.0 -3.0 -2.0 -2.0 0.0 -2.0 -3.0 0.0 -3.0 0.0 0.0 0.0 -1.0 0.0 229.0 -3.0 0.0 -3.0 -2.0 -2.0 -1.0 0.0 -2.0 0.0 0.0 -3.0 -3.0 -4.0 0.0 0.0 -3.0 0.0 0.0 -1.0 -4.0 -4.0 -3.0 -2.0 -3.0 -2.0 -4.0 -2.0 -2.0 -1.0 -3.0 -4.0 -3.0 -4.0 -1.0 0.0 -3.0 -1.0 -3.0 -1.0 -4.0 -3.0 -3.0 -4.0 -1.0 -3.0 -4.0 -3.0 -2.0 
-1.0 -2.0 -4.0 -3.0 -4.0 -2.0 -2.0 -4.0 -2.0 -3.0 -2.0 -2.0 -4.0 0.0 -3.0 -1.0 -1.0 -2.0 -3.0 -2.0 -1.0 -2.0 0.0 -3.0 -2.0 -3.0 -3.0 -1.0 0.0 -1.0 0.0 -1.0 0.0 -1.0 -2.0 -1.0 -4.0 0.0 -1.0 -4.0 -4.0 -3.0 -1.0 -4.0 0.0 -2.0 -3.0 0.0 0.0 0.0 -4.0 -1.0 0.0 -4.0 -2.0 0.0 -1.0 0.0 0.0 -3.0 -2.0 -4.0 0.0 -1.0 -4.0 -1.0 -4.0 231.0 -1.0 -3.0 -2.0 -2.0 -3.0 -2.0 -1.0 -3.0 -4.0 -2.0 -3.0 -1.0 -3.0 -3.0 -2.0 -2.0 -4.0 -2.0 -1.0 -4.0 0.0 -2.0 0.0 -3.0 -3.0 0.0 -2.0 -4.0 0.0 -1.0 -2.0 -2.0 -4.0 0.0 -1.0 -4.0 -3.0 -4.0 -2.0 -3.0 0.0 -4.0 -2.0 -2.0 -4.0 -2.0 -4.0 
-1.0 -2.0 -2.0 -3.0 -1.0 -1.0 0.0 -3.0 -4.0 -1.0 0.0 0.0 -1.0 -4.0 0.0 -4.0 -3.0 -3.0 0.0 0.0 -4.0 -3.0 -1.0 -2.0 -1.0 0.0 -2.0 -3.0 0.0 0.0 -4.0 -3.0 0.0 -1.0 -2.0 -1.0 0.0 -4.0 -1.0 -1.0 -4.0 -2.0 -3.0 -2.0 0.0 -3.0 -1.0 -4.0 0.0 -1.0 -4.0 -1.0 -1.0 -3.0 -2.0 -4.0 -1.0 -1.0 -3.0 -3.0 -3.0 -1.0 -4.0 0.0 0.0 -4.0 -1.0 -2.0 224.0 -1.0 -1.0 -4.0 0.0 -4.0 -1.0 -1.0 -4.0 0.0 -3.0 -3.0 -1.0 -2.0 -1.0 -4.0 -1.0 0.0 -3.0 -2.0 0.0 -3.0 -4.0 0.0 -2.0 -4.0 -3.0 0.0 -4.0 -4.0 -3.0 0.0 -3.0 -4.0 0.0 -4.0 -3.0 -4.0 -3.0 -4.0 -4.0 -1.0 -3.0 -1.0 0.0 -1.0 -2.0 
-4.0 0.0 0.0 0.0 0.0 -1.0 -2.0 -1.0 -3.0 -3.0 -3.0 -3.0 -2.0 -2.0 0.0 -3.0 -2.0 -2.0 -4.0 -2.0 0.0 -1.0 -1.0 -3.0 -3.0 -1.0 -2.0 -4.0 -1.0 -3.0 0.0 -1.0 -4.0 -2.0 -3.0 -2.0 -3.0 -4.0 0.0 0.0 -1.0 -2.0 -4.0 -1.0 -4.0 -1.0 -4.0 -1.0 -1.0 0.0 0.0 0.0 -4.0 -2.0 -2.0 -2.0 -2.0 -4.0 -2.0 -4.0 -1.0 -4.0 -4.0 -4.0 -1.0 -4.0 0.0 -4.0 0.0 218.0 0.0 -4.0 -4.0 -2.0 -1.0 0.0 0.0 0.0 -4.0 -2.0 -2.0 -1.0 -2.0 -3.0 -3.0 0.0 0.0 -3.0 -4.0 -3.0 -3.0 0.0 0.0 0.0 0.0 -1.0 -2.0 -2.0 -3.0 -3.0 -3.0 -1.0 -4.0 -4.0 -2.0 0.0 -1.0 -1.0 -3.0 -2.0 -2.0 0.0 0.0 -2.0 -3.0 
-3.0 -1.0 0.0 -4.0 -1.0 -4.0 -2.0 -4.0 -2.0 0.0 -1.0 -3.0 -3.0 -2.0 -1.0 0.0 -2.0 -2.0 0.0 -3.0 0.0 -3.0 -1.0 -4.0 -1.0 -2.0 -2.0 -2.0 -2.0 -2.0 -2.0 -3.0 -1.0 0.0 -2.0 -4.0 0.0 -4.0 0.0 -3.0 -3.0 -4.0 -2.0 -1.0 -1.0 -1.0 -2.0 -1.0 0.0 -4.0 -3.0 -3.0 -1.0 -4.0 0.0 -4.0 -4.0 0.0 -4.0 -2.0 -4.0 -3.0 -1.0 -3.0 -3.0 -4.0 -2.0 -1.0 -3.0 -3.0 239.0 -4.0 0.0 0.0 -1.0 -2.0 0.0 -3.0 -4.0 -4.0 -3.0 -2.0 -2.0 -3.0 -3.0 -1.0 -1.0 -2.0 -2.0 -2.0 -2.0 0.0 -1.0 -1.0 -3.0 -4.0 -1.0 0.0 -2.0 -1.0 -3.0 -2.0 -1.0 -4.0 -3.0 -2.0 -1.0 -4.0 -4.0 -1.0 -2.0 -1.0 -3.0 -4.0 -3.0 
0.0 -1.0 -4.0 -3.0 0.0 -4.0 -3.0 0.0 -1.0 0.0 -4.0 -2.0 -3.0 -1.0 -2.0 -2.0 -2.0 0.0 -2.0 -1.0 0.0 -3.0 -1.0 -1.0 -3.0 0.0 -4.0 -4.0 -2.0 -2.0 -1.0 -2.0 0.0 0.0 -1.0 0.0 0.0 0.0 -2.0 0.0 -2.0 -4.0 -4.0 -4.0 0.0 -3.0 0.0 0.0 -4.0 0.0 -4.0 -1.0 -4.0 -4.0 -2.0 0.0 -2.0 -4.0 -1.0 -2.0 -1.0 -1.0 0.0 -3.0 -1.0 -4.0 -2.0 -3.0 -2.0 -4.0 -3.0 233.0 -1.0 -2.0 -4.0 -3.0 -3.0 -3.0 -2.0 -2.0 -2.0 -4.0 -3.0 -3.0 -4.0 -1.0 -4.0 -1.0 -1.0 -4.0 -1.0 -3.0 -2.0 0.0 -4.0 -4.0 -3.0 -4.0 -2.0 -4.0 -2.0 -1.0 -4.0 -1.0 -1.0 -4.0 -1.0 -2.0 -4.0 0.0 -4.0 -1.0 -1.0 -3.0 0.0 
-1.0 -2.0 -3.0 -4.0 -4.0 -3.0 0.0 -1.0 0.0 0.0 -3.0 -3.0 -3.0 -3.0 -1.0 -2.0 -1.0 -1.0 0.0 -3.0 -2.0 -3.0 -1.0 -1.0 -3.0 -4.0 -4.0 -2.0 -2.0 -2.0 -4.0 -3.0 -3.0 0.0 -4.0 -3.0 0.0 -2.0 0.0 -1.0 0.0 0.0 -2.0 -2.0 -2.0 -3.0 0.0 -4.0 -1.0 -1.0 -4.0 0.0 -4.0 -4.0 -4.0 -1.0 -2.0 -4.0 -3.0 -3.0 -2.0 -2.0 -2.0 -1.0 -3.0 0.0 0.0 0.0 -1.0 0.0 -1.0 -2.0 216.0 0.0 -4.0 0.0 -4.0 -1.0 -3.0 0.0 -2.0 -3.0 0.0 0.0 -2.0 0.0 -1.0 -4.0 -3.0 0.0 0.0 -4.0 -4.0 -4.0 -3.0 -2.0 -1.0 -1.0 -2.0 0.0 -2.0 -4.0 -2.0 0.0 0.0 -4.0 -2.0 -1.0 0.0 -1.0 -4.0 0.0 -1.0 -4.0 -3.0 
-4.0 0.0 -4.0 -4.0 -1.0 -1.0 -1.0 -3.0 0.0 -1.0 -3.0 0.0 -3.0 -3.0 0.0 -1.0 -3.0 -4.0 -2.0 -2.0 -2.0 -4.0 -1.0 -3.0 0.0 -3.0 -1.0 -1.0 -4.0 -2.0 -3.0 -1.0 -1.0 -3.0 -4.0 0.0 -2.0 -4.0 -4.0 -1.0 0.0 -2.0 -2.0 -1.0 -4.0 0.0 -1.0 0.0 -2.0 -3.0 -1.0 0.0 -2.0 -1.0 -4.0 -1.0 0.0 0.0 -4.0 -2.0 -2.0 -4.0 -2.0 -4.0 -1.0 -4.0 -1.0 0.0 -2.0 0.0 -2.0 0.0 -3.0 214.0 -2.0 -4.0 -4.0 -1.0 -4.0 -1.0 -3.0 -4.0 0.0 0.0 -4.0 0.0 -1.0 -3.0 0.0 -1.0 -3.0 -2.0 -2.0 -4.0 -1.0 -3.0 -4.0 -2.0 -1.0 0.0 0.0 -1.0 0.0 -1.0 -2.0 -3.0 0.0 -1.0 0.0 -4.0 -1.0 -2.0 0.0 -3.0 -3.0 
-4.0 -4.0 -3.0 -3.0 0.0 -4.0 -3.0 -1.0 -4.0 0.0 -1.0 -3.0 -2.0 0.0 -2.0 -1.0 -2.0 -2.0 -4.0 -1.0 0.0 -4.0 -2.0 -2.0 -1.0 -2.0 -1.0 -3.0 -4.0 -3.0 -2.0 -3.0 -4.0 -1.0 0.0 -1.0 0.0 -4.0 0.0 -1.0 -2.0 -1.0 -4.0 -4.0 0.0 -1.0 -1.0 -4.0 0.0 -3.0 -2.0 -1.0 0.0 -2.0 -2.0 -4.0 -3.0 -4.0 -1.0 -2.0 0.0 -3.0 0.0 0.0 -3.0 -1.0 -1.0 0.0 -2.0 -1.0 -3.0 -3.0 -2.0 -4.0 229.0 0.0 0.0 -1.0 -4.0 -4.0 0.0 -4.0 -2.0 -3.0 -3.0 -3.0 -3.0 -1.0 -1.0 -2.0 0.0 0.0 0.0 -3.0 0.0 -2.0 -4.0 -4.0 -2.0 0.0 -4.0 -2.0 -2.0 -3.0 0.0 -3.0 -2.0 -1.0 -3.0 -2.0 -1.0 -4.0 -4.0 -2.0 -4.0 
-4.0 -1.0 0.0 -2.0 -3.0 -2.0 0.0 0.0 0.0 -4.0 -1.0 0.0 -4.0 -2.0 -3.0 -1.0 -4.0 -4.0 -1.0 -2.0 -3.0 -4.0 -2.0 -3.0 -4.0 0.0 -3.0 -3.0 -2.0 -1.0 0.0 -1.0 0.0 0.0 -4.0 -2.0 0.0 -4.0 -1.0 -1.0 -1.0 -1.0 -4.0 0.0 -3.0 -1.0 -1.0 -1.0 -1.0 -3.0 0.0 -3.0 -4.0 0.0 -3.0 0.0 0.0 -1.0 -2.0 -3.0 -1.0 -1.0 -4.0 -3.0 0.0 -4.0 -3.0 -4.0 -2.0 -4.0 -3.0 -1.0 -1.0 0.0 0.0 214.0 -4.0 0.0 -2.0 -3.0 0.0 -4.0 -4.0 -4.0 -3.0 -3.0 -2.0 -3.0 -4.0 -4.0 -2.0 -3.0 -1.0 -1.0 0.0 -2.0 -2.0 0.0 -2.0 -2.0 -2.0 -1.0 -1.0 -2.0 0.0 -1.0 -2.0 -1.0 -1.0 -4.0 0.0 -2.0 0.0 -1.0 -2.0 
-2.0 0.0 -2.0 -4.0 -1.0 0.0 -2.0 0.0 -4.0 0.0 -4.0 0.0 -1.0 -3.0 -1.0 -2.0 0.0 -4.0 -2.0 -4.0 -4.0 -2.0 0.0 -4.0 -3.0 -2.0 -1.0 -3.0 0.0 -3.0 -4.0 -3.0 -1.0 -2.0 -3.0 -1.0 -3.0 -3.0 -4.0 0.0 0.0 -1.0 -1.0 -4.0 -2.0 -2.0 -3.0 -1.0 -1.0 0.0 -2.0 0.0 -1.0 -4.0 -4.0 0.0 -1.0 -1.0 -4.0 -3.0 -1.0 0.0 -3.0 0.0 -4.0 0.0 0.0 -1.0 -1.0 -2.0 -4.0 0.0 -2.0 -1.0 -3.0 -3.0 223.0 -3.0 -3.0 0.0 -2.0 0.0 -2.0 -1.0 -3.0 -1.0 -1.0 -3.0 -2.0 -4.0 -4.0 -1.0 -4.0 -4.0 -2.0 -2.0 -2.0 -2.0 -3.0 -3.0 -1.0 0.0 -2.0 -4.0 -2.0 -3.0 0.0 -2.0 0.0 -2.0 -3.0 -2.0 0.0 -4.0 -4.0 
-3.0 -3.0 -2.0 0.0 0.0 -1.0 -3.0 -2.0 -4.0 -4.0 -4.0 -4.0 0.0 -3.0 -3.0 -4.0 -1.0 0.0 -3.0 -4.0 -3.0 -3.0 -4.0 0.0 -3.0 -1.0 -3.0 0.0 -1.0 -1.0 0.0 -4.0 -4.0 -3.0 -1.0 -4.0 -3.0 -2.0 0.0 0.0 -4.0 -2.0 -3.0 -4.0 -2.0 -4.0 -2.0 -3.0 -3.0 0.0 -2.0 -1.0 -2.0 -4.0 -3.0 -4.0 -4.0 -4.0 -2.0 0.0 -4.0 -4.0 0.0 -1.0 0.0 -1.0 0.0 -4.0 -2.0 -4.0 -2.0 -4.0 0.0 -3.0 -2.0 -2.0 -3.0 250.0 0.0 -1.0 -1.0 -3.0 -3.0 -1.0 -2.0 0.0 -1.0 -2.0 -1.0 -1.0 -4.0 -4.0 -1.0 -3.0 -4.0 -4.0 -1.0 -1.0 -1.0 -4.0 -1.0 -3.0 -1.0 -4.0 -3.0 -4.0 -3.0 -1.0 0.0 -4.0 -1.0 -1.0 -4.0 0.0 0.0 
-4.0 0.0 -2.0 -3.0 -4.0 0.0 -3.0 -4.0 -3.0 -1.0 -3.0 -1.0 -1.0 -4.0 -4.0 0.0 -2.0 -3.0 -1.0 0.0 -1.0 -2.0 -3.0 -3.0 0.0 -2.0 -2.0 -2.0 -3.0 -1.0 -1.0 0.0 -4.0 -3.0 -3.0 -4.0 -2.0 -1.0 0.0 -4.0 -4.0 0.0 0.0 -4.0 -1.0 -3.0 -2.0 -3.0 -4.0 -4.0 -4.0 -1.0 -1.0 -2.0 -1.0 -3.0 -3.0 0.0 -2.0 -3.0 0.0 0.0 -3.0 -1.0 -4.0 -2.0 -1.0 0.0 -1.0 -3.0 -4.0 -2.0 -2.0 0.0 0.0 -3.0 -1.0 -4.0 242.0 -2.0 -3.0 -4.0 -4.0 -3.0 0.0 -1.0 -3.0 -1.0 -2.0 -4.0 0.0 -1.0 -1.0 -1.0 -1.0 -4.0 -3.0 -3.0 -2.0 -4.0 -4.0 -4.0 0.0 -4.0 -2.0 -2.0 -4.0 -4.0 -3.0 -2.0 0.0 -1.0 -4.0 -1.0 0.0 
0.0 -4.0 0.0 -4.0 -1.0 -3.0 -2.0 -1.0 -4.0 -2.0 -2.0 0.0 -2.0 -4.0 -1.0 -3.0 -4.0 -2.0 -3.0 -2.0 -4.0 -3.0 0.0 -1.0 -3.0 0.0 0.0 -2.0 -1.0 0.0 -2.0 -4.0 -4.0 0.0 0.0 0.0 -2.0 -1.0 -3.0 -4.0 0.0 -3.0 -2.0 0.0 0.0 -1.0 0.0 -3.0 -3.0 -2.0 -2.0 0.0 -4.0 -2.0 0.0 -2.0 -2.0 0.0 -2.0 -2.0 -2.0 -2.0 -3.0 -1.0 -2.0 -4.0 0.0 -4.0 -2.0 -3.0 0.0 -3.0 -1.0 -1.0 -3.0 -3.0 -4.0 -3.0 -2.0 227.0 -4.0 -3.0 0.0 -4.0 -4.0 -1.0 0.0 -4.0 -4.0 -1.0 -4.0 -4.0 -3.0 0.0 0.0 -1.0 -2.0 -2.0 -4.0 -3.0 -3.0 -2.0 -3.0 0.0 -3.0 -3.0 -2.0 0.0 -3.0 0.0 -3.0 0.0 -4.0 -2.0 0.0 
-3.0 -3.0 -4.0 -2.0 -1.0 0.0 -4.0 -3.0 -1.0 -2.0 -2.0 -1.0 -2.0 -4.0 0.0 0.0 -3.0 -4.0 -3.0 -4.0 -4.0 -4.0 -3.0 0.0 -4.0 0.0 -1.0 -4.0 -1.0 -2.0 -3.0 0.0 -2.0 -4.0 -2.0 -4.0 0.0 -2.0 -1.0 -3.0 -4.0 -1.0 0.0 -1.0 0.0 -2.0 -3.0 -2.0 -3.0 -2.0 -3.0 -3.0 -2.0 -3.0 0.0 -4.0 0.0 -3.0 -1.0 0.0 -2.0 -1.0 -1.0 -1.0 -4.0 -3.0 -3.0 -2.0 -4.0 -2.0 -1.0 -2.0 0.0 0.0 -4.0 -1.0 -1.0 -2.0 0.0 -2.0 232.0 0.0 -3.0 -2.0 -2.0 -2.0 0.0 -4.0 -3.0 -3.0 -2.0 -2.0 -4.0 -1.0 -4.0 -1.0 -2.0 0.0 -3.0 -2.0 -1.0 -3.0 0.0 0.0 0.0 -3.0 -4.0 -2.0 -2.0 0.0 -3.0 -4.0 -1.0 -2.0 -4.0 
0.0 0.0 -2.0 -2.0 -1.0 -1.0 0.0 -2.0 0.0 0.0 -4.0 -2.0 -3.0 -3.0 -4.0 -2.0 -2.0 0.0 -3.0 -4.0 -3.0 -1.0 -2.0 0.0 -3.0 -1.0 -1.0 -4.0 -1.0 -2.0 -2.0 -3.0 -1.0 -1.0 -4.0 -3.0 -4.0 -3.0 -3.0 -4.0 -3.0 -4.0 0.0 -3.0 0.0 -3.0 -2.0 -1.0 -2.0 -1.0 -2.0 -4.0 -2.0 -2.0 -4.0 0.0 -2.0 -4.0 -1.0 -1.0 0.0 -2.0 0.0 0.0 -1.0 -3.0 -2.0 -3.0 -4.0 -2.0 -2.0 -3.0 -4.0 0.0 -4.0 -4.0 0.0 -4.0 -4.0 -4.0 -2.0 232.0 -3.0 -3.0 -2.0 -2.0 -3.0 -3.0 -3.0 -1.0 -2.0 -1.0 -4.0 -3.0 0.0 -2.0 -4.0 0.0 -1.0 -2.0 0.0 -3.0 0.0 -2.0 0.0 -1.0 0.0 -2.0 0.0 -3.0 0.0 -3.0 -4.0 -3.0 -2.0 
0.0 0.0 0.0 -3.0 -4.0 0.0 -2.0 0.0 0.0 -1.0 0.0 -3.0 -2.0 -4.0 -2.0 -2.0 0.0 -1.0 0.0 -1.0 0.0 -1.0 0.0 -4.0 -1.0 -2.0 -3.0 -3.0 -3.0 -4.0 -3.0 0.0 -2.0 -1.0 -2.0 -1.0 0.0 -1.0 -1.0 -3.0 -2.0 -4.0 0.0 -2.0 -1.0 -1.0 -4.0 -2.0 -1.0 0.0 -1.0 -1.0 -2.0 -1.0 -2.0 0.0 -3.0 -3.0 -1.0 -4.0 0.0 -2.0 0.0 0.0 -1.0 0.0 -2.0 -3.0 0.0 -3.0 -1.0 -1.0 -4.0 -3.0 -4.0 -3.0 -3.0 -2.0 -3.0 -1.0 -4.0 -2.0 191.0 -3.0 0.0 -2.0 0.0 -1.0 0.0 0.0 -3.0 -2.0 -1.0 0.0 0.0 -1.0 -3.0 -4.0 0.0 -4.0 -2.0 -3.0 -3.0 -1.0 -1.0 -1.0 -3.0 -4.0 0.0 -2.0 -2.0 -1.0 -1.0 -4.0 -2.0 
-1.0 -3.0 0.0 -4.0 -4.0 0.0 -3.0 -2.0 0.0 0.0 0.0 -1.0 -2.0 -2.0 0.0 -2.0 -1.0 -1.0 -4.0 0.0 0.0 -3.0 0.0 0.0 -4.0 0.0 0.0 -3.0 0.0 -1.0 0.0 0.0 -3.0 -2.0 -3.0 -1.0 -4.0 -3.0 -1.0 -4.0 0.0 -1.0 -1.0 -1.0 0.0 -3.0 0.0 -4.0 -2.0 -3.0 -3.0 -1.0 -2.0 -1.0 -2.0 -2.0 -3.0 -3.0 0.0 -3.0 -2.0 -4.0 -2.0 -3.0 -4.0 -2.0 -1.0 -4.0 -4.0 -3.0 -2.0 -4.0 -1.0 -4.0 -2.0 -1.0 -2.0 -4.0 -3.0 0.0 -3.0 -2.0 -4.0 222.0 -4.0 0.0 0.0 -3.0 -4.0 -3.0 0.0 0.0 -3.0 -3.0 -3.0 -4.0 -3.0 -1.0 -2.0 -2.0 -3.0 0.0 -3.0 -1.0 0.0 -4.0 -3.0 -3.0 -4.0 -3.0 -3.0 0.0 0.0 -1.0 -1.0 
0.0 -4.0 -3.0 -4.0 -3.0 0.0 -4.0 -1.0 0.0 -1.0 -4.0 -1.0 -2.0 -1.0 -2.0 -3.0 -2.0 -2.0 -2.0 -2.0 -4.0 -4.0 -4.0 -4.0 0.0 -1.0 -3.0 -4.0 -4.0 -1.0 -3.0 0.0 -2.0 -4.0 -3.0 -1.0 -3.0 -3.0 -3.0 -3.0 0.0 0.0 -4.0 -1.0 0.0 -1.0 0.0 -1.0 -3.0 -4.0 -3.0 -2.0 -1.0 -1.0 -2.0 -2.0 -2.0 0.0 0.0 -3.0 -2.0 0.0 -1.0 0.0 -1.0 -3.0 -3.0 -1.0 -4.0 -2.0 -2.0 -1.0 -1.0 -1.0 -3.0 -1.0 -4.0 -2.0 0.0 -3.0 0.0 -3.0 -2.0 -3.0 224.0 -2.0 0.0 -2.0 0.0 -3.0 -2.0 0.0 0.0 -3.0 -2.0 -4.0 0.0 0.0 -3.0 -2.0 -1.0 -2.0 -4.0 -1.0 -4.0 -2.0 -4.0 -4.0 -2.0 -3.0 -1.0 -3.0 -1.0 0.0 -1.0 
0.0 -1.0 0.0 0.0 0.0 -4.0 -4.0 -3.0 -1.0 0.0 -1.0 -2.0 -3.0 -2.0 -3.0 -2.0 -4.0 -1.0 -3.0 -3.0 -3.0 -2.0 -4.0 0.0 -4.0 -1.0 0.0 -4.0 -1.0 -3.0 -1.0 0.0 -4.0 -4.0 -3.0 -3.0 -1.0 -4.0 -4.0 -1.0 0.0 -2.0 -1.0 -2.0 0.0 -4.0 -2.0 -1.0 -1.0 0.0 -4.0 -1.0 -4.0 -2.0 -2.0 -1.0 -1.0 -4.0 -2.0 0.0 -3.0 -1.0 -4.0 -4.0 0.0 -1.0 0.0 -2.0 -1.0 -3.0 -4.0 0.0 -1.0 -3.0 -2.0 -2.0 -1.0 -3.0 -4.0 -4.0 0.0 -2.0 -4.0 -2.0 -4.0 225.0 -2.0 0.0 -4.0 -1.0 -4.0 -1.0 -4.0 -2.0 -1.0 0.0 -1.0 -4.0 -2.0 -4.0 0.0 -1.0 -4.0 0.0 -4.0 -2.0 -1.0 0.0 0.0 -4.0 0.0 -1.0 -2.0 -3.0 0.0 
0.0 -2.0 -1.0 -2.0 -1.0 -4.0 -4.0 -4.0 0.0 -1.0 -3.0 -2.0 -4.0 -4.0 0.0 -2.0 -1.0 0.0 -2.0 -2.0 -1.0 -2.0 -1.0 -3.0 -4.0 -3.0 0.0 0.0 -2.0 -1.0 0.0 -3.0 -3.0 -3.0 -2.0 -3.0 -3.0 -4.0 -1.0 -2.0 -2.0 -3.0 -1.0 -3.0 -4.0 -1.0 -3.0 -4.0 0.0 -4.0 -2.0 -4.0 0.0 -2.0 -4.0 -3.0 -3.0 -4.0 0.0 -4.0 0.0 -1.0 -4.0 -4.0 -1.0 -4.0 -1.0 -2.0 -3.0 -1.0 -1.0 -2.0 0.0 -4.0 0.0 0.0 -1.0 -3.0 -4.0 -2.0 -4.0 -4.0 -3.0 -3.0 -1.0 -3.0 246.0 -1.0 -3.0 -1.0 -2.0 -4.0 -3.0 -1.0 0.0 -2.0 -4.0 0.0 -3.0 -4.0 -2.0 -1.0 -3.0 -1.0 0.0 -3.0 -2.0 -1.0 -4.0 -2.0 -3.0 -4.0 -1.0 0.0 -4.0 
0.0 -4.0 0.0 0.0 -2.0 0.0 -2.0 -4.0 0.0 0.0 0.0 -1.0 -3.0 -2.0 -4.0 0.0 -4.0 0.0 -2.0 -4.0 -4.0 -4.0 -1.0 -3.0 -4.0 -2.0 -2.0 -3.0 -1.0 -4.0 -3.0 -2.0 -2.0 -3.0 0.0 0.0 -4.0 -4.0 0.0 0.0 -4.0 -4.0 -3.0 0.0 -3.0 -2.0 -2.0 -2.0 -3.0 -2.0 -2.0 -4.0 -4.0 -4.0 0.0 -4.0 0.0 -1.0 -2.0 -1.0 -1.0 -2.0 -3.0 0.0 -2.0 0.0 -3.0 -3.0 -1.0 -2.0 -1.0 0.0 -1.0 -1.0 -2.0 -1.0 -4.0 -1.0 -1.0 -1.0 -3.0 -4.0 -3.0 -2.0 0.0 -3.0 -3.0 221.0 0.0 -3.0 -2.0 -2.0 -3.0 -4.0 -4.0 -3.0 -1.0 -4.0 -1.0 -3.0 -3.0 -4.0 0.0 -1.0 -4.0 -2.0 0.0 -1.0 0.0 0.0 0.0 0.0 -1.0 -1.0 -1.0 
-1.0 -1.0 -3.0 -3.0 -1.0 -1.0 -1.0 -3.0 0.0 -4.0 -1.0 0.0 -1.0 -3.0 -4.0 -1.0 -4.0 -4.0 -4.0 0.0 -2.0 0.0 -3.0 -4.0 -2.0 -3.0 -4.0 -2.0 -4.0 -1.0 -2.0 -2.0 -1.0 -1.0 0.0 -4.0 -1.0 -2.0 -3.0 -1.0 -3.0 -3.0 -1.0 -2.0 -4.0 -2.0 0.0 -4.0 -2.0 0.0 -1.0 -3.0 -3.0 -2.0 -1.0 -3.0 -4.0 0.0 0.0 -4.0 0.0 -2.0 0.0 -1.0 -4.0 -2.0 -1.0 -4.0 -1.0 -2.0 -3.0 -4.0 -1.0 -4.0 -2.0 -3.0 -3.0 -4.0 -2.0 0.0 -1.0 -3.0 -3.0 0.0 -3.0 -1.0 0.0 0.0 243.0 -3.0 -2.0 0.0 0.0 -4.0 0.0 -2.0 -3.0 -4.0 -1.0 -4.0 -2.0 0.0 -2.0 -3.0 -2.0 -2.0 -4.0 -4.0 -3.0 -1.0 -4.0 -4.0 -4.0 -3.0 -4.0 
-3.0 -3.0 -1.0 -2.0 -2.0 -3.0 -3.0 -3.0 -2.0 -1.0 -2.0 -2.0 -4.0 -2.0 -2.0 0.0 -1.0 -1.0 -1.0 -4.0 -2.0 -4.0 -3.0 0.0 -2.0 -2.0 -3.0 -3.0 0.0 -4.0 0.0 -1.0 -1.0 -2.0 0.0 -2.0 -1.0 -4.0 -1.0 0.0 -3.0 0.0 -4.0 -4.0 -3.0 -1.0 -3.0 -1.0 0.0 0.0 0.0 -1.0 -3.0 -4.0 -4.0 -1.0 -4.0 -4.0 0.0 -2.0 -3.0 -3.0 0.0 -2.0 -3.0 -4.0 -3.0 -2.0 -2.0 -4.0 -3.0 -2.0 -4.0 -1.0 -3.0 -1.0 -4.0 -3.0 -1.0 0.0 0.0 -4.0 -1.0 -2.0 -3.0 -4.0 -3.0 -1.0 0.0 226.0 -1.0 -3.0 0.0 -1.0 -1.0 -2.0 0.0 -2.0 -3.0 -1.0 -3.0 0.0 -3.0 0.0 -2.0 -2.0 -1.0 -3.0 -3.0 -3.0 0.0 -2.0 0.0 -4.0 -1.0 
-1.0 -1.0 0.0 0.0 0.0 -1.0 -2.0 -2.0 -1.0 -2.0 -1.0 -2.0 -1.0 -3.0 -4.0 0.0 -1.0 -2.0 0.0 -4.0 -2.0 0.0 -2.0 -2.0 -4.0 -4.0 0.0 -1.0 -2.0 -3.0 -1.0 -1.0 -2.0 -3.0 0.0 -2.0 -2.0 -3.0 -4.0 -4.0 -2.0 -1.0 -2.0 -4.0 -4.0 -2.0 -2.0 -1.0 -3.0 -4.0 0.0 -2.0 -1.0 0.0 -3.0 0.0 0.0 0.0 -4.0 -2.0 0.0 -1.0 -4.0 -1.0 -2.0 0.0 -4.0 -1.0 -4.0 -4.0 -4.0 -2.0 -1.0 -3.0 -3.0 -3.0 -1.0 -2.0 -2.0 -4.0 -1.0 -2.0 -1.0 0.0 -1.0 -3.0 -2.0 -2.0 -4.0 -1.0 221.0 -1.0 -1.0 -4.0 -3.0 -3.0 -4.0 -1.0 -3.0 -4.0 0.0 -1.0 -4.0 -2.0 -2.0 0.0 -2.0 -4.0 -3.0 0.0 -1.0 -3.0 -2.0 -1.0 -2.0 
-2.0 -1.0 -1.0 -3.0 -1.0 -2.0 -4.0 0.0 0.0 -3.0 -4.0 -2.0 -2.0 -2.0 -3.0 -3.0 -4.0 0.0 -2.0 -1.0 -4.0 -2.0 -4.0 -2.0 0.0 -3.0 -2.0 -1.0 -2.0 -2.0 -1.0 0.0 -4.0 0.0 -2.0 -4.0 -4.0 -2.0 -2.0 -3.0 0.0 -1.0 0.0 -2.0 -4.0 -4.0 -1.0 -4.0 -3.0 -3.0 -4.0 0.0 0.0 -1.0 -1.0 -1.0 0.0 0.0 -2.0 -1.0 0.0 -4.0 0.0 -3.0 -1.0 -4.0 -3.0 -4.0 -1.0 -2.0 -3.0 -2.0 -4.0 0.0 -2.0 -2.0 -3.0 0.0 -2.0 -2.0 -2.0 0.0 -3.0 -3.0 -4.0 -1.0 -3.0 0.0 0.0 -4.0 0.0 226.0 -2.0 -2.0 -3.0 -2.0 -3.0 -2.0 -2.0 0.0 -4.0 -3.0 -4.0 -1.0 0.0 -1.0 -3.0 0.0 -3.0 -3.0 -1.0 -4.0 -2.0 0.0 -3.0 
-3.0 0.0 -3.0 0.0 -1.0 -1.0 0.0 0.0 -2.0 -1.0 0.0 -3.0 -3.0 0.0 -3.0 -2.0 0.0 0.0 -1.0 -2.0 -3.0 -2.0 -2.0 -3.0 -3.0 0.0 -1.0 0.0 -3.0 -1.0 -4.0 -1.0 0.0 -1.0 0.0 -2.0 -1.0 -4.0 -2.0 -4.0 -3.0 -3.0 0.0 -1.0 0.0 -1.0 -1.0 -1.0 -1.0 -1.0 0.0 -3.0 -3.0 -2.0 -4.0 -4.0 0.0 -1.0 -4.0 -2.0 0.0 -4.0 -1.0 -3.0 -4.0 -1.0 -3.0 -1.0 0.0 -2.0 -3.0 -4.0 -4.0 -1.0 -4.0 -4.0 -2.0 -1.0 -3.0 0.0 -3.0 -3.0 -4.0 -2.0 0.0 0.0 -4.0 -1.0 -2.0 -4.0 -4.0 -1.0 214.0 -2.0 -3.0 -2.0 -1.0 -3.0 -1.0 -3.0 -2.0 -2.0 -3.0 0.0 0.0 -2.0 0.0 -4.0 -3.0 0.0 -3.0 -2.0 -3.0 -4.0 -1.0 
0.0 0.0 -2.0 0.0 -4.0 0.0 -2.0 0.0 -4.0 -4.0 -4.0 -2.0 -2.0 -3.0 -4.0 -1.0 -2.0 0.0 -3.0 -2.0 -3.0 -1.0 -1.0 0.0 -3.0 -3.0 -1.0 0.0 -2.0 -4.0 -2.0 -1.0 -3.0 0.0 -2.0 -2.0 0.0 0.0 0.0 -3.0 0.0 0.0 -4.0 0.0 -4.0 -3.0 -4.0 -2.0 -1.0 -1.0 -1.0 0.0 0.0 -2.0 0.0 -2.0 -2.0 -4.0 -4.0 -1.0 -2.0 0.0 -3.0 -2.0 -2.0 -2.0 -1.0 -2.0 -3.0 -2.0 0.0 -3.0 -3.0 -4.0 -3.0 -2.0 0.0 -3.0 -2.0 0.0 -4.0 -2.0 -2.0 -3.0 -4.0 0.0 -1.0 -1.0 -3.0 0.0 -3.0 -2.0 -3.0 215.0 -4.0 -4.0 0.0 -1.0 -4.0 -3.0 -4.0 0.0 0.0 0.0 -1.0 -2.0 -4.0 -3.0 -3.0 -2.0 -3.0 -1.0 -1.0 -2.0 -1.0 
-1.0 0.0 -3.0 -1.0 -3.0 0.0 -2.0 -1.0 -4.0 -1.0 0.0 -4.0 -3.0 -1.0 -2.0 -4.0 -4.0 -4.0 0.0 -2.0 -3.0 -1.0 -3.0 -4.0 0.0 0.0 -1.0 -2.0 -2.0 0.0 0.0 -3.0 0.0 -3.0 -1.0 -3.0 -2.0 -3.0 -1.0 -2.0 -3.0 -1.0 -2.0 -3.0 -1.0 -1.0 -2.0 -4.0 -2.0 -2.0 -3.0 -4.0 -3.0 0.0 -2.0 -1.0 0.0 0.0 -1.0 0.0 -4.0 -2.0 -4.0 -1.0 -4.0 -1.0 -4.0 -1.0 -3.0 -4.0 -3.0 -3.0 0.0 -3.0 -4.0 -4.0 -4.0 -2.0 -2.0 -3.0 -3.0 -1.0 -3.0 0.0 -3.0 -4.0 -2.0 -1.0 -4.0 -3.0 -1.0 -1.0 -3.0 0.0 235.0 -3.0 0.0 -4.0 -4.0 -1.0 -3.0 -1.0 -2.0 -4.0 -3.0 0.0 -2.0 -3.0 0.0 0.0 -4.0 -2.0 -3.0 -2.0 0.0 
0.0 -3.0 0.0 0.0 -1.0 0.0 -3.0 -3.0 -3.0 -3.0 -3.0 0.0 0.0 -4.0 -1.0 -2.0 -3.0 -2.0 -3.0 -4.0 -1.0 -3.0 -2.0 -2.0 -1.0 0.0 -1.0 -3.0 -3.0 0.0 0.0 0.0 -3.0 -2.0 0.0 -1.0 -2.0 -3.0 -2.0 0.0 -4.0 -3.0 -3.0 -3.0 -4.0 -1.0 -2.0 0.0 -4.0 -2.0 -2.0 -2.0 -2.0 -2.0 -2.0 -1.0 0.0 -2.0 -1.0 0.0 -2.0 -2.0 -2.0 -4.0 -2.0 -4.0 0.0 -3.0 -3.0 0.0 -4.0 -1.0 0.0 0.0 -3.0 -4.0 -1.0 -3.0 0.0 0.0 0.0 0.0 -3.0 0.0 -3.0 -2.0 -3.0 0.0 0.0 -2.0 0.0 0.0 -2.0 -4.0 -3.0 212.0 -1.0 -4.0 -2.0 -4.0 -4.0 -2.0 -2.0 -3.0 -3.0 -4.0 -3.0 -2.0 0.0 -2.0 -3.0 -2.0 -1.0 -3.0 0.0 
0.0 0.0 -3.0 -3.0 -1.0 -4.0 0.0 0.0 -2.0 -2.0 0.0 -3.0 -3.0 -1.0 -1.0 0.0 -3.0 -4.0 -4.0 -3.0 -1.0 0.0 -1.0 -2.0 0.0 -4.0 -2.0 0.0 -1.0 -1.0 -2.0 -4.0 -2.0 -3.0 -2.0 -4.0 -3.0 -2.0 0.0 -3.0 -3.0 -1.0 -3.0 -2.0 0.0 -2.0 -4.0 -4.0 -2.0 -2.0 0.0 -1.0 -4.0 -2.0 0.0 -2.0 -3.0 -3.0 -2.0 -1.0 -4.0 -3.0 -2.0 -2.0 -3.0 0.0 -2.0 -3.0 -4.0 -1.0 -3.0 0.0 0.0 0.0 -3.0 -1.0 -1.0 -2.0 -2.0 0.0 -4.0 -4.0 -3.0 0.0 -2.0 0.0 -2.0 -2.0 -1.0 -1.0 -4.0 -3.0 -1.0 -3.0 -3.0 -3.0 213.0 -4.0 0.0 -2.0 -3.0 0.0 -2.0 -4.0 -1.0 -2.0 0.0 -1.0 0.0 -1.0 0.0 -2.0 -3.0 0.0 -1.0 
-1.0 -1.0 -3.0 -2.0 -3.0 0.0 -2.0 0.0 -4.0 -4.0 -3.0 -2.0 -1.0 -2.0 -1.0 -4.0 -1.0 -3.0 -4.0 -4.0 0.0 -1.0 0.0 0.0 -2.0 0.0 -4.0 -1.0 -1.0 0.0 -3.0 -3.0 0.0 -3.0 -3.0 -1.0 -3.0 -1.0 -2.0 0.0 -3.0 0.0 0.0 -4.0 -3.0 -4.0 -2.0 -3.0 -4.0 -3.0 -4.0 -3.0 -2.0 -2.0 -2.0 0.0 -2.0 -1.0 -1.0 -2.0 -2.0 -1.0 -1.0 -1.0 0.0 0.0 0.0 -1.0 -2.0 -1.0 -2.0 -1.0 -3.0 -2.0 -2.0 -1.0 -4.0 -2.0 -1.0 -2.0 0.0 -4.0 -2.0 0.0 -2.0 -1.0 0.0 -1.0 0.0 -1.0 -2.0 -2.0 -1.0 -1.0 -3.0 -1.0 -3.0 195.0 -1.0 -4.0 -2.0 -3.0 0.0 0.0 -1.0 -2.0 -1.0 -1.0 -2.0 -1.0 0.0 -3.0 -1.0 -2.0 0.0 
-1.0 -1.0 -1.0 -3.0 -3.0 0.0 0.0 0.0 -3.0 -1.0 0.0 -1.0 -4.0 -2.0 -4.0 0.0 -1.0 0.0 -4.0 0.0 0.0 -3.0 -2.0 0.0 0.0 -3.0 -2.0 -3.0 -4.0 -3.0 -4.0 -1.0 -2.0 0.0 -2.0 0.0 -3.0 -2.0 0.0 -2.0 -3.0 -4.0 -2.0 0.0 -1.0 0.0 -4.0 0.0 0.0 -1.0 -2.0 -3.0 -2.0 -3.0 -3.0 -3.0 -1.0 0.0 -2.0 0.0 -3.0 -1.0 0.0 -1.0 -4.0 -2.0 0.0 -1.0 -4.0 -1.0 -4.0 -2.0 -1.0 0.0 -1.0 -1.0 -3.0 -4.0 0.0 -3.0 -3.0 -4.0 -3.0 0.0 -3.0 -4.0 -2.0 -4.0 0.0 -3.0 -2.0 -2.0 0.0 -4.0 -4.0 -4.0 -3.0 -4.0 209.0 -4.0 -1.0 -4.0 -1.0 -2.0 -2.0 -2.0 0.0 -1.0 -2.0 -2.0 -1.0 0.0 -2.0 -1.0 0.0 
-2.0 0.0 -2.0 -4.0 -3.0 -4.0 -4.0 -4.0 -2.0 -3.0 -4.0 -3.0 -4.0 -4.0 -4.0 -1.0 -1.0 -3.0 -2.0 -3.0 0.0 -4.0 0.0 -1.0 0.0 0.0 -4.0 -1.0 -3.0 -4.0 0.0 -4.0 -2.0 -1.0 -3.0 -3.0 -1.0 0.0 0.0 -4.0 -4.0 -2.0 0.0 0.0 0.0 0.0 0.0 -2.0 -4.0 0.0 0.0 0.0 0.0 0.0 -3.0 -4.0 -4.0 -3.0 -3.0 0.0 0.0 0.0 -3.0 -1.0 -4.0 -4.0 0.0 -2.0 -3.0 0.0 -3.0 0.0 -1.0 -2.0 -4.0 0.0 0.0 0.0 -1.0 0.0 -2.0 -2.0 -3.0 -3.0 0.0 -4.0 -2.0 -3.0 -2.0 -4.0 -1.0 0.0 -4.0 -1.0 -4.0 0.0 0.0 -3.0 -2.0 209.0 0.0 -4.0 -4.0 0.0 0.0 -2.0 -1.0 0.0 0.0 0.0 -2.0 -3.0 -3.0 0.0 -1.0 
-3.0 -4.0 -4.0 -3.0 -1.0 0.0 -3.0 -1.0 -3.0 -4.0 -1.0 -3.0 0.0 -1.0 -2.0 -3.0 -3.0 -4.0 -1.0 -3.0 -4.0 -2.0 -3.0 0.0 -3.0 -4.0 -4.0 -3.0 -1.0 -2.0 -4.0 -2.0 -2.0 0.0 -3.0 -1.0 -3.0 -4.0 -2.0 -3.0 -3.0 -3.0 -3.0 -2.0 -1.0 -3.0 0.0 0.0 -4.0 -4.0 -1.0 -2.0 -1.0 -3.0 -2.0 -2.0 0.0 -1.0 -3.0 -4.0 -1.0 -3.0 -3.0 -2.0 -1.0 -4.0 -2.0 -3.0 0.0 -2.0 -4.0 -1.0 -3.0 -4.0 -4.0 -4.0 -1.0 -1.0 -2.0 -3.0 -4.0 0.0 -4.0 -3.0 -3.0 -1.0 -3.0 -1.0 -3.0 -1.0 0.0 -3.0 0.0 -2.0 -1.0 0.0 -3.0 -4.0 -1.0 -4.0 253.0 -3.0 -1.0 -2.0 -4.0 -2.0 -4.0 0.0 0.0 -2.0 -4.0 -1.0 0.0 -2.0 0.0 
-2.0 -1.0 -2.0 -3.0 -2.0 -3.0 -2.0 -3.0 -2.0 -2.0 0.0 0.0 -3.0 -2.0 -4.0 -1.0 -1.0 -2.0 -2.0 -1.0 -2.0 -3.0 -1.0 -2.0 0.0 -2.0 -3.0 -3.0 -2.0 0.0 0.0 -1.0 -3.0 -2.0 0.0 -3.0 -2.0 0.0 -1.0 -4.0 0.0 -3.0 -4.0 -3.0 0.0 -2.0 -2.0 -3.0 -4.0 -2.0 -4.0 -3.0 0.0 -1.0 -2.0 -3.0 -3.0 -4.0 -4.0 -3.0 -4.0 0.0 -3.0 -4.0 0.0 -3.0 -4.0 -1.0 -3.0 0.0 -4.0 -4.0 -1.0 -2.0 -3.0 -4.0 0.0 -4.0 -1.0 -1.0 -3.0 -4.0 -2.0 -1.0 -1.0 -1.0 0.0 -2.0 -4.0 -3.0 -4.0 -3.0 -2.0 -3.0 0.0 -4.0 -2.0 -2.0 0.0 -4.0 0.0 244.0 -4.0 0.0 -3.0 -4.0 -1.0 -1.0 -3.0 -2.0 -2.0 -3.0 -1.0 -4.0 -3.0 
-1.0 -2.0 -1.0 0.0 -3.0 -2.0 -4.0 -2.0 -1.0 -3.0 -2.0 -1.0 -3.0 -2.0 -2.0 -1.0 -1.0 0.0 -3.0 0.0 -4.0 -1.0 -4.0 -2.0 -2.0 0.0 -4.0 -4.0 -3.0 -3.0 -1.0 -1.0 -1.0 -3.0 -4.0 -3.0 -1.0 -1.0 -4.0 -4.0 -2.0 0.0 -3.0 -2.0 -1.0 0.0 -2.0 -2.0 -3.0 -3.0 -3.0 -4.0 -4.0 -2.0 0.0 0.0 -2.0 -3.0 -4.0 -3.0 -1.0 -2.0 -2.0 -3.0 0.0 0.0 -2.0 -1.0 -1.0 -3.0 -2.0 -3.0 0.0 -1.0 -1.0 -4.0 -3.0 -3.0 0.0 -4.0 -3.0 -3.0 -3.0 -3.0 0.0 -2.0 -3.0 -1.0 0.0 -1.0 -3.0 -3.0 -3.0 -4.0 -2.0 -1.0 -2.0 -3.0 0.0 0.0 -3.0 0.0 228.0 0.0 -3.0 -2.0 -3.0 0.0 -4.0 0.0 -3.0 -2.0 -1.0 -1.0 -3.0 
-2.0 0.0 -4.0 -3.0 0.0 0.0 -4.0 -2.0 -4.0 -4.0 -3.0 -2.0 -4.0 -4.0 -1.0 0.0 -3.0 -3.0 0.0 -4.0 -3.0 -1.0 -2.0 0.0 -2.0 -1.0 -3.0 -1.0 -4.0 0.0 -4.0 -4.0 -3.0 0.0 0.0 0.0 0.0 -3.0 -4.0 -3.0 -2.0 -3.0 0.0 -4.0 -3.0 -2.0 -1.0 0.0 -2.0 -4.0 -2.0 -2.0 -3.0 -3.0 -2.0 -3.0 -4.0 0.0 -3.0 -1.0 -4.0 0.0 -3.0 -3.0 -2.0 0.0 -4.0 0.0 -1.0 0.0 -3.0 -3.0 -2.0 -3.0 -2.0 -2.0 -3.0 -1.0 -3.0 0.0 -1.0 -1.0 -4.0 -1.0 0.0 -1.0 -3.0 -1.0 -4.0 0.0 0.0 -4.0 -4.0 -2.0 -4.0 0.0 -1.0 -3.0 0.0 0.0 -4.0 -1.0 -1.0 229.0 -4.0 -2.0 -3.0 -1.0 0.0 -1.0 0.0 -1.0 -3.0 -4.0 -2.0 
-4.0 0.0 -2.0 -4.0 0.0 -3.0 -1.0 0.0 -1.0 -3.0 -1.0 -3.0 -2.0 -4.0 0.0 0.0 -4.0 -4.0 -4.0 -3.0 -4.0 -2.0 -4.0 0.0 -1.0 -4.0 -4.0 -2.0 -4.0 0.0 -2.0 -4.0 -1.0 -3.0 -4.0 -1.0 -1.0 -2.0 -1.0 -4.0 -1.0 -1.0 -1.0 -4.0 -1.0 -3.0 -1.0 -3.0 0.0 0.0 -1.0 -4.0 -4.0 -2.0 -2.0 -2.0 -4.0 -4.0 -4.0 -4.0 -2.0 0.0 -1.0 -4.0 -3.0 -4.0 -3.0 -2.0 -2.0 -4.0 0.0 -4.0 -2.0 -1.0 -3.0 -3.0 -3.0 -2.0 -3.0 -1.0 -2.0 -1.0 -3.0 -4.0 0.0 -2.0 -2.0 -3.0 -3.0 -4.0 0.0 -1.0 -1.0 -1.0 -4.0 -4.0 0.0 -3.0 -3.0 -1.0 -1.0 -3.0 0.0 -2.0 249.0 -3.0 -2.0 -2.0 0.0 -2.0 0.0 -3.0 -4.0 -1.0 0.0 
-1.0 0.0 -2.0 0.0 -2.0 -3.0 0.0 -4.0 0.0 -2.0 -1.0 -3.0 0.0 -1.0 -1.0 -1.0 -2.0 -3.0 -1.0 -1.0 0.0 -4.0 -2.0 -4.0 -1.0 -2.0 0.0 -2.0 -4.0 -4.0 -4.0 -1.0 -1.0 -3.0 -3.0 -2.0 -3.0 -1.0 -2.0 -1.0 -1.0 -2.0 -3.0 0.0 -1.0 -1.0 0.0 -3.0 -4.0 -2.0 0.0 0.0 -1.0 -3.0 -3.0 -3.0 -1.0 0.0 -2.0 -2.0 0.0 -1.0 0.0 -1.0 0.0 -4.0 -1.0 -1.0 -1.0 -3.0 -1.0 -4.0 -1.0 -3.0 -3.0 -3.0 0.0 -4.0 -2.0 -3.0 -4.0 -4.0 0.0 -2.0 -1.0 0.0 -2.0 -2.0 -3.0 -1.0 -3.0 -3.0 -4.0 -1.0 0.0 -3.0 -4.0 -1.0 0.0 -2.0 0.0 -1.0 -4.0 -4.0 -1.0 204.0 -2.0 -2.0 -1.0 0.0 -2.0 -1.0 -2.0 -4.0 0.0 
0.0 0.0 -4.0 -4.0 0.0 -4.0 -3.0 -4.0 -4.0 -2.0 -4.0 -2.0 -3.0 -1.0 0.0 -2.0 -1.0 -4.0 -4.0 -3.0 -1.0 -4.0 -1.0 -1.0 -4.0 0.0 -1.0 -1.0 -1.0 -2.0 -4.0 -2.0 0.0 -3.0 -3.0 -4.0 -2.0 -4.0 -4.0 -4.0 -3.0 0.0 -1.0 -2.0 0.0 -2.0 -1.0 -1.0 -2.0 -4.0 -3.0 -4.0 -4.0 0.0 -2.0 -4.0 -4.0 0.0 -4.0 -3.0 -4.0 -2.0 0.0 -1.0 -3.0 -3.0 -3.0 -1.0 0.0 -4.0 -3.0 -3.0 -1.0 -1.0 0.0 -2.0 -4.0 -1.0 -3.0 -1.0 -4.0 -4.0 -2.0 0.0 -4.0 -1.0 -2.0 -2.0 0.0 0.0 -1.0 -1.0 -1.0 -3.0 -2.0 -4.0 0.0 -1.0 -3.0 -3.0 0.0 -4.0 -2.0 -2.0 0.0 -1.0 252.0 -4.0 -4.0 0.0 -4.0 -4.0 -3.0 -4.0 -3.0 
-1.0 -1.0 -2.0 -2.0 0.0 0.0 -2.0 0.0 -4.0 -4.0 -3.0 -4.0 -4.0 0.0 -4.0 -2.0 0.0 -4.0 -2.0 0.0 -1.0 -2.0 -2.0 -2.0 -2.0 0.0 -2.0 -2.0 -3.0 -1.0 -3.0 -2.0 -2.0 0.0 -1.0 0.0 -2.0 -1.0 -2.0 -4.0 -1.0 -3.0 -1.0 -2.0 -3.0 0.0 0.0 -1.0 -1.0 -3.0 -2.0 -3.0 -3.0 -4.0 0.0 -2.0 -1.0 -1.0 -3.0 -1.0 -1.0 -2.0 -2.0 0.0 -4.0 -1.0 -3.0 0.0 0.0 -3.0 -4.0 0.0 -4.0 -4.0 -1.0 0.0 -2.0 -3.0 0.0 -2.0 -3.0 -1.0 -2.0 0.0 -1.0 -1.0 -1.0 -2.0 0.0 -3.0 -4.0 -3.0 -3.0 -2.0 -1.0 -4.0 -3.0 -2.0 0.0 -1.0 -3.0 -4.0 -3.0 0.0 0.0 -4.0 -3.0 211.0 -3.0 -4.0 -2.0 0.0 -2.0 0.0 -2.0 
-4.0 -1.0 0.0 -4.0 -3.0 -4.0 -3.0 0.0 -3.0 -3.0 -3.0 -2.0 -1.0 -4.0 -3.0 -1.0 0.0 -3.0 -4.0 -3.0 -3.0 -2.0 -1.0 0.0 -1.0 -4.0 0.0 -4.0 -2.0 -3.0 -1.0 -3.0 -1.0 -4.0 -1.0 -4.0 0.0 -3.0 -3.0 0.0 -4.0 0.0 0.0 -1.0 -3.0 -4.0 0.0 0.0 -3.0 -4.0 -1.0 -2.0 -1.0 0.0 -4.0 0.0 -3.0 -4.0 0.0 -1.0 -1.0 -1.0 -1.0 -1.0 -3.0 0.0 -2.0 -4.0 -3.0 0.0 0.0 -3.0 0.0 -4.0 -3.0 0.0 -1.0 -1.0 0.0 -3.0 0.0 0.0 -4.0 -1.0 -3.0 -4.0 0.0 -1.0 -4.0 -3.0 -1.0 -3.0 -2.0 -4.0 -1.0 -4.0 -2.0 0.0 -3.0 -4.0 -1.0 0.0 -1.0 -4.0 -3.0 -3.0 -1.0 0.0 222.0 -1.0 -4.0 -1.0 -1.0 -1.0 -2.0 
-2.0 -1.0 -4.0 -1.0 -1.0 -2.0 -3.0 -1.0 -3.0 0.0 -2.0 -2.0 -3.0 -3.0 -4.0 0.0 0.0 -4.0 -1.0 -3.0 -4.0 -3.0 0.0 0.0 -1.0 -3.0 -4.0 -3.0 -3.0 -3.0 -2.0 -2.0 -4.0 -4.0 -1.0 -1.0 -2.0 -2.0 -1.0 -1.0 -1.0 0.0 -2.0 -1.0 -4.0 -3.0 -4.0 -3.0 -2.0 -4.0 -1.0 -2.0 0.0 -2.0 -4.0 -2.0 0.0 -1.0 -4.0 -4.0 -2.0 -1.0 -3.0 -1.0 -1.0 -3.0 -4.0 -4.0 -4.0 -1.0 -2.0 0.0 -1.0 -2.0 0.0 -4.0 -3.0 -2.0 -3.0 -2.0 0.0 0.0 -2.0 -3.0 0.0 0.0 -1.0 -3.0 -2.0 0.0 -2.0 -2.0 0.0 0.0 0.0 -4.0 -2.0 -4.0 -1.0 -3.0 -4.0 -3.0 -4.0 -4.0 0.0 -3.0 -3.0 -4.0 -4.0 241.0 0.0 -3.0 -4.0 -4.0 -1.0 
-4.0 -4.0 0.0 -1.0 -1.0 -2.0 0.0 -1.0 -4.0 -3.0 -1.0 -2.0 -1.0 -3.0 -2.0 -4.0 -2.0 -1.0 -4.0 -3.0 -3.0 -2.0 -1.0 0.0 -4.0 -1.0 -3.0 -4.0 0.0 -2.0 -4.0 -2.0 0.0 -1.0 -2.0 0.0 0.0 -2.0 -4.0 0.0 0.0 -2.0 -1.0 -1.0 -1.0 -2.0 -2.0 -1.0 -1.0 -1.0 -3.0 0.0 -4.0 -1.0 -4.0 0.0 -1.0 -1.0 -1.0 -1.0 -2.0 -3.0 -4.0 -2.0 -4.0 -2.0 0.0 -1.0 0.0 -4.0 -1.0 -4.0 -1.0 -4.0 -1.0 -1.0 0.0 -3.0 -3.0 -2.0 -1.0 0.0 -1.0 -4.0 -4.0 -1.0 -2.0 -2.0 -1.0 -3.0 0.0 -3.0 0.0 -2.0 -1.0 -4.0 -3.0 -3.0 -1.0 0.0 -3.0 -1.0 -3.0 0.0 -2.0 -3.0 0.0 -3.0 -3.0 -3.0 210.0 -2.0 0.0 -2.0 -1.0 
0.0 0.0 -4.0 0.0 0.0 -1.0 -4.0 0.0 -2.0 -2.0 -1.0 -4.0 -3.0 -2.0 -1.0 -1.0 0.0 -3.0 -1.0 0.0 -1.0 -2.0 -2.0 -4.0 -2.0 -3.0 -3.0 -2.0 -4.0 -4.0 -3.0 -4.0 -4.0 0.0 -4.0 -4.0 -4.0 -2.0 -4.0 -1.0 -1.0 0.0 -1.0 -4.0 0.0 -4.0 -2.0 -2.0 -2.0 -2.0 -2.0 -1.0 -3.0 -2.0 0.0 0.0 -4.0 0.0 -1.0 -1.0 0.0 0.0 -3.0 -1.0 -1.0 0.0 -4.0 0.0 0.0 -1.0 -1.0 -3.0 0.0 -4.0 0.0 -1.0 -2.0 -2.0 -1.0 -4.0 -2.0 -3.0 -3.0 -1.0 -3.0 0.0 -4.0 -2.0 0.0 -1.0 -2.0 -1.0 -3.0 -4.0 -3.0 -3.0 -3.0 -1.0 -3.0 0.0 -4.0 -3.0 -2.0 -4.0 -2.0 -3.0 -3.0 -2.0 -2.0 -4.0 -4.0 227.0 0.0 -4.0 -2.0 
-2.0 -1.0 -3.0 -4.0 -1.0 -1.0 -1.0 -1.0 -1.0 -4.0 0.0 -4.0 0.0 -3.0 -1.0 0.0 -2.0 0.0 -2.0 0.0 -2.0 -2.0 -3.0 -1.0 -2.0 -2.0 -3.0 0.0 -4.0 -2.0 -1.0 -3.0 -3.0 -1.0 -3.0 -1.0 -3.0 -4.0 -3.0 -1.0 -4.0 -4.0 0.0 -3.0 -3.0 0.0 -3.0 -3.0 -2.0 0.0 0.0 -2.0 -4.0 0.0 -4.0 -1.0 -2.0 -4.0 0.0 -2.0 -2.0 -1.0 -2.0 -2.0 0.0 0.0 -1.0 0.0 -1.0 -2.0 -4.0 -3.0 -3.0 -2.0 -1.0 -3.0 -2.0 -1.0 -1.0 0.0 -1.0 0.0 -1.0 -3.0 -2.0 0.0 -1.0 0.0 -2.0 -1.0 -1.0 0.0 -2.0 -1.0 0.0 -4.0 -2.0 -2.0 0.0 -3.0 -1.0 -3.0 -1.0 0.0 -3.0 -1.0 -1.0 0.0 -4.0 -4.0 -2.0 -3.0 204.0 -4.0 -4.0 
-4.0 0.0 -1.0 -4.0 -2.0 0.0 0.0 0.0 -2.0 -1.0 -2.0 -2.0 -2.0 -4.0 -3.0 -1.0 -3.0 -4.0 -2.0 -1.0 -2.0 0.0 -4.0 -1.0 0.0 -1.0 0.0 0.0 -3.0 -1.0 -3.0 -3.0 0.0 -2.0 -3.0 -3.0 -4.0 0.0 -3.0 -1.0 0.0 -3.0 -3.0 0.0 -4.0 -1.0 -2.0 -2.0 -1.0 0.0 0.0 -1.0 -4.0 0.0 0.0 0.0 -3.0 -2.0 0.0 -4.0 -3.0 -3.0 0.0 -1.0 -4.0 -1.0 -1.0 -1.0 -2.0 0.0 -1.0 -3.0 -2.0 -4.0 -3.0 -1.0 0.0 0.0 0.0 -1.0 -3.0 -4.0 0.0 -3.0 0.0 0.0 -2.0 -1.0 -3.0 -1.0 -1.0 -1.0 0.0 -2.0 -2.0 0.0 -3.0 -1.0 -2.0 -2.0 -2.0 -2.0 -4.0 -2.0 -4.0 -2.0 -4.0 -1.0 -3.0 -3.0 -4.0 0.0 -1.0 198.0 -2.0 
-2.0 -2.0 -2.0 -4.0 -1.0 -3.0 -4.0 0.0 -1.0 0.0 -3.0 0.0 0.0 0.0 -1.0 -2.0 0.0 -2.0 -1.0 -1.0 -3.0 -4.0 -2.0 -1.0 0.0 -3.0 -4.0 -2.0 -4.0 0.0 -1.0 0.0 -4.0 -3.0 -1.0 -1.0 0.0 -2.0 -1.0 -1.0 -3.0 -2.0 -1.0 -3.0 -4.0 0.0 0.0 0.0 0.0 -4.0 0.0 0.0 -1.0 -1.0 -3.0 -4.0 -3.0 -2.0 -1.0 -3.0 0.0 0.0 0.0 -1.0 -2.0 -2.0 0.0 -1.0 0.0 -4.0 -3.0 -2.0 -1.0 -2.0 -4.0 -3.0 0.0 -1.0 -3.0 -1.0 -2.0 -1.0 -2.0 -1.0 -1.0 0.0 -3.0 -1.0 -3.0 -2.0 0.0 -1.0 -4.0 -3.0 -3.0 0.0 0.0 -1.0 -1.0 -2.0 0.0 -4.0 -4.0 -3.0 -2.0 -1.0 -2.0 -2.0 0.0 -3.0 -4.0 -1.0 -3.0 -4.0 195.0 

-11382.114 -13569.0 -12515.0 -11155.0 -11825.0 -12660.0 -11734.0 -11755.0 -11603.0 -11930.0 -11860.0 -8757.0 -8276.0 -8563.0 -9161.0 -9535.0 -9507.0 -9566.0 -7851.0 -7473.0 -7505.0 -7259.0 -7676.0 -7452.0 -8283.0 -8618.0 -5762.0 -5690.0 -6348.0 -6858.0 -6939.0 -4925.0 -5161.0 -5369.0 -4902.0 -4903.0 -4514.0 -4765.0 -4192.0 -4392.0 -3365.0 -4360.0 -3610.0 -3406.0 -3251.0 -2999.0 -2994.0 -3024.0 -1732.0 -1266.0 -2052.0 -1986.0 -1426.0 -1034.0 -328.0 -694.0 159.0 -242.0 232.0 377.0 -185.0 883.0 1268.0 1511.0 1146.0 1071.0 1514.0 1911.0 1647.0 2681.0 2709.0 2272.0 3659.0 3909.0 3907.0 4078.0 3968.0 5501.0 5022.0 4732.0 5806.0 5476.0 4144.0 4759.0 6612.0 6432.0 6937.0 7047.0 7023.0 7645.0 6619.0 7798.0 6488.0 7390.0 8347.0 7764.0 8577.0 8654.0 7996.0 10035.0 11675.0 10223.0 10524.0 11183.0 12190.0 9544.0 12600.0 10404.0 11991.0 12392.0 11386.0 11738.0 11403.0 10984.0 10791.0 