20.986 0.0 0.0 -1.0 0.0 -2.0 -1.0 -1.0 -3.0 -1.0 -2.0 -2.0 -2.0 -4.0 -2.0 
-1.0 28.0 -4.0 -3.0 0.0 -1.0 0.0 -2.0 0.0 -4.0 -4.0 -1.0 -4.0 -4.0 0.0 
-2.0 -2.0 20.0 0.0 -4.0 0.0 0.0 0.0 0.0 -3.0 -3.0 -2.0 -3.0 0.0 -1.0 
0.0 -4.0 -1.0 27.0 -1.0 -1.0 -4.0 -3.0 -1.0 -3.0 0.0 -4.0 0.0 -4.0 -1.0 
-2.0 -1.0 -3.0 -4.0 21.0 -2.0 -3.0 -1.0 0.0 -1.0 -2.0 -1.0 0.0 0.0 -1.0 
-2.0 0.0 0.0 -2.0 -1.0 27.0 -2.0 -2.0 -3.0 -3.0 -3.0 -3.0 -4.0 -1.0 -1.0 
-4.0 -1.0 0.0 -2.0 -4.0 -4.0 28.0 0.0 -2.0 0.0 -1.0 -4.0 0.0 -2.0 -4.0 
-1.0 -4.0 -1.0 -3.0 -2.0 -2.0 -2.0 32.0 -4.0 -1.0 -4.0 -3.0 -1.0 0.0 -4.0 
-4.0 -4.0 -1.0 -4.0 0.0 -4.0 -4.0 -3.0 39.0 -3.0 -1.0 -3.0 -4.0 -4.0 0.0 
-1.0 -2.0 -4.0 0.0 -2.0 -2.0 -3.0 -2.0 -4.0 36.0 0.0 -4.0 -4.0 -4.0 -4.0 
-2.0 -4.0 0.0 0.0 0.0 -1.0 -1.0 -1.0 -3.0 0.0 23.0 -3.0 -3.0 -4.0 -1.0 
-1.0 -2.0 0.0 -3.0 -4.0 0.0 -2.0 0.0 -1.0 -1.0 -4.0 20.0 -2.0 0.0 0.0 
-1.0 0.0 -4.0 -1.0 -4.0 -1.0 0.0 -1.0 -4.0 -1.0 -4.0 -3.0 26.0 -1.0 -1.0 
-1.0 -2.0 -4.0 -3.0 -4.0 -3.0 -2.0 -3.0 -3.0 -1.0 0.0 -2.0 -4.0 36.0 -4.0 
-1.0 -1.0 -4.0 -4.0 0.0 -1.0 -4.0 -1.0 -2.0 -3.0 -2.0 -1.0 -3.0 -2.0 29.0 

-205.014 -195.0 -107.0 -124.0 -24.0 -90.0 -27.0 -3.0 59.0 32.0 49.0 100.0 132.0 226.0 213.0 