108.936 -4.0 0.0 -1.0 0.0 -4.0 -1.0 -1.0 0.0 -3.0 -3.0 -3.0 -2.0 -1.0 -4.0 -2.0 -3.0 0.0 -2.0 -2.0 -1.0 -1.0 -4.0 -2.0 -1.0 -3.0 0.0 -3.0 -2.0 -1.0 -2.0 -2.0 0.0 -1.0 -2.0 0.0 -3.0 -2.0 0.0 -4.0 -2.0 0.0 -2.0 -1.0 0.0 -1.0 0.0 -2.0 -1.0 -2.0 -2.0 -2.0 -1.0 -3.0 -2.0 -3.0 0.0 0.0 -1.0 -3.0 -2.0 -4.0 -3.0 -2.0 0.0 
-2.0 136.0 -3.0 -1.0 -4.0 -4.0 -4.0 -1.0 -1.0 -3.0 -4.0 -3.0 -4.0 -3.0 -4.0 -1.0 -4.0 -1.0 -3.0 -1.0 0.0 0.0 -3.0 -1.0 0.0 -2.0 -1.0 0.0 -1.0 -1.0 -4.0 -3.0 0.0 -1.0 -1.0 -1.0 -1.0 0.0 0.0 -1.0 -4.0 -1.0 -1.0 -4.0 -2.0 -4.0 -3.0 -3.0 -2.0 0.0 -3.0 -3.0 -1.0 -4.0 -2.0 -4.0 0.0 -1.0 -1.0 -4.0 -3.0 -4.0 -4.0 -4.0 -2.0 
-3.0 0.0 127.0 -3.0 0.0 -1.0 -2.0 -3.0 -4.0 -4.0 -3.0 -4.0 -1.0 -1.0 -4.0 -4.0 0.0 -1.0 -2.0 0.0 0.0 -2.0 0.0 -4.0 0.0 -4.0 -3.0 -1.0 0.0 -4.0 -1.0 -1.0 0.0 -2.0 -4.0 -4.0 -2.0 0.0 -3.0 -1.0 -1.0 -1.0 -2.0 -4.0 -1.0 -4.0 -1.0 0.0 -1.0 -3.0 0.0 -4.0 -2.0 -2.0 -3.0 -2.0 -1.0 -3.0 0.0 -3.0 -1.0 -3.0 -3.0 -3.0 -3.0 
-4.0 -2.0 -4.0 127.0 0.0 -2.0 -4.0 -1.0 0.0 -2.0 -4.0 -2.0 -4.0 -1.0 -1.0 -4.0 -4.0 -1.0 -1.0 0.0 0.0 0.0 -3.0 0.0 0.0 0.0 -3.0 -3.0 -3.0 -4.0 -2.0 -2.0 -2.0 -3.0 -3.0 0.0 -4.0 -1.0 -4.0 -2.0 -3.0 -4.0 -1.0 0.0 0.0 0.0 0.0 -1.0 -3.0 -3.0 -3.0 -1.0 -2.0 -2.0 -3.0 -2.0 -4.0 -4.0 -1.0 -4.0 0.0 0.0 -3.0 -3.0 0.0 
-1.0 -2.0 -1.0 0.0 137.0 -4.0 -4.0 -3.0 -4.0 -2.0 -4.0 -3.0 -4.0 0.0 -2.0 -3.0 -2.0 0.0 0.0 -2.0 -1.0 -1.0 0.0 0.0 0.0 -2.0 -1.0 -2.0 -2.0 -2.0 -2.0 -3.0 -2.0 -1.0 -3.0 -3.0 -2.0 -1.0 -1.0 0.0 -2.0 -4.0 -4.0 -4.0 -3.0 -3.0 -4.0 -2.0 -1.0 0.0 -3.0 -4.0 -3.0 -4.0 -2.0 -2.0 -3.0 -3.0 -3.0 -2.0 -1.0 -3.0 -2.0 -2.0 -3.0 
-2.0 -3.0 -1.0 -4.0 -3.0 129.0 -3.0 -4.0 -3.0 0.0 -3.0 0.0 -4.0 0.0 -2.0 -2.0 -2.0 0.0 -2.0 -4.0 -1.0 0.0 0.0 0.0 -4.0 -1.0 -3.0 -2.0 -4.0 -1.0 -2.0 -4.0 -2.0 0.0 0.0 0.0 -1.0 -4.0 -2.0 -1.0 -1.0 -1.0 -1.0 -1.0 -4.0 -4.0 -4.0 -3.0 0.0 -3.0 0.0 0.0 -4.0 -4.0 -3.0 -4.0 0.0 -4.0 0.0 -1.0 -1.0 -4.0 -3.0 -4.0 -1.0 
-3.0 -4.0 -1.0 -4.0 -1.0 -1.0 139.0 -3.0 -1.0 -3.0 0.0 -4.0 0.0 -3.0 -3.0 -1.0 0.0 0.0 -3.0 -1.0 -4.0 -3.0 -4.0 -3.0 -3.0 -3.0 -3.0 -2.0 0.0 -3.0 -3.0 -4.0 -1.0 -3.0 -2.0 -3.0 -2.0 -4.0 -2.0 -4.0 0.0 -1.0 0.0 -1.0 -3.0 -2.0 -2.0 -4.0 -3.0 -2.0 -3.0 -3.0 -4.0 -2.0 0.0 -1.0 -1.0 -4.0 -1.0 0.0 -3.0 0.0 -4.0 -1.0 -2.0 
-4.0 0.0 0.0 -4.0 -2.0 -1.0 -1.0 114.0 -4.0 -3.0 -2.0 -1.0 -2.0 -1.0 -1.0 -4.0 -2.0 -3.0 0.0 -2.0 -1.0 -1.0 -3.0 -1.0 0.0 0.0 0.0 -3.0 0.0 0.0 -3.0 -2.0 -3.0 -2.0 -3.0 -2.0 -3.0 -2.0 -3.0 -3.0 -2.0 -2.0 0.0 -2.0 -3.0 -1.0 0.0 -1.0 0.0 -4.0 -1.0 0.0 -2.0 -2.0 -3.0 -2.0 -1.0 -3.0 -1.0 -4.0 0.0 -2.0 -2.0 -1.0 -3.0 
-3.0 -2.0 -3.0 -1.0 -3.0 -1.0 0.0 -1.0 131.0 -4.0 0.0 -3.0 -3.0 -3.0 0.0 -1.0 -3.0 -3.0 -2.0 -2.0 -1.0 0.0 -2.0 -2.0 -3.0 0.0 -4.0 -3.0 -3.0 -4.0 -2.0 -3.0 -2.0 -1.0 -2.0 -2.0 -1.0 -3.0 0.0 -1.0 -2.0 -1.0 -3.0 0.0 -1.0 -3.0 -2.0 -3.0 -3.0 -1.0 -3.0 -3.0 -1.0 -4.0 -3.0 -4.0 0.0 -1.0 -3.0 -4.0 -3.0 -2.0 0.0 0.0 -4.0 
-1.0 -4.0 -1.0 -3.0 -1.0 -3.0 -1.0 -2.0 -4.0 134.0 -1.0 -4.0 -2.0 -4.0 -2.0 -4.0 -4.0 -4.0 -1.0 0.0 -2.0 -4.0 0.0 -1.0 -1.0 0.0 -1.0 0.0 -2.0 -3.0 -4.0 -1.0 -2.0 -1.0 -3.0 -3.0 -3.0 0.0 -4.0 -4.0 -4.0 -1.0 -4.0 -2.0 -3.0 0.0 0.0 -2.0 -3.0 -4.0 0.0 -2.0 -4.0 -3.0 -1.0 -2.0 0.0 -4.0 0.0 -4.0 0.0 -1.0 -4.0 -1.0 0.0 
-2.0 0.0 0.0 -1.0 -1.0 -2.0 -2.0 0.0 -4.0 -2.0 131.0 -4.0 -3.0 -2.0 0.0 -4.0 -1.0 -3.0 -4.0 0.0 0.0 -2.0 -4.0 -1.0 -2.0 -1.0 -4.0 -1.0 -1.0 -2.0 -4.0 -1.0 -2.0 0.0 -3.0 -4.0 -1.0 -3.0 -1.0 -2.0 -3.0 -4.0 -2.0 -3.0 -1.0 -2.0 -2.0 -4.0 0.0 -3.0 0.0 -4.0 -3.0 0.0 -3.0 -4.0 -1.0 0.0 -3.0 -3.0 -4.0 -2.0 0.0 -2.0 -4.0 
-2.0 -1.0 -3.0 -1.0 -2.0 -2.0 -1.0 -2.0 -2.0 -1.0 -3.0 128.0 -2.0 -4.0 -2.0 -1.0 0.0 -1.0 0.0 -2.0 -4.0 -4.0 -2.0 -3.0 0.0 0.0 0.0 -4.0 -1.0 0.0 -1.0 -4.0 -2.0 -3.0 -2.0 0.0 -4.0 0.0 0.0 -4.0 -2.0 -2.0 -3.0 -3.0 -4.0 -2.0 -3.0 -4.0 -4.0 0.0 -4.0 -1.0 -4.0 -1.0 -3.0 -3.0 -2.0 0.0 0.0 -3.0 -2.0 -3.0 0.0 -4.0 -1.0 
-3.0 0.0 -1.0 -2.0 -2.0 -2.0 -3.0 -2.0 -1.0 -2.0 -1.0 -4.0 130.0 -3.0 -4.0 -2.0 -3.0 -3.0 -1.0 -3.0 0.0 -4.0 -2.0 0.0 0.0 -1.0 -3.0 -1.0 -3.0 -1.0 -3.0 -4.0 -4.0 -4.0 -2.0 -4.0 -1.0 -3.0 -1.0 -3.0 -2.0 -3.0 -1.0 -3.0 0.0 0.0 -2.0 -2.0 -2.0 -1.0 -3.0 0.0 -3.0 -4.0 -3.0 -1.0 0.0 0.0 0.0 -2.0 -1.0 -2.0 -2.0 -4.0 -3.0 
-1.0 -4.0 -2.0 -2.0 -4.0 -4.0 -3.0 -2.0 -4.0 -3.0 -4.0 -3.0 -4.0 132.0 -4.0 0.0 -2.0 -2.0 -1.0 -4.0 0.0 -3.0 -1.0 0.0 -4.0 0.0 -4.0 -1.0 -4.0 -2.0 -1.0 0.0 -1.0 0.0 -3.0 -2.0 -3.0 -2.0 0.0 -3.0 0.0 -3.0 -3.0 -4.0 -3.0 -2.0 -2.0 0.0 -1.0 -2.0 -3.0 0.0 -1.0 0.0 -4.0 0.0 -2.0 0.0 -1.0 -1.0 -2.0 -3.0 -1.0 -4.0 -3.0 
-2.0 -3.0 -4.0 -1.0 0.0 -3.0 0.0 -2.0 0.0 -3.0 0.0 0.0 -4.0 -1.0 132.0 -1.0 -1.0 -1.0 -2.0 -1.0 0.0 -4.0 -1.0 -3.0 -4.0 -4.0 -2.0 -4.0 0.0 -4.0 -1.0 -1.0 -4.0 0.0 0.0 -4.0 -4.0 -2.0 -3.0 0.0 -1.0 -4.0 0.0 -4.0 -3.0 -2.0 -3.0 -3.0 -2.0 -4.0 -2.0 -1.0 -1.0 -1.0 -4.0 -3.0 -4.0 -2.0 -1.0 -3.0 -4.0 -1.0 -2.0 0.0 -3.0 
-4.0 -3.0 -3.0 0.0 -2.0 0.0 -3.0 -3.0 -2.0 -4.0 -3.0 -2.0 -3.0 0.0 -1.0 145.0 -2.0 -2.0 -2.0 -4.0 -3.0 -4.0 -3.0 -2.0 -2.0 -3.0 -3.0 -4.0 -3.0 0.0 0.0 -4.0 -3.0 0.0 -1.0 -2.0 -1.0 -2.0 -1.0 0.0 -4.0 -2.0 -4.0 -4.0 -2.0 -3.0 -1.0 0.0 -2.0 0.0 -4.0 0.0 -1.0 -3.0 -3.0 0.0 -4.0 -3.0 -3.0 -4.0 -4.0 -1.0 -2.0 -4.0 -3.0 
-4.0 0.0 -4.0 -2.0 0.0 -1.0 -3.0 -3.0 -1.0 -2.0 -1.0 -3.0 -4.0 -1.0 -1.0 -3.0 124.0 -3.0 -3.0 -2.0 -1.0 -3.0 -3.0 0.0 -2.0 0.0 0.0 -1.0 -3.0 -2.0 0.0 -3.0 -1.0 -2.0 -3.0 -3.0 -2.0 -3.0 -1.0 -1.0 -4.0 -4.0 -1.0 -2.0 -2.0 -1.0 -2.0 -3.0 0.0 -3.0 -2.0 -1.0 0.0 -3.0 -2.0 -4.0 0.0 -1.0 0.0 -3.0 -4.0 0.0 -2.0 -2.0 -3.0 
0.0 -3.0 -3.0 0.0 -1.0 -4.0 -3.0 -2.0 0.0 0.0 -2.0 -4.0 0.0 -2.0 -4.0 -2.0 -2.0 126.0 -4.0 -2.0 -2.0 -1.0 -4.0 0.0 0.0 -1.0 0.0 -3.0 -4.0 -1.0 -3.0 0.0 -1.0 0.0 -1.0 -4.0 -3.0 -3.0 -4.0 -3.0 0.0 -1.0 -2.0 -3.0 -3.0 -3.0 0.0 -4.0 -2.0 -2.0 0.0 -2.0 -4.0 -2.0 0.0 -1.0 -4.0 -2.0 -3.0 -2.0 -1.0 -3.0 -1.0 -1.0 -4.0 
-3.0 0.0 -1.0 -2.0 -2.0 0.0 0.0 -3.0 -1.0 -1.0 -2.0 -1.0 -1.0 -4.0 -2.0 -1.0 -4.0 -4.0 128.0 -1.0 0.0 -1.0 -4.0 -1.0 -4.0 -2.0 -4.0 -4.0 -2.0 -4.0 -4.0 -3.0 -4.0 -3.0 -3.0 0.0 -3.0 -2.0 -2.0 0.0 -4.0 0.0 -1.0 -2.0 -4.0 0.0 -1.0 0.0 -1.0 -4.0 -3.0 -1.0 -2.0 -1.0 -1.0 -1.0 0.0 -4.0 -1.0 -4.0 -3.0 -2.0 -2.0 0.0 -3.0 
-2.0 -1.0 -2.0 -3.0 -1.0 -1.0 -2.0 -1.0 -4.0 -1.0 -1.0 0.0 -1.0 -1.0 0.0 -1.0 -2.0 -1.0 -4.0 133.0 -2.0 -2.0 -3.0 -1.0 -2.0 0.0 -4.0 -3.0 -4.0 -4.0 -2.0 -1.0 -2.0 0.0 -2.0 -2.0 -4.0 -3.0 -2.0 0.0 -1.0 -3.0 -3.0 -3.0 -3.0 -4.0 -1.0 -4.0 -2.0 -3.0 -3.0 -4.0 -1.0 -4.0 -4.0 -1.0 -2.0 -1.0 0.0 -3.0 -4.0 -4.0 0.0 -2.0 -1.0 
-4.0 -1.0 -4.0 0.0 -1.0 -4.0 -3.0 -4.0 -1.0 -4.0 -4.0 0.0 0.0 -2.0 -3.0 -4.0 -3.0 -3.0 0.0 -3.0 136.0 -2.0 -1.0 -2.0 -4.0 -3.0 -1.0 0.0 -1.0 -4.0 -2.0 -4.0 0.0 -4.0 -2.0 -3.0 -1.0 -3.0 -2.0 -3.0 -3.0 0.0 -1.0 0.0 -2.0 -1.0 -4.0 -2.0 0.0 -4.0 -4.0 -1.0 -2.0 -3.0 0.0 -2.0 -3.0 0.0 -1.0 -1.0 -3.0 -3.0 0.0 -4.0 -2.0 
-3.0 -2.0 -3.0 -3.0 -3.0 -1.0 -2.0 -3.0 -4.0 -3.0 -4.0 -4.0 -3.0 -1.0 -4.0 -3.0 -3.0 -3.0 -1.0 0.0 0.0 140.0 -1.0 -4.0 -1.0 0.0 0.0 -1.0 -3.0 -3.0 0.0 -4.0 -2.0 -3.0 -3.0 -1.0 -1.0 -1.0 -4.0 -1.0 -3.0 -4.0 -1.0 -1.0 -4.0 -1.0 0.0 -4.0 0.0 -3.0 -2.0 -3.0 -4.0 -2.0 -3.0 -4.0 -1.0 -4.0 0.0 0.0 -4.0 -2.0 -3.0 0.0 -1.0 
0.0 0.0 -4.0 0.0 -4.0 -4.0 0.0 0.0 -4.0 -4.0 0.0 -3.0 0.0 -3.0 -3.0 0.0 0.0 -2.0 -4.0 -4.0 -1.0 -1.0 115.0 -2.0 -2.0 -2.0 0.0 -3.0 -4.0 -3.0 -3.0 -3.0 -3.0 -3.0 -1.0 -3.0 -1.0 0.0 -3.0 -4.0 0.0 -2.0 -2.0 -1.0 0.0 -1.0 0.0 -3.0 -3.0 -2.0 0.0 -1.0 -1.0 0.0 -2.0 0.0 -1.0 -2.0 -2.0 -3.0 -1.0 0.0 0.0 -3.0 -4.0 
-1.0 -4.0 -1.0 -3.0 0.0 0.0 -2.0 -4.0 -1.0 -4.0 0.0 0.0 0.0 -1.0 -4.0 -4.0 -4.0 -1.0 -4.0 -2.0 -1.0 -4.0 -1.0 135.0 0.0 -3.0 -2.0 -2.0 -3.0 -3.0 -2.0 -1.0 -2.0 -4.0 -1.0 0.0 -2.0 -2.0 -3.0 -4.0 -4.0 -4.0 -3.0 -2.0 -3.0 0.0 0.0 -3.0 -4.0 -1.0 -4.0 -1.0 0.0 0.0 -2.0 -4.0 -1.0 -1.0 -3.0 0.0 0.0 -4.0 -3.0 -4.0 -4.0 
-2.0 -2.0 0.0 0.0 -2.0 -1.0 -3.0 -4.0 -4.0 -3.0 -1.0 -2.0 -1.0 -4.0 -1.0 -2.0 -2.0 -3.0 0.0 -3.0 -2.0 -4.0 -2.0 -1.0 133.0 -3.0 -4.0 -2.0 -1.0 -2.0 -1.0 -3.0 0.0 -2.0 -1.0 -1.0 -1.0 -2.0 -1.0 -3.0 -2.0 -1.0 -1.0 -4.0 0.0 -3.0 -2.0 -2.0 -3.0 -2.0 0.0 -3.0 -2.0 -3.0 -2.0 -4.0 0.0 -1.0 -4.0 -3.0 -1.0 -3.0 -4.0 -4.0 -3.0 
-2.0 -4.0 -2.0 -1.0 -1.0 -4.0 -1.0 -4.0 -2.0 -4.0 -2.0 0.0 0.0 -2.0 0.0 -4.0 -2.0 -2.0 -2.0 -1.0 -3.0 -2.0 0.0 0.0 0.0 128.0 -4.0 -4.0 -1.0 0.0 -1.0 -3.0 0.0 -2.0 -4.0 -3.0 -3.0 -3.0 -1.0 -1.0 0.0 -1.0 -4.0 -1.0 0.0 -4.0 -4.0 -4.0 -1.0 -4.0 -2.0 -2.0 0.0 -4.0 -1.0 -2.0 -1.0 -2.0 -3.0 -1.0 -4.0 -2.0 0.0 -2.0 -4.0 
-2.0 -2.0 0.0 0.0 0.0 -1.0 -2.0 -4.0 -1.0 -3.0 0.0 0.0 -3.0 -1.0 -3.0 -4.0 -4.0 0.0 0.0 -4.0 -2.0 -3.0 -4.0 -1.0 -1.0 0.0 115.0 0.0 -2.0 -4.0 -1.0 -2.0 -3.0 -1.0 -1.0 0.0 -1.0 -4.0 -2.0 0.0 -1.0 -4.0 -1.0 -3.0 -4.0 -3.0 -3.0 0.0 -1.0 -1.0 0.0 -2.0 0.0 0.0 -3.0 -4.0 -2.0 -2.0 -3.0 -2.0 -4.0 -4.0 0.0 -2.0 0.0 
0.0 0.0 -3.0 -1.0 0.0 -1.0 -3.0 -4.0 0.0 -3.0 0.0 -3.0 -1.0 -1.0 -3.0 -3.0 0.0 -4.0 -2.0 0.0 -1.0 -3.0 -4.0 -2.0 0.0 -3.0 0.0 131.0 -3.0 -2.0 0.0 -1.0 -4.0 -4.0 -3.0 -3.0 -4.0 -4.0 0.0 -3.0 -4.0 -3.0 -4.0 -3.0 -2.0 -1.0 -2.0 -1.0 -2.0 -3.0 -2.0 -4.0 0.0 -2.0 -1.0 -4.0 -2.0 0.0 -3.0 -4.0 -3.0 -1.0 -3.0 0.0 -1.0 
-1.0 0.0 -1.0 0.0 -3.0 -2.0 -4.0 0.0 -4.0 -2.0 -2.0 -3.0 -2.0 -4.0 -2.0 -4.0 -4.0 -1.0 -1.0 -4.0 -4.0 -4.0 -4.0 -2.0 -3.0 -3.0 -3.0 -1.0 144.0 0.0 -2.0 -2.0 -1.0 -2.0 -2.0 -4.0 0.0 -4.0 -3.0 -3.0 0.0 0.0 -2.0 -1.0 -2.0 -3.0 -4.0 -1.0 -4.0 0.0 -1.0 0.0 -4.0 -1.0 -4.0 -3.0 -4.0 -3.0 -4.0 -2.0 0.0 -2.0 0.0 -4.0 -4.0 
-2.0 0.0 0.0 -2.0 -4.0 -4.0 -2.0 -3.0 -4.0 -3.0 0.0 0.0 -2.0 -1.0 -3.0 -3.0 0.0 -1.0 -3.0 0.0 -1.0 -3.0 -3.0 -3.0 -1.0 -1.0 -2.0 0.0 -1.0 133.0 -4.0 -2.0 -4.0 0.0 -4.0 -2.0 0.0 -1.0 -4.0 -3.0 -1.0 0.0 -4.0 -2.0 -4.0 -4.0 -2.0 -2.0 0.0 -2.0 -3.0 0.0 -2.0 -1.0 -3.0 -4.0 -4.0 -1.0 -1.0 -3.0 -2.0 -4.0 -2.0 -2.0 -4.0 
0.0 0.0 -3.0 -3.0 -3.0 -1.0 -1.0 0.0 -4.0 -4.0 -1.0 -3.0 -3.0 -1.0 -1.0 0.0 -4.0 -3.0 -2.0 -4.0 0.0 -1.0 -1.0 -4.0 -2.0 -2.0 0.0 -3.0 -3.0 -3.0 125.0 -2.0 -3.0 0.0 -1.0 -4.0 0.0 -4.0 -1.0 -3.0 0.0 -1.0 -1.0 -2.0 -4.0 -2.0 -1.0 0.0 -2.0 -2.0 -1.0 -4.0 -3.0 -1.0 -1.0 -3.0 0.0 -1.0 -3.0 -4.0 -4.0 0.0 -3.0 -3.0 -1.0 
0.0 -4.0 -2.0 -4.0 -1.0 -3.0 0.0 -1.0 -4.0 -3.0 -4.0 -2.0 -1.0 -4.0 0.0 -3.0 0.0 -1.0 0.0 -1.0 -1.0 -3.0 -3.0 -4.0 0.0 -2.0 0.0 -4.0 -2.0 -2.0 -3.0 132.0 0.0 -2.0 -1.0 0.0 -4.0 -2.0 -4.0 -3.0 -3.0 -3.0 -1.0 -1.0 -3.0 -3.0 -3.0 -3.0 0.0 -4.0 -2.0 -3.0 0.0 -2.0 -4.0 -2.0 -4.0 0.0 -4.0 -4.0 -1.0 0.0 0.0 -3.0 -1.0 
-2.0 -1.0 -4.0 -2.0 -1.0 -4.0 0.0 -3.0 -4.0 -3.0 -2.0 -3.0 -4.0 0.0 -4.0 -3.0 -4.0 -2.0 -1.0 -3.0 0.0 0.0 -3.0 -4.0 -2.0 -4.0 -4.0 -1.0 -4.0 0.0 -1.0 -3.0 138.0 0.0 -2.0 -2.0 -1.0 0.0 -2.0 -4.0 -3.0 -1.0 0.0 -1.0 -2.0 0.0 -3.0 -1.0 -3.0 -2.0 -1.0 -4.0 -4.0 -2.0 -1.0 0.0 -2.0 -2.0 -4.0 -2.0 -3.0 -4.0 -3.0 -1.0 -2.0 
-4.0 0.0 0.0 -2.0 -1.0 -3.0 0.0 0.0 -4.0 -4.0 -3.0 -1.0 0.0 -4.0 -2.0 0.0 -1.0 -1.0 0.0 -4.0 -1.0 -1.0 -4.0 -1.0 -2.0 -4.0 -3.0 -1.0 0.0 -3.0 -4.0 -2.0 -2.0 126.0 -4.0 -1.0 -3.0 -3.0 -3.0 -4.0 -1.0 -4.0 -3.0 -1.0 -2.0 0.0 -3.0 0.0 -3.0 -1.0 0.0 -4.0 -4.0 -3.0 -3.0 -3.0 -3.0 -2.0 0.0 -1.0 -2.0 0.0 -2.0 0.0 -1.0 
-1.0 -2.0 0.0 0.0 -3.0 -2.0 -3.0 0.0 -1.0 -3.0 -3.0 0.0 -4.0 -1.0 -3.0 -4.0 -3.0 -1.0 -3.0 -4.0 -1.0 -1.0 -3.0 0.0 -1.0 0.0 -4.0 -1.0 -2.0 -4.0 0.0 -2.0 -2.0 0.0 123.0 -4.0 -1.0 0.0 -3.0 -1.0 -1.0 -4.0 0.0 -4.0 -2.0 -2.0 -4.0 0.0 -1.0 0.0 -2.0 0.0 -2.0 -1.0 -2.0 -2.0 -4.0 -4.0 -3.0 -1.0 -4.0 -3.0 -4.0 0.0 -2.0 
0.0 -1.0 -2.0 0.0 -1.0 -3.0 -1.0 -4.0 -2.0 0.0 -3.0 0.0 -1.0 0.0 0.0 -4.0 -1.0 -4.0 -4.0 -3.0 -4.0 -1.0 -2.0 0.0 -4.0 -3.0 -1.0 -2.0 0.0 -1.0 -4.0 -1.0 -1.0 -2.0 0.0 113.0 0.0 -4.0 -1.0 -1.0 -1.0 -2.0 -2.0 -2.0 -3.0 -4.0 -2.0 -1.0 -1.0 -3.0 0.0 -4.0 -4.0 0.0 -2.0 -2.0 -4.0 -2.0 0.0 -2.0 -1.0 -4.0 0.0 -1.0 0.0 
-3.0 -2.0 -3.0 0.0 -2.0 -3.0 -4.0 -1.0 -3.0 -4.0 0.0 -2.0 -2.0 -3.0 -3.0 0.0 0.0 -4.0 -3.0 -2.0 -3.0 -4.0 0.0 -4.0 -4.0 0.0 -4.0 -2.0 -3.0 -2.0 0.0 -1.0 -2.0 -3.0 -2.0 -4.0 146.0 -1.0 -1.0 -3.0 0.0 -4.0 -4.0 -4.0 -4.0 -4.0 -2.0 -3.0 -2.0 -2.0 -1.0 -2.0 -3.0 0.0 -1.0 -4.0 0.0 -4.0 -4.0 0.0 -1.0 -3.0 -2.0 -1.0 -4.0 
0.0 -4.0 0.0 -4.0 -1.0 -1.0 -3.0 -3.0 -4.0 -3.0 -4.0 0.0 -1.0 -2.0 -3.0 -1.0 -1.0 -1.0 -4.0 0.0 -4.0 -3.0 -3.0 0.0 -2.0 -1.0 0.0 -3.0 -1.0 -3.0 0.0 -1.0 -4.0 -2.0 -1.0 -4.0 -2.0 126.0 -3.0 -1.0 -3.0 0.0 0.0 -2.0 -2.0 -3.0 -2.0 -1.0 -3.0 -3.0 0.0 0.0 0.0 -4.0 -1.0 -3.0 -2.0 -2.0 -2.0 0.0 -3.0 -3.0 -4.0 -4.0 -1.0 
-3.0 -3.0 -4.0 -1.0 -2.0 -4.0 -2.0 -3.0 0.0 -1.0 -4.0 -2.0 -4.0 -1.0 -3.0 -4.0 -2.0 -1.0 -3.0 -3.0 -4.0 -2.0 -3.0 -2.0 -2.0 -2.0 -2.0 -3.0 -1.0 -2.0 -2.0 -2.0 -3.0 0.0 -1.0 -1.0 -4.0 -3.0 123.0 0.0 -3.0 0.0 -2.0 -3.0 -4.0 0.0 -4.0 -3.0 0.0 -1.0 0.0 0.0 -1.0 -2.0 0.0 -2.0 -1.0 0.0 -1.0 -1.0 0.0 0.0 -3.0 -3.0 0.0 
-1.0 -4.0 -2.0 -4.0 -2.0 -3.0 -3.0 -3.0 -3.0 -3.0 -3.0 -4.0 0.0 -2.0 -2.0 -3.0 -3.0 -3.0 -4.0 -4.0 -1.0 -1.0 -4.0 0.0 -2.0 0.0 -4.0 -2.0 -3.0 -1.0 -1.0 -3.0 -4.0 -2.0 -2.0 0.0 -4.0 -3.0 -1.0 139.0 -4.0 0.0 -4.0 -4.0 0.0 0.0 -1.0 -4.0 -4.0 0.0 0.0 -1.0 -1.0 -2.0 0.0 -4.0 -3.0 -1.0 -1.0 -1.0 -4.0 0.0 -4.0 -2.0 0.0 
-1.0 -4.0 -1.0 -2.0 -4.0 -3.0 0.0 0.0 -1.0 -4.0 -2.0 -4.0 -3.0 -1.0 -2.0 -1.0 0.0 -4.0 -2.0 -4.0 -4.0 0.0 -4.0 -3.0 -4.0 -2.0 -4.0 -3.0 -4.0 0.0 -1.0 -3.0 -4.0 -3.0 -1.0 -3.0 -2.0 -4.0 -2.0 -3.0 153.0 -4.0 -1.0 -3.0 -3.0 -1.0 -2.0 -3.0 -2.0 0.0 -4.0 -4.0 0.0 -2.0 -4.0 -2.0 -4.0 -4.0 0.0 -2.0 -1.0 -1.0 -3.0 -4.0 -2.0 
-3.0 -4.0 -4.0 -1.0 -4.0 0.0 -2.0 0.0 -1.0 -1.0 -1.0 -4.0 -4.0 -2.0 -2.0 -2.0 -4.0 -1.0 -3.0 -1.0 0.0 -4.0 -4.0 -2.0 -3.0 -4.0 -2.0 -3.0 -3.0 -1.0 -3.0 -3.0 -3.0 -2.0 -1.0 -2.0 -1.0 0.0 -1.0 -3.0 0.0 139.0 -3.0 -3.0 0.0 -1.0 0.0 -4.0 -1.0 -4.0 -3.0 -2.0 -4.0 0.0 -4.0 0.0 -3.0 -1.0 -1.0 -3.0 -4.0 0.0 -2.0 -4.0 -3.0 
-2.0 -4.0 -4.0 -1.0 -4.0 -4.0 -2.0 -1.0 -3.0 0.0 0.0 -3.0 -1.0 -4.0 -4.0 -4.0 0.0 -1.0 0.0 -2.0 0.0 -3.0 0.0 -3.0 -2.0 0.0 -1.0 -3.0 -2.0 0.0 0.0 -2.0 -4.0 -4.0 -2.0 -1.0 -1.0 -4.0 -2.0 0.0 -4.0 -4.0 128.0 -3.0 -4.0 0.0 0.0 0.0 0.0 -4.0 -4.0 0.0 -1.0 -2.0 -3.0 -1.0 -4.0 0.0 -3.0 -4.0 -2.0 -2.0 -3.0 -1.0 -1.0 
0.0 -4.0 0.0 -2.0 -1.0 0.0 -4.0 -3.0 0.0 -4.0 -2.0 -4.0 -4.0 -2.0 0.0 -2.0 0.0 -3.0 -4.0 -2.0 -3.0 0.0 -2.0 -4.0 -3.0 -2.0 0.0 -3.0 -3.0 0.0 -1.0 -3.0 -3.0 -3.0 -2.0 -3.0 0.0 -1.0 -1.0 -2.0 -2.0 -2.0 0.0 121.0 0.0 -3.0 -1.0 -1.0 -2.0 -1.0 -4.0 -3.0 -4.0 -3.0 -1.0 -4.0 -3.0 -3.0 0.0 0.0 -1.0 -1.0 -1.0 -1.0 0.0 
0.0 -1.0 -2.0 -4.0 -4.0 -2.0 -3.0 -1.0 -3.0 0.0 0.0 -2.0 -3.0 -4.0 -2.0 0.0 -3.0 -4.0 -4.0 0.0 -1.0 -1.0 -4.0 -4.0 0.0 0.0 -1.0 -1.0 -1.0 -3.0 -3.0 -3.0 0.0 -3.0 -4.0 -4.0 -4.0 -3.0 -2.0 -1.0 -1.0 -2.0 -2.0 -3.0 135.0 -3.0 -3.0 -4.0 0.0 0.0 -2.0 0.0 -1.0 0.0 -4.0 -2.0 -2.0 0.0 -4.0 -4.0 -4.0 -4.0 -2.0 0.0 -3.0 
0.0 0.0 -1.0 -4.0 -1.0 -1.0 -2.0 -1.0 -4.0 -1.0 -4.0 0.0 -2.0 -1.0 -1.0 -2.0 -2.0 -2.0 -4.0 0.0 -3.0 -2.0 -4.0 -2.0 -4.0 -4.0 -2.0 0.0 -1.0 0.0 -2.0 -1.0 -3.0 -1.0 -2.0 -4.0 -1.0 -3.0 -4.0 -4.0 -1.0 0.0 -2.0 -3.0 -4.0 127.0 -1.0 -4.0 -1.0 -2.0 -2.0 -4.0 -4.0 -1.0 0.0 -1.0 0.0 -4.0 -2.0 -3.0 0.0 -3.0 -2.0 -1.0 -2.0 
-1.0 -1.0 -1.0 0.0 0.0 -4.0 -4.0 -2.0 -2.0 -1.0 -4.0 -2.0 -1.0 -4.0 -4.0 -2.0 -3.0 0.0 -1.0 -3.0 -3.0 -3.0 0.0 -4.0 -2.0 0.0 0.0 -1.0 -4.0 -2.0 -4.0 -3.0 -1.0 -1.0 -2.0 -4.0 -3.0 -4.0 0.0 -3.0 -3.0 -1.0 -1.0 -1.0 0.0 0.0 132.0 -1.0 -2.0 -3.0 -3.0 -3.0 0.0 -4.0 -3.0 -2.0 -3.0 -3.0 0.0 -2.0 -4.0 -2.0 -3.0 0.0 -4.0 
-2.0 -2.0 -2.0 -1.0 -1.0 0.0 0.0 -2.0 -4.0 -2.0 -1.0 -3.0 -3.0 -2.0 -3.0 -3.0 -2.0 0.0 -3.0 -1.0 -4.0 -2.0 -1.0 -1.0 -2.0 -3.0 0.0 -3.0 -2.0 0.0 -1.0 0.0 -3.0 0.0 -2.0 -1.0 -2.0 -2.0 0.0 -1.0 -3.0 -4.0 -3.0 -4.0 0.0 -1.0 -1.0 121.0 -3.0 -1.0 -2.0 -1.0 -2.0 -2.0 -2.0 -1.0 -1.0 -4.0 -2.0 -1.0 -4.0 -4.0 -4.0 0.0 -4.0 
-2.0 -4.0 -2.0 -4.0 0.0 -2.0 -4.0 -1.0 0.0 0.0 -2.0 -2.0 0.0 -1.0 -1.0 -1.0 -3.0 -3.0 -2.0 -2.0 -3.0 -4.0 -4.0 -1.0 -4.0 -4.0 -3.0 -4.0 -3.0 0.0 -3.0 0.0 0.0 -3.0 -2.0 -4.0 0.0 -4.0 0.0 -2.0 0.0 -3.0 -2.0 -4.0 -4.0 -3.0 -1.0 -2.0 129.0 -3.0 -4.0 -3.0 0.0 -2.0 -2.0 0.0 -2.0 -2.0 0.0 -2.0 0.0 0.0 -3.0 0.0 -3.0 
-4.0 -2.0 -3.0 -3.0 -1.0 -2.0 0.0 0.0 -1.0 -2.0 0.0 -3.0 -2.0 -1.0 -3.0 -2.0 0.0 -4.0 -2.0 -1.0 -1.0 -1.0 0.0 -1.0 -2.0 -2.0 -4.0 -3.0 0.0 -3.0 -4.0 0.0 -4.0 -2.0 -1.0 -4.0 -3.0 -4.0 0.0 -1.0 -3.0 -1.0 -1.0 -2.0 -3.0 -2.0 -2.0 -2.0 -3.0 124.0 -1.0 -1.0 -4.0 -4.0 -2.0 0.0 0.0 -1.0 -4.0 -3.0 -1.0 -2.0 -1.0 -1.0 -4.0 
0.0 -1.0 -4.0 -2.0 -3.0 -2.0 -1.0 -2.0 -4.0 0.0 0.0 -3.0 -2.0 -1.0 0.0 -1.0 -2.0 -2.0 -3.0 -2.0 -1.0 0.0 -1.0 -4.0 0.0 -2.0 -2.0 -3.0 -2.0 -1.0 -2.0 -3.0 -3.0 -2.0 -1.0 0.0 -1.0 0.0 -4.0 -4.0 -4.0 -1.0 -4.0 -4.0 0.0 -4.0 0.0 -4.0 -3.0 0.0 122.0 -4.0 -4.0 -1.0 -4.0 -1.0 -3.0 -1.0 0.0 -2.0 0.0 0.0 -4.0 -3.0 0.0 
0.0 -2.0 -3.0 -2.0 0.0 -2.0 -4.0 -1.0 -4.0 0.0 0.0 -2.0 -4.0 -4.0 -1.0 -1.0 -3.0 0.0 -3.0 -2.0 -1.0 0.0 -1.0 -1.0 -2.0 -3.0 -2.0 -3.0 -4.0 -1.0 -2.0 -1.0 -3.0 -2.0 -3.0 -2.0 -2.0 -2.0 -1.0 0.0 -2.0 -3.0 -4.0 -4.0 0.0 -3.0 0.0 0.0 -1.0 -4.0 -4.0 120.0 -3.0 -2.0 -2.0 0.0 -3.0 -1.0 -1.0 -1.0 -4.0 0.0 -2.0 -2.0 0.0 
-3.0 -4.0 -3.0 -3.0 -1.0 -3.0 0.0 0.0 -1.0 -3.0 0.0 -2.0 0.0 -3.0 -2.0 -4.0 0.0 -4.0 -1.0 0.0 -3.0 0.0 -4.0 -1.0 -1.0 -3.0 -2.0 -2.0 0.0 -1.0 -2.0 -3.0 -2.0 0.0 -4.0 -3.0 -1.0 -3.0 -4.0 -2.0 -4.0 -4.0 0.0 -3.0 -4.0 0.0 -1.0 -4.0 -3.0 -1.0 0.0 -1.0 133.0 -4.0 0.0 0.0 -2.0 -4.0 -3.0 -3.0 -2.0 -1.0 -3.0 -4.0 -4.0 
-3.0 -3.0 0.0 -4.0 -1.0 -3.0 -4.0 -4.0 -1.0 -3.0 -3.0 -1.0 -3.0 -3.0 -1.0 -3.0 -1.0 -3.0 0.0 -3.0 -4.0 -4.0 -4.0 -3.0 -2.0 -3.0 -1.0 -3.0 -2.0 0.0 -1.0 -3.0 -2.0 0.0 -1.0 -2.0 0.0 -3.0 -3.0 0.0 -3.0 0.0 -1.0 -4.0 -3.0 -4.0 -3.0 -2.0 -4.0 0.0 -2.0 -1.0 -3.0 142.0 -4.0 -3.0 -1.0 -2.0 -3.0 -3.0 0.0 -1.0 -1.0 -4.0 -2.0 
-1.0 -4.0 -1.0 -1.0 -2.0 -2.0 -3.0 -4.0 0.0 0.0 -4.0 -3.0 -1.0 -4.0 -2.0 -4.0 -2.0 -4.0 -1.0 -1.0 -4.0 0.0 -1.0 0.0 0.0 -3.0 -1.0 -2.0 -4.0 -1.0 0.0 -4.0 -1.0 -2.0 -1.0 -1.0 -4.0 -4.0 0.0 -2.0 0.0 -2.0 -2.0 0.0 -4.0 -4.0 -1.0 -1.0 -1.0 -4.0 -3.0 -1.0 -3.0 0.0 125.0 0.0 -4.0 0.0 -1.0 -4.0 -1.0 -1.0 -2.0 -4.0 -3.0 
-1.0 -4.0 -2.0 -4.0 -1.0 -1.0 -2.0 -2.0 -1.0 -2.0 -3.0 -1.0 -2.0 -2.0 -3.0 -4.0 -1.0 -1.0 -1.0 -4.0 0.0 -4.0 -3.0 -1.0 -1.0 -1.0 0.0 0.0 -1.0 -1.0 -2.0 -4.0 -2.0 -3.0 0.0 -3.0 -3.0 -1.0 -1.0 -4.0 -1.0 0.0 -3.0 0.0 -2.0 -1.0 -1.0 0.0 -4.0 -2.0 -1.0 -4.0 -4.0 -1.0 -2.0 115.0 -1.0 -4.0 -2.0 0.0 0.0 -1.0 -2.0 -2.0 0.0 
-4.0 0.0 0.0 -4.0 -4.0 -3.0 -3.0 -3.0 -4.0 -3.0 -1.0 -4.0 -2.0 -2.0 0.0 -2.0 -4.0 -2.0 -3.0 -2.0 -1.0 -2.0 -1.0 -4.0 -3.0 -1.0 -2.0 -1.0 -4.0 -4.0 -4.0 -4.0 -2.0 -2.0 -3.0 -4.0 -4.0 -1.0 -3.0 -4.0 -2.0 -1.0 0.0 -4.0 -3.0 -2.0 0.0 0.0 -4.0 -4.0 0.0 -3.0 -3.0 -4.0 -2.0 -1.0 152.0 -2.0 -1.0 -1.0 -4.0 -1.0 -4.0 -2.0 0.0 
0.0 -4.0 -4.0 -4.0 -1.0 -3.0 -3.0 -2.0 -4.0 -2.0 -2.0 -3.0 -1.0 -2.0 -1.0 -2.0 -1.0 -1.0 -4.0 -2.0 -3.0 -3.0 0.0 0.0 -2.0 0.0 -1.0 -4.0 -2.0 0.0 -2.0 -1.0 -2.0 -3.0 0.0 -4.0 -4.0 -1.0 -4.0 -2.0 -4.0 -4.0 -3.0 -4.0 -1.0 -2.0 -2.0 -2.0 0.0 -4.0 -4.0 -4.0 -2.0 -2.0 -4.0 0.0 -3.0 145.0 -2.0 -4.0 -1.0 -3.0 -2.0 0.0 -4.0 
-2.0 -4.0 -3.0 -1.0 -2.0 0.0 -1.0 0.0 -4.0 -2.0 -3.0 -2.0 -2.0 -3.0 -1.0 -4.0 0.0 -1.0 0.0 -4.0 -4.0 -1.0 0.0 -3.0 -3.0 -2.0 -3.0 -3.0 -1.0 -2.0 0.0 -4.0 -3.0 -3.0 -2.0 -3.0 -3.0 0.0 -2.0 -3.0 -4.0 0.0 0.0 -4.0 -3.0 -2.0 -1.0 -4.0 0.0 0.0 -3.0 -2.0 -3.0 -4.0 0.0 -4.0 -1.0 -3.0 135.0 -1.0 -3.0 -3.0 -2.0 0.0 -4.0 
-3.0 -1.0 -3.0 -3.0 -4.0 -3.0 -3.0 0.0 -1.0 -1.0 0.0 -2.0 -1.0 -2.0 -1.0 -4.0 -4.0 -3.0 -2.0 -2.0 -3.0 -4.0 -4.0 -2.0 -2.0 -4.0 -1.0 -2.0 -3.0 -4.0 -2.0 -2.0 0.0 -3.0 0.0 -1.0 -3.0 -3.0 -1.0 -1.0 0.0 -3.0 -1.0 -4.0 -3.0 -1.0 -3.0 0.0 0.0 -4.0 -3.0 0.0 0.0 -1.0 0.0 0.0 -3.0 0.0 0.0 124.0 0.0 -4.0 0.0 -2.0 -4.0 
-3.0 0.0 -2.0 -3.0 -4.0 -4.0 -2.0 -2.0 -4.0 -3.0 -1.0 -3.0 -4.0 -3.0 -2.0 -1.0 0.0 -3.0 0.0 -2.0 0.0 -3.0 0.0 -2.0 -4.0 -1.0 -4.0 -3.0 0.0 0.0 -4.0 -3.0 -1.0 -3.0 0.0 0.0 -4.0 -2.0 0.0 -1.0 -3.0 -4.0 -4.0 -1.0 0.0 0.0 0.0 -3.0 0.0 0.0 -2.0 -1.0 -4.0 0.0 -1.0 0.0 -1.0 -2.0 -3.0 -2.0 118.0 -1.0 -4.0 -1.0 0.0 
-1.0 0.0 -4.0 0.0 0.0 -4.0 -3.0 -4.0 -3.0 -2.0 -1.0 -1.0 -3.0 -2.0 -3.0 0.0 -4.0 -2.0 -1.0 -3.0 -2.0 -3.0 -3.0 -1.0 -2.0 -1.0 -3.0 0.0 -2.0 -1.0 -4.0 0.0 -1.0 -3.0 -2.0 -2.0 -3.0 0.0 -3.0 -3.0 -3.0 0.0 -4.0 -2.0 -2.0 -1.0 -3.0 -2.0 -3.0 0.0 0.0 -4.0 -1.0 -3.0 -3.0 -3.0 0.0 -2.0 -1.0 0.0 -4.0 128.0 -3.0 -3.0 -1.0 
-2.0 -3.0 -4.0 -2.0 0.0 -2.0 -3.0 0.0 -2.0 -4.0 -1.0 -3.0 -2.0 -3.0 -4.0 -3.0 -3.0 -3.0 -4.0 -4.0 -2.0 -3.0 -3.0 -4.0 -4.0 0.0 -3.0 -4.0 -2.0 -3.0 -1.0 -2.0 -3.0 -4.0 -4.0 0.0 -2.0 0.0 0.0 -1.0 -4.0 -4.0 -3.0 -4.0 0.0 0.0 -3.0 -3.0 -3.0 -1.0 -4.0 -4.0 -1.0 0.0 -4.0 -2.0 -1.0 0.0 -4.0 0.0 -3.0 -1.0 151.0 -4.0 -1.0 
-3.0 0.0 -1.0 -4.0 -3.0 -3.0 0.0 -1.0 -4.0 -1.0 -2.0 0.0 -1.0 -4.0 -3.0 -1.0 -1.0 -4.0 -1.0 -4.0 -2.0 -4.0 -3.0 -1.0 -3.0 0.0 -3.0 -4.0 -3.0 0.0 -4.0 -1.0 -3.0 -2.0 -3.0 -3.0 0.0 -3.0 -2.0 -3.0 -3.0 -1.0 0.0 0.0 -4.0 0.0 -1.0 -4.0 -3.0 -2.0 -4.0 -1.0 -2.0 -2.0 -4.0 0.0 -4.0 -2.0 -3.0 -2.0 0.0 -3.0 0.0 135.0 -2.0 
-3.0 -1.0 -2.0 0.0 -1.0 -2.0 -4.0 -1.0 -4.0 -2.0 -4.0 -2.0 -4.0 -2.0 -3.0 -2.0 0.0 0.0 -3.0 -1.0 -1.0 -4.0 -2.0 -4.0 -3.0 -4.0 -2.0 -3.0 -3.0 -3.0 -1.0 0.0 -1.0 -2.0 -4.0 -4.0 -2.0 -1.0 -3.0 -4.0 -3.0 -1.0 -3.0 0.0 -2.0 0.0 -1.0 0.0 -3.0 -1.0 -3.0 -3.0 -1.0 -1.0 -3.0 -3.0 -1.0 -1.0 0.0 0.0 -2.0 -2.0 -4.0 -2.0 132.0 

-3465.064 -4328.0 -3914.0 -3675.0 -4157.0 -3584.0 -3559.0 -2887.0 -3286.0 -2949.0 -3188.0 -2915.0 -2540.0 -2114.0 -2690.0 -2528.0 -1949.0 -2049.0 -1862.0 -2099.0 -1428.0 -1331.0 -982.0 -1383.0 -1284.0 -989.0 -841.0 -932.0 -655.0 -650.0 -312.0 -170.0 126.0 98.0 83.0 276.0 606.0 638.0 1413.0 1431.0 1181.0 1347.0 1397.0 1538.0 1551.0 1530.0 1748.0 1635.0 2264.0 2038.0 2104.0 2347.0 2483.0 3201.0 2833.0 2885.0 3907.0 3585.0 3484.0 3808.0 3785.0 3762.0 4837.0 4287.0 4490.0 