228.6 -1.0 0.0 -1.0 -2.0 -1.0 -4.0 -1.0 0.0 -2.0 -2.0 -4.0 -4.0 0.0 -4.0 0.0 -4.0 -3.0 -3.0 -1.0 0.0 0.0 -2.0 -3.0 -1.0 -3.0 -3.0 -3.0 -2.0 0.0 -1.0 -4.0 0.0 -4.0 -2.0 -3.0 -4.0 0.0 -2.0 0.0 -3.0 -3.0 -4.0 -1.0 -1.0 -2.0 -2.0 -2.0 0.0 -1.0 -3.0 0.0 -3.0 -2.0 -1.0 -4.0 -2.0 -4.0 -1.0 -3.0 -2.0 -3.0 -2.0 -1.0 -1.0 -4.0 -4.0 -4.0 -2.0 -4.0 -1.0 -1.0 -2.0 -2.0 0.0 -2.0 -4.0 -3.0 -2.0 -1.0 -2.0 -1.0 -3.0 -1.0 -4.0 -3.0 -4.0 -3.0 -2.0 -3.0 0.0 -4.0 -4.0 0.0 -4.0 -3.0 -3.0 0.0 -3.0 -2.0 -4.0 -2.0 -1.0 -1.0 0.0 -2.0 -3.0 -4.0 0.0 -2.0 -3.0 -3.0 -2.0 0.0 -3.0 
-1.0 205.0 -4.0 -2.0 -4.0 -3.0 -4.0 -1.0 -3.0 -4.0 0.0 0.0 -1.0 -3.0 -4.0 -4.0 0.0 0.0 -2.0 -4.0 -1.0 -4.0 0.0 0.0 -1.0 -2.0 -1.0 -4.0 0.0 0.0 -2.0 -4.0 -2.0 -3.0 0.0 -4.0 0.0 -1.0 -1.0 0.0 0.0 0.0 0.0 -1.0 -2.0 -1.0 -3.0 0.0 -3.0 -4.0 -4.0 -1.0 0.0 -3.0 -3.0 -2.0 0.0 -1.0 -1.0 -4.0 -4.0 -1.0 -1.0 0.0 -1.0 0.0 -1.0 0.0 -1.0 -1.0 -2.0 -2.0 0.0 -1.0 -3.0 -2.0 -2.0 0.0 -1.0 -3.0 -4.0 -1.0 0.0 -3.0 -3.0 -4.0 -2.0 -3.0 0.0 -2.0 -4.0 -2.0 -2.0 0.0 -4.0 0.0 -2.0 -2.0 -3.0 -4.0 -3.0 -1.0 -4.0 -4.0 -2.0 -3.0 -1.0 -1.0 -1.0 -3.0 -3.0 0.0 0.0 0.0 -1.0 
-3.0 -1.0 219.0 -1.0 0.0 0.0 -1.0 -4.0 -2.0 -1.0 -2.0 -4.0 0.0 -4.0 0.0 -2.0 -4.0 -3.0 -4.0 -4.0 0.0 -1.0 -3.0 -2.0 -1.0 -3.0 0.0 0.0 0.0 0.0 -3.0 -2.0 -1.0 -2.0 -4.0 -1.0 -1.0 0.0 -4.0 -4.0 -3.0 -1.0 -2.0 -4.0 0.0 -2.0 0.0 -3.0 -3.0 -1.0 -1.0 -3.0 -3.0 -3.0 0.0 -4.0 -3.0 -3.0 -4.0 -1.0 -1.0 0.0 -3.0 -4.0 -3.0 -4.0 -2.0 -1.0 -1.0 -1.0 -2.0 -4.0 -4.0 0.0 -4.0 -4.0 -3.0 0.0 -2.0 -1.0 0.0 -4.0 0.0 -1.0 0.0 -3.0 -4.0 -3.0 0.0 -1.0 -1.0 -3.0 -1.0 0.0 -2.0 -1.0 -1.0 -2.0 0.0 -3.0 -1.0 -2.0 0.0 -1.0 -1.0 -1.0 0.0 -2.0 -4.0 -2.0 -3.0 -4.0 0.0 -4.0 -4.0 
-4.0 0.0 -2.0 216.0 -1.0 0.0 0.0 0.0 -2.0 -3.0 -4.0 -4.0 -2.0 -4.0 0.0 -3.0 0.0 -3.0 0.0 -2.0 -3.0 -3.0 -1.0 0.0 -3.0 -2.0 -4.0 -4.0 -3.0 -3.0 -3.0 0.0 0.0 -2.0 -3.0 -1.0 -4.0 -2.0 -4.0 0.0 -4.0 -2.0 0.0 0.0 0.0 -2.0 -3.0 -2.0 -4.0 -2.0 -1.0 -1.0 -3.0 -1.0 -3.0 -3.0 0.0 -3.0 -2.0 -2.0 -1.0 -2.0 0.0 -2.0 -1.0 -1.0 -3.0 -1.0 -3.0 0.0 -3.0 -1.0 -2.0 -4.0 0.0 -1.0 -4.0 -2.0 -2.0 -1.0 -3.0 -1.0 -1.0 0.0 0.0 -3.0 -1.0 0.0 -1.0 -2.0 -2.0 -4.0 -2.0 -4.0 -4.0 -2.0 -3.0 -3.0 -4.0 -3.0 -1.0 -2.0 -1.0 -1.0 -3.0 -3.0 0.0 -3.0 0.0 -3.0 0.0 -4.0 -1.0 0.0 0.0 
-2.0 -4.0 -1.0 -2.0 206.0 -4.0 0.0 -3.0 0.0 -2.0 -2.0 0.0 -1.0 -1.0 -2.0 -4.0 -1.0 -3.0 -3.0 -4.0 0.0 -1.0 -1.0 -4.0 0.0 0.0 -3.0 -4.0 0.0 -4.0 -3.0 -3.0 -1.0 -2.0 -1.0 0.0 -3.0 -4.0 -1.0 -4.0 -1.0 0.0 -1.0 -3.0 -3.0 -3.0 -4.0 -2.0 -3.0 -4.0 -1.0 0.0 0.0 -2.0 -3.0 -4.0 0.0 -1.0 0.0 -2.0 0.0 -3.0 -1.0 0.0 -1.0 -1.0 0.0 -1.0 -2.0 -3.0 0.0 -3.0 -2.0 -3.0 -1.0 -3.0 -1.0 0.0 -3.0 0.0 -2.0 -2.0 -2.0 -1.0 0.0 -4.0 -3.0 0.0 -3.0 0.0 -2.0 -2.0 -3.0 -3.0 -1.0 0.0 0.0 0.0 -1.0 -2.0 -3.0 -4.0 -2.0 -3.0 -2.0 -4.0 -2.0 0.0 -1.0 -1.0 -2.0 -2.0 -2.0 -3.0 -1.0 
-1.0 -2.0 -3.0 -2.0 0.0 221.0 -2.0 -2.0 -1.0 -3.0 0.0 -3.0 -2.0 -4.0 -1.0 -2.0 -3.0 0.0 -1.0 -1.0 -1.0 -3.0 -3.0 -3.0 -3.0 -1.0 -2.0 -3.0 -4.0 0.0 -1.0 -3.0 0.0 -2.0 -1.0 -2.0 -2.0 -3.0 0.0 -2.0 -1.0 0.0 -4.0 -2.0 -2.0 0.0 -4.0 -2.0 -2.0 -4.0 -1.0 -4.0 0.0 -3.0 -1.0 -3.0 -4.0 0.0 0.0 -1.0 -2.0 0.0 -4.0 -1.0 0.0 -1.0 0.0 -1.0 0.0 -1.0 -1.0 -2.0 0.0 0.0 -2.0 -3.0 -2.0 0.0 -4.0 -2.0 -4.0 -4.0 -3.0 -3.0 -1.0 -3.0 -3.0 -4.0 -4.0 0.0 -4.0 -4.0 -2.0 -3.0 -2.0 -1.0 -3.0 0.0 -4.0 -2.0 -1.0 -3.0 -2.0 -3.0 -3.0 0.0 -1.0 -1.0 -4.0 0.0 -1.0 -4.0 -4.0 -2.0 -2.0 
-4.0 0.0 -3.0 -4.0 -4.0 -4.0 237.0 -1.0 -1.0 -2.0 -4.0 -2.0 -2.0 0.0 0.0 -1.0 0.0 -2.0 -4.0 0.0 -2.0 -3.0 -1.0 -4.0 0.0 -2.0 0.0 -4.0 0.0 -3.0 -2.0 -3.0 -3.0 -3.0 0.0 -3.0 -2.0 -4.0 -3.0 -1.0 -1.0 -2.0 0.0 -4.0 -4.0 -3.0 -1.0 0.0 -4.0 -3.0 -1.0 -2.0 -2.0 -1.0 -2.0 -4.0 -1.0 -1.0 -3.0 -2.0 -2.0 -1.0 -4.0 -4.0 -4.0 -1.0 0.0 -1.0 -4.0 -4.0 -3.0 -4.0 -3.0 -4.0 -1.0 -2.0 0.0 -4.0 -2.0 -3.0 -1.0 0.0 0.0 -2.0 -4.0 -4.0 -2.0 -3.0 0.0 -3.0 0.0 0.0 -1.0 -4.0 -4.0 -1.0 -2.0 -1.0 -1.0 -2.0 -2.0 -1.0 -4.0 0.0 -1.0 -4.0 -2.0 -1.0 -4.0 0.0 0.0 -4.0 0.0 -2.0 -4.0 
0.0 -3.0 -4.0 -4.0 -3.0 0.0 -2.0 239.0 -4.0 -4.0 -3.0 -1.0 -1.0 0.0 -1.0 0.0 -1.0 -4.0 -2.0 -3.0 -1.0 -1.0 -4.0 -4.0 -3.0 -1.0 -2.0 0.0 0.0 -3.0 -1.0 -1.0 -2.0 -4.0 0.0 -1.0 0.0 0.0 0.0 -1.0 -3.0 -4.0 -3.0 -2.0 -3.0 -2.0 -3.0 -1.0 -2.0 0.0 -4.0 -1.0 -2.0 -3.0 -1.0 0.0 -2.0 -2.0 -1.0 -1.0 -3.0 -2.0 -2.0 0.0 -3.0 -1.0 -4.0 -3.0 -2.0 -1.0 -4.0 -4.0 -2.0 -3.0 -3.0 -4.0 -3.0 -4.0 -4.0 0.0 -1.0 0.0 -2.0 -4.0 0.0 -2.0 0.0 -3.0 -3.0 -4.0 -2.0 -1.0 -3.0 0.0 -2.0 -3.0 -4.0 -4.0 -4.0 0.0 -2.0 -2.0 -3.0 -4.0 0.0 -3.0 -4.0 -2.0 -2.0 -1.0 -4.0 0.0 -4.0 -1.0 -4.0 
-4.0 -3.0 -1.0 0.0 -3.0 -2.0 -1.0 0.0 218.0 -3.0 -3.0 -1.0 -1.0 -1.0 -2.0 -4.0 -2.0 0.0 -1.0 0.0 0.0 0.0 0.0 -3.0 -4.0 -2.0 -2.0 -3.0 -1.0 -3.0 0.0 -2.0 -2.0 -3.0 -1.0 -4.0 -1.0 -4.0 0.0 0.0 -4.0 -4.0 -1.0 -4.0 -2.0 -1.0 -4.0 0.0 -3.0 -3.0 -1.0 -3.0 -1.0 -1.0 0.0 -3.0 0.0 -1.0 0.0 -4.0 0.0 -3.0 -1.0 -1.0 -4.0 -3.0 0.0 -3.0 -4.0 0.0 -3.0 -2.0 -2.0 -2.0 -4.0 -4.0 -2.0 -3.0 -3.0 -4.0 -3.0 -4.0 -1.0 0.0 -4.0 -1.0 -2.0 0.0 -3.0 -1.0 0.0 -1.0 -3.0 -1.0 -2.0 -3.0 0.0 -4.0 -1.0 -3.0 -1.0 -2.0 -2.0 0.0 -3.0 -3.0 0.0 -1.0 0.0 -1.0 0.0 -4.0 -4.0 -2.0 -3.0 
-1.0 -4.0 -3.0 -2.0 -3.0 -3.0 -2.0 -4.0 -3.0 228.0 -2.0 -2.0 -3.0 -1.0 -3.0 0.0 -1.0 -2.0 -3.0 -1.0 -2.0 -1.0 -4.0 -1.0 -1.0 -4.0 0.0 0.0 0.0 -2.0 0.0 -2.0 0.0 -2.0 -1.0 0.0 -4.0 -2.0 -2.0 -2.0 -1.0 -2.0 0.0 -3.0 0.0 0.0 0.0 -3.0 -3.0 -2.0 -2.0 -1.0 -3.0 -4.0 -2.0 -2.0 -1.0 -2.0 0.0 -3.0 -1.0 -4.0 -3.0 -1.0 -3.0 -1.0 -2.0 0.0 -3.0 -3.0 -2.0 0.0 -3.0 -2.0 -2.0 -2.0 -3.0 -3.0 -1.0 -2.0 0.0 -1.0 -4.0 -2.0 -2.0 -3.0 -4.0 -4.0 -3.0 -3.0 0.0 -4.0 -4.0 -4.0 -2.0 -4.0 -3.0 -3.0 -2.0 -4.0 -1.0 -3.0 0.0 0.0 -3.0 0.0 -3.0 -2.0 -2.0 -3.0 0.0 -3.0 -1.0 -2.0 -1.0 
-1.0 -2.0 -3.0 -1.0 0.0 -3.0 -3.0 -1.0 -3.0 0.0 216.0 -3.0 -2.0 -2.0 -2.0 -2.0 0.0 -3.0 -4.0 -1.0 -1.0 -4.0 0.0 0.0 0.0 0.0 -3.0 -2.0 -2.0 -4.0 -3.0 -1.0 0.0 -1.0 0.0 -3.0 -3.0 0.0 -2.0 -1.0 -2.0 -3.0 -2.0 -1.0 -4.0 -4.0 -4.0 -4.0 -2.0 -4.0 -1.0 -1.0 -2.0 -2.0 0.0 -2.0 0.0 -1.0 -2.0 -4.0 -4.0 0.0 -2.0 -1.0 -4.0 -2.0 -3.0 0.0 -4.0 -3.0 -4.0 -2.0 0.0 0.0 -4.0 0.0 -3.0 -4.0 0.0 -3.0 -2.0 -4.0 -2.0 0.0 -4.0 0.0 -2.0 0.0 -3.0 -2.0 -2.0 -3.0 -3.0 -3.0 -4.0 -4.0 0.0 0.0 -2.0 -1.0 -2.0 -1.0 -3.0 0.0 -2.0 -1.0 -1.0 0.0 -1.0 -2.0 -2.0 -2.0 -1.0 0.0 -3.0 
-1.0 -3.0 -1.0 0.0 -1.0 -4.0 -4.0 -2.0 -1.0 -1.0 0.0 237.0 -2.0 -4.0 -1.0 -4.0 -2.0 -2.0 -4.0 -1.0 -3.0 -1.0 0.0 0.0 -1.0 0.0 -4.0 -1.0 0.0 -2.0 -2.0 -4.0 -3.0 0.0 -2.0 -2.0 -3.0 -4.0 -4.0 -2.0 -3.0 -1.0 -3.0 0.0 -1.0 -3.0 -4.0 -3.0 -1.0 0.0 0.0 -2.0 -2.0 -3.0 -2.0 -3.0 -3.0 -1.0 -1.0 -1.0 -4.0 0.0 -4.0 0.0 -2.0 -4.0 -3.0 -3.0 -4.0 0.0 -4.0 -4.0 -1.0 -1.0 -2.0 -4.0 0.0 -1.0 -1.0 -4.0 -3.0 0.0 -1.0 -3.0 -1.0 -4.0 -4.0 -4.0 0.0 -3.0 -1.0 -3.0 -1.0 -2.0 -3.0 -4.0 -2.0 -3.0 -1.0 -3.0 0.0 -4.0 -2.0 -4.0 -3.0 -2.0 -2.0 -3.0 -1.0 -2.0 -2.0 -1.0 -3.0 -1.0 -2.0 
0.0 -2.0 -4.0 -4.0 0.0 -4.0 -3.0 -1.0 -4.0 -4.0 -3.0 -3.0 251.0 0.0 -2.0 -2.0 -3.0 -1.0 -4.0 -3.0 0.0 -3.0 -4.0 0.0 -2.0 -4.0 -4.0 -2.0 -4.0 -2.0 -2.0 -2.0 -3.0 -1.0 0.0 -4.0 -3.0 -4.0 0.0 -3.0 -1.0 -3.0 -3.0 -1.0 -4.0 -4.0 0.0 -2.0 -3.0 -2.0 -4.0 -2.0 -3.0 0.0 0.0 -1.0 -1.0 -3.0 -1.0 -4.0 -4.0 -1.0 -2.0 -2.0 -4.0 -1.0 -1.0 -3.0 -3.0 0.0 -3.0 -3.0 -3.0 -2.0 0.0 -4.0 -3.0 -3.0 -2.0 0.0 -1.0 -1.0 -1.0 0.0 -3.0 -4.0 -4.0 -3.0 -3.0 -1.0 -4.0 0.0 -2.0 -4.0 -3.0 -3.0 -2.0 -1.0 -4.0 -1.0 -3.0 -3.0 -4.0 0.0 -1.0 -1.0 0.0 -2.0 -1.0 0.0 -1.0 -4.0 -3.0 -3.0 0.0 
-4.0 -1.0 -3.0 -2.0 0.0 -4.0 -3.0 -1.0 -1.0 -3.0 -1.0 -2.0 -2.0 223.0 -3.0 -3.0 -4.0 -4.0 0.0 -2.0 -2.0 -1.0 -2.0 0.0 -3.0 -1.0 0.0 -3.0 0.0 0.0 -3.0 -2.0 0.0 -2.0 -2.0 0.0 -1.0 -3.0 -2.0 0.0 -2.0 0.0 -3.0 -4.0 -2.0 -1.0 -2.0 0.0 -4.0 -1.0 0.0 -3.0 -4.0 -1.0 -3.0 -1.0 -1.0 0.0 -1.0 -2.0 -4.0 -4.0 -2.0 0.0 -1.0 -4.0 -4.0 -3.0 -1.0 -2.0 -1.0 -3.0 -4.0 -2.0 -2.0 -2.0 -2.0 -1.0 0.0 -3.0 -1.0 -3.0 -3.0 -4.0 -1.0 0.0 -3.0 -4.0 -1.0 -2.0 -3.0 -2.0 -2.0 -1.0 -4.0 0.0 -4.0 -2.0 -2.0 -2.0 -1.0 -2.0 -3.0 -2.0 -1.0 0.0 -2.0 -3.0 -4.0 -2.0 0.0 -3.0 0.0 -3.0 -3.0 
-4.0 -3.0 -4.0 -3.0 -4.0 -2.0 -2.0 -2.0 0.0 -1.0 -1.0 -4.0 0.0 0.0 221.0 -1.0 -3.0 -2.0 -1.0 -4.0 -3.0 -2.0 0.0 -3.0 -1.0 -3.0 -1.0 -2.0 -2.0 -2.0 -4.0 -2.0 -2.0 -1.0 -4.0 -4.0 -4.0 -4.0 -4.0 -4.0 -1.0 -3.0 -3.0 -2.0 0.0 0.0 -3.0 -1.0 -2.0 -1.0 -1.0 -2.0 -3.0 -2.0 -1.0 0.0 -1.0 -4.0 0.0 -1.0 -3.0 -1.0 -2.0 -2.0 -1.0 0.0 -1.0 0.0 -4.0 -3.0 0.0 0.0 -1.0 -3.0 -2.0 -3.0 0.0 -2.0 -2.0 0.0 -4.0 -4.0 -3.0 0.0 -2.0 -1.0 -3.0 -1.0 -1.0 -2.0 -4.0 -3.0 -1.0 -3.0 -1.0 -4.0 0.0 -1.0 -3.0 -3.0 -3.0 0.0 -2.0 -2.0 -1.0 -2.0 -1.0 0.0 0.0 0.0 -2.0 -1.0 -2.0 -4.0 -3.0 
-4.0 -3.0 -2.0 -4.0 -3.0 -2.0 -1.0 -4.0 -1.0 -2.0 -2.0 0.0 -2.0 -4.0 -2.0 261.0 0.0 -4.0 -4.0 -3.0 -4.0 -1.0 -4.0 0.0 -2.0 -4.0 -3.0 -4.0 -2.0 -4.0 -1.0 -2.0 -4.0 -3.0 -3.0 -1.0 -4.0 0.0 -4.0 -3.0 -1.0 0.0 -1.0 -2.0 -4.0 0.0 -4.0 -1.0 -1.0 -4.0 0.0 -4.0 -2.0 -4.0 -2.0 -2.0 -3.0 -3.0 -2.0 -2.0 -4.0 -3.0 -3.0 0.0 0.0 0.0 -1.0 -4.0 -3.0 0.0 -4.0 -1.0 -2.0 -3.0 -3.0 -1.0 -4.0 -3.0 -2.0 -2.0 0.0 0.0 0.0 -4.0 -4.0 -2.0 -1.0 0.0 -3.0 -4.0 -2.0 -2.0 -4.0 -4.0 -3.0 0.0 -1.0 -2.0 0.0 -2.0 -4.0 -3.0 -1.0 -3.0 -3.0 -1.0 -3.0 -3.0 -3.0 -4.0 -1.0 -1.0 -3.0 -4.0 -1.0 
-2.0 0.0 -3.0 -3.0 0.0 -1.0 -1.0 -2.0 -2.0 -4.0 -2.0 0.0 0.0 -1.0 -2.0 -2.0 196.0 -2.0 -2.0 -1.0 -1.0 -2.0 -2.0 -3.0 0.0 0.0 0.0 -1.0 -3.0 -4.0 0.0 -2.0 -2.0 -2.0 -1.0 -4.0 -2.0 -1.0 0.0 -2.0 0.0 -3.0 -3.0 -1.0 0.0 -3.0 0.0 0.0 0.0 -4.0 -3.0 -3.0 -4.0 -2.0 0.0 0.0 -2.0 -4.0 0.0 -4.0 0.0 -2.0 -3.0 -4.0 0.0 0.0 -1.0 -2.0 -3.0 -1.0 0.0 0.0 -2.0 0.0 0.0 -3.0 -2.0 -2.0 -1.0 -4.0 -3.0 0.0 -4.0 -3.0 -1.0 -2.0 0.0 -4.0 0.0 -2.0 -3.0 -3.0 -3.0 -4.0 -3.0 -3.0 0.0 -1.0 -3.0 -1.0 0.0 -4.0 -1.0 -4.0 -3.0 -1.0 0.0 -1.0 0.0 0.0 -3.0 0.0 -1.0 -4.0 -3.0 
-4.0 -1.0 -4.0 -1.0 0.0 -1.0 -3.0 -2.0 -4.0 -1.0 -3.0 -1.0 -1.0 -2.0 -1.0 -3.0 -4.0 238.0 -2.0 0.0 -1.0 -2.0 -2.0 -3.0 0.0 0.0 -2.0 0.0 -4.0 -3.0 -3.0 -3.0 -1.0 0.0 -4.0 -4.0 -4.0 0.0 -4.0 -2.0 -2.0 -2.0 0.0 -4.0 -4.0 0.0 -2.0 -4.0 0.0 -4.0 -2.0 -1.0 -1.0 0.0 -2.0 -2.0 -4.0 -1.0 0.0 -4.0 -4.0 -2.0 -1.0 -4.0 0.0 -3.0 -4.0 -4.0 0.0 -2.0 -2.0 -4.0 -3.0 -4.0 -4.0 -4.0 -3.0 -1.0 0.0 -1.0 -1.0 0.0 0.0 -1.0 0.0 -3.0 -2.0 0.0 -3.0 -4.0 0.0 -1.0 -4.0 -2.0 -3.0 0.0 -3.0 -4.0 0.0 -1.0 -3.0 -2.0 -1.0 -4.0 -1.0 -4.0 -4.0 -4.0 -3.0 -4.0 -3.0 -3.0 0.0 -1.0 0.0 
-4.0 -2.0 -2.0 0.0 -2.0 -1.0 -1.0 -2.0 -2.0 -3.0 -1.0 0.0 -2.0 -1.0 0.0 0.0 0.0 -1.0 204.0 0.0 0.0 0.0 -1.0 -1.0 -3.0 0.0 -4.0 -2.0 -3.0 -3.0 -1.0 -2.0 -1.0 -2.0 -4.0 -2.0 0.0 -4.0 -2.0 -3.0 0.0 0.0 -3.0 -3.0 0.0 0.0 -4.0 -1.0 -2.0 -3.0 -1.0 -2.0 -4.0 -2.0 -4.0 -2.0 -2.0 -1.0 -1.0 -2.0 -4.0 -2.0 -2.0 -2.0 0.0 -2.0 -3.0 0.0 -4.0 -1.0 -1.0 -1.0 0.0 -2.0 -4.0 -2.0 -4.0 0.0 -1.0 -4.0 -4.0 -4.0 -2.0 -3.0 -2.0 0.0 -1.0 -1.0 -3.0 0.0 -4.0 -1.0 -3.0 -1.0 -4.0 -1.0 -4.0 0.0 -4.0 0.0 0.0 0.0 -2.0 -1.0 -2.0 -3.0 -1.0 -1.0 -1.0 -2.0 -2.0 -1.0 -1.0 -3.0 -4.0 
-1.0 -2.0 -1.0 -2.0 -1.0 0.0 -4.0 -3.0 -2.0 -4.0 -2.0 0.0 0.0 -4.0 0.0 -2.0 -1.0 -4.0 0.0 216.0 -4.0 -3.0 0.0 -3.0 -4.0 -4.0 0.0 -1.0 -3.0 -1.0 -1.0 -3.0 -3.0 -3.0 -1.0 -2.0 -3.0 -1.0 -2.0 -3.0 -1.0 -2.0 -3.0 -2.0 -2.0 -1.0 0.0 -1.0 -2.0 0.0 -4.0 -1.0 -1.0 -3.0 0.0 -2.0 0.0 0.0 0.0 -3.0 -4.0 -4.0 -2.0 -4.0 -1.0 -2.0 -2.0 -2.0 -3.0 0.0 -3.0 -4.0 -3.0 0.0 -3.0 -1.0 -1.0 -3.0 -2.0 -4.0 -1.0 -1.0 -4.0 -1.0 -4.0 -1.0 -1.0 -1.0 -1.0 -2.0 0.0 -2.0 -3.0 0.0 -1.0 0.0 -3.0 -2.0 -2.0 -1.0 -2.0 -2.0 0.0 -1.0 -4.0 -4.0 -1.0 -1.0 -3.0 -3.0 -3.0 -3.0 0.0 -2.0 -2.0 
-2.0 -1.0 -4.0 -4.0 -3.0 -1.0 0.0 -1.0 -2.0 -1.0 -2.0 -4.0 -2.0 -3.0 0.0 -4.0 -2.0 -2.0 -1.0 -1.0 219.0 -1.0 -3.0 0.0 -3.0 0.0 -1.0 -4.0 -4.0 -4.0 -4.0 -3.0 -3.0 0.0 -3.0 -3.0 0.0 -2.0 -2.0 -2.0 -3.0 -1.0 -2.0 0.0 -1.0 -1.0 -4.0 -2.0 -1.0 -4.0 -4.0 0.0 -3.0 -3.0 -1.0 -3.0 -2.0 -3.0 -3.0 -4.0 -4.0 -1.0 -4.0 0.0 0.0 -2.0 0.0 0.0 -4.0 -3.0 -2.0 0.0 -4.0 0.0 -1.0 0.0 -2.0 0.0 -1.0 0.0 -4.0 -1.0 0.0 0.0 -4.0 -2.0 0.0 -4.0 -3.0 -2.0 -3.0 0.0 -1.0 -3.0 0.0 -2.0 -4.0 0.0 -3.0 -3.0 -4.0 0.0 -4.0 -2.0 -4.0 0.0 -1.0 -4.0 0.0 -2.0 0.0 -1.0 -2.0 -1.0 0.0 
-1.0 -4.0 -3.0 -4.0 -1.0 0.0 -2.0 -3.0 -4.0 0.0 -4.0 -1.0 -4.0 -2.0 -3.0 -4.0 0.0 -3.0 -2.0 -4.0 0.0 194.0 0.0 -2.0 -3.0 0.0 -2.0 -1.0 0.0 0.0 0.0 0.0 0.0 0.0 -1.0 -4.0 0.0 -1.0 -2.0 0.0 0.0 -2.0 -2.0 -2.0 -3.0 0.0 -1.0 -3.0 0.0 0.0 -3.0 -3.0 0.0 -3.0 -2.0 -1.0 -2.0 -2.0 -4.0 0.0 0.0 -1.0 -2.0 -4.0 -1.0 0.0 0.0 0.0 -2.0 -1.0 -3.0 -4.0 0.0 -3.0 -1.0 0.0 -2.0 -4.0 0.0 -1.0 -3.0 0.0 -2.0 -4.0 -1.0 -1.0 -2.0 0.0 -2.0 -2.0 -1.0 -4.0 0.0 -3.0 -4.0 -2.0 -2.0 -2.0 0.0 -1.0 0.0 -2.0 -2.0 -4.0 -2.0 0.0 -1.0 -2.0 -2.0 -4.0 -2.0 -3.0 -3.0 -2.0 -2.0 
0.0 -1.0 -3.0 -4.0 -3.0 -1.0 -2.0 -3.0 -3.0 -1.0 -3.0 -3.0 -3.0 -1.0 -4.0 -3.0 -1.0 -3.0 -1.0 0.0 -1.0 -4.0 224.0 0.0 0.0 0.0 -4.0 0.0 -3.0 -1.0 -2.0 -4.0 0.0 -1.0 -4.0 0.0 -1.0 -2.0 -4.0 -3.0 0.0 -4.0 -4.0 -1.0 -4.0 -4.0 0.0 0.0 0.0 -4.0 0.0 0.0 -2.0 -4.0 0.0 -3.0 0.0 -4.0 -4.0 0.0 -4.0 -2.0 -4.0 0.0 0.0 -3.0 0.0 -3.0 0.0 0.0 -2.0 -2.0 -1.0 -1.0 -4.0 0.0 0.0 -2.0 -4.0 -1.0 -3.0 -3.0 -4.0 0.0 -1.0 0.0 0.0 0.0 -3.0 -4.0 -4.0 -3.0 -3.0 -3.0 -2.0 -4.0 0.0 0.0 -2.0 0.0 -1.0 -4.0 -2.0 -4.0 -4.0 -2.0 -1.0 -1.0 -4.0 -2.0 -4.0 -4.0 -3.0 0.0 -1.0 
-2.0 -2.0 0.0 -3.0 -3.0 -3.0 -2.0 -1.0 0.0 0.0 0.0 -2.0 -4.0 -2.0 -2.0 -1.0 -2.0 -4.0 -3.0 -2.0 -3.0 -3.0 -2.0 243.0 -1.0 -2.0 -3.0 -4.0 -4.0 -2.0 0.0 0.0 0.0 -3.0 -2.0 -1.0 -3.0 0.0 -3.0 -2.0 -1.0 -2.0 -1.0 -2.0 -3.0 -4.0 -1.0 0.0 -2.0 -2.0 -4.0 -3.0 -1.0 -2.0 -4.0 -4.0 -4.0 0.0 -3.0 -4.0 -3.0 -2.0 -4.0 -2.0 0.0 -2.0 -1.0 0.0 -4.0 -2.0 -1.0 -3.0 -4.0 -4.0 -3.0 -3.0 0.0 -2.0 0.0 -1.0 0.0 -1.0 -2.0 -2.0 0.0 -3.0 -4.0 -3.0 -1.0 -2.0 -4.0 -4.0 -3.0 -4.0 -3.0 0.0 -1.0 -4.0 -2.0 -1.0 -1.0 -4.0 -4.0 0.0 -3.0 -2.0 0.0 -3.0 -4.0 -2.0 -2.0 -2.0 -3.0 -4.0 -1.0 
-3.0 -2.0 0.0 -4.0 -4.0 -1.0 -2.0 0.0 -1.0 -3.0 -3.0 0.0 0.0 0.0 -3.0 -3.0 -2.0 -4.0 0.0 -4.0 -1.0 -4.0 -3.0 -2.0 223.0 -4.0 -3.0 -2.0 -1.0 0.0 0.0 -4.0 -3.0 -4.0 -4.0 -3.0 -1.0 -4.0 -1.0 -2.0 0.0 0.0 -4.0 -4.0 -1.0 -1.0 0.0 0.0 0.0 -3.0 -2.0 -3.0 -2.0 -3.0 -3.0 -4.0 0.0 -1.0 -2.0 0.0 -3.0 -2.0 0.0 0.0 -1.0 -2.0 -4.0 0.0 0.0 -1.0 -4.0 -4.0 0.0 -2.0 0.0 -1.0 0.0 -3.0 -4.0 -3.0 -2.0 -3.0 -2.0 -4.0 0.0 -4.0 -1.0 -4.0 -4.0 -1.0 0.0 -3.0 -1.0 -2.0 -3.0 -1.0 0.0 0.0 -4.0 -4.0 -4.0 -4.0 -3.0 -2.0 0.0 -3.0 -1.0 0.0 -2.0 -2.0 -1.0 -1.0 -1.0 0.0 -4.0 
0.0 0.0 -1.0 -2.0 -3.0 -2.0 -3.0 -4.0 -3.0 0.0 0.0 -4.0 -4.0 -4.0 -2.0 -2.0 -4.0 0.0 -3.0 -2.0 -4.0 -1.0 -1.0 0.0 -3.0 240.0 -4.0 -1.0 -4.0 -3.0 -2.0 -1.0 -4.0 0.0 -4.0 0.0 -4.0 -4.0 -3.0 -3.0 0.0 -1.0 -3.0 0.0 0.0 -2.0 -3.0 0.0 0.0 -4.0 -4.0 -3.0 -2.0 -1.0 -3.0 -4.0 -2.0 -1.0 0.0 -3.0 -4.0 0.0 -3.0 0.0 -4.0 -2.0 -3.0 -3.0 -4.0 -2.0 0.0 -3.0 -2.0 -2.0 -2.0 -3.0 -1.0 -4.0 0.0 -4.0 -1.0 0.0 -4.0 0.0 -3.0 -3.0 0.0 -1.0 0.0 -3.0 0.0 -4.0 -3.0 -4.0 -4.0 0.0 -1.0 0.0 -2.0 -3.0 -4.0 -4.0 -4.0 -3.0 -4.0 -1.0 -4.0 -1.0 -4.0 0.0 0.0 -1.0 -1.0 -1.0 -1.0 
-3.0 0.0 0.0 -2.0 0.0 0.0 -1.0 -4.0 0.0 -4.0 0.0 -2.0 -3.0 -1.0 0.0 -1.0 -2.0 -3.0 -2.0 0.0 -1.0 -4.0 -1.0 -2.0 -4.0 -2.0 210.0 -4.0 -1.0 -1.0 -4.0 -2.0 -3.0 0.0 -3.0 0.0 0.0 -4.0 -3.0 0.0 -4.0 -4.0 0.0 -4.0 -2.0 -2.0 -1.0 -2.0 -1.0 -1.0 0.0 0.0 -1.0 -1.0 0.0 -1.0 -2.0 -3.0 -2.0 -3.0 -2.0 -1.0 -2.0 0.0 -4.0 -1.0 -1.0 0.0 -1.0 0.0 -2.0 -3.0 -2.0 -1.0 -4.0 -4.0 -4.0 -1.0 -2.0 0.0 -1.0 -2.0 -2.0 -1.0 -2.0 -3.0 -3.0 -1.0 0.0 -2.0 0.0 -4.0 -2.0 -4.0 0.0 -1.0 -2.0 -4.0 -3.0 -3.0 -2.0 -2.0 -4.0 0.0 -1.0 -1.0 -1.0 -3.0 -2.0 -2.0 -3.0 -4.0 -2.0 -4.0 -3.0 
-3.0 -2.0 -3.0 -3.0 -2.0 0.0 -4.0 -3.0 -4.0 -3.0 -4.0 -3.0 0.0 -1.0 -3.0 -2.0 -2.0 -4.0 -2.0 -2.0 0.0 -1.0 0.0 -4.0 -3.0 -3.0 0.0 263.0 -1.0 -1.0 -4.0 -3.0 0.0 -4.0 0.0 -4.0 -4.0 -3.0 -2.0 -3.0 -3.0 0.0 -4.0 -3.0 0.0 -3.0 -1.0 -3.0 -2.0 -2.0 -1.0 -3.0 -4.0 -3.0 -4.0 -4.0 -4.0 -4.0 0.0 -3.0 -2.0 -3.0 -4.0 -2.0 -3.0 -2.0 -1.0 0.0 0.0 -2.0 -2.0 -2.0 -4.0 -3.0 -3.0 0.0 -4.0 -2.0 -1.0 -3.0 -4.0 -4.0 -4.0 -4.0 -1.0 -3.0 -1.0 0.0 -2.0 -1.0 0.0 -1.0 -3.0 -1.0 -2.0 -4.0 -1.0 -4.0 -1.0 -2.0 -4.0 -3.0 0.0 -1.0 -4.0 -3.0 -4.0 -4.0 -4.0 0.0 0.0 -1.0 -4.0 -2.0 -2.0 
0.0 -2.0 -1.0 -4.0 -2.0 -4.0 -1.0 -1.0 -1.0 -3.0 -3.0 -3.0 -1.0 -1.0 -4.0 -3.0 -2.0 -2.0 -3.0 0.0 -4.0 -3.0 -4.0 -2.0 -4.0 0.0 -3.0 -4.0 250.0 -2.0 -2.0 -2.0 0.0 -3.0 -4.0 -3.0 -3.0 -4.0 0.0 -3.0 -3.0 -2.0 -3.0 -4.0 -3.0 -3.0 -4.0 -2.0 0.0 -2.0 0.0 -4.0 -4.0 -1.0 -3.0 -4.0 -4.0 -3.0 -3.0 -2.0 -2.0 0.0 -4.0 -3.0 -4.0 -2.0 -2.0 -2.0 0.0 -4.0 -4.0 -1.0 -1.0 -4.0 0.0 -3.0 -4.0 -1.0 0.0 -1.0 -1.0 -3.0 0.0 -2.0 -4.0 0.0 -2.0 -3.0 -2.0 0.0 -1.0 -2.0 0.0 -3.0 -1.0 -2.0 -1.0 -1.0 -4.0 -3.0 0.0 -3.0 -4.0 -4.0 -1.0 -1.0 -1.0 0.0 0.0 -2.0 -4.0 -3.0 -1.0 -4.0 0.0 
-1.0 -2.0 -4.0 -1.0 -3.0 -3.0 0.0 -2.0 0.0 0.0 0.0 -4.0 -3.0 -1.0 -4.0 -3.0 -1.0 -2.0 -2.0 -4.0 -3.0 -1.0 -2.0 0.0 -1.0 -1.0 -3.0 0.0 -4.0 228.0 -4.0 -3.0 0.0 -3.0 -4.0 -4.0 -1.0 -2.0 -1.0 -3.0 -3.0 -4.0 0.0 -2.0 -4.0 -3.0 -4.0 -1.0 0.0 -1.0 -2.0 -2.0 -2.0 -4.0 -4.0 -3.0 -1.0 0.0 -2.0 -4.0 0.0 -3.0 -4.0 -2.0 -3.0 0.0 -4.0 -1.0 -1.0 -4.0 -1.0 -4.0 0.0 -1.0 -2.0 -1.0 0.0 -4.0 0.0 0.0 -1.0 -4.0 -1.0 -4.0 -4.0 0.0 -2.0 -4.0 -1.0 -1.0 -3.0 0.0 -1.0 -3.0 -1.0 -3.0 -3.0 -4.0 -2.0 -2.0 0.0 -1.0 0.0 -3.0 0.0 -3.0 -2.0 -4.0 -3.0 0.0 -2.0 0.0 -2.0 -1.0 -2.0 
0.0 -2.0 -4.0 0.0 -4.0 -2.0 -1.0 -2.0 0.0 -1.0 -3.0 -4.0 -2.0 -2.0 0.0 -3.0 -3.0 -1.0 -1.0 -2.0 -1.0 -1.0 -2.0 -1.0 -3.0 -3.0 -3.0 -3.0 -4.0 -4.0 206.0 -1.0 0.0 0.0 -2.0 -2.0 0.0 -2.0 -1.0 -1.0 -3.0 -3.0 0.0 -1.0 -3.0 -2.0 0.0 -3.0 -4.0 -3.0 -2.0 -2.0 -1.0 -2.0 -1.0 -4.0 -3.0 -3.0 0.0 0.0 0.0 -3.0 0.0 0.0 0.0 -4.0 0.0 -3.0 -4.0 -1.0 -3.0 -4.0 -4.0 -4.0 0.0 -2.0 -1.0 -2.0 0.0 -3.0 -3.0 -2.0 -1.0 -2.0 -3.0 0.0 -3.0 -1.0 0.0 0.0 0.0 -3.0 0.0 -2.0 -1.0 -4.0 -2.0 -2.0 -1.0 0.0 -2.0 0.0 -3.0 -1.0 -4.0 -2.0 0.0 -3.0 -1.0 0.0 -4.0 -1.0 -3.0 -3.0 0.0 
-4.0 -1.0 -4.0 -2.0 -3.0 0.0 0.0 -4.0 -4.0 -3.0 0.0 0.0 -1.0 -1.0 -2.0 -4.0 -2.0 -1.0 -2.0 -1.0 -1.0 -3.0 -1.0 -3.0 -2.0 -2.0 0.0 -1.0 0.0 -2.0 -2.0 225.0 0.0 -2.0 -1.0 -1.0 -4.0 -1.0 -2.0 -1.0 -2.0 -4.0 -4.0 0.0 -3.0 -3.0 -1.0 -3.0 -4.0 -3.0 0.0 0.0 -3.0 -3.0 -3.0 0.0 0.0 -2.0 0.0 -2.0 -1.0 -4.0 -1.0 -1.0 -1.0 -4.0 -2.0 -2.0 -1.0 -1.0 -1.0 -2.0 -4.0 -1.0 0.0 -4.0 -1.0 -2.0 -3.0 -2.0 -1.0 -4.0 -3.0 -3.0 -4.0 -3.0 -4.0 -2.0 -1.0 -2.0 -2.0 -3.0 -4.0 -1.0 -4.0 -1.0 0.0 0.0 -2.0 0.0 -4.0 -2.0 -3.0 0.0 0.0 -2.0 -3.0 -1.0 -1.0 -2.0 -3.0 -4.0 -4.0 -3.0 -3.0 
-3.0 -1.0 -2.0 -2.0 0.0 -3.0 -2.0 -3.0 -1.0 -2.0 -2.0 -3.0 -3.0 0.0 -4.0 -4.0 0.0 -1.0 -1.0 -1.0 0.0 -2.0 -1.0 -1.0 -3.0 0.0 -4.0 -2.0 0.0 -4.0 0.0 -3.0 229.0 0.0 -4.0 -2.0 0.0 -4.0 -4.0 -4.0 -3.0 -4.0 -1.0 -1.0 0.0 -2.0 0.0 -2.0 0.0 -4.0 -2.0 -1.0 -2.0 -1.0 -1.0 0.0 0.0 -1.0 -4.0 0.0 0.0 -4.0 -1.0 -1.0 -4.0 -1.0 -3.0 -3.0 -1.0 -4.0 -4.0 -4.0 -1.0 -3.0 -2.0 -2.0 -3.0 -4.0 0.0 -3.0 -4.0 -3.0 -3.0 -2.0 -2.0 -1.0 -4.0 -2.0 -3.0 -2.0 -2.0 -4.0 -4.0 -1.0 -3.0 -2.0 -3.0 0.0 -2.0 0.0 -2.0 -2.0 -1.0 -4.0 -3.0 -4.0 -3.0 -1.0 -1.0 -2.0 -1.0 -1.0 -3.0 0.0 -1.0 
0.0 -4.0 -3.0 -3.0 -4.0 -1.0 0.0 -4.0 -1.0 -2.0 -2.0 -3.0 -4.0 -4.0 -4.0 -1.0 -3.0 0.0 -3.0 0.0 -4.0 -1.0 -3.0 -2.0 -1.0 0.0 -4.0 0.0 -4.0 -4.0 -2.0 -1.0 -2.0 230.0 0.0 -1.0 -4.0 -1.0 0.0 -3.0 -3.0 -3.0 -1.0 -4.0 -2.0 -4.0 -2.0 -2.0 0.0 -3.0 -4.0 -1.0 -3.0 -2.0 -4.0 0.0 0.0 0.0 -4.0 -4.0 -2.0 0.0 -4.0 0.0 0.0 0.0 -2.0 0.0 -3.0 -2.0 -4.0 0.0 -3.0 0.0 -4.0 -1.0 -4.0 -3.0 -1.0 -1.0 -2.0 -4.0 -3.0 -3.0 -2.0 -3.0 -2.0 -1.0 -4.0 -1.0 -4.0 -4.0 0.0 -3.0 0.0 -4.0 -1.0 0.0 -1.0 -4.0 -3.0 0.0 0.0 0.0 -4.0 0.0 -1.0 -4.0 0.0 -1.0 -3.0 -1.0 -1.0 -2.0 -1.0 
-4.0 -3.0 -1.0 -3.0 -2.0 -1.0 -2.0 -1.0 -1.0 -3.0 -1.0 -4.0 -1.0 -3.0 -4.0 -4.0 0.0 -1.0 -3.0 -4.0 0.0 -2.0 -3.0 0.0 -1.0 -3.0 -2.0 -1.0 -3.0 -3.0 0.0 -4.0 -2.0 -1.0 242.0 -4.0 0.0 -2.0 -3.0 -4.0 -1.0 -1.0 -1.0 -1.0 -2.0 0.0 -3.0 -2.0 -4.0 -3.0 -4.0 -3.0 -4.0 -2.0 0.0 -2.0 -2.0 -3.0 -4.0 -4.0 -2.0 -1.0 -1.0 0.0 -2.0 -4.0 -4.0 -2.0 -4.0 -4.0 0.0 0.0 -4.0 -1.0 0.0 -4.0 -2.0 -2.0 -3.0 -4.0 -4.0 0.0 0.0 -1.0 -1.0 -3.0 -3.0 -1.0 -3.0 -1.0 -1.0 -4.0 0.0 0.0 0.0 0.0 -4.0 -3.0 -4.0 -1.0 -3.0 0.0 -3.0 -4.0 -1.0 -3.0 -2.0 -2.0 -2.0 -2.0 -4.0 -1.0 -4.0 -3.0 0.0 
-4.0 -3.0 -1.0 -3.0 0.0 0.0 -4.0 0.0 -4.0 0.0 -2.0 -2.0 -3.0 -2.0 -4.0 0.0 0.0 -4.0 -2.0 -4.0 -1.0 -1.0 -4.0 -2.0 -4.0 -2.0 -3.0 -4.0 -3.0 -4.0 -1.0 -1.0 -1.0 0.0 -2.0 229.0 -1.0 -3.0 0.0 -1.0 -4.0 -1.0 -2.0 -2.0 -4.0 -2.0 0.0 -4.0 -3.0 0.0 0.0 -2.0 -4.0 -3.0 0.0 0.0 0.0 0.0 -3.0 -3.0 -3.0 -4.0 -4.0 -3.0 -4.0 -2.0 -3.0 0.0 -3.0 -1.0 -3.0 -1.0 -2.0 -4.0 -1.0 -2.0 -2.0 0.0 0.0 -1.0 -3.0 0.0 -1.0 -2.0 -4.0 0.0 0.0 -2.0 -3.0 -1.0 0.0 -4.0 -4.0 -1.0 -4.0 -1.0 -4.0 -2.0 -4.0 0.0 -1.0 -2.0 -1.0 0.0 -4.0 -2.0 -1.0 -1.0 -4.0 0.0 -1.0 -2.0 -2.0 -4.0 -4.0 
-4.0 -3.0 -1.0 -4.0 0.0 -3.0 0.0 0.0 -2.0 -3.0 -3.0 -3.0 -2.0 -1.0 -1.0 -2.0 -3.0 0.0 -2.0 -1.0 -4.0 0.0 -3.0 -1.0 0.0 -2.0 -2.0 0.0 -2.0 -4.0 -4.0 -3.0 -3.0 -3.0 0.0 -3.0 233.0 -4.0 -2.0 -1.0 -2.0 -1.0 -4.0 0.0 -2.0 -1.0 0.0 0.0 -2.0 -1.0 -2.0 -4.0 -2.0 -2.0 -3.0 -3.0 -1.0 -3.0 -1.0 0.0 -2.0 0.0 -3.0 -4.0 -1.0 -1.0 -2.0 0.0 -4.0 -2.0 -4.0 -3.0 -1.0 -2.0 -4.0 -3.0 -2.0 -1.0 -3.0 -2.0 -1.0 0.0 -3.0 -1.0 -4.0 -3.0 -4.0 0.0 -3.0 -1.0 -4.0 -1.0 -1.0 -4.0 -1.0 -4.0 -3.0 0.0 0.0 0.0 0.0 -4.0 -4.0 0.0 -2.0 -3.0 -3.0 -2.0 -3.0 -3.0 -4.0 -4.0 0.0 -2.0 -4.0 
-2.0 0.0 -4.0 0.0 0.0 0.0 0.0 -3.0 -1.0 -2.0 -1.0 -1.0 -2.0 -1.0 0.0 -3.0 -2.0 -2.0 -4.0 -3.0 -3.0 -4.0 0.0 -2.0 -4.0 0.0 -2.0 -3.0 -4.0 -1.0 0.0 0.0 -3.0 -3.0 -4.0 0.0 -1.0 212.0 -1.0 -4.0 0.0 0.0 0.0 -1.0 -3.0 -3.0 -3.0 -3.0 -3.0 -1.0 -2.0 -1.0 0.0 0.0 -3.0 -3.0 -4.0 0.0 0.0 0.0 -4.0 -3.0 -4.0 0.0 -2.0 0.0 -4.0 -1.0 0.0 -4.0 -3.0 -4.0 -4.0 -2.0 0.0 -4.0 -1.0 -1.0 -1.0 -1.0 -1.0 -3.0 -4.0 -2.0 0.0 0.0 -1.0 -3.0 -4.0 -4.0 -1.0 -4.0 -2.0 0.0 0.0 -1.0 -2.0 -4.0 0.0 -2.0 -2.0 -4.0 0.0 0.0 0.0 -3.0 -2.0 -4.0 -4.0 -1.0 -3.0 0.0 -1.0 -3.0 -4.0 
-1.0 -4.0 -4.0 -4.0 0.0 0.0 -4.0 -2.0 -3.0 -4.0 0.0 0.0 -1.0 -1.0 -4.0 0.0 0.0 -1.0 -2.0 -3.0 -1.0 -2.0 -4.0 -4.0 0.0 -3.0 -2.0 -3.0 -3.0 -4.0 -2.0 -1.0 0.0 0.0 0.0 -3.0 -4.0 -1.0 228.0 0.0 -1.0 -2.0 -1.0 -4.0 -2.0 0.0 0.0 -4.0 -4.0 -4.0 -3.0 -3.0 -1.0 -3.0 -1.0 -4.0 -3.0 -2.0 -4.0 -2.0 -3.0 -1.0 -3.0 -2.0 -3.0 0.0 -4.0 -4.0 0.0 -2.0 -4.0 -3.0 -3.0 0.0 0.0 -4.0 0.0 -2.0 0.0 -1.0 -1.0 -2.0 -3.0 0.0 -1.0 -2.0 -4.0 -2.0 -1.0 -1.0 -2.0 -2.0 0.0 -4.0 -2.0 -3.0 -4.0 -1.0 0.0 0.0 0.0 -2.0 -4.0 0.0 -4.0 -1.0 -2.0 0.0 -4.0 -4.0 -3.0 -1.0 0.0 -3.0 -3.0 
0.0 -1.0 -2.0 -4.0 -2.0 0.0 -3.0 -2.0 0.0 0.0 -3.0 -3.0 -1.0 -2.0 0.0 0.0 -1.0 -4.0 -4.0 -3.0 -2.0 -3.0 -3.0 0.0 -3.0 -4.0 -4.0 -1.0 -4.0 -3.0 -1.0 -2.0 -1.0 -3.0 -2.0 0.0 -1.0 0.0 -3.0 227.0 0.0 -2.0 0.0 -4.0 -1.0 -2.0 -1.0 0.0 -4.0 -3.0 -3.0 -1.0 -2.0 -4.0 -3.0 0.0 0.0 -2.0 -1.0 -1.0 -2.0 -1.0 -3.0 -3.0 -2.0 -1.0 -2.0 -3.0 -4.0 -3.0 0.0 -3.0 -1.0 -3.0 -4.0 -4.0 0.0 -1.0 -4.0 -4.0 -3.0 -4.0 -1.0 0.0 -2.0 -4.0 -4.0 -3.0 -2.0 -2.0 -3.0 0.0 -2.0 -3.0 -1.0 -4.0 0.0 0.0 -2.0 -4.0 -1.0 -1.0 -1.0 0.0 -2.0 -4.0 -2.0 -3.0 -1.0 -3.0 0.0 -2.0 -3.0 0.0 -3.0 
-2.0 -3.0 -2.0 0.0 -4.0 0.0 -1.0 0.0 -4.0 -1.0 -1.0 0.0 -3.0 0.0 -4.0 -1.0 -1.0 0.0 -1.0 -3.0 -2.0 -1.0 -3.0 -4.0 0.0 0.0 0.0 -4.0 -3.0 0.0 -3.0 0.0 -3.0 0.0 -2.0 0.0 -3.0 0.0 -3.0 -2.0 216.0 -4.0 -3.0 -1.0 -2.0 -1.0 0.0 -3.0 -3.0 -3.0 -2.0 -1.0 -1.0 0.0 -4.0 -3.0 0.0 0.0 -3.0 -2.0 -3.0 0.0 0.0 -4.0 0.0 -3.0 0.0 -3.0 -1.0 -1.0 0.0 0.0 -3.0 -1.0 -2.0 -2.0 -2.0 0.0 -1.0 -4.0 -2.0 -4.0 -3.0 -3.0 0.0 -4.0 -1.0 -4.0 0.0 -1.0 -4.0 -2.0 -1.0 -4.0 0.0 -4.0 -4.0 -3.0 -2.0 -4.0 0.0 -4.0 -4.0 -4.0 0.0 -3.0 -3.0 -3.0 -4.0 -2.0 -3.0 -2.0 -2.0 -2.0 0.0 
-4.0 -2.0 -4.0 0.0 -1.0 -4.0 -3.0 -1.0 -1.0 -1.0 -3.0 -1.0 -3.0 -3.0 -4.0 -4.0 0.0 -1.0 -2.0 -1.0 0.0 -3.0 -3.0 0.0 -2.0 -3.0 -3.0 -2.0 -4.0 -1.0 -1.0 -4.0 -3.0 0.0 -2.0 -2.0 -4.0 -2.0 -4.0 -4.0 -4.0 239.0 -3.0 0.0 0.0 0.0 0.0 -2.0 -1.0 -2.0 -1.0 -2.0 -1.0 -2.0 -2.0 -1.0 -2.0 -4.0 -1.0 -1.0 -1.0 -3.0 -1.0 -2.0 -4.0 -2.0 0.0 -4.0 -4.0 -4.0 -3.0 -4.0 0.0 -2.0 -4.0 -4.0 -3.0 -2.0 -4.0 -4.0 0.0 -2.0 -4.0 0.0 -4.0 0.0 -1.0 -2.0 -1.0 -2.0 -2.0 0.0 -4.0 -3.0 -1.0 -4.0 -2.0 0.0 -1.0 -1.0 -1.0 -2.0 -1.0 0.0 -3.0 -4.0 -4.0 -3.0 -1.0 0.0 -4.0 -2.0 0.0 -4.0 -2.0 
-2.0 0.0 -3.0 -2.0 -1.0 -3.0 -4.0 -3.0 -4.0 -4.0 -4.0 -3.0 -2.0 0.0 -4.0 -1.0 0.0 -3.0 -3.0 0.0 -1.0 -2.0 -3.0 -1.0 -2.0 -2.0 -2.0 -2.0 -2.0 0.0 0.0 -3.0 -4.0 -3.0 -4.0 -2.0 -1.0 0.0 -2.0 -2.0 -2.0 -4.0 223.0 0.0 -3.0 0.0 -1.0 0.0 -2.0 -3.0 -2.0 -1.0 -4.0 0.0 -1.0 -2.0 -3.0 0.0 -2.0 -3.0 -1.0 -2.0 -3.0 -3.0 -3.0 -1.0 -1.0 -4.0 -2.0 0.0 0.0 0.0 -4.0 -1.0 -4.0 -2.0 -1.0 -1.0 -2.0 0.0 -4.0 -2.0 -1.0 -1.0 -3.0 -2.0 0.0 -4.0 -2.0 0.0 -3.0 -3.0 0.0 -2.0 -4.0 -2.0 -3.0 -3.0 0.0 0.0 -4.0 -3.0 -1.0 -3.0 -1.0 -1.0 -4.0 0.0 -2.0 -1.0 -1.0 -2.0 -4.0 -1.0 -4.0 
-3.0 -4.0 -2.0 0.0 -2.0 -1.0 -3.0 -1.0 -1.0 0.0 0.0 0.0 0.0 -2.0 -4.0 0.0 -3.0 -1.0 -1.0 -1.0 -2.0 -2.0 0.0 -1.0 -1.0 -3.0 -1.0 -1.0 0.0 -4.0 -4.0 -4.0 -1.0 -3.0 -2.0 -3.0 -1.0 0.0 0.0 -1.0 -3.0 -3.0 -3.0 194.0 -1.0 0.0 0.0 -1.0 -2.0 0.0 -3.0 -1.0 -2.0 0.0 0.0 -4.0 0.0 -4.0 0.0 -2.0 -3.0 -3.0 -4.0 -3.0 -4.0 -2.0 0.0 -1.0 0.0 -2.0 0.0 -1.0 -3.0 -2.0 -2.0 -3.0 -1.0 -3.0 0.0 0.0 0.0 -2.0 -4.0 0.0 -2.0 -3.0 -2.0 0.0 -4.0 -2.0 -3.0 -1.0 -3.0 0.0 -3.0 -2.0 -1.0 -1.0 -2.0 0.0 -1.0 -3.0 -3.0 -3.0 -1.0 -2.0 -3.0 -1.0 0.0 -2.0 -2.0 -4.0 -2.0 -3.0 0.0 
-3.0 0.0 0.0 -4.0 -2.0 -2.0 -1.0 -2.0 -1.0 -4.0 -4.0 -1.0 -2.0 -3.0 -1.0 -3.0 -2.0 -3.0 -1.0 -3.0 -4.0 -1.0 -3.0 -3.0 -1.0 -4.0 -3.0 -3.0 -2.0 0.0 -2.0 -4.0 -3.0 -1.0 -4.0 -3.0 -1.0 -1.0 0.0 0.0 0.0 -1.0 0.0 -3.0 228.0 -4.0 -2.0 -3.0 -1.0 -4.0 -4.0 -1.0 0.0 -2.0 0.0 -2.0 -3.0 -1.0 0.0 -3.0 -2.0 -2.0 0.0 0.0 -4.0 0.0 0.0 -3.0 -3.0 -2.0 0.0 -4.0 -2.0 -4.0 -4.0 -2.0 0.0 -3.0 -1.0 0.0 -2.0 -3.0 -3.0 -2.0 0.0 -2.0 -4.0 -4.0 -4.0 -3.0 -2.0 -2.0 0.0 0.0 -1.0 -4.0 -4.0 -3.0 0.0 0.0 -3.0 0.0 -1.0 0.0 -3.0 -2.0 -3.0 -4.0 -4.0 0.0 -2.0 -3.0 -4.0 -1.0 0.0 
-3.0 -3.0 -4.0 -3.0 -2.0 -1.0 0.0 -1.0 0.0 0.0 -3.0 -1.0 -2.0 0.0 0.0 -4.0 0.0 -1.0 -1.0 0.0 -1.0 0.0 -3.0 0.0 -2.0 -3.0 -2.0 0.0 -3.0 -2.0 -2.0 -2.0 -1.0 0.0 -4.0 -4.0 0.0 -1.0 -3.0 0.0 -3.0 -1.0 -1.0 0.0 0.0 205.0 -1.0 0.0 -3.0 0.0 -1.0 0.0 -4.0 -4.0 -3.0 0.0 -2.0 -3.0 -3.0 -3.0 -1.0 -4.0 0.0 -3.0 -1.0 -2.0 -1.0 -1.0 -1.0 -1.0 -3.0 -4.0 -4.0 -3.0 0.0 -1.0 -4.0 -3.0 -1.0 0.0 -4.0 -4.0 -4.0 -2.0 -4.0 -2.0 -4.0 -2.0 -3.0 -4.0 -2.0 -1.0 -2.0 -1.0 -3.0 0.0 -1.0 -2.0 -1.0 -4.0 0.0 -3.0 -2.0 0.0 0.0 -1.0 -4.0 -2.0 -4.0 -2.0 -1.0 0.0 -2.0 -1.0 -1.0 
-2.0 0.0 0.0 -3.0 -3.0 -1.0 -1.0 -4.0 0.0 -2.0 -1.0 -3.0 -4.0 0.0 -4.0 -3.0 -3.0 0.0 -4.0 -3.0 -4.0 -3.0 -4.0 0.0 -4.0 -2.0 -1.0 -4.0 -1.0 0.0 -2.0 -4.0 -3.0 -2.0 0.0 0.0 -3.0 -4.0 -2.0 -3.0 -4.0 -3.0 0.0 0.0 -4.0 -2.0 230.0 -1.0 -3.0 -1.0 -3.0 -4.0 -2.0 -3.0 -3.0 -4.0 -2.0 -4.0 -3.0 -4.0 -4.0 0.0 -4.0 -1.0 -4.0 -4.0 -1.0 -2.0 -3.0 -1.0 -3.0 -4.0 0.0 -1.0 -4.0 -3.0 -4.0 0.0 0.0 -3.0 0.0 -2.0 -1.0 -1.0 -4.0 -3.0 -1.0 0.0 0.0 -3.0 -2.0 0.0 -1.0 -2.0 -1.0 0.0 0.0 0.0 -2.0 -4.0 -2.0 -3.0 -3.0 -3.0 -1.0 -1.0 0.0 0.0 -1.0 -1.0 -2.0 -1.0 0.0 -1.0 -1.0 
-2.0 -3.0 -2.0 0.0 -4.0 -2.0 -2.0 -1.0 -1.0 -1.0 -1.0 -4.0 0.0 -2.0 -2.0 -3.0 0.0 -3.0 -2.0 -3.0 0.0 -3.0 0.0 -2.0 -4.0 0.0 0.0 -2.0 -3.0 -4.0 -4.0 -4.0 0.0 -3.0 -4.0 -1.0 0.0 0.0 -3.0 -2.0 -3.0 -2.0 -2.0 -1.0 -4.0 -1.0 -4.0 239.0 -4.0 -1.0 -1.0 -1.0 -4.0 0.0 -2.0 -3.0 -4.0 -2.0 -1.0 -3.0 -4.0 -3.0 -1.0 -2.0 -4.0 -3.0 -2.0 -2.0 -4.0 -2.0 0.0 -3.0 0.0 -4.0 -2.0 0.0 -4.0 -2.0 0.0 -4.0 -3.0 -4.0 -3.0 0.0 -3.0 -1.0 -4.0 -4.0 -3.0 -3.0 0.0 -4.0 -1.0 -3.0 -2.0 -1.0 -2.0 0.0 -3.0 -2.0 0.0 -3.0 -3.0 -4.0 0.0 -2.0 -4.0 -2.0 0.0 -3.0 -4.0 -1.0 -1.0 0.0 0.0 
-2.0 0.0 0.0 0.0 -1.0 -2.0 0.0 -1.0 -1.0 -3.0 -4.0 0.0 -3.0 -4.0 -3.0 -1.0 -4.0 -3.0 -1.0 -1.0 -3.0 -3.0 -3.0 -1.0 -2.0 -1.0 -4.0 -1.0 0.0 0.0 -4.0 -3.0 -1.0 -4.0 -4.0 -2.0 -1.0 -4.0 -3.0 -4.0 -4.0 -2.0 -2.0 -1.0 0.0 -2.0 -4.0 -4.0 233.0 -4.0 -2.0 -3.0 -3.0 -3.0 0.0 -3.0 -4.0 0.0 -4.0 -4.0 0.0 0.0 -4.0 -4.0 -1.0 -4.0 -2.0 0.0 -4.0 0.0 -1.0 -2.0 -1.0 -2.0 0.0 -4.0 -1.0 -1.0 0.0 -3.0 -4.0 -4.0 -1.0 -3.0 -4.0 0.0 -2.0 -3.0 -3.0 -2.0 0.0 -2.0 -1.0 0.0 -1.0 -4.0 -2.0 -1.0 -2.0 0.0 -3.0 -3.0 -3.0 -3.0 -3.0 -2.0 -1.0 -3.0 -1.0 0.0 -2.0 -1.0 -1.0 0.0 -3.0 
0.0 -1.0 -4.0 -2.0 0.0 -1.0 0.0 -3.0 -2.0 -3.0 -3.0 0.0 -1.0 -1.0 -2.0 -1.0 0.0 -4.0 -1.0 -3.0 -2.0 -3.0 0.0 0.0 -2.0 -1.0 -3.0 -2.0 -1.0 -2.0 -2.0 -4.0 -2.0 -3.0 -3.0 0.0 -4.0 -3.0 -3.0 -2.0 -4.0 -3.0 0.0 -4.0 -3.0 -4.0 -2.0 -2.0 -2.0 233.0 -2.0 -4.0 -4.0 -1.0 -1.0 -1.0 -1.0 -3.0 -4.0 -4.0 -1.0 -3.0 -3.0 -2.0 -1.0 -4.0 -2.0 -1.0 -1.0 0.0 -2.0 0.0 -2.0 -4.0 -2.0 -1.0 -1.0 -1.0 -2.0 -2.0 0.0 -4.0 -1.0 -3.0 -1.0 -1.0 -3.0 -3.0 -1.0 -4.0 -1.0 -4.0 -3.0 -4.0 -2.0 0.0 -3.0 -3.0 -3.0 0.0 -4.0 0.0 -4.0 -3.0 0.0 -2.0 -3.0 -3.0 -4.0 -1.0 0.0 -4.0 -3.0 0.0 0.0 
-1.0 -1.0 -1.0 -1.0 -2.0 -3.0 -1.0 -2.0 -2.0 -3.0 -2.0 -1.0 -4.0 -3.0 -2.0 -1.0 -3.0 -1.0 -1.0 -1.0 -1.0 -4.0 -2.0 -1.0 -3.0 -2.0 -1.0 0.0 -1.0 -2.0 -2.0 -2.0 -1.0 0.0 -1.0 -3.0 -2.0 -1.0 -1.0 -4.0 -2.0 -1.0 -4.0 -2.0 -1.0 -1.0 0.0 -2.0 -2.0 -2.0 229.0 0.0 0.0 -3.0 -1.0 -2.0 -1.0 -2.0 -4.0 -2.0 -2.0 -1.0 -2.0 -4.0 -2.0 0.0 -3.0 -1.0 -3.0 -4.0 -4.0 -1.0 -3.0 -1.0 -3.0 -1.0 -4.0 -2.0 -4.0 -2.0 -2.0 -4.0 -4.0 0.0 -2.0 -3.0 -2.0 -3.0 -2.0 -1.0 -1.0 -3.0 -1.0 0.0 -4.0 0.0 0.0 -4.0 -3.0 -4.0 -2.0 -2.0 -3.0 -2.0 -4.0 -3.0 -4.0 -2.0 -1.0 -3.0 -1.0 -3.0 -4.0 0.0 -3.0 
0.0 -4.0 -2.0 -2.0 -4.0 -1.0 0.0 -2.0 -4.0 0.0 0.0 -2.0 -1.0 0.0 -1.0 -3.0 -4.0 0.0 0.0 -3.0 -3.0 -1.0 0.0 -4.0 -1.0 -1.0 0.0 0.0 -2.0 -2.0 -2.0 0.0 -2.0 0.0 0.0 0.0 -2.0 -3.0 -4.0 -3.0 -3.0 -3.0 0.0 -3.0 -1.0 0.0 -2.0 0.0 -2.0 -1.0 -4.0 210.0 -3.0 -2.0 -3.0 0.0 -2.0 0.0 -2.0 -4.0 -1.0 -3.0 -2.0 -4.0 -2.0 -1.0 -2.0 -4.0 -3.0 -3.0 -3.0 0.0 0.0 -3.0 -1.0 0.0 -2.0 -3.0 -2.0 -2.0 0.0 -4.0 -3.0 0.0 -1.0 -3.0 -2.0 -3.0 0.0 -4.0 -2.0 -3.0 0.0 0.0 -1.0 -4.0 0.0 -2.0 -2.0 -3.0 -3.0 -3.0 -4.0 -4.0 -2.0 0.0 0.0 -1.0 -4.0 -2.0 -1.0 0.0 -2.0 -4.0 -4.0 
-1.0 -3.0 -1.0 -1.0 -3.0 0.0 0.0 -1.0 -1.0 -1.0 -1.0 -3.0 -4.0 -2.0 -2.0 -1.0 -3.0 -3.0 -3.0 0.0 -3.0 -4.0 -1.0 0.0 -3.0 -3.0 -3.0 -3.0 -3.0 -2.0 0.0 0.0 0.0 -2.0 -4.0 -3.0 -3.0 -4.0 -4.0 -4.0 -4.0 -3.0 0.0 -4.0 0.0 0.0 0.0 -1.0 -1.0 -2.0 -3.0 -1.0 213.0 -1.0 -1.0 -2.0 -1.0 -2.0 -2.0 -2.0 -2.0 -4.0 -4.0 0.0 -3.0 0.0 -1.0 -2.0 -2.0 -4.0 -3.0 -2.0 -2.0 0.0 -1.0 0.0 -4.0 -4.0 0.0 -1.0 -3.0 -2.0 0.0 -1.0 -1.0 0.0 -1.0 -3.0 -1.0 -2.0 -4.0 0.0 0.0 -2.0 0.0 -3.0 -1.0 0.0 0.0 -1.0 -1.0 -1.0 -2.0 -3.0 -4.0 0.0 -2.0 -4.0 0.0 -3.0 -4.0 -2.0 -3.0 -4.0 -3.0 
-1.0 -1.0 -1.0 -4.0 -4.0 -4.0 -2.0 -2.0 -2.0 -1.0 -3.0 -3.0 -4.0 -2.0 -2.0 -3.0 -1.0 -1.0 -2.0 -4.0 -2.0 -4.0 0.0 -3.0 0.0 -2.0 -1.0 -2.0 -4.0 -3.0 0.0 -4.0 -1.0 -1.0 -3.0 0.0 0.0 -4.0 -2.0 0.0 -2.0 0.0 -3.0 -1.0 -1.0 -2.0 0.0 -2.0 -2.0 -1.0 -2.0 -1.0 -2.0 248.0 -2.0 -3.0 0.0 -4.0 0.0 -3.0 -4.0 -3.0 -1.0 0.0 -2.0 -1.0 0.0 -4.0 0.0 0.0 -4.0 -4.0 -3.0 -2.0 -4.0 -1.0 -2.0 -1.0 -4.0 0.0 -3.0 0.0 -1.0 -2.0 -4.0 -4.0 -4.0 -4.0 -2.0 -2.0 -2.0 -4.0 0.0 -2.0 -4.0 -3.0 -1.0 -2.0 -2.0 0.0 -4.0 -4.0 -4.0 -1.0 -3.0 -4.0 -3.0 0.0 -4.0 -4.0 -4.0 -4.0 -1.0 -4.0 -4.0 
-3.0 -2.0 0.0 -3.0 -3.0 -4.0 -2.0 -4.0 -2.0 0.0 -1.0 -3.0 -1.0 -4.0 0.0 -3.0 -3.0 -3.0 -4.0 -3.0 -2.0 0.0 -2.0 -4.0 -4.0 -1.0 -2.0 -3.0 -2.0 0.0 -1.0 0.0 -4.0 0.0 -4.0 -3.0 -2.0 -1.0 0.0 0.0 -2.0 0.0 -1.0 -1.0 0.0 -4.0 -1.0 -3.0 -3.0 -3.0 0.0 -2.0 -2.0 -2.0 229.0 -2.0 -3.0 -1.0 -2.0 -4.0 -3.0 -4.0 -2.0 -4.0 -3.0 -3.0 0.0 -4.0 -3.0 -3.0 -1.0 0.0 0.0 -4.0 -2.0 -4.0 0.0 -2.0 -1.0 -3.0 -1.0 -2.0 -2.0 -3.0 -2.0 0.0 -2.0 -1.0 -2.0 -3.0 0.0 -4.0 -1.0 -4.0 -2.0 -3.0 0.0 0.0 -2.0 -3.0 -3.0 0.0 -2.0 -2.0 -4.0 -3.0 -1.0 0.0 -1.0 0.0 0.0 -4.0 -3.0 -3.0 -1.0 
-4.0 -2.0 0.0 0.0 -1.0 0.0 -2.0 -2.0 -2.0 -3.0 -1.0 -1.0 0.0 -3.0 -3.0 -3.0 -2.0 -3.0 -3.0 -4.0 -4.0 -3.0 -4.0 -1.0 -1.0 0.0 0.0 0.0 -2.0 0.0 0.0 -3.0 -2.0 -2.0 -1.0 -3.0 -1.0 -4.0 0.0 0.0 -4.0 -2.0 0.0 -4.0 -2.0 -2.0 0.0 -1.0 0.0 0.0 -2.0 -3.0 -3.0 0.0 -4.0 236.0 -2.0 -1.0 -1.0 -2.0 -3.0 -3.0 -2.0 0.0 -1.0 0.0 -4.0 -2.0 -3.0 0.0 -4.0 -1.0 -3.0 0.0 -1.0 -2.0 -3.0 -4.0 -4.0 -4.0 -4.0 -4.0 -3.0 -4.0 -2.0 -4.0 -1.0 -1.0 -4.0 0.0 -1.0 -3.0 -4.0 -2.0 -2.0 -2.0 -4.0 -3.0 -2.0 -2.0 -3.0 -3.0 -1.0 -4.0 -4.0 -2.0 -4.0 -4.0 0.0 -4.0 -2.0 -2.0 -3.0 0.0 -1.0 
-1.0 -1.0 -1.0 -2.0 -2.0 0.0 -4.0 -2.0 -2.0 -3.0 0.0 0.0 -3.0 -2.0 -3.0 -1.0 -3.0 -1.0 -4.0 -2.0 -2.0 -2.0 -4.0 -2.0 -2.0 0.0 -1.0 -2.0 -4.0 -3.0 -1.0 0.0 -1.0 -3.0 -4.0 -3.0 0.0 -2.0 -2.0 -3.0 0.0 0.0 -3.0 0.0 -2.0 -2.0 0.0 -1.0 0.0 -4.0 -4.0 -4.0 -1.0 -3.0 0.0 -4.0 212.0 -1.0 -4.0 -4.0 0.0 -3.0 0.0 -2.0 -4.0 -4.0 -2.0 -4.0 -2.0 0.0 0.0 -2.0 -3.0 0.0 -1.0 -1.0 -3.0 -3.0 -2.0 -4.0 -1.0 -1.0 -3.0 0.0 0.0 -2.0 0.0 -1.0 -2.0 0.0 -3.0 -3.0 0.0 -1.0 -4.0 -1.0 0.0 -2.0 -4.0 -4.0 -2.0 -1.0 0.0 -2.0 -4.0 0.0 0.0 -2.0 0.0 0.0 -2.0 -1.0 -3.0 -4.0 -4.0 
0.0 -3.0 -3.0 -2.0 -3.0 -1.0 -4.0 -3.0 -2.0 -3.0 -2.0 -3.0 -1.0 -3.0 -4.0 -2.0 0.0 -1.0 -4.0 -2.0 -2.0 -4.0 -3.0 -3.0 -2.0 -1.0 -2.0 -4.0 0.0 0.0 -2.0 -4.0 0.0 -3.0 -3.0 -4.0 0.0 0.0 0.0 -2.0 -3.0 0.0 -2.0 -3.0 -2.0 -1.0 -3.0 0.0 -2.0 -2.0 -3.0 -3.0 -2.0 0.0 -2.0 -2.0 -2.0 228.0 0.0 -2.0 -3.0 -4.0 -2.0 -1.0 -3.0 -3.0 -1.0 -3.0 -1.0 -3.0 -1.0 -4.0 -1.0 -3.0 -1.0 0.0 0.0 -4.0 -2.0 -1.0 -1.0 -4.0 -2.0 -4.0 -3.0 -1.0 -1.0 0.0 -2.0 -2.0 -1.0 -3.0 -4.0 -4.0 -4.0 -1.0 -1.0 0.0 0.0 -2.0 0.0 -4.0 -1.0 0.0 -2.0 -4.0 -4.0 0.0 0.0 -4.0 -3.0 -1.0 -2.0 -1.0 -2.0 
-1.0 -2.0 -2.0 -2.0 -4.0 -4.0 -1.0 0.0 -4.0 -1.0 -3.0 -2.0 -4.0 -2.0 0.0 -3.0 -3.0 -3.0 -1.0 -1.0 -1.0 -1.0 -3.0 -4.0 -4.0 -1.0 -2.0 -2.0 0.0 -3.0 -4.0 -3.0 0.0 -3.0 -4.0 -1.0 -3.0 -3.0 0.0 -3.0 -1.0 -1.0 0.0 -4.0 -2.0 -1.0 -3.0 -1.0 0.0 -2.0 0.0 -4.0 0.0 -1.0 -2.0 -2.0 -4.0 -2.0 226.0 0.0 -4.0 -1.0 -3.0 0.0 0.0 -3.0 -2.0 -3.0 -1.0 -3.0 0.0 -4.0 0.0 -1.0 -1.0 0.0 -3.0 -2.0 -2.0 -1.0 -1.0 -1.0 -1.0 0.0 -4.0 -1.0 0.0 -1.0 -3.0 -2.0 -2.0 -2.0 -3.0 -2.0 -2.0 -2.0 -2.0 -3.0 -3.0 -2.0 -4.0 -3.0 -3.0 -3.0 -4.0 -4.0 0.0 0.0 -2.0 -3.0 -1.0 0.0 -4.0 -2.0 -4.0 
-2.0 -3.0 -1.0 -3.0 0.0 -4.0 -3.0 -2.0 0.0 -3.0 -1.0 -4.0 -4.0 -3.0 -4.0 -1.0 0.0 -1.0 -1.0 -4.0 -4.0 -1.0 -2.0 -1.0 -2.0 -2.0 -2.0 -1.0 -4.0 -3.0 0.0 0.0 -3.0 -4.0 -4.0 -4.0 -1.0 -4.0 0.0 -2.0 -3.0 -2.0 -4.0 -3.0 0.0 0.0 -1.0 -3.0 -3.0 -4.0 -2.0 -4.0 -3.0 -1.0 -2.0 -1.0 0.0 0.0 -3.0 233.0 0.0 0.0 -1.0 -4.0 -2.0 -4.0 0.0 0.0 -2.0 -2.0 -3.0 -1.0 0.0 -2.0 -3.0 -2.0 -4.0 0.0 0.0 -2.0 -4.0 -3.0 -4.0 -4.0 -3.0 -2.0 -1.0 -1.0 -3.0 -2.0 -4.0 -1.0 -4.0 -3.0 -1.0 -1.0 -2.0 0.0 -2.0 -4.0 -4.0 0.0 -2.0 -1.0 0.0 -1.0 0.0 -3.0 0.0 -4.0 -4.0 -2.0 0.0 -2.0 -2.0 
-4.0 -1.0 -3.0 0.0 -1.0 -1.0 -4.0 -2.0 -4.0 -1.0 -2.0 -4.0 -3.0 -2.0 -3.0 0.0 0.0 -4.0 0.0 -2.0 -4.0 -1.0 -2.0 -3.0 0.0 -1.0 -3.0 -2.0 -2.0 -3.0 -1.0 -2.0 -1.0 -1.0 -3.0 -3.0 -3.0 -1.0 -4.0 0.0 -1.0 -3.0 0.0 0.0 -2.0 -1.0 0.0 -4.0 0.0 -4.0 -2.0 -2.0 0.0 -2.0 -1.0 -1.0 -1.0 0.0 -2.0 -1.0 207.0 -2.0 -3.0 -2.0 0.0 -2.0 -4.0 -3.0 -3.0 0.0 -2.0 0.0 -1.0 0.0 -4.0 -2.0 -1.0 -2.0 -1.0 -3.0 -3.0 -4.0 -2.0 -1.0 -4.0 -1.0 -2.0 -1.0 0.0 -4.0 -2.0 0.0 -1.0 -2.0 -1.0 0.0 0.0 -1.0 0.0 0.0 -4.0 -2.0 -3.0 -4.0 -3.0 0.0 -2.0 -4.0 0.0 -3.0 -1.0 -2.0 -3.0 -2.0 -2.0 
-3.0 -3.0 -3.0 -2.0 -2.0 -1.0 -1.0 -4.0 -1.0 -1.0 0.0 -3.0 -2.0 -4.0 -2.0 -3.0 -2.0 0.0 -1.0 -4.0 0.0 -1.0 -1.0 0.0 -2.0 -4.0 -3.0 -3.0 0.0 -3.0 -2.0 -3.0 -3.0 -2.0 -2.0 -1.0 -3.0 0.0 -3.0 -3.0 -3.0 -4.0 -2.0 0.0 -4.0 -4.0 -3.0 -4.0 -2.0 -1.0 0.0 -2.0 0.0 0.0 0.0 -2.0 -3.0 0.0 -2.0 -3.0 -4.0 220.0 -3.0 -4.0 0.0 -1.0 0.0 -4.0 0.0 -2.0 0.0 0.0 -2.0 -3.0 0.0 -4.0 -1.0 -1.0 -4.0 0.0 -3.0 -1.0 0.0 -4.0 0.0 -3.0 -1.0 -3.0 -3.0 -3.0 -3.0 0.0 0.0 0.0 -3.0 -3.0 0.0 -4.0 -1.0 -3.0 -3.0 -1.0 -1.0 0.0 -2.0 -3.0 0.0 0.0 0.0 -2.0 -4.0 -3.0 -4.0 -3.0 -3.0 
-3.0 -4.0 -2.0 -4.0 -3.0 -1.0 -2.0 -4.0 0.0 0.0 -3.0 -4.0 -2.0 -4.0 -3.0 -1.0 -3.0 0.0 0.0 0.0 0.0 0.0 -4.0 -2.0 0.0 -4.0 -3.0 -3.0 0.0 -1.0 -2.0 -2.0 -3.0 -1.0 -4.0 -2.0 -3.0 -3.0 -2.0 -2.0 -1.0 -4.0 -1.0 0.0 -1.0 0.0 -3.0 0.0 -1.0 -1.0 -3.0 0.0 0.0 -3.0 0.0 0.0 0.0 -3.0 -1.0 -4.0 -1.0 -4.0 226.0 -4.0 0.0 0.0 -4.0 0.0 -4.0 -3.0 0.0 0.0 -2.0 -1.0 -4.0 -4.0 0.0 -4.0 -3.0 0.0 -3.0 -1.0 0.0 -1.0 0.0 -4.0 -2.0 -3.0 -2.0 -1.0 -3.0 -2.0 -1.0 -4.0 -3.0 0.0 -3.0 0.0 -3.0 -1.0 -3.0 -1.0 -4.0 -1.0 -3.0 -4.0 -2.0 -4.0 -3.0 -3.0 -2.0 -3.0 -2.0 -2.0 -4.0 
-4.0 0.0 -3.0 -1.0 -4.0 0.0 -1.0 -4.0 -2.0 -2.0 -1.0 -1.0 -4.0 0.0 -2.0 -2.0 -2.0 -1.0 -4.0 -1.0 -2.0 -1.0 -3.0 0.0 -4.0 -4.0 -3.0 -2.0 -2.0 0.0 0.0 -4.0 -1.0 -3.0 -4.0 -2.0 0.0 -3.0 -4.0 -2.0 0.0 -1.0 -1.0 -4.0 -2.0 -3.0 -3.0 -2.0 -1.0 -3.0 -3.0 0.0 -3.0 -1.0 -1.0 -2.0 -2.0 0.0 0.0 -4.0 -2.0 -3.0 -3.0 228.0 -1.0 -1.0 -3.0 -3.0 -1.0 -1.0 -1.0 0.0 -4.0 -1.0 0.0 -4.0 -3.0 -3.0 0.0 -3.0 -3.0 0.0 -1.0 -1.0 -2.0 -3.0 -1.0 0.0 -4.0 -1.0 -2.0 -4.0 -2.0 -1.0 0.0 -2.0 -2.0 -1.0 -2.0 0.0 -2.0 -1.0 -4.0 -2.0 -4.0 -4.0 -4.0 -2.0 -3.0 -1.0 -3.0 -2.0 -1.0 -4.0 -3.0 
-4.0 -4.0 -1.0 -2.0 -3.0 0.0 0.0 -3.0 -3.0 -1.0 -4.0 -3.0 -3.0 -1.0 -4.0 -2.0 -3.0 0.0 -4.0 -3.0 -3.0 -2.0 0.0 -4.0 -1.0 0.0 -1.0 -2.0 -2.0 -3.0 -3.0 -1.0 0.0 -4.0 -2.0 0.0 -1.0 -1.0 -3.0 -3.0 -2.0 -4.0 -2.0 -3.0 -1.0 0.0 -3.0 -1.0 -4.0 -4.0 -1.0 -4.0 -3.0 -1.0 -4.0 0.0 0.0 0.0 -3.0 -3.0 -3.0 -4.0 -4.0 0.0 240.0 -2.0 -2.0 -3.0 -3.0 -3.0 -1.0 -4.0 -1.0 -2.0 -4.0 -2.0 -4.0 -3.0 -3.0 -1.0 -1.0 -1.0 -4.0 -3.0 -2.0 -3.0 -1.0 0.0 0.0 -1.0 -1.0 0.0 -3.0 -4.0 -2.0 -2.0 0.0 -2.0 -3.0 -2.0 -1.0 -1.0 -3.0 0.0 0.0 -2.0 -4.0 -3.0 0.0 -4.0 -1.0 -1.0 -4.0 -4.0 -1.0 
-3.0 -2.0 0.0 -1.0 -1.0 -1.0 -3.0 -1.0 -4.0 -3.0 -1.0 -2.0 0.0 0.0 -1.0 -2.0 -1.0 -2.0 -2.0 -4.0 0.0 -1.0 -2.0 -3.0 -3.0 -3.0 -3.0 -1.0 -3.0 -3.0 -3.0 -3.0 -3.0 0.0 -1.0 0.0 -4.0 -2.0 -4.0 0.0 -4.0 -4.0 -3.0 -3.0 0.0 -2.0 -1.0 -1.0 0.0 -4.0 -2.0 -3.0 -3.0 -1.0 -3.0 -3.0 0.0 -2.0 -3.0 -2.0 -1.0 -2.0 0.0 -2.0 0.0 213.0 -2.0 -4.0 0.0 -1.0 -4.0 -2.0 -4.0 -2.0 -1.0 -1.0 -1.0 -1.0 -3.0 -3.0 -4.0 -4.0 -1.0 -4.0 -1.0 -1.0 0.0 -3.0 -1.0 0.0 -3.0 0.0 -4.0 -4.0 -4.0 -2.0 0.0 -4.0 -1.0 -1.0 0.0 -1.0 0.0 -2.0 -3.0 0.0 -1.0 -2.0 0.0 -1.0 -1.0 -2.0 -4.0 0.0 0.0 
-4.0 -1.0 0.0 -3.0 -3.0 -2.0 -1.0 -1.0 -3.0 -4.0 0.0 -1.0 0.0 -4.0 -3.0 -3.0 0.0 0.0 -1.0 -3.0 -4.0 -1.0 0.0 -2.0 -1.0 0.0 0.0 -3.0 -1.0 -4.0 -2.0 -3.0 -3.0 -4.0 -4.0 -1.0 -2.0 -4.0 0.0 -4.0 -4.0 0.0 -2.0 0.0 -4.0 -4.0 -3.0 -2.0 -2.0 -4.0 -1.0 -4.0 -2.0 -1.0 0.0 -4.0 0.0 0.0 -1.0 -4.0 -2.0 0.0 -4.0 -1.0 -4.0 0.0 241.0 -4.0 0.0 -4.0 -4.0 -4.0 0.0 -2.0 -3.0 -1.0 -4.0 0.0 -3.0 -3.0 -4.0 -1.0 0.0 0.0 -4.0 -4.0 -2.0 -1.0 -2.0 -4.0 -4.0 -4.0 -3.0 -2.0 -4.0 -4.0 -2.0 -1.0 -3.0 -2.0 -1.0 -1.0 0.0 0.0 0.0 -1.0 -2.0 -2.0 -1.0 -1.0 -4.0 -4.0 -4.0 0.0 -4.0 
0.0 -1.0 -2.0 -4.0 -3.0 -2.0 -1.0 -4.0 0.0 -1.0 -1.0 -2.0 -3.0 0.0 -1.0 0.0 -3.0 -3.0 0.0 -4.0 0.0 -4.0 -3.0 -4.0 0.0 -1.0 -1.0 -1.0 -2.0 -3.0 -2.0 -4.0 0.0 -3.0 -3.0 -3.0 -3.0 -1.0 0.0 -2.0 -3.0 0.0 -2.0 0.0 -1.0 -1.0 0.0 0.0 -3.0 0.0 -3.0 -3.0 0.0 -1.0 0.0 0.0 -4.0 -2.0 -4.0 -3.0 -3.0 -1.0 -2.0 -2.0 -3.0 0.0 -2.0 215.0 -3.0 -3.0 0.0 -4.0 -4.0 -2.0 0.0 -4.0 -2.0 -4.0 -1.0 -3.0 -3.0 -2.0 -3.0 -3.0 0.0 -1.0 -3.0 0.0 0.0 -2.0 0.0 0.0 -2.0 -2.0 -4.0 -1.0 -2.0 0.0 -2.0 0.0 -2.0 0.0 -4.0 -4.0 -2.0 -3.0 -4.0 -2.0 -3.0 0.0 -2.0 -2.0 -4.0 -4.0 -1.0 
-1.0 -1.0 -3.0 -3.0 -2.0 -4.0 -2.0 -4.0 -2.0 -4.0 -4.0 -3.0 -4.0 -2.0 -3.0 -1.0 0.0 -1.0 0.0 -2.0 0.0 -3.0 -1.0 -3.0 -4.0 0.0 -1.0 -4.0 -2.0 -4.0 -3.0 -3.0 -2.0 -2.0 0.0 -2.0 -2.0 -1.0 -1.0 0.0 -2.0 -1.0 -4.0 -3.0 -1.0 -1.0 0.0 -3.0 -3.0 -3.0 -1.0 -3.0 -3.0 -2.0 0.0 -2.0 -3.0 -3.0 -4.0 -2.0 -3.0 -4.0 -1.0 -3.0 -1.0 -2.0 0.0 -3.0 237.0 -4.0 -3.0 0.0 -4.0 -1.0 -2.0 0.0 -1.0 -2.0 -2.0 -3.0 -4.0 0.0 -2.0 -1.0 -3.0 -1.0 -3.0 -2.0 -3.0 0.0 -4.0 -1.0 -1.0 -3.0 0.0 -2.0 -4.0 -3.0 -3.0 0.0 -2.0 -1.0 -4.0 -2.0 -4.0 -1.0 -3.0 -2.0 -1.0 -2.0 -1.0 -2.0 -3.0 -1.0 -1.0 
-4.0 -3.0 -2.0 0.0 -2.0 -2.0 -4.0 -3.0 0.0 -2.0 -2.0 -4.0 -2.0 -2.0 0.0 -2.0 -2.0 -2.0 -2.0 -4.0 0.0 -4.0 -2.0 0.0 -2.0 -3.0 -3.0 0.0 -3.0 -2.0 -2.0 -2.0 -4.0 -2.0 -3.0 -1.0 0.0 -4.0 -3.0 -1.0 0.0 -2.0 -2.0 -4.0 -1.0 -2.0 -3.0 -3.0 -4.0 -4.0 -3.0 0.0 -3.0 -1.0 -4.0 -3.0 -2.0 -2.0 -2.0 0.0 -1.0 0.0 -2.0 -4.0 -3.0 -2.0 -2.0 -2.0 -4.0 225.0 0.0 -3.0 0.0 0.0 -1.0 -2.0 -2.0 0.0 -1.0 0.0 -4.0 0.0 -2.0 -2.0 -2.0 -3.0 -2.0 0.0 -3.0 -3.0 -3.0 -4.0 -2.0 -4.0 -3.0 0.0 -1.0 -2.0 -3.0 0.0 -3.0 -1.0 0.0 -3.0 -3.0 -1.0 -2.0 0.0 -3.0 -3.0 -1.0 0.0 -3.0 0.0 0.0 
-3.0 -1.0 -4.0 -1.0 0.0 -4.0 -4.0 -4.0 0.0 -2.0 -3.0 -2.0 -3.0 -3.0 -4.0 0.0 -2.0 -2.0 -1.0 -4.0 0.0 -2.0 -1.0 -3.0 -2.0 -2.0 -3.0 -1.0 -4.0 -3.0 0.0 0.0 -3.0 -4.0 -1.0 -2.0 -4.0 -2.0 -3.0 0.0 -4.0 0.0 -3.0 -1.0 0.0 -2.0 -2.0 -3.0 -2.0 -3.0 0.0 -4.0 -3.0 -1.0 -2.0 -1.0 -1.0 0.0 -2.0 -3.0 -4.0 0.0 -2.0 -1.0 -1.0 -2.0 -1.0 -3.0 -2.0 -3.0 233.0 -4.0 -2.0 -1.0 -4.0 -2.0 -1.0 -1.0 -4.0 -2.0 -4.0 -2.0 -4.0 -1.0 0.0 -3.0 -3.0 0.0 -2.0 -4.0 -4.0 -2.0 -3.0 -2.0 -4.0 -2.0 0.0 -4.0 0.0 -3.0 0.0 -2.0 0.0 0.0 -1.0 -3.0 -4.0 0.0 -1.0 0.0 -2.0 -3.0 -3.0 -1.0 -2.0 
-3.0 -4.0 -2.0 0.0 0.0 -1.0 -1.0 -4.0 -2.0 -1.0 0.0 -4.0 -1.0 -2.0 -4.0 -4.0 -1.0 -3.0 -3.0 -4.0 -2.0 0.0 -1.0 0.0 0.0 -1.0 -1.0 -1.0 -2.0 0.0 -2.0 -2.0 -2.0 -3.0 0.0 0.0 -2.0 0.0 -1.0 -4.0 -4.0 0.0 -4.0 0.0 0.0 -4.0 -1.0 -3.0 -3.0 -2.0 -1.0 -4.0 -1.0 -4.0 -4.0 0.0 -1.0 -3.0 -3.0 -3.0 -3.0 -4.0 -3.0 0.0 -4.0 -2.0 -3.0 0.0 -4.0 -1.0 0.0 228.0 -3.0 -4.0 -3.0 -2.0 -4.0 0.0 -2.0 0.0 -3.0 -3.0 -2.0 -3.0 -3.0 -3.0 -4.0 0.0 0.0 -2.0 -4.0 0.0 -1.0 0.0 0.0 -2.0 -3.0 0.0 -4.0 -4.0 -4.0 -2.0 -3.0 -1.0 -3.0 -3.0 0.0 -3.0 -4.0 0.0 -1.0 -2.0 -4.0 -1.0 -1.0 
-4.0 -4.0 -3.0 0.0 -1.0 0.0 0.0 -1.0 -2.0 0.0 -3.0 0.0 -4.0 -1.0 -1.0 -4.0 -3.0 -3.0 -2.0 -1.0 -2.0 -1.0 0.0 -2.0 -3.0 -1.0 -3.0 -1.0 0.0 -3.0 -1.0 0.0 -2.0 -1.0 -2.0 0.0 -2.0 -4.0 0.0 -4.0 -3.0 -1.0 -2.0 -2.0 -2.0 -3.0 0.0 -1.0 0.0 -3.0 -2.0 -4.0 -4.0 -3.0 -3.0 -1.0 -3.0 -3.0 -3.0 -4.0 -4.0 -1.0 -3.0 0.0 -3.0 0.0 -2.0 -4.0 0.0 -3.0 0.0 -1.0 213.0 0.0 -4.0 0.0 -4.0 -1.0 -1.0 0.0 0.0 -2.0 -2.0 0.0 -1.0 0.0 -2.0 -4.0 -3.0 -4.0 -4.0 -3.0 -1.0 0.0 -1.0 -4.0 -2.0 -2.0 -3.0 -2.0 -2.0 -3.0 -1.0 -1.0 -4.0 -2.0 -4.0 0.0 0.0 -2.0 -4.0 0.0 0.0 -1.0 -2.0 
0.0 0.0 -1.0 -1.0 -1.0 -4.0 -4.0 -3.0 -2.0 0.0 -4.0 -4.0 -3.0 0.0 -4.0 -3.0 -2.0 -2.0 -3.0 -1.0 -2.0 -2.0 -4.0 0.0 -3.0 -4.0 0.0 -3.0 -3.0 -3.0 -3.0 -4.0 -4.0 -4.0 0.0 0.0 -1.0 -3.0 -2.0 -1.0 -1.0 -4.0 -3.0 -4.0 -3.0 0.0 -3.0 -2.0 -1.0 -2.0 -2.0 -4.0 -4.0 -2.0 -1.0 -1.0 -2.0 0.0 -4.0 -4.0 -2.0 -3.0 -1.0 -2.0 -3.0 -1.0 -4.0 -1.0 -2.0 -4.0 -4.0 -3.0 0.0 260.0 0.0 -1.0 -1.0 -1.0 0.0 -3.0 -3.0 -4.0 -4.0 -3.0 -1.0 -3.0 -3.0 0.0 -4.0 -4.0 -4.0 -2.0 -3.0 -3.0 0.0 -1.0 -3.0 -2.0 -4.0 -3.0 -4.0 -2.0 -1.0 -2.0 -1.0 -4.0 -4.0 -3.0 -3.0 -1.0 -1.0 -4.0 0.0 -3.0 -2.0 
0.0 -1.0 -3.0 0.0 -4.0 0.0 -1.0 -4.0 -1.0 -4.0 -4.0 -1.0 -2.0 -2.0 0.0 -4.0 -4.0 -1.0 -2.0 -2.0 -3.0 -3.0 -2.0 -1.0 -4.0 -2.0 -4.0 -4.0 -4.0 -1.0 -3.0 -2.0 -1.0 -1.0 -1.0 0.0 -2.0 -4.0 -2.0 -1.0 0.0 -3.0 -2.0 -4.0 -4.0 -4.0 -4.0 -1.0 -4.0 -4.0 -2.0 -2.0 -3.0 -1.0 -2.0 0.0 0.0 0.0 0.0 -3.0 -2.0 -3.0 -3.0 0.0 0.0 -4.0 0.0 -2.0 0.0 -2.0 0.0 -1.0 -1.0 -1.0 218.0 -2.0 -3.0 -4.0 -1.0 0.0 0.0 -4.0 0.0 -2.0 -1.0 -4.0 -1.0 -1.0 -1.0 -3.0 -2.0 -4.0 -1.0 -1.0 -2.0 -1.0 -4.0 0.0 -2.0 -1.0 0.0 -2.0 -1.0 -4.0 -1.0 -3.0 -1.0 -2.0 0.0 0.0 -4.0 0.0 -2.0 -3.0 -3.0 
-1.0 -1.0 -2.0 -2.0 -4.0 -1.0 -3.0 -3.0 -1.0 -1.0 -2.0 0.0 -1.0 -3.0 -3.0 -4.0 -2.0 -3.0 0.0 0.0 -4.0 -4.0 -1.0 -3.0 -3.0 -3.0 -1.0 -1.0 -2.0 -1.0 -1.0 -1.0 -1.0 -2.0 0.0 -1.0 -4.0 0.0 0.0 -4.0 -2.0 -1.0 -2.0 -1.0 0.0 -2.0 0.0 -1.0 -2.0 -2.0 -4.0 -2.0 -1.0 -2.0 -3.0 -1.0 -3.0 -3.0 -4.0 -4.0 -2.0 -3.0 -3.0 0.0 0.0 0.0 -3.0 -2.0 -1.0 -2.0 -1.0 0.0 -4.0 -3.0 0.0 214.0 -3.0 -3.0 -2.0 -4.0 -3.0 -3.0 -2.0 -3.0 -2.0 -2.0 0.0 -4.0 -3.0 -3.0 0.0 -3.0 -1.0 -1.0 0.0 -4.0 0.0 0.0 -2.0 -4.0 -3.0 0.0 -3.0 -2.0 -1.0 -2.0 -2.0 -3.0 -2.0 0.0 -1.0 -1.0 0.0 -2.0 -2.0 
-3.0 -1.0 -3.0 -3.0 -1.0 -3.0 0.0 -4.0 -2.0 -3.0 -3.0 -2.0 -2.0 0.0 0.0 -1.0 -4.0 -4.0 0.0 -1.0 -3.0 -2.0 -4.0 -4.0 -1.0 -3.0 -3.0 0.0 -2.0 0.0 -4.0 0.0 -3.0 -3.0 -1.0 -4.0 0.0 -2.0 -2.0 -4.0 -2.0 -1.0 -3.0 -3.0 -2.0 -1.0 -4.0 -2.0 0.0 -4.0 -1.0 -1.0 -4.0 -3.0 0.0 0.0 0.0 -1.0 -2.0 0.0 -1.0 -4.0 0.0 -1.0 -3.0 0.0 -4.0 0.0 -4.0 -3.0 -3.0 -4.0 -4.0 0.0 -4.0 0.0 235.0 0.0 -1.0 -3.0 -1.0 -3.0 -4.0 -2.0 -3.0 -4.0 0.0 0.0 -3.0 -2.0 -2.0 -1.0 -4.0 -4.0 -4.0 0.0 -4.0 -1.0 -4.0 0.0 -4.0 0.0 -2.0 -4.0 -2.0 0.0 -1.0 0.0 -3.0 -3.0 -3.0 -2.0 -3.0 -3.0 -1.0 
-2.0 0.0 -3.0 0.0 0.0 -2.0 -4.0 0.0 -2.0 -4.0 -4.0 -3.0 -1.0 -1.0 -1.0 -1.0 -2.0 -2.0 -4.0 -2.0 -4.0 0.0 0.0 -1.0 -2.0 -1.0 -3.0 0.0 -3.0 -3.0 -3.0 -1.0 -1.0 -1.0 0.0 -2.0 -2.0 -3.0 0.0 -1.0 0.0 -4.0 -2.0 0.0 -1.0 -2.0 -4.0 0.0 -4.0 -4.0 -1.0 0.0 -3.0 0.0 0.0 0.0 -1.0 -4.0 -1.0 -2.0 -1.0 -1.0 -4.0 -3.0 0.0 -2.0 -1.0 -3.0 -2.0 -2.0 0.0 -1.0 -4.0 -3.0 -4.0 -3.0 -1.0 197.0 0.0 -1.0 0.0 0.0 -4.0 -4.0 -2.0 -2.0 0.0 -4.0 -1.0 -2.0 -2.0 0.0 -2.0 -1.0 -3.0 -1.0 0.0 -1.0 -2.0 -1.0 -1.0 0.0 -3.0 0.0 -1.0 -1.0 -1.0 0.0 -2.0 -2.0 -3.0 -4.0 -3.0 -3.0 -3.0 
-3.0 -4.0 0.0 -3.0 -2.0 -3.0 -2.0 -1.0 0.0 -4.0 -4.0 0.0 -3.0 0.0 -3.0 -4.0 -1.0 -3.0 -2.0 -2.0 0.0 -4.0 -4.0 -4.0 0.0 -3.0 -3.0 -1.0 -1.0 -2.0 -3.0 -2.0 -1.0 -4.0 -2.0 -1.0 -3.0 -4.0 -2.0 -3.0 -3.0 -3.0 -4.0 -2.0 -2.0 0.0 -4.0 0.0 0.0 -2.0 -1.0 -4.0 -2.0 -3.0 -1.0 -3.0 -2.0 -3.0 -3.0 -4.0 -2.0 0.0 -3.0 0.0 -2.0 -4.0 -3.0 -2.0 -4.0 0.0 -2.0 -4.0 -1.0 -1.0 -3.0 -3.0 -3.0 -3.0 253.0 0.0 -3.0 -3.0 -1.0 0.0 -3.0 -4.0 -3.0 -1.0 -3.0 -1.0 -2.0 -1.0 -2.0 -1.0 -2.0 -4.0 -4.0 -2.0 -4.0 -4.0 -3.0 0.0 -4.0 -1.0 0.0 -2.0 -2.0 -3.0 -3.0 -1.0 -2.0 -1.0 -2.0 0.0 -4.0 
-2.0 -1.0 -2.0 -4.0 -4.0 -1.0 -4.0 -4.0 -2.0 -4.0 0.0 -2.0 -3.0 -3.0 -4.0 0.0 0.0 -3.0 -2.0 -4.0 -1.0 0.0 0.0 -1.0 -1.0 -1.0 -3.0 -3.0 -2.0 -4.0 0.0 -2.0 0.0 -3.0 -2.0 -1.0 0.0 -1.0 0.0 -2.0 -3.0 -1.0 -1.0 -3.0 0.0 -1.0 -3.0 -3.0 -4.0 -3.0 -2.0 -3.0 -1.0 0.0 0.0 0.0 -1.0 -2.0 -4.0 -3.0 -4.0 -3.0 -1.0 -2.0 -3.0 -1.0 -2.0 0.0 -1.0 -3.0 -4.0 -3.0 -4.0 -3.0 -1.0 -3.0 -3.0 -1.0 -3.0 227.0 0.0 -3.0 -4.0 -3.0 -2.0 -3.0 -1.0 0.0 -2.0 -4.0 -4.0 -4.0 0.0 0.0 -3.0 -4.0 0.0 -1.0 -2.0 -3.0 -3.0 -1.0 -1.0 -3.0 -2.0 0.0 -2.0 -4.0 -3.0 -1.0 -2.0 -1.0 0.0 0.0 -2.0 
-1.0 -3.0 0.0 -1.0 0.0 -3.0 -1.0 -1.0 -4.0 -4.0 -2.0 -2.0 -4.0 -3.0 -1.0 -4.0 0.0 -1.0 -1.0 -1.0 -1.0 -3.0 -4.0 -3.0 -4.0 -2.0 -4.0 -3.0 -4.0 -3.0 -2.0 -4.0 -1.0 0.0 -2.0 -4.0 -3.0 0.0 -4.0 -2.0 -3.0 -1.0 -3.0 -1.0 -3.0 -1.0 0.0 0.0 -2.0 -2.0 -2.0 -4.0 0.0 -2.0 -2.0 -2.0 -2.0 -4.0 -2.0 -3.0 -1.0 0.0 -2.0 -4.0 -4.0 0.0 -4.0 -1.0 -4.0 -1.0 0.0 -2.0 -2.0 0.0 0.0 -3.0 -4.0 -4.0 -4.0 -1.0 249.0 -1.0 -3.0 -1.0 -4.0 -3.0 -2.0 -2.0 -4.0 -4.0 -3.0 -4.0 -2.0 -2.0 -1.0 -3.0 -1.0 0.0 -3.0 -4.0 -2.0 0.0 0.0 -4.0 -4.0 -4.0 -2.0 -1.0 -4.0 -2.0 -2.0 -2.0 -3.0 0.0 -2.0 
0.0 -3.0 -4.0 -4.0 0.0 -2.0 -2.0 0.0 -4.0 -1.0 -4.0 -3.0 -1.0 -2.0 0.0 -4.0 -1.0 -2.0 -2.0 -1.0 -1.0 -4.0 -4.0 -3.0 -2.0 0.0 -3.0 0.0 -4.0 -3.0 0.0 -1.0 0.0 -4.0 -4.0 -3.0 -1.0 0.0 -1.0 -3.0 -1.0 -1.0 -4.0 -3.0 -1.0 -3.0 -2.0 -3.0 -3.0 -2.0 -1.0 0.0 -2.0 -2.0 -3.0 -2.0 -3.0 -3.0 -2.0 -4.0 -1.0 0.0 -3.0 -2.0 -1.0 0.0 -2.0 -1.0 -2.0 -3.0 -2.0 -3.0 -3.0 -2.0 -4.0 -2.0 0.0 -3.0 -4.0 0.0 -1.0 225.0 -2.0 -3.0 0.0 -1.0 0.0 -3.0 -1.0 -2.0 -3.0 0.0 -1.0 -2.0 0.0 -4.0 0.0 -1.0 0.0 -4.0 -1.0 -2.0 -3.0 -2.0 0.0 0.0 -4.0 -3.0 -1.0 -1.0 -3.0 -4.0 -3.0 -3.0 -3.0 
-2.0 0.0 -2.0 -4.0 0.0 0.0 -3.0 -1.0 -2.0 -2.0 0.0 -3.0 -3.0 -1.0 -2.0 -4.0 0.0 -4.0 -3.0 -4.0 -4.0 0.0 -2.0 -3.0 -1.0 0.0 -3.0 -1.0 -2.0 -4.0 -2.0 -2.0 -2.0 -4.0 -3.0 -1.0 0.0 0.0 0.0 -2.0 0.0 -4.0 0.0 0.0 -3.0 -4.0 -3.0 0.0 -4.0 -1.0 -2.0 -4.0 -2.0 -1.0 -4.0 -1.0 -3.0 0.0 0.0 -1.0 0.0 -3.0 -2.0 0.0 -4.0 -3.0 -1.0 -1.0 -1.0 -4.0 -1.0 -2.0 -1.0 0.0 -2.0 -2.0 -1.0 -3.0 -3.0 -1.0 -2.0 -1.0 229.0 -3.0 -4.0 -3.0 -2.0 0.0 -2.0 -2.0 -4.0 -3.0 -1.0 -3.0 -4.0 -4.0 -4.0 -2.0 -4.0 -1.0 -3.0 0.0 -4.0 -1.0 0.0 -4.0 -4.0 -1.0 -3.0 -3.0 -2.0 -4.0 -2.0 0.0 -1.0 
-3.0 -1.0 -2.0 -1.0 -3.0 0.0 -1.0 0.0 -2.0 -3.0 -4.0 -2.0 0.0 0.0 -3.0 -4.0 -2.0 -3.0 -2.0 0.0 -4.0 0.0 0.0 -2.0 0.0 -2.0 -2.0 -4.0 -1.0 0.0 -2.0 -3.0 -2.0 0.0 -1.0 -3.0 0.0 -4.0 -4.0 -2.0 -1.0 -3.0 -4.0 -2.0 -4.0 -1.0 -2.0 -3.0 -4.0 0.0 -3.0 0.0 -1.0 -4.0 -4.0 -1.0 -2.0 -4.0 -2.0 -3.0 -3.0 -4.0 -3.0 -2.0 0.0 -1.0 0.0 -3.0 -1.0 -3.0 -1.0 0.0 -2.0 -3.0 -2.0 0.0 -1.0 0.0 -3.0 0.0 -4.0 -3.0 -1.0 217.0 0.0 -2.0 -4.0 -3.0 -4.0 -1.0 -4.0 0.0 -4.0 -3.0 -2.0 0.0 0.0 -3.0 -1.0 -2.0 0.0 -3.0 -4.0 -3.0 -3.0 0.0 -3.0 0.0 0.0 -1.0 0.0 -3.0 -2.0 -1.0 -1.0 
-1.0 -2.0 -1.0 -1.0 -1.0 -3.0 -4.0 0.0 -2.0 -3.0 -3.0 0.0 -3.0 0.0 -2.0 -4.0 -4.0 0.0 -3.0 0.0 0.0 -4.0 0.0 -1.0 -1.0 -1.0 -1.0 0.0 -1.0 -3.0 -2.0 0.0 -3.0 -3.0 -2.0 -3.0 -2.0 -2.0 -4.0 0.0 -3.0 -4.0 -1.0 0.0 0.0 0.0 -3.0 -4.0 -2.0 -3.0 0.0 -4.0 -1.0 -2.0 -2.0 -4.0 -1.0 -3.0 -2.0 -3.0 0.0 -2.0 0.0 -3.0 -3.0 -1.0 -2.0 -2.0 -2.0 -1.0 -4.0 -3.0 -1.0 -2.0 -3.0 -2.0 -4.0 -2.0 -4.0 -2.0 -2.0 -1.0 -1.0 -2.0 233.0 -2.0 -2.0 -2.0 -4.0 0.0 -1.0 -3.0 -4.0 0.0 -1.0 -1.0 0.0 -3.0 -3.0 -3.0 0.0 -4.0 -4.0 -3.0 -4.0 -4.0 -3.0 -3.0 -2.0 -3.0 -2.0 -3.0 0.0 -4.0 -4.0 
-3.0 -2.0 -4.0 0.0 0.0 -2.0 0.0 -3.0 -3.0 -4.0 -1.0 0.0 -1.0 -4.0 0.0 -2.0 0.0 0.0 -2.0 -2.0 -3.0 -2.0 0.0 -4.0 0.0 -2.0 -4.0 -2.0 -2.0 -2.0 0.0 0.0 -2.0 -4.0 -1.0 -2.0 -2.0 -3.0 -1.0 -4.0 -4.0 -4.0 -2.0 -3.0 0.0 0.0 -1.0 0.0 0.0 -3.0 0.0 0.0 -1.0 -1.0 -3.0 -2.0 -4.0 -3.0 0.0 -2.0 0.0 -3.0 -3.0 -2.0 -2.0 -1.0 -1.0 -3.0 -3.0 -2.0 -1.0 -1.0 -4.0 -3.0 0.0 -1.0 -1.0 0.0 -4.0 -2.0 -2.0 0.0 -4.0 -3.0 -3.0 212.0 -4.0 -3.0 0.0 -3.0 -1.0 -1.0 -2.0 -2.0 -2.0 -1.0 -3.0 -1.0 0.0 0.0 -1.0 -1.0 -1.0 -3.0 -3.0 -1.0 -4.0 -1.0 -3.0 0.0 -3.0 -3.0 -3.0 -4.0 -3.0 
-4.0 -1.0 -4.0 -3.0 -1.0 -4.0 -3.0 -2.0 -3.0 0.0 0.0 -3.0 -2.0 -1.0 -4.0 -1.0 0.0 -4.0 -3.0 -3.0 -4.0 -4.0 0.0 0.0 -2.0 -2.0 -1.0 -3.0 -4.0 0.0 -4.0 -4.0 -1.0 0.0 -3.0 -3.0 -4.0 -2.0 -4.0 -1.0 -1.0 -3.0 0.0 -2.0 0.0 0.0 0.0 -2.0 -3.0 -1.0 0.0 0.0 -3.0 -4.0 -4.0 0.0 -4.0 -3.0 -1.0 -2.0 -2.0 -4.0 -4.0 -3.0 -3.0 -3.0 -1.0 -2.0 -4.0 -4.0 -1.0 -4.0 -1.0 0.0 -1.0 -1.0 -4.0 -1.0 -4.0 -3.0 -1.0 0.0 0.0 -4.0 0.0 -3.0 250.0 -3.0 -1.0 -1.0 -4.0 0.0 -4.0 -1.0 -4.0 -4.0 -2.0 -1.0 -2.0 -4.0 -4.0 -4.0 -1.0 0.0 -3.0 0.0 -1.0 -3.0 -3.0 -2.0 -2.0 -4.0 -4.0 -4.0 -1.0 
-2.0 0.0 -3.0 -2.0 -3.0 -4.0 0.0 -4.0 -1.0 -4.0 -4.0 -3.0 -3.0 -4.0 -1.0 0.0 -2.0 0.0 0.0 0.0 -4.0 -1.0 -3.0 -1.0 -3.0 -2.0 -3.0 0.0 -3.0 -4.0 -2.0 0.0 0.0 -4.0 -1.0 -2.0 -2.0 -4.0 -1.0 0.0 0.0 -4.0 -3.0 -1.0 -1.0 -1.0 -1.0 -4.0 -2.0 -4.0 -2.0 -2.0 -3.0 -1.0 -2.0 0.0 -2.0 -3.0 -2.0 0.0 0.0 -2.0 -3.0 -3.0 -4.0 -3.0 -3.0 -2.0 -3.0 -2.0 -4.0 -4.0 -1.0 -4.0 -3.0 0.0 0.0 -2.0 -4.0 -2.0 0.0 -4.0 -4.0 -2.0 -3.0 -1.0 0.0 222.0 0.0 -4.0 -2.0 -1.0 -3.0 0.0 0.0 -3.0 -2.0 0.0 0.0 -2.0 -1.0 -4.0 -1.0 -3.0 -1.0 -4.0 -2.0 0.0 -3.0 0.0 -2.0 0.0 -3.0 0.0 0.0 
-1.0 -3.0 0.0 -2.0 -3.0 -3.0 -3.0 0.0 -3.0 -3.0 -4.0 -1.0 -1.0 0.0 -4.0 0.0 0.0 -2.0 -3.0 -2.0 -3.0 0.0 0.0 0.0 -1.0 -3.0 -4.0 -3.0 -2.0 -2.0 -3.0 -4.0 -2.0 -3.0 -2.0 -3.0 -2.0 -1.0 0.0 -3.0 -4.0 -3.0 -4.0 -4.0 -3.0 -2.0 -4.0 -1.0 -4.0 -4.0 0.0 -3.0 -2.0 -2.0 0.0 -2.0 -3.0 0.0 -3.0 -4.0 -2.0 -1.0 -2.0 0.0 0.0 -3.0 -2.0 0.0 0.0 -3.0 -1.0 -2.0 -1.0 0.0 -2.0 -3.0 0.0 -1.0 -4.0 0.0 0.0 -2.0 -4.0 -4.0 -2.0 -4.0 -4.0 -1.0 220.0 -2.0 -2.0 -2.0 -2.0 0.0 -1.0 0.0 -3.0 -1.0 0.0 0.0 -2.0 -1.0 -4.0 -3.0 0.0 -4.0 -1.0 -2.0 -1.0 -1.0 -3.0 -1.0 0.0 -3.0 -2.0 
-1.0 -1.0 -2.0 0.0 -3.0 -4.0 -2.0 0.0 -1.0 -2.0 -3.0 0.0 0.0 -1.0 -4.0 -4.0 -3.0 -2.0 -1.0 0.0 -3.0 -4.0 -2.0 -2.0 -2.0 0.0 -4.0 -4.0 -4.0 -3.0 0.0 -4.0 -3.0 -4.0 -3.0 -2.0 -2.0 0.0 -3.0 -3.0 -1.0 -2.0 -1.0 -3.0 -1.0 -3.0 -1.0 -1.0 -2.0 0.0 -3.0 -2.0 -4.0 0.0 -3.0 0.0 -4.0 0.0 -2.0 -2.0 -4.0 -2.0 -3.0 0.0 -2.0 -4.0 -1.0 0.0 -4.0 -4.0 0.0 -4.0 -4.0 -2.0 -2.0 0.0 -2.0 -2.0 -3.0 -4.0 -2.0 0.0 0.0 -4.0 -1.0 -3.0 -1.0 -1.0 -1.0 230.0 0.0 -2.0 0.0 -2.0 -4.0 -3.0 -3.0 -3.0 -4.0 -2.0 -3.0 0.0 -4.0 -2.0 -3.0 -1.0 0.0 -1.0 -2.0 -1.0 -1.0 -3.0 -1.0 -4.0 0.0 
0.0 -3.0 -3.0 -4.0 -1.0 -2.0 -3.0 0.0 0.0 -2.0 0.0 -4.0 -4.0 -1.0 0.0 -4.0 -2.0 -3.0 0.0 0.0 0.0 0.0 -1.0 -4.0 -1.0 -2.0 -1.0 -1.0 -2.0 -2.0 -2.0 -4.0 -1.0 0.0 -4.0 -1.0 -4.0 -4.0 -4.0 -2.0 -1.0 -3.0 -3.0 0.0 -1.0 -4.0 -4.0 0.0 -3.0 -1.0 -4.0 -2.0 -3.0 -3.0 -3.0 -2.0 -1.0 -3.0 -4.0 -3.0 -3.0 -2.0 -1.0 -3.0 -4.0 -3.0 -4.0 -4.0 -4.0 -3.0 0.0 -3.0 0.0 -1.0 -2.0 -3.0 -4.0 0.0 -4.0 0.0 -2.0 -2.0 0.0 -3.0 0.0 0.0 -3.0 -2.0 -4.0 -3.0 245.0 -2.0 0.0 0.0 -3.0 -4.0 -1.0 0.0 -3.0 0.0 -4.0 -3.0 -4.0 -3.0 -3.0 -3.0 -2.0 -3.0 -4.0 -3.0 -2.0 -2.0 -1.0 -1.0 -3.0 
-3.0 -3.0 0.0 0.0 -4.0 0.0 -3.0 -3.0 -1.0 -1.0 0.0 -3.0 -1.0 -2.0 -1.0 -4.0 -2.0 -1.0 -3.0 0.0 -3.0 -3.0 -4.0 -4.0 0.0 -2.0 0.0 -3.0 -2.0 -3.0 -2.0 -2.0 -2.0 -2.0 -2.0 -3.0 -3.0 -4.0 0.0 0.0 -4.0 -1.0 -3.0 0.0 0.0 -4.0 0.0 -1.0 -4.0 -2.0 -1.0 -1.0 -1.0 -4.0 0.0 -3.0 -4.0 -4.0 -1.0 -4.0 -3.0 -4.0 -1.0 -1.0 -3.0 -2.0 -4.0 -3.0 0.0 -2.0 0.0 0.0 -2.0 -4.0 -3.0 -4.0 -4.0 -2.0 0.0 0.0 -4.0 -1.0 -3.0 0.0 -4.0 -3.0 0.0 -3.0 -1.0 0.0 -3.0 222.0 -2.0 0.0 0.0 -3.0 0.0 -3.0 -2.0 -4.0 -1.0 -4.0 -3.0 -1.0 0.0 -1.0 0.0 -1.0 0.0 -3.0 -2.0 -3.0 -1.0 -1.0 -2.0 
-1.0 -1.0 0.0 -4.0 -2.0 -3.0 -1.0 -4.0 -3.0 -4.0 -1.0 -2.0 -3.0 -4.0 -3.0 -4.0 -2.0 -1.0 -4.0 -3.0 -4.0 -3.0 -3.0 0.0 0.0 0.0 -1.0 -4.0 0.0 0.0 -2.0 0.0 -2.0 -2.0 -3.0 0.0 -4.0 -3.0 -3.0 -2.0 0.0 -1.0 -3.0 -2.0 -2.0 -4.0 0.0 -1.0 -3.0 -1.0 -2.0 -2.0 -1.0 -2.0 0.0 -1.0 -1.0 -1.0 -3.0 -3.0 -2.0 -3.0 -1.0 0.0 -1.0 0.0 -4.0 -3.0 -4.0 -4.0 0.0 -2.0 -1.0 0.0 0.0 0.0 -4.0 -1.0 -1.0 -3.0 0.0 -2.0 0.0 -2.0 -1.0 0.0 -1.0 0.0 -4.0 -2.0 0.0 -1.0 206.0 -1.0 -1.0 -2.0 -3.0 0.0 -2.0 -4.0 0.0 -3.0 -2.0 -2.0 -3.0 -3.0 -4.0 -4.0 0.0 0.0 -3.0 -1.0 0.0 0.0 -2.0 
-1.0 -4.0 -4.0 -3.0 -3.0 -3.0 -3.0 0.0 -1.0 -4.0 -2.0 -4.0 -3.0 -1.0 0.0 -4.0 -1.0 -2.0 -3.0 -3.0 -1.0 0.0 -2.0 -2.0 -1.0 -1.0 0.0 -1.0 -2.0 -2.0 -3.0 -3.0 -4.0 0.0 -3.0 -2.0 -4.0 -3.0 -3.0 -2.0 0.0 -4.0 -2.0 -2.0 -1.0 -1.0 -2.0 -2.0 -1.0 -1.0 -3.0 -3.0 -3.0 -1.0 -3.0 -4.0 -4.0 -4.0 -1.0 0.0 -2.0 -1.0 -4.0 -2.0 -1.0 -2.0 -3.0 -1.0 -4.0 0.0 -1.0 -2.0 -2.0 0.0 -3.0 -1.0 -4.0 0.0 -2.0 -2.0 0.0 -2.0 -4.0 -4.0 -1.0 -3.0 -4.0 0.0 -3.0 -4.0 -2.0 -3.0 -1.0 238.0 -1.0 -2.0 -3.0 -3.0 -3.0 -4.0 -4.0 -3.0 -3.0 -1.0 -3.0 -3.0 -1.0 -3.0 0.0 0.0 0.0 0.0 -1.0 -1.0 -1.0 
-2.0 -1.0 -2.0 -2.0 -4.0 -3.0 -4.0 0.0 0.0 -2.0 -3.0 -4.0 -1.0 -2.0 -1.0 -3.0 -1.0 -4.0 -3.0 -4.0 -4.0 -4.0 0.0 -2.0 0.0 0.0 -2.0 -4.0 -4.0 -2.0 0.0 -3.0 0.0 -1.0 0.0 -3.0 -4.0 -1.0 -3.0 0.0 -4.0 -2.0 -2.0 -1.0 -1.0 -1.0 -3.0 -4.0 0.0 -2.0 -2.0 0.0 -4.0 -2.0 0.0 -1.0 -1.0 -2.0 -2.0 -2.0 -3.0 -2.0 0.0 -2.0 0.0 -1.0 -4.0 -4.0 -1.0 -3.0 0.0 -4.0 -2.0 -3.0 -2.0 -1.0 -4.0 -3.0 0.0 0.0 -3.0 -3.0 0.0 -4.0 0.0 -1.0 -1.0 -3.0 -3.0 -1.0 -3.0 -4.0 -3.0 -2.0 235.0 -3.0 -1.0 -1.0 -1.0 -4.0 -2.0 -1.0 -2.0 -4.0 -2.0 -2.0 -3.0 -3.0 -2.0 -4.0 -3.0 -3.0 -2.0 -1.0 -2.0 
-3.0 -1.0 -3.0 -3.0 -1.0 -4.0 -2.0 -4.0 -3.0 0.0 -2.0 -2.0 -3.0 -3.0 -3.0 -3.0 0.0 0.0 -4.0 -1.0 -1.0 -2.0 -2.0 -1.0 -4.0 0.0 -2.0 -2.0 -3.0 0.0 -3.0 -3.0 -4.0 -4.0 -4.0 -4.0 -1.0 0.0 -2.0 0.0 -2.0 -2.0 -3.0 -3.0 -4.0 -3.0 0.0 0.0 0.0 -4.0 -2.0 0.0 -4.0 0.0 -4.0 0.0 -2.0 -1.0 -3.0 -2.0 -4.0 -4.0 -4.0 -3.0 -3.0 -1.0 0.0 -4.0 -4.0 -3.0 -3.0 -4.0 -4.0 -4.0 0.0 -1.0 -2.0 -1.0 -1.0 -3.0 -4.0 0.0 -2.0 -1.0 -2.0 -1.0 -4.0 0.0 -3.0 -2.0 -1.0 -4.0 -1.0 -2.0 -3.0 247.0 0.0 0.0 -3.0 -4.0 -4.0 -3.0 -1.0 -1.0 -4.0 0.0 0.0 0.0 -4.0 -2.0 -4.0 -2.0 -1.0 -1.0 -4.0 
-3.0 -4.0 -4.0 -1.0 -2.0 -4.0 -4.0 -4.0 -2.0 -1.0 0.0 -1.0 -1.0 -4.0 -1.0 -3.0 -1.0 -4.0 -1.0 -1.0 -3.0 -1.0 -4.0 -4.0 -3.0 -3.0 -1.0 0.0 -4.0 -4.0 -2.0 -2.0 -1.0 -1.0 0.0 -1.0 -3.0 0.0 0.0 0.0 -3.0 -2.0 0.0 -2.0 -1.0 -2.0 -2.0 -3.0 -3.0 -2.0 -4.0 -4.0 0.0 -4.0 -2.0 -1.0 0.0 0.0 -3.0 -2.0 -1.0 -1.0 -2.0 0.0 -4.0 -2.0 -1.0 -2.0 -2.0 0.0 -3.0 -2.0 -1.0 -2.0 0.0 -2.0 -3.0 0.0 -3.0 -1.0 -4.0 0.0 -1.0 -4.0 -2.0 0.0 -4.0 -3.0 -1.0 -4.0 -4.0 -2.0 -2.0 -2.0 0.0 -3.0 228.0 -3.0 -3.0 0.0 -4.0 -1.0 -2.0 -3.0 -3.0 0.0 0.0 -3.0 -2.0 -4.0 -1.0 0.0 -3.0 -1.0 -4.0 
0.0 -4.0 0.0 -1.0 -3.0 -2.0 -3.0 -4.0 -2.0 0.0 -4.0 -4.0 -2.0 -4.0 -3.0 -4.0 -2.0 -2.0 -2.0 -2.0 0.0 -2.0 -3.0 -2.0 -3.0 -1.0 -3.0 0.0 -3.0 0.0 -3.0 -4.0 -2.0 -2.0 -2.0 -2.0 -1.0 -2.0 -2.0 0.0 -2.0 -2.0 0.0 0.0 -2.0 0.0 0.0 -1.0 -2.0 0.0 -3.0 0.0 -1.0 -3.0 -1.0 0.0 -2.0 -3.0 -2.0 -1.0 0.0 -4.0 -3.0 -1.0 0.0 0.0 0.0 0.0 -2.0 -1.0 -1.0 -4.0 -2.0 -2.0 -4.0 -1.0 -4.0 0.0 -4.0 -4.0 -4.0 -4.0 -1.0 -2.0 -1.0 -1.0 -4.0 -3.0 -1.0 -3.0 -2.0 -3.0 -4.0 -3.0 0.0 -2.0 -1.0 233.0 -4.0 -3.0 -4.0 -2.0 -3.0 -4.0 -2.0 -4.0 0.0 -3.0 -2.0 0.0 -1.0 -4.0 -4.0 -4.0 -3.0 
-3.0 -2.0 -2.0 -4.0 -3.0 0.0 -4.0 -1.0 -3.0 -1.0 -2.0 -3.0 0.0 -3.0 -3.0 0.0 0.0 -4.0 -1.0 -1.0 -4.0 0.0 -1.0 -4.0 -4.0 -2.0 0.0 -4.0 0.0 -3.0 -4.0 -1.0 -1.0 -2.0 -1.0 -1.0 -2.0 0.0 -2.0 -1.0 -4.0 -1.0 -1.0 -2.0 -4.0 -4.0 -1.0 -3.0 -3.0 -3.0 0.0 -1.0 -1.0 0.0 -2.0 0.0 -2.0 -1.0 -3.0 -2.0 -1.0 -2.0 -3.0 -4.0 -1.0 -1.0 -1.0 -4.0 -3.0 -3.0 -3.0 0.0 0.0 -2.0 -2.0 0.0 -4.0 0.0 -2.0 0.0 -3.0 -4.0 0.0 0.0 -3.0 -1.0 -4.0 -4.0 -3.0 -2.0 -1.0 -2.0 -4.0 0.0 -1.0 0.0 -1.0 -4.0 224.0 0.0 -4.0 -2.0 -3.0 -4.0 -3.0 0.0 -3.0 -1.0 -2.0 -3.0 -2.0 -2.0 -3.0 -1.0 -3.0 
-3.0 -4.0 -2.0 -1.0 -3.0 0.0 -3.0 -1.0 -1.0 -2.0 -1.0 -2.0 -3.0 -3.0 0.0 -1.0 -2.0 -1.0 -1.0 -2.0 0.0 0.0 -1.0 -2.0 0.0 -4.0 -3.0 -1.0 -4.0 -4.0 -1.0 -3.0 -2.0 -1.0 -3.0 -1.0 0.0 -4.0 -1.0 -1.0 0.0 -1.0 -2.0 -3.0 -3.0 -3.0 -1.0 -1.0 -3.0 -3.0 -3.0 -4.0 0.0 0.0 0.0 -3.0 -4.0 -4.0 -2.0 -3.0 -2.0 -3.0 -4.0 -4.0 -2.0 -4.0 -2.0 -4.0 -3.0 -1.0 -2.0 -2.0 -3.0 -4.0 -2.0 -4.0 -2.0 -2.0 -3.0 -2.0 -4.0 -3.0 -1.0 0.0 -4.0 -4.0 -1.0 -3.0 -4.0 0.0 -3.0 -3.0 0.0 -3.0 -1.0 -4.0 -1.0 -2.0 -1.0 241.0 0.0 -4.0 -4.0 -2.0 -4.0 -1.0 0.0 -3.0 -1.0 0.0 -2.0 -3.0 -2.0 0.0 -3.0 
-2.0 -2.0 -2.0 0.0 -1.0 -4.0 -4.0 -2.0 -2.0 0.0 -3.0 -4.0 -1.0 -1.0 -1.0 -2.0 -2.0 -4.0 0.0 0.0 0.0 -2.0 -2.0 0.0 0.0 -2.0 -3.0 -3.0 0.0 -1.0 -2.0 0.0 -4.0 -2.0 -3.0 0.0 -2.0 -2.0 -3.0 -1.0 -3.0 -2.0 -3.0 0.0 -3.0 -4.0 -4.0 -1.0 0.0 -2.0 -4.0 -3.0 -1.0 0.0 0.0 -3.0 -2.0 -2.0 -3.0 0.0 -4.0 -2.0 -1.0 -2.0 -4.0 0.0 0.0 -1.0 -3.0 -3.0 -3.0 -3.0 -1.0 -4.0 -2.0 -3.0 -2.0 -4.0 -3.0 0.0 -1.0 -2.0 0.0 -4.0 -2.0 -2.0 0.0 -3.0 -3.0 -3.0 0.0 -4.0 0.0 -3.0 -3.0 -2.0 -1.0 0.0 -1.0 0.0 221.0 -4.0 -4.0 -4.0 -3.0 -3.0 0.0 -3.0 -2.0 -3.0 -3.0 -1.0 0.0 0.0 -3.0 
-4.0 -1.0 0.0 -4.0 -4.0 0.0 -1.0 0.0 -2.0 -1.0 -1.0 -4.0 0.0 -2.0 0.0 -2.0 -2.0 0.0 -4.0 -2.0 -4.0 -3.0 -3.0 -2.0 -4.0 0.0 -2.0 -1.0 -1.0 -3.0 -2.0 -1.0 -4.0 -2.0 -1.0 0.0 0.0 -3.0 -3.0 0.0 -2.0 0.0 -3.0 -3.0 -2.0 -4.0 -1.0 -2.0 -2.0 0.0 -3.0 -1.0 0.0 0.0 0.0 -1.0 -2.0 -1.0 -1.0 -4.0 -1.0 -2.0 -3.0 0.0 -3.0 -2.0 -3.0 0.0 -4.0 -3.0 -4.0 -3.0 -1.0 -1.0 -1.0 0.0 -4.0 -4.0 -1.0 -3.0 0.0 0.0 -1.0 -1.0 -4.0 -3.0 -1.0 -2.0 -1.0 0.0 -4.0 -3.0 -1.0 -4.0 -4.0 -3.0 0.0 -2.0 0.0 -2.0 -1.0 212.0 0.0 -1.0 -1.0 -2.0 -3.0 -2.0 0.0 0.0 -4.0 -2.0 -4.0 -4.0 -4.0 
-3.0 -1.0 -1.0 -2.0 -3.0 0.0 0.0 -1.0 -4.0 0.0 -1.0 -4.0 -1.0 -2.0 -1.0 -3.0 -4.0 -1.0 -2.0 -2.0 -3.0 -2.0 0.0 -2.0 0.0 -3.0 -4.0 -4.0 -4.0 -3.0 0.0 -2.0 -1.0 -4.0 -4.0 -2.0 -4.0 -3.0 -4.0 -2.0 -3.0 -3.0 0.0 -3.0 -1.0 0.0 -3.0 -2.0 -1.0 -2.0 -3.0 0.0 0.0 -3.0 -3.0 -3.0 -2.0 -1.0 -1.0 -2.0 -1.0 -2.0 -4.0 -4.0 -3.0 0.0 0.0 -2.0 0.0 -3.0 -4.0 -3.0 -4.0 -1.0 -4.0 -2.0 -1.0 0.0 -3.0 -3.0 0.0 0.0 -2.0 -1.0 -4.0 -4.0 0.0 -1.0 -4.0 -1.0 -3.0 -3.0 -1.0 -3.0 -3.0 0.0 0.0 -1.0 0.0 -3.0 -1.0 -4.0 236.0 -4.0 -4.0 0.0 -4.0 -4.0 0.0 -1.0 -2.0 -4.0 -3.0 -4.0 0.0 
-2.0 -4.0 -3.0 -3.0 -1.0 -1.0 -2.0 -2.0 0.0 -1.0 -4.0 -2.0 0.0 -4.0 -4.0 -1.0 -2.0 -1.0 -2.0 -2.0 -1.0 -2.0 -4.0 0.0 -1.0 -4.0 -3.0 -4.0 -4.0 -3.0 -4.0 -1.0 -4.0 -3.0 -3.0 -4.0 -1.0 -3.0 -4.0 -3.0 -1.0 -1.0 0.0 0.0 0.0 0.0 -3.0 -2.0 -2.0 -4.0 -4.0 -1.0 0.0 0.0 0.0 0.0 -1.0 -4.0 -2.0 -2.0 -3.0 -1.0 -1.0 -1.0 -1.0 -4.0 -4.0 -3.0 -1.0 0.0 -4.0 0.0 -2.0 -4.0 -2.0 -1.0 -4.0 0.0 -1.0 -3.0 -1.0 -1.0 -1.0 -1.0 -1.0 -4.0 -3.0 -1.0 -2.0 -1.0 -4.0 -4.0 -1.0 0.0 -2.0 -4.0 -1.0 -1.0 -1.0 0.0 -3.0 -2.0 -1.0 227.0 -1.0 0.0 -4.0 0.0 -3.0 -3.0 -4.0 -2.0 -4.0 0.0 -2.0 
-4.0 -2.0 -1.0 -3.0 -1.0 -4.0 -4.0 -3.0 -2.0 -1.0 -3.0 -1.0 -4.0 -4.0 -3.0 0.0 -1.0 -1.0 -1.0 -3.0 -2.0 -4.0 -2.0 -4.0 -1.0 0.0 -3.0 0.0 -3.0 0.0 -4.0 -3.0 -1.0 -2.0 -2.0 -1.0 -1.0 -2.0 -1.0 -2.0 -3.0 -3.0 -2.0 -4.0 0.0 -3.0 -3.0 0.0 -1.0 -1.0 -4.0 -4.0 0.0 -4.0 -4.0 -1.0 -4.0 -2.0 -3.0 -2.0 -2.0 -2.0 -4.0 -1.0 -3.0 0.0 -2.0 -3.0 -2.0 -1.0 -3.0 -2.0 -2.0 0.0 -2.0 -4.0 -4.0 -3.0 -2.0 -3.0 -1.0 -4.0 0.0 -4.0 -3.0 -2.0 0.0 -4.0 -1.0 -4.0 -1.0 -1.0 -2.0 -3.0 -3.0 -4.0 -2.0 0.0 -4.0 -2.0 0.0 -4.0 -3.0 -4.0 255.0 -3.0 -4.0 -1.0 -2.0 0.0 -2.0 -4.0 -4.0 -2.0 0.0 
0.0 -1.0 -4.0 -3.0 -2.0 -1.0 -1.0 -3.0 -2.0 -1.0 -2.0 -3.0 -4.0 -1.0 -3.0 0.0 -4.0 0.0 0.0 -1.0 -4.0 -3.0 -2.0 -2.0 -2.0 -2.0 0.0 -4.0 -4.0 -3.0 -1.0 -1.0 -4.0 -4.0 -1.0 -2.0 -3.0 -4.0 0.0 -1.0 -4.0 -4.0 0.0 -3.0 -2.0 -3.0 -1.0 -1.0 -3.0 0.0 -2.0 -3.0 -3.0 -4.0 0.0 -2.0 -1.0 -4.0 -1.0 -3.0 -2.0 0.0 -1.0 0.0 -1.0 -4.0 -4.0 0.0 -2.0 -2.0 -1.0 -3.0 -1.0 -2.0 -1.0 0.0 -2.0 0.0 -3.0 -3.0 -1.0 -2.0 -3.0 -2.0 0.0 -2.0 -3.0 -4.0 -4.0 0.0 0.0 -2.0 0.0 -4.0 -3.0 0.0 -1.0 -4.0 -3.0 0.0 -1.0 -1.0 -4.0 -1.0 0.0 227.0 -3.0 -3.0 -2.0 -3.0 -2.0 -2.0 -1.0 -4.0 -3.0 
-4.0 -4.0 0.0 -4.0 -4.0 -3.0 -2.0 -2.0 -1.0 -2.0 0.0 -1.0 -3.0 -3.0 -4.0 -4.0 -4.0 -3.0 -4.0 -3.0 -1.0 0.0 -1.0 -4.0 -3.0 0.0 -3.0 -4.0 -1.0 -1.0 0.0 -2.0 -3.0 0.0 -3.0 -2.0 -2.0 -3.0 -2.0 -3.0 -3.0 -3.0 0.0 -1.0 -1.0 -4.0 0.0 0.0 -1.0 -4.0 -3.0 -1.0 -3.0 -3.0 -1.0 -2.0 -2.0 -2.0 -1.0 -4.0 -3.0 0.0 -1.0 -2.0 -4.0 -4.0 -1.0 0.0 -4.0 0.0 -3.0 -1.0 -2.0 -2.0 -4.0 -2.0 0.0 -3.0 -1.0 -3.0 0.0 -2.0 -2.0 0.0 -2.0 -3.0 -3.0 -2.0 0.0 0.0 -4.0 -4.0 0.0 -3.0 -2.0 -4.0 -2.0 -1.0 0.0 -3.0 -3.0 0.0 -2.0 -3.0 -4.0 -4.0 244.0 -1.0 -2.0 -4.0 0.0 0.0 -4.0 -4.0 -4.0 
-2.0 -2.0 -4.0 0.0 -2.0 -2.0 -4.0 -2.0 -2.0 0.0 -1.0 -3.0 -3.0 0.0 -3.0 0.0 -4.0 0.0 0.0 -4.0 -4.0 -2.0 -3.0 -3.0 -1.0 0.0 -3.0 0.0 -3.0 0.0 0.0 0.0 -3.0 -4.0 0.0 -2.0 -1.0 0.0 -1.0 0.0 -1.0 0.0 0.0 -3.0 -4.0 -1.0 -1.0 -3.0 -4.0 -4.0 -3.0 -3.0 -3.0 -1.0 -1.0 -2.0 -4.0 -1.0 -1.0 0.0 -4.0 -1.0 -3.0 -2.0 -1.0 -4.0 -4.0 0.0 -4.0 -1.0 -2.0 -1.0 -1.0 -1.0 -1.0 -1.0 -1.0 -2.0 0.0 -1.0 -1.0 -1.0 0.0 -1.0 -2.0 -2.0 -3.0 -3.0 -1.0 0.0 -1.0 -2.0 -2.0 -1.0 -2.0 0.0 -2.0 -2.0 -3.0 -2.0 -1.0 -1.0 -3.0 0.0 -3.0 -1.0 -3.0 196.0 0.0 -1.0 -1.0 -4.0 -2.0 0.0 -2.0 
-2.0 -2.0 0.0 -4.0 -3.0 0.0 -2.0 -4.0 0.0 -2.0 -2.0 -2.0 0.0 -2.0 -4.0 0.0 -3.0 -3.0 -1.0 0.0 -2.0 -3.0 -3.0 -4.0 -1.0 -3.0 -4.0 -3.0 0.0 -4.0 0.0 -4.0 -2.0 -2.0 0.0 -3.0 -1.0 -1.0 0.0 -2.0 -1.0 -3.0 -3.0 -4.0 0.0 -2.0 -4.0 -3.0 -1.0 -1.0 0.0 -2.0 -2.0 -4.0 -1.0 -1.0 -1.0 0.0 -3.0 -4.0 -3.0 -4.0 -2.0 -3.0 -1.0 -4.0 0.0 0.0 -1.0 0.0 -1.0 -1.0 0.0 -3.0 -1.0 -4.0 0.0 -4.0 -1.0 -1.0 0.0 -2.0 -2.0 -3.0 -2.0 -2.0 0.0 -2.0 -4.0 -4.0 0.0 -3.0 -4.0 -3.0 -4.0 -3.0 -3.0 -3.0 -1.0 -4.0 -4.0 0.0 0.0 -4.0 -2.0 0.0 -2.0 -1.0 222.0 -1.0 -1.0 -4.0 0.0 -2.0 0.0 
-1.0 -1.0 -3.0 -1.0 0.0 0.0 -4.0 -2.0 -2.0 -3.0 -3.0 -3.0 -2.0 0.0 0.0 0.0 -1.0 -3.0 0.0 0.0 -3.0 0.0 -3.0 -3.0 0.0 0.0 -2.0 0.0 -3.0 0.0 -2.0 -2.0 -4.0 -4.0 -1.0 0.0 -4.0 0.0 -1.0 -1.0 -3.0 0.0 -4.0 0.0 -3.0 -3.0 -2.0 -4.0 -2.0 -1.0 0.0 -1.0 0.0 -2.0 -1.0 -1.0 -2.0 -2.0 0.0 -1.0 -1.0 -2.0 -3.0 -3.0 -1.0 -3.0 -3.0 -3.0 -4.0 -3.0 -2.0 -2.0 -2.0 -1.0 -3.0 -3.0 -1.0 -4.0 -4.0 0.0 -4.0 -1.0 -2.0 -2.0 -2.0 -2.0 -3.0 -1.0 -1.0 0.0 -3.0 -1.0 -3.0 -2.0 -3.0 -4.0 -3.0 0.0 -3.0 -1.0 -4.0 -2.0 0.0 -4.0 -2.0 -3.0 -2.0 -2.0 -3.0 213.0 -2.0 -2.0 -3.0 0.0 -1.0 
-2.0 0.0 0.0 0.0 -1.0 -1.0 -1.0 -4.0 0.0 0.0 -1.0 -4.0 -1.0 -3.0 -4.0 -3.0 -4.0 -2.0 -1.0 -3.0 -3.0 -4.0 -2.0 0.0 -4.0 -1.0 0.0 -2.0 -3.0 0.0 -3.0 -4.0 -3.0 -1.0 -1.0 -4.0 -3.0 -3.0 -4.0 0.0 -2.0 -1.0 -1.0 -4.0 -4.0 -2.0 -4.0 0.0 -1.0 -1.0 -1.0 -4.0 -2.0 -1.0 0.0 -2.0 -1.0 -1.0 -2.0 -1.0 -1.0 -3.0 -4.0 -1.0 0.0 -4.0 -4.0 -3.0 -3.0 -2.0 -4.0 -3.0 -1.0 -3.0 -2.0 -4.0 -2.0 0.0 -4.0 -2.0 -1.0 -4.0 -2.0 -1.0 -2.0 -1.0 -2.0 0.0 -2.0 -4.0 -1.0 0.0 -3.0 -4.0 0.0 -4.0 -3.0 -4.0 -4.0 -2.0 0.0 -3.0 -3.0 -1.0 -4.0 -2.0 -1.0 -2.0 -2.0 -2.0 237.0 0.0 -3.0 -3.0 -2.0 
-2.0 -4.0 0.0 -3.0 -3.0 0.0 -1.0 -3.0 0.0 -1.0 -1.0 -4.0 -1.0 -4.0 -1.0 -2.0 -1.0 -4.0 -2.0 -2.0 -3.0 -2.0 -4.0 -2.0 -3.0 -1.0 -2.0 -3.0 -4.0 -1.0 -1.0 -3.0 0.0 -2.0 -1.0 0.0 -2.0 -2.0 -4.0 -2.0 -1.0 -1.0 0.0 -2.0 0.0 -4.0 -1.0 -4.0 0.0 0.0 -2.0 -4.0 -3.0 -3.0 -2.0 0.0 -1.0 -1.0 -1.0 -3.0 -3.0 0.0 0.0 -3.0 -2.0 -2.0 -1.0 -3.0 -3.0 -1.0 -2.0 -4.0 -4.0 -4.0 -1.0 -4.0 -2.0 -3.0 -1.0 -2.0 -1.0 0.0 -3.0 -2.0 -1.0 0.0 -3.0 -3.0 -4.0 -3.0 -2.0 -3.0 -3.0 -3.0 -1.0 -3.0 -2.0 -4.0 -2.0 -4.0 0.0 0.0 -4.0 -4.0 -2.0 -4.0 -4.0 -1.0 -2.0 -3.0 -4.0 242.0 -4.0 -4.0 0.0 
0.0 -4.0 -1.0 -3.0 -3.0 -3.0 -3.0 -3.0 0.0 -3.0 -1.0 0.0 -1.0 -4.0 -4.0 -3.0 -1.0 0.0 -2.0 0.0 -4.0 -3.0 -4.0 0.0 -1.0 0.0 -2.0 -1.0 0.0 -2.0 -1.0 -2.0 -2.0 0.0 0.0 0.0 0.0 0.0 -2.0 -2.0 -4.0 -1.0 -1.0 0.0 -2.0 -1.0 0.0 -2.0 -1.0 0.0 0.0 0.0 0.0 -3.0 -3.0 0.0 -4.0 -1.0 0.0 0.0 -3.0 -3.0 0.0 -3.0 -3.0 -3.0 -4.0 -3.0 -2.0 -4.0 -3.0 -2.0 -1.0 0.0 -2.0 -2.0 0.0 -4.0 0.0 -1.0 -1.0 -1.0 -1.0 -3.0 -2.0 -1.0 -1.0 -4.0 -2.0 -2.0 0.0 -2.0 -4.0 -2.0 -1.0 -3.0 -2.0 -1.0 0.0 0.0 -1.0 -2.0 -2.0 -1.0 0.0 -1.0 -4.0 -2.0 -3.0 -3.0 -3.0 0.0 194.0 -4.0 -4.0 
-3.0 -1.0 0.0 -2.0 0.0 -3.0 -3.0 -3.0 -1.0 0.0 0.0 -2.0 -2.0 -2.0 0.0 -1.0 0.0 -4.0 -3.0 -2.0 -1.0 -2.0 0.0 0.0 -4.0 -4.0 0.0 0.0 -4.0 -3.0 -3.0 -1.0 -2.0 -4.0 -4.0 0.0 -1.0 -1.0 -2.0 0.0 0.0 -4.0 -2.0 0.0 -1.0 -3.0 -4.0 -2.0 -4.0 -4.0 -2.0 0.0 0.0 -2.0 -2.0 -2.0 -3.0 -1.0 0.0 -1.0 -2.0 -1.0 -4.0 -4.0 -4.0 -1.0 -3.0 -4.0 -1.0 -4.0 -1.0 -3.0 -4.0 -1.0 -4.0 -1.0 -4.0 -4.0 0.0 -2.0 -1.0 -2.0 -4.0 -1.0 0.0 -3.0 -2.0 -4.0 -1.0 -2.0 -1.0 -4.0 -1.0 -1.0 -4.0 -2.0 -1.0 -2.0 -3.0 -2.0 -4.0 -1.0 -1.0 -3.0 -3.0 0.0 0.0 0.0 -1.0 -3.0 -1.0 -4.0 -3.0 222.0 0.0 
-3.0 -4.0 -1.0 0.0 -3.0 0.0 -4.0 -3.0 0.0 -1.0 -2.0 -4.0 0.0 -1.0 -4.0 -2.0 -3.0 -4.0 -1.0 -1.0 -4.0 -4.0 -1.0 -1.0 -3.0 -2.0 -4.0 -3.0 -4.0 0.0 -4.0 -1.0 -1.0 -1.0 -4.0 -4.0 0.0 -1.0 -4.0 -2.0 -3.0 -3.0 -3.0 -4.0 -2.0 -1.0 -2.0 -2.0 -4.0 -3.0 -3.0 -1.0 -4.0 -4.0 -2.0 0.0 -1.0 -3.0 -3.0 0.0 0.0 0.0 -2.0 -2.0 0.0 -3.0 -1.0 -2.0 -3.0 -1.0 -3.0 -1.0 -3.0 -2.0 -3.0 -2.0 -3.0 -3.0 -3.0 -1.0 -4.0 -4.0 -3.0 -3.0 0.0 0.0 -2.0 -1.0 -1.0 0.0 0.0 -2.0 -3.0 -1.0 -3.0 -4.0 -2.0 -1.0 -4.0 -1.0 -1.0 -2.0 -4.0 -2.0 -4.0 -1.0 -3.0 -3.0 -1.0 -2.0 -1.0 -1.0 -1.0 -4.0 244.0 

-14324.4 -11462.0 -12138.0 -11579.0 -10688.0 -12141.0 -11988.0 -12700.0 -10998.0 -11404.0 -10154.0 -11520.0 -10757.0 -10139.0 -8840.0 -10677.0 -8532.0 -9790.0 -8571.0 -8253.0 -7551.0 -7133.0 -8077.0 -8825.0 -7223.0 -7588.0 -7349.0 -7801.0 -6559.0 -6080.0 -5328.0 -6396.0 -6182.0 -4870.0 -5525.0 -4884.0 -5386.0 -4778.0 -4211.0 -4390.0 -4800.0 -3728.0 -3115.0 -3138.0 -2830.0 -3121.0 -1425.0 -2524.0 -1941.0 -2265.0 -2589.0 -2003.0 -1010.0 -1913.0 -281.0 -1594.0 -79.0 464.0 247.0 892.0 895.0 1142.0 760.0 1203.0 2044.0 2145.0 1862.0 1723.0 2974.0 3438.0 3469.0 2809.0 3132.0 3890.0 4456.0 3981.0 4450.0 3984.0 5522.0 5192.0 5542.0 5652.0 5206.0 5826.0 5270.0 5605.0 7149.0 7321.0 7429.0 7543.0 7558.0 7944.0 8111.0 9065.0 8573.0 9666.0 9278.0 8739.0 9200.0 9715.0 9206.0 9126.0 10532.0 11004.0 11935.0 11112.0 12323.0 10317.0 11509.0 10290.0 12160.0 12320.0 10468.0 12083.0 14341.0 