25.6 -1.0 -4.0 -1.0 0.0 0.0 -4.0 -4.0 -1.0 -1.0 0.0 -1.0 -4.0 -3.0 -3.0 
0.0 20.0 -1.0 -2.0 -2.0 -4.0 -2.0 0.0 0.0 0.0 -4.0 -1.0 0.0 0.0 -4.0 
-4.0 -4.0 30.0 -4.0 -1.0 0.0 0.0 -1.0 -2.0 -1.0 -4.0 -4.0 -1.0 -2.0 -2.0 
0.0 -1.0 -2.0 16.0 -4.0 -1.0 -2.0 0.0 -1.0 -1.0 0.0 -2.0 0.0 0.0 -2.0 
-4.0 -1.0 -3.0 -3.0 34.0 -3.0 -2.0 0.0 0.0 -1.0 -3.0 -4.0 -3.0 -4.0 -3.0 
-3.0 -1.0 0.0 -1.0 -4.0 33.0 -3.0 -2.0 -3.0 -4.0 -1.0 -4.0 -2.0 -2.0 -3.0 
-2.0 -2.0 -3.0 -3.0 -2.0 -2.0 34.0 -3.0 -1.0 -4.0 -3.0 -3.0 -1.0 -3.0 -2.0 
-1.0 -3.0 -1.0 -3.0 -2.0 0.0 -3.0 26.0 -4.0 -1.0 -2.0 0.0 -2.0 0.0 -4.0 
-3.0 -4.0 0.0 -4.0 -2.0 -1.0 -3.0 -2.0 33.0 -4.0 -1.0 -3.0 -3.0 -2.0 -1.0 
-4.0 -4.0 -4.0 -4.0 -1.0 -1.0 -4.0 0.0 -2.0 34.0 -3.0 0.0 -2.0 -4.0 -1.0 
-2.0 -3.0 -2.0 -3.0 0.0 -2.0 0.0 -2.0 0.0 -2.0 26.0 -3.0 -3.0 0.0 -4.0 
-3.0 -1.0 -3.0 -4.0 -2.0 -1.0 -2.0 0.0 0.0 -4.0 -2.0 26.0 -4.0 0.0 0.0 
-2.0 -2.0 -2.0 -2.0 -4.0 -4.0 -2.0 -4.0 -4.0 -1.0 -4.0 -4.0 40.0 -4.0 -1.0 
-4.0 -3.0 -1.0 0.0 0.0 -1.0 -3.0 -3.0 -1.0 -1.0 0.0 -4.0 0.0 22.0 -1.0 
-2.0 0.0 -1.0 -2.0 -1.0 0.0 0.0 0.0 -4.0 -2.0 -3.0 -3.0 -3.0 -1.0 22.0 

-222.4 -135.0 -142.0 -57.0 -120.0 -93.0 -38.0 1.0 48.0 113.0 77.0 138.0 201.0 162.0 134.0 