131.6 -2.0 -1.0 -1.0 -3.0 -4.0 -1.0 -4.0 -3.0 -2.0 -1.0 0.0 0.0 -4.0 0.0 -3.0 -2.0 -1.0 -4.0 -2.0 -3.0 -4.0 -3.0 -1.0 -4.0 -1.0 -3.0 -3.0 -2.0 -2.0 -2.0 -2.0 -3.0 -3.0 -1.0 0.0 0.0 -2.0 -3.0 -4.0 -2.0 0.0 -1.0 -3.0 -4.0 -3.0 -4.0 0.0 -2.0 -2.0 -4.0 0.0 -3.0 -2.0 -2.0 -4.0 -2.0 -3.0 0.0 -3.0 -2.0 -2.0 -3.0 0.0 -3.0 
-3.0 127.0 -3.0 -4.0 -1.0 -3.0 -1.0 -4.0 -2.0 0.0 0.0 -4.0 -1.0 -1.0 0.0 -3.0 -2.0 -4.0 -2.0 0.0 -3.0 -4.0 0.0 -2.0 0.0 -3.0 -4.0 -1.0 -1.0 -3.0 -1.0 0.0 -3.0 0.0 -3.0 -2.0 -1.0 -3.0 -1.0 -3.0 0.0 -3.0 -3.0 0.0 0.0 -1.0 -4.0 0.0 -1.0 -2.0 -1.0 -4.0 -1.0 -2.0 -1.0 -2.0 -2.0 -4.0 -3.0 -4.0 -4.0 -3.0 -3.0 -3.0 0.0 
0.0 -4.0 119.0 -3.0 -2.0 -3.0 0.0 -3.0 -1.0 -2.0 0.0 -1.0 -3.0 0.0 -4.0 0.0 0.0 -4.0 -4.0 -4.0 -3.0 0.0 -1.0 -4.0 -3.0 -2.0 -1.0 -2.0 -3.0 -2.0 -1.0 -1.0 -2.0 -4.0 -1.0 -4.0 0.0 -2.0 -3.0 -1.0 -4.0 -1.0 0.0 -4.0 -1.0 0.0 0.0 -2.0 -3.0 -1.0 -1.0 -3.0 -3.0 -2.0 -1.0 -2.0 0.0 -2.0 -3.0 -1.0 0.0 -2.0 0.0 -3.0 -2.0 
0.0 0.0 -2.0 117.0 -2.0 -2.0 0.0 -3.0 -3.0 0.0 0.0 0.0 -4.0 -3.0 -1.0 -3.0 -3.0 -2.0 -3.0 -1.0 -1.0 -2.0 -2.0 -1.0 -1.0 -3.0 -4.0 -1.0 -3.0 -4.0 -3.0 -3.0 -4.0 -1.0 0.0 -2.0 -1.0 -2.0 -1.0 -4.0 0.0 -4.0 -3.0 -1.0 -4.0 0.0 -1.0 -4.0 0.0 0.0 0.0 -2.0 -4.0 -1.0 0.0 -2.0 -2.0 -3.0 -2.0 -3.0 0.0 0.0 -3.0 -3.0 0.0 
-3.0 -3.0 -2.0 -2.0 143.0 -1.0 -4.0 0.0 -4.0 -3.0 0.0 -3.0 0.0 -2.0 -3.0 -1.0 -3.0 -1.0 -4.0 -1.0 -2.0 -2.0 -2.0 -2.0 -4.0 -1.0 -2.0 0.0 -3.0 -3.0 -2.0 -3.0 0.0 -3.0 -1.0 -4.0 -1.0 -1.0 -2.0 -4.0 0.0 -2.0 -4.0 -4.0 -4.0 -1.0 -3.0 -4.0 -4.0 -4.0 -2.0 -2.0 -2.0 -1.0 -2.0 -3.0 -3.0 -2.0 -1.0 -3.0 -2.0 -4.0 0.0 -1.0 -3.0 
-2.0 0.0 -2.0 -3.0 0.0 119.0 -3.0 -4.0 -2.0 -1.0 -2.0 -2.0 -3.0 -2.0 0.0 -2.0 -4.0 -4.0 -3.0 -4.0 -3.0 -1.0 0.0 -4.0 -1.0 -1.0 -1.0 -1.0 0.0 -2.0 -3.0 0.0 -2.0 -3.0 -2.0 0.0 -4.0 -2.0 0.0 -2.0 -2.0 -1.0 -2.0 -2.0 -4.0 0.0 0.0 -3.0 0.0 -3.0 -1.0 -1.0 -4.0 -1.0 0.0 -1.0 -3.0 -3.0 -2.0 -2.0 -2.0 -4.0 0.0 0.0 -3.0 
0.0 -3.0 -3.0 -1.0 -3.0 -3.0 138.0 -4.0 -2.0 0.0 -4.0 -3.0 -2.0 -2.0 -1.0 -3.0 -3.0 -2.0 -2.0 -4.0 -3.0 -3.0 -4.0 -3.0 -2.0 -2.0 -3.0 0.0 0.0 -2.0 -1.0 0.0 -2.0 -2.0 -3.0 -1.0 -4.0 -4.0 -4.0 -2.0 -3.0 -1.0 -1.0 -2.0 -3.0 -2.0 -2.0 -3.0 -3.0 -1.0 -1.0 -1.0 -1.0 -2.0 -3.0 -1.0 -2.0 0.0 -4.0 -3.0 -4.0 -2.0 -2.0 0.0 -1.0 
-4.0 -2.0 -4.0 -1.0 -3.0 -3.0 -3.0 134.0 -3.0 -2.0 -3.0 0.0 -1.0 -3.0 -3.0 -3.0 -3.0 -2.0 0.0 0.0 -2.0 -1.0 -1.0 -2.0 -3.0 0.0 -4.0 0.0 -3.0 -2.0 0.0 -3.0 -4.0 0.0 -2.0 -2.0 0.0 -2.0 0.0 0.0 -3.0 -1.0 -4.0 -4.0 0.0 -3.0 -3.0 -1.0 0.0 -1.0 -1.0 -3.0 -4.0 -4.0 -3.0 -3.0 -3.0 -1.0 -4.0 -2.0 -1.0 -3.0 -4.0 -1.0 -3.0 
-2.0 -2.0 0.0 -4.0 -1.0 -3.0 -1.0 0.0 130.0 -2.0 -4.0 -3.0 -3.0 -4.0 -4.0 -2.0 0.0 0.0 -4.0 -2.0 -1.0 0.0 -2.0 -2.0 -2.0 -4.0 -4.0 -3.0 -3.0 -3.0 -1.0 -1.0 -3.0 -2.0 -1.0 0.0 -1.0 -2.0 -3.0 -2.0 0.0 -2.0 -3.0 0.0 -1.0 -1.0 -2.0 -3.0 -4.0 -2.0 -2.0 -4.0 -1.0 -3.0 -4.0 0.0 -1.0 0.0 -1.0 -2.0 0.0 -4.0 -4.0 -2.0 -3.0 
0.0 -3.0 -4.0 -1.0 -1.0 0.0 -1.0 -1.0 0.0 119.0 -2.0 -4.0 0.0 -2.0 -3.0 -3.0 -2.0 0.0 -1.0 -1.0 0.0 -3.0 -2.0 -2.0 0.0 -4.0 -2.0 -4.0 0.0 -2.0 -1.0 -3.0 0.0 -1.0 -2.0 -4.0 -3.0 -2.0 0.0 -3.0 -1.0 -4.0 -4.0 0.0 -4.0 0.0 -4.0 -3.0 -2.0 -2.0 -1.0 -4.0 -1.0 -2.0 -4.0 -3.0 -2.0 -1.0 -2.0 -1.0 -2.0 0.0 -1.0 -4.0 0.0 
-2.0 -2.0 -2.0 -1.0 -4.0 -1.0 -2.0 -1.0 0.0 -2.0 121.0 -1.0 -1.0 -1.0 -1.0 -4.0 -3.0 -1.0 -1.0 -1.0 0.0 -1.0 -2.0 -3.0 -1.0 -3.0 -4.0 -2.0 -3.0 -2.0 -1.0 -3.0 -1.0 -1.0 -3.0 -4.0 0.0 0.0 -4.0 -3.0 -3.0 -4.0 -3.0 -1.0 -4.0 -2.0 -1.0 -4.0 -3.0 0.0 -2.0 -2.0 -3.0 0.0 -1.0 -1.0 -4.0 0.0 -3.0 -3.0 -1.0 -2.0 0.0 -2.0 0.0 
-2.0 0.0 -4.0 -1.0 -1.0 0.0 -1.0 -1.0 -1.0 -4.0 -3.0 136.0 -2.0 -4.0 -1.0 -3.0 -4.0 -3.0 -1.0 -3.0 -1.0 0.0 -4.0 -2.0 -3.0 -1.0 -2.0 -4.0 -2.0 -2.0 -4.0 -4.0 0.0 0.0 -4.0 -4.0 0.0 0.0 -3.0 -1.0 -3.0 -2.0 -3.0 0.0 -1.0 0.0 -2.0 -4.0 -3.0 -2.0 -4.0 -2.0 -4.0 -3.0 -4.0 -1.0 -3.0 -2.0 0.0 -3.0 -4.0 -3.0 -1.0 -2.0 0.0 
-2.0 0.0 0.0 -3.0 0.0 -3.0 -3.0 -2.0 0.0 -3.0 0.0 0.0 103.0 -1.0 -4.0 0.0 0.0 0.0 0.0 -3.0 -3.0 -1.0 0.0 -4.0 -4.0 -1.0 0.0 0.0 -1.0 -1.0 -2.0 0.0 -3.0 -2.0 -4.0 0.0 -1.0 -2.0 0.0 -2.0 0.0 0.0 -3.0 -2.0 -4.0 -2.0 -4.0 -2.0 0.0 -1.0 -2.0 -4.0 -2.0 0.0 -4.0 -2.0 -1.0 -2.0 0.0 -1.0 -2.0 -3.0 -3.0 -3.0 -1.0 
0.0 0.0 -4.0 -3.0 -3.0 -1.0 -2.0 0.0 -2.0 -2.0 -4.0 -3.0 -3.0 134.0 -1.0 -3.0 -1.0 -4.0 -3.0 0.0 0.0 -4.0 -2.0 -4.0 -2.0 -1.0 0.0 -1.0 -3.0 0.0 -3.0 -2.0 0.0 -3.0 -2.0 -4.0 -2.0 -3.0 0.0 -2.0 -3.0 -2.0 -4.0 -3.0 -2.0 -3.0 0.0 -2.0 -4.0 -3.0 -1.0 -2.0 -3.0 -4.0 -4.0 -3.0 -3.0 -4.0 0.0 0.0 0.0 -3.0 -3.0 -1.0 0.0 
0.0 -2.0 -1.0 0.0 -2.0 -3.0 0.0 -2.0 -4.0 0.0 -4.0 -3.0 -3.0 -2.0 120.0 -4.0 -1.0 -1.0 -1.0 0.0 -4.0 -1.0 0.0 -1.0 -2.0 -2.0 -4.0 0.0 -2.0 -1.0 0.0 -3.0 -1.0 -3.0 -1.0 -4.0 0.0 0.0 -3.0 -2.0 -2.0 -2.0 0.0 -3.0 0.0 -4.0 -4.0 -3.0 -4.0 -1.0 -3.0 -2.0 -3.0 -3.0 -1.0 0.0 -4.0 -2.0 0.0 -2.0 -1.0 -1.0 -2.0 -4.0 -2.0 
-3.0 0.0 -1.0 -1.0 0.0 -2.0 -4.0 0.0 -2.0 -2.0 -2.0 -3.0 -4.0 -4.0 0.0 114.0 -2.0 -4.0 -4.0 0.0 -3.0 0.0 -2.0 0.0 -2.0 -4.0 0.0 -2.0 0.0 0.0 -3.0 0.0 0.0 -4.0 -3.0 -2.0 -4.0 -3.0 -2.0 -1.0 0.0 -1.0 -3.0 -1.0 -1.0 0.0 0.0 -2.0 -3.0 -2.0 -3.0 -4.0 -2.0 -1.0 -1.0 -4.0 0.0 0.0 -3.0 -4.0 0.0 -1.0 -3.0 -1.0 -1.0 
-1.0 0.0 -1.0 -4.0 0.0 -2.0 0.0 -2.0 -1.0 -2.0 -1.0 -2.0 0.0 -4.0 0.0 -2.0 119.0 -3.0 -2.0 -4.0 0.0 -2.0 -1.0 -3.0 -1.0 -2.0 0.0 -2.0 -1.0 0.0 -2.0 -2.0 -4.0 -3.0 -2.0 -2.0 -2.0 -2.0 -4.0 -3.0 -1.0 -3.0 -4.0 -3.0 -1.0 -1.0 -1.0 -2.0 -3.0 -2.0 -1.0 -3.0 -1.0 -1.0 -4.0 -2.0 -1.0 -2.0 -4.0 -4.0 -2.0 -1.0 -2.0 0.0 -1.0 
-4.0 -4.0 0.0 -1.0 -3.0 0.0 -3.0 -1.0 0.0 -2.0 0.0 -2.0 0.0 -1.0 -1.0 -3.0 -1.0 115.0 -1.0 -3.0 -1.0 -4.0 -3.0 -4.0 -4.0 -1.0 -1.0 -1.0 -1.0 -3.0 -4.0 -1.0 -4.0 0.0 -4.0 -3.0 -1.0 -1.0 0.0 0.0 -3.0 0.0 -4.0 -2.0 0.0 0.0 -2.0 -3.0 -4.0 -2.0 -2.0 -3.0 0.0 -3.0 -3.0 -4.0 -4.0 0.0 -1.0 -4.0 0.0 0.0 0.0 0.0 0.0 
0.0 -2.0 -1.0 -4.0 -4.0 -3.0 -1.0 -3.0 -4.0 0.0 -4.0 -3.0 -4.0 -4.0 -3.0 -4.0 -3.0 0.0 122.0 0.0 -2.0 -2.0 -2.0 -4.0 -3.0 -1.0 -2.0 -2.0 0.0 0.0 -2.0 0.0 -2.0 -1.0 0.0 0.0 -4.0 -4.0 -1.0 -2.0 0.0 -3.0 -4.0 0.0 -3.0 -1.0 -2.0 -4.0 0.0 0.0 -2.0 -1.0 0.0 -4.0 -1.0 -1.0 0.0 -2.0 -3.0 -3.0 0.0 0.0 -3.0 -3.0 -1.0 
-2.0 -1.0 -2.0 -3.0 -1.0 -3.0 -4.0 -2.0 0.0 -4.0 0.0 0.0 0.0 -3.0 -3.0 -4.0 -1.0 -4.0 -2.0 141.0 -2.0 0.0 -3.0 -1.0 -3.0 -2.0 -3.0 0.0 -2.0 -3.0 -4.0 -3.0 -4.0 -3.0 -1.0 -3.0 -3.0 -1.0 -2.0 0.0 -4.0 -4.0 -2.0 -4.0 -2.0 -2.0 -4.0 -3.0 -3.0 0.0 -4.0 -3.0 -1.0 -1.0 -1.0 -4.0 -1.0 -4.0 -1.0 0.0 -4.0 -1.0 -3.0 -3.0 0.0 
-4.0 -3.0 -3.0 -4.0 -4.0 -1.0 0.0 -2.0 -3.0 -3.0 0.0 -1.0 -2.0 -1.0 -1.0 -4.0 -2.0 -2.0 -3.0 -3.0 130.0 0.0 -1.0 -1.0 -3.0 -3.0 0.0 -3.0 -4.0 -3.0 -3.0 0.0 0.0 -2.0 0.0 -2.0 -4.0 -2.0 -1.0 0.0 -3.0 -1.0 -4.0 -4.0 0.0 -4.0 -4.0 -1.0 -4.0 -2.0 0.0 -1.0 -4.0 -3.0 -4.0 -1.0 -4.0 -1.0 -1.0 -1.0 -2.0 -1.0 0.0 0.0 -2.0 
-4.0 -4.0 -4.0 0.0 0.0 -3.0 -4.0 -4.0 -3.0 -4.0 0.0 0.0 -1.0 -2.0 -2.0 -2.0 -1.0 -4.0 -2.0 -4.0 -3.0 142.0 -2.0 -4.0 0.0 -1.0 -2.0 -2.0 -1.0 -3.0 0.0 -3.0 0.0 -4.0 -3.0 -4.0 0.0 -3.0 -3.0 -2.0 -3.0 0.0 -1.0 -3.0 -2.0 -3.0 -3.0 -3.0 -3.0 0.0 -1.0 -1.0 -3.0 -4.0 -3.0 -1.0 -3.0 -3.0 -4.0 -2.0 0.0 -4.0 -1.0 0.0 -3.0 
-1.0 -4.0 -3.0 0.0 -4.0 -1.0 -1.0 -3.0 -4.0 -2.0 -4.0 -2.0 0.0 -1.0 -1.0 -2.0 0.0 -2.0 0.0 -4.0 0.0 0.0 118.0 -4.0 -3.0 -2.0 -2.0 -2.0 -2.0 -1.0 -1.0 0.0 -4.0 -2.0 -3.0 0.0 -4.0 -1.0 -1.0 -4.0 -3.0 0.0 -3.0 -1.0 0.0 -2.0 -2.0 -2.0 -2.0 0.0 -3.0 -4.0 -3.0 -2.0 -2.0 -1.0 -3.0 -3.0 -1.0 0.0 -3.0 -1.0 -1.0 -1.0 0.0 
0.0 -4.0 -3.0 -1.0 -2.0 -1.0 -3.0 0.0 -2.0 -3.0 -2.0 -4.0 -1.0 0.0 -3.0 -2.0 0.0 -1.0 -3.0 -2.0 0.0 -1.0 -2.0 120.0 -4.0 -3.0 -1.0 -4.0 0.0 -1.0 -1.0 -4.0 -4.0 0.0 -2.0 0.0 0.0 -1.0 -1.0 -2.0 -2.0 -2.0 -4.0 -4.0 -4.0 -2.0 -4.0 0.0 -1.0 0.0 -3.0 -2.0 -4.0 -1.0 0.0 -2.0 -4.0 0.0 0.0 -2.0 -3.0 -1.0 -3.0 -3.0 -1.0 
-2.0 -2.0 -1.0 -4.0 -3.0 0.0 -2.0 -4.0 -2.0 -3.0 -2.0 0.0 -4.0 -4.0 0.0 -1.0 -4.0 -2.0 -4.0 -2.0 -4.0 -1.0 -1.0 -2.0 129.0 0.0 0.0 -1.0 -1.0 -4.0 -2.0 0.0 0.0 -1.0 0.0 -1.0 -4.0 0.0 -3.0 -4.0 -1.0 -2.0 0.0 -4.0 -4.0 -3.0 -2.0 -1.0 -1.0 -1.0 -4.0 -1.0 -4.0 -3.0 -1.0 -1.0 -1.0 -3.0 -2.0 -3.0 0.0 -4.0 -3.0 -2.0 -3.0 
-1.0 0.0 -2.0 -4.0 -1.0 0.0 0.0 -2.0 -2.0 -2.0 -4.0 0.0 -4.0 0.0 -3.0 0.0 -3.0 -3.0 -2.0 -2.0 -2.0 -4.0 -2.0 -3.0 -4.0 130.0 -3.0 -3.0 -2.0 -4.0 -3.0 -4.0 -4.0 0.0 -4.0 -2.0 -3.0 0.0 -1.0 -2.0 0.0 -4.0 -1.0 0.0 -3.0 -1.0 -3.0 -3.0 -4.0 -2.0 -2.0 -2.0 -1.0 -3.0 -4.0 0.0 -4.0 -2.0 -1.0 -1.0 -3.0 0.0 -1.0 0.0 0.0 
-2.0 -1.0 -1.0 -2.0 0.0 -1.0 -2.0 -2.0 0.0 -3.0 -4.0 -4.0 0.0 0.0 -1.0 -2.0 -3.0 -1.0 0.0 -1.0 0.0 -1.0 -1.0 -4.0 -3.0 -1.0 105.0 -1.0 -2.0 0.0 -4.0 -3.0 -2.0 0.0 -2.0 -2.0 -4.0 0.0 0.0 -3.0 -3.0 -2.0 -1.0 -2.0 -1.0 0.0 -2.0 -1.0 0.0 -4.0 -1.0 0.0 0.0 -4.0 -3.0 -1.0 -3.0 0.0 -4.0 -1.0 -1.0 0.0 -2.0 -4.0 -2.0 
-2.0 0.0 -1.0 0.0 -1.0 0.0 0.0 -4.0 -3.0 -2.0 -1.0 0.0 0.0 -4.0 -4.0 -3.0 -3.0 -1.0 0.0 -4.0 -3.0 -1.0 -1.0 -1.0 -1.0 -1.0 -2.0 118.0 -4.0 -3.0 0.0 -1.0 0.0 -2.0 -3.0 -4.0 0.0 0.0 -1.0 -1.0 -2.0 -2.0 0.0 0.0 -2.0 -4.0 -4.0 0.0 -2.0 -2.0 -4.0 -4.0 -2.0 -3.0 0.0 -4.0 -3.0 -3.0 -3.0 0.0 -4.0 -3.0 -4.0 0.0 -1.0 
-2.0 -1.0 -4.0 0.0 -3.0 -3.0 -1.0 -2.0 -1.0 -1.0 0.0 -1.0 -3.0 -2.0 -4.0 -2.0 -3.0 -2.0 0.0 -2.0 -3.0 -4.0 -4.0 -4.0 -2.0 -3.0 -1.0 -3.0 146.0 -2.0 -4.0 -2.0 -3.0 -3.0 0.0 -4.0 -2.0 -2.0 0.0 -1.0 -3.0 -4.0 -2.0 -4.0 -1.0 -3.0 -2.0 0.0 -3.0 -2.0 -2.0 -2.0 -4.0 -2.0 -1.0 -3.0 -4.0 0.0 -2.0 -3.0 -3.0 -3.0 -4.0 -1.0 -4.0 
-1.0 -3.0 -4.0 -4.0 -4.0 0.0 -3.0 -2.0 -2.0 -1.0 -4.0 -3.0 -3.0 0.0 -2.0 -1.0 -2.0 -2.0 0.0 -1.0 -2.0 0.0 0.0 -3.0 -3.0 -3.0 0.0 -3.0 -3.0 123.0 0.0 -4.0 -4.0 0.0 -2.0 -4.0 -3.0 0.0 -3.0 -3.0 0.0 -3.0 -1.0 -3.0 0.0 -2.0 -1.0 -1.0 -3.0 0.0 0.0 -2.0 -4.0 0.0 -1.0 -3.0 -4.0 0.0 -4.0 -3.0 0.0 -4.0 -1.0 -1.0 0.0 
-1.0 0.0 0.0 -4.0 -4.0 -2.0 -4.0 -4.0 -3.0 -4.0 0.0 -1.0 0.0 0.0 0.0 -3.0 -4.0 -1.0 -3.0 -3.0 -4.0 -2.0 -4.0 -3.0 -4.0 -4.0 -4.0 -2.0 -4.0 -2.0 129.0 -2.0 -1.0 -4.0 0.0 -3.0 0.0 -1.0 -4.0 0.0 0.0 -1.0 -1.0 -2.0 -1.0 -2.0 -3.0 -2.0 -3.0 -1.0 0.0 -1.0 0.0 0.0 0.0 -3.0 -4.0 -3.0 -1.0 -1.0 -3.0 -2.0 0.0 -3.0 -3.0 
-3.0 -4.0 -3.0 -4.0 -2.0 -4.0 -1.0 -3.0 0.0 -4.0 -1.0 -2.0 -1.0 -2.0 -4.0 -1.0 -1.0 -3.0 -1.0 0.0 -4.0 -4.0 -4.0 -1.0 0.0 -4.0 -1.0 -2.0 -1.0 0.0 0.0 140.0 -2.0 -4.0 -3.0 -4.0 -1.0 0.0 -3.0 -2.0 -2.0 0.0 -2.0 -1.0 -2.0 -1.0 -1.0 -3.0 -1.0 -2.0 -4.0 -4.0 -3.0 -4.0 -4.0 0.0 -2.0 -2.0 -3.0 -3.0 -4.0 -3.0 -2.0 -3.0 0.0 
-2.0 -2.0 -2.0 -2.0 -1.0 0.0 -1.0 -4.0 0.0 -1.0 0.0 -3.0 -3.0 0.0 -4.0 -3.0 -2.0 0.0 -1.0 0.0 0.0 -3.0 -1.0 -1.0 -3.0 -1.0 -3.0 -2.0 -2.0 -3.0 -1.0 -2.0 111.0 -4.0 -1.0 -4.0 -2.0 -1.0 0.0 -2.0 -1.0 -3.0 0.0 -2.0 -3.0 -3.0 -1.0 -4.0 -3.0 -2.0 -1.0 -3.0 -2.0 -2.0 -4.0 0.0 -1.0 -3.0 -1.0 -3.0 0.0 0.0 0.0 0.0 -2.0 
-4.0 -2.0 0.0 -2.0 -4.0 0.0 -3.0 -2.0 -2.0 -1.0 -2.0 -4.0 -2.0 -4.0 -4.0 0.0 0.0 -4.0 -4.0 -2.0 -1.0 -4.0 0.0 0.0 -4.0 -1.0 0.0 -3.0 -3.0 0.0 -4.0 0.0 -3.0 128.0 0.0 0.0 0.0 0.0 -3.0 -1.0 -4.0 -2.0 -4.0 -1.0 -2.0 -4.0 -1.0 -4.0 -1.0 0.0 -4.0 -3.0 0.0 -4.0 -2.0 -3.0 0.0 -2.0 -2.0 0.0 -4.0 -3.0 -2.0 0.0 -3.0 
-3.0 -1.0 -1.0 -3.0 -1.0 -1.0 -1.0 -4.0 -4.0 -1.0 0.0 0.0 -4.0 -2.0 -1.0 -3.0 -1.0 -1.0 -3.0 -4.0 -3.0 -2.0 -4.0 -2.0 0.0 -3.0 -3.0 -1.0 -1.0 -3.0 -4.0 -1.0 -3.0 -1.0 129.0 -3.0 -1.0 -4.0 -1.0 -2.0 -3.0 -2.0 -2.0 -3.0 -4.0 0.0 -3.0 0.0 -1.0 -3.0 -4.0 -1.0 0.0 -4.0 -4.0 0.0 0.0 -2.0 0.0 -2.0 -3.0 -3.0 -1.0 0.0 -3.0 
-1.0 -3.0 -2.0 -4.0 -3.0 -2.0 -2.0 0.0 0.0 -4.0 -2.0 -1.0 -4.0 -1.0 -4.0 0.0 0.0 -4.0 -2.0 -4.0 0.0 0.0 -1.0 0.0 -3.0 -4.0 -1.0 -3.0 0.0 0.0 -4.0 -1.0 -2.0 0.0 -1.0 120.0 -2.0 -4.0 -1.0 -3.0 -4.0 0.0 -3.0 0.0 -2.0 -2.0 -1.0 -4.0 -2.0 0.0 -4.0 -4.0 -2.0 -1.0 -3.0 -2.0 0.0 0.0 -2.0 -4.0 -2.0 0.0 -2.0 -3.0 0.0 
-2.0 -4.0 -4.0 -3.0 -1.0 0.0 -3.0 0.0 -4.0 -4.0 0.0 -2.0 -1.0 -1.0 -4.0 -1.0 -2.0 -4.0 -4.0 -3.0 0.0 -3.0 0.0 -1.0 -2.0 0.0 -4.0 -2.0 -4.0 0.0 0.0 0.0 -3.0 -3.0 -4.0 -4.0 143.0 0.0 -4.0 -2.0 -1.0 -3.0 -4.0 0.0 -3.0 -4.0 -4.0 -3.0 -4.0 -2.0 -2.0 -4.0 -3.0 -4.0 0.0 -2.0 0.0 0.0 -4.0 -2.0 -4.0 0.0 -1.0 -3.0 -3.0 
0.0 -3.0 -3.0 0.0 -3.0 -1.0 -4.0 0.0 0.0 -2.0 -4.0 -3.0 -4.0 -1.0 -1.0 -2.0 -3.0 -1.0 -3.0 0.0 -4.0 -1.0 0.0 -3.0 -2.0 -2.0 -2.0 -4.0 0.0 -4.0 -3.0 0.0 -3.0 -1.0 -4.0 -1.0 -3.0 130.0 -3.0 -4.0 -3.0 -2.0 -1.0 -4.0 -3.0 -2.0 -2.0 -3.0 0.0 0.0 -1.0 -2.0 0.0 0.0 -3.0 -3.0 0.0 -3.0 -3.0 -4.0 -1.0 0.0 -4.0 -2.0 -2.0 
-3.0 -4.0 -3.0 -2.0 -1.0 -1.0 -2.0 -2.0 -3.0 -3.0 -4.0 0.0 0.0 -2.0 -3.0 -4.0 -3.0 -2.0 0.0 -4.0 -1.0 -3.0 -1.0 -4.0 -4.0 -3.0 -2.0 -2.0 -4.0 -1.0 -3.0 -1.0 -1.0 -1.0 -2.0 -3.0 -4.0 -3.0 150.0 -4.0 0.0 0.0 -4.0 -3.0 -2.0 -1.0 -1.0 -4.0 -3.0 -1.0 0.0 -4.0 -3.0 -4.0 -4.0 -2.0 -2.0 -2.0 -4.0 -4.0 0.0 -3.0 -2.0 -1.0 -3.0 
-1.0 -4.0 -2.0 -1.0 0.0 0.0 -3.0 -4.0 -1.0 -3.0 0.0 -1.0 -3.0 0.0 -2.0 -3.0 -1.0 -1.0 -3.0 0.0 -4.0 -4.0 -3.0 0.0 -2.0 0.0 -3.0 -4.0 -3.0 -1.0 0.0 -1.0 -2.0 -3.0 -3.0 -1.0 0.0 -2.0 0.0 118.0 -4.0 -4.0 -1.0 -3.0 -3.0 0.0 -2.0 -2.0 -1.0 -2.0 -4.0 -4.0 -3.0 0.0 0.0 0.0 -4.0 -2.0 -4.0 -1.0 -1.0 -3.0 0.0 -1.0 0.0 
-3.0 0.0 0.0 -4.0 -3.0 -3.0 0.0 -4.0 0.0 -1.0 -4.0 -1.0 -1.0 -2.0 -1.0 -1.0 0.0 -3.0 0.0 -3.0 -2.0 -4.0 -1.0 -3.0 -3.0 -3.0 -2.0 0.0 -4.0 -2.0 -3.0 -1.0 -4.0 -4.0 -2.0 -3.0 -1.0 0.0 -4.0 -4.0 144.0 -3.0 -1.0 -4.0 -2.0 0.0 -4.0 -2.0 -4.0 -3.0 -2.0 -1.0 -1.0 -2.0 -4.0 -3.0 -4.0 -1.0 -3.0 -4.0 -1.0 -1.0 -3.0 -4.0 -3.0 
-4.0 -2.0 0.0 -4.0 -3.0 -1.0 -4.0 -2.0 -1.0 -4.0 -2.0 -4.0 -3.0 -4.0 -2.0 -1.0 -1.0 -3.0 0.0 -3.0 -4.0 -2.0 -4.0 -4.0 0.0 -2.0 -2.0 -4.0 -1.0 -3.0 -4.0 -4.0 -2.0 -4.0 -3.0 -1.0 -2.0 -4.0 -1.0 -2.0 -1.0 151.0 -1.0 0.0 -4.0 -4.0 -1.0 -2.0 -1.0 -2.0 0.0 -3.0 -1.0 -2.0 -2.0 -4.0 0.0 -4.0 -3.0 -4.0 -4.0 -1.0 -1.0 -3.0 -2.0 
-1.0 -1.0 -1.0 0.0 -1.0 -4.0 -4.0 -1.0 -1.0 -1.0 -3.0 -1.0 -2.0 0.0 -4.0 -4.0 -2.0 -3.0 -2.0 -3.0 -3.0 -4.0 0.0 0.0 -2.0 -3.0 -1.0 -3.0 0.0 -2.0 -4.0 0.0 -4.0 -4.0 -1.0 -4.0 -4.0 -2.0 -2.0 -4.0 0.0 0.0 125.0 -3.0 -2.0 -1.0 -3.0 0.0 -3.0 -2.0 0.0 -3.0 -2.0 -3.0 -2.0 0.0 -1.0 -1.0 -1.0 0.0 -4.0 -4.0 -2.0 -2.0 0.0 
-2.0 -1.0 -3.0 -2.0 -1.0 -1.0 -4.0 -3.0 0.0 -2.0 0.0 -1.0 -3.0 -2.0 -1.0 -3.0 -3.0 -2.0 0.0 0.0 -2.0 -3.0 -1.0 0.0 0.0 -4.0 0.0 -3.0 -2.0 -3.0 -4.0 -2.0 -3.0 0.0 -2.0 -3.0 -2.0 -3.0 -2.0 0.0 0.0 0.0 -3.0 123.0 -3.0 -2.0 -4.0 0.0 -2.0 -4.0 -1.0 -2.0 0.0 -4.0 0.0 -4.0 -3.0 -1.0 -3.0 -3.0 -1.0 -3.0 -3.0 -4.0 0.0 
-1.0 -3.0 -4.0 -4.0 -1.0 -4.0 -2.0 -3.0 -1.0 -1.0 -3.0 -1.0 -2.0 -1.0 -1.0 -1.0 -3.0 -2.0 0.0 -3.0 -2.0 -3.0 -1.0 -4.0 -3.0 -3.0 -1.0 0.0 -2.0 -2.0 0.0 -2.0 0.0 -1.0 -3.0 -3.0 0.0 -3.0 -2.0 -3.0 0.0 0.0 -1.0 -2.0 109.0 0.0 -1.0 -4.0 0.0 -1.0 -1.0 -4.0 -1.0 0.0 -2.0 -3.0 0.0 0.0 -2.0 0.0 -4.0 -1.0 0.0 -1.0 -2.0 
-3.0 -4.0 -4.0 0.0 -2.0 0.0 -3.0 -1.0 -2.0 -3.0 -3.0 -2.0 -4.0 -3.0 -1.0 -1.0 -3.0 -3.0 -1.0 -4.0 -4.0 -3.0 -2.0 -1.0 -2.0 -4.0 -1.0 -1.0 -3.0 -2.0 -3.0 -2.0 0.0 -3.0 -1.0 -1.0 -1.0 0.0 -3.0 -3.0 -4.0 0.0 0.0 -2.0 0.0 131.0 -4.0 -1.0 -4.0 -3.0 -1.0 0.0 -3.0 -1.0 0.0 -1.0 -4.0 0.0 -4.0 -3.0 -2.0 -4.0 -2.0 0.0 -1.0 
-2.0 -4.0 -1.0 -3.0 -4.0 -4.0 -3.0 0.0 -1.0 -1.0 -2.0 0.0 -4.0 -3.0 -1.0 0.0 -3.0 -3.0 -3.0 -1.0 -4.0 -3.0 -4.0 -1.0 -1.0 -2.0 -1.0 -2.0 -3.0 0.0 -2.0 -2.0 -1.0 0.0 -2.0 0.0 -2.0 0.0 -3.0 -1.0 -2.0 -4.0 -2.0 0.0 0.0 -3.0 135.0 -2.0 -1.0 -4.0 -1.0 -4.0 -4.0 -3.0 -4.0 -4.0 -2.0 -4.0 0.0 -4.0 -4.0 -2.0 0.0 0.0 -4.0 
0.0 -3.0 0.0 -2.0 -2.0 -1.0 -1.0 -1.0 0.0 -4.0 -1.0 -1.0 -1.0 -1.0 -4.0 -3.0 -3.0 0.0 -1.0 -3.0 -3.0 -3.0 -1.0 -4.0 -4.0 -4.0 -4.0 -2.0 -3.0 0.0 -2.0 0.0 0.0 0.0 -1.0 -3.0 -4.0 -2.0 -1.0 -3.0 0.0 -1.0 -3.0 -3.0 -1.0 -1.0 -1.0 109.0 0.0 -4.0 -2.0 -1.0 0.0 -2.0 -1.0 -3.0 -1.0 -2.0 0.0 -2.0 -1.0 0.0 -4.0 0.0 0.0 
0.0 -2.0 -2.0 -4.0 -2.0 -2.0 0.0 -1.0 -2.0 0.0 0.0 -3.0 -4.0 -2.0 -2.0 -1.0 0.0 -3.0 -4.0 -3.0 0.0 -3.0 -4.0 -3.0 -1.0 0.0 -4.0 -3.0 0.0 -4.0 -4.0 -1.0 0.0 -3.0 -4.0 -4.0 -4.0 -3.0 -2.0 -1.0 -1.0 -4.0 -1.0 0.0 -2.0 -3.0 -2.0 0.0 126.0 -1.0 -4.0 -2.0 0.0 -1.0 -3.0 -2.0 -1.0 -4.0 -3.0 0.0 -1.0 -1.0 -1.0 -3.0 -1.0 
-3.0 -4.0 0.0 0.0 -1.0 -2.0 -4.0 -3.0 0.0 0.0 -3.0 -4.0 -2.0 -4.0 -1.0 -2.0 0.0 0.0 -1.0 -1.0 -3.0 -4.0 -2.0 0.0 -3.0 -4.0 -4.0 -3.0 -4.0 -1.0 -4.0 -2.0 -2.0 -1.0 -2.0 -1.0 -4.0 -3.0 -3.0 -4.0 -1.0 -1.0 -3.0 -3.0 -1.0 0.0 -1.0 -4.0 -3.0 140.0 -2.0 0.0 -4.0 -1.0 -2.0 0.0 -1.0 -2.0 -2.0 -3.0 -4.0 -4.0 -4.0 -2.0 -3.0 
-3.0 -2.0 -1.0 -3.0 -3.0 -2.0 -2.0 -4.0 0.0 -2.0 -2.0 -3.0 0.0 -3.0 -3.0 -4.0 -4.0 -4.0 -4.0 0.0 -4.0 -3.0 -1.0 -4.0 -1.0 -3.0 -4.0 -1.0 -2.0 -3.0 -1.0 -2.0 -4.0 0.0 -2.0 -2.0 -2.0 -3.0 -1.0 -3.0 -1.0 -3.0 -2.0 -2.0 0.0 -1.0 -4.0 -3.0 -4.0 -4.0 141.0 0.0 -2.0 -3.0 0.0 -2.0 -3.0 -2.0 -2.0 -3.0 -3.0 0.0 -1.0 -1.0 0.0 
-4.0 -1.0 -4.0 -3.0 -3.0 -4.0 0.0 0.0 0.0 -2.0 -2.0 0.0 -1.0 -4.0 -2.0 0.0 -2.0 -2.0 -4.0 -2.0 -4.0 0.0 -2.0 -4.0 -4.0 -1.0 0.0 0.0 -1.0 0.0 -4.0 -2.0 -2.0 -4.0 0.0 -1.0 -4.0 -4.0 -4.0 -4.0 -1.0 -2.0 -3.0 0.0 -3.0 -4.0 -1.0 -4.0 -4.0 -3.0 -4.0 142.0 -4.0 -1.0 -1.0 -4.0 -4.0 -1.0 -1.0 -3.0 -3.0 0.0 -2.0 -4.0 0.0 
-1.0 -2.0 -1.0 -3.0 -4.0 -4.0 -3.0 -2.0 -2.0 0.0 -4.0 0.0 -4.0 -1.0 0.0 -1.0 -3.0 -3.0 0.0 -4.0 -2.0 -2.0 -4.0 -1.0 -2.0 -1.0 -4.0 -3.0 -4.0 -3.0 -4.0 0.0 0.0 -2.0 -3.0 -3.0 -2.0 0.0 -1.0 -1.0 -3.0 -4.0 -3.0 -2.0 -4.0 -3.0 -2.0 -2.0 -1.0 0.0 0.0 -4.0 142.0 -4.0 -1.0 0.0 -3.0 -2.0 -3.0 -3.0 -2.0 -4.0 -4.0 0.0 -4.0 
-2.0 0.0 -3.0 -4.0 -1.0 -3.0 0.0 0.0 -3.0 0.0 -3.0 -1.0 -1.0 -4.0 -4.0 -1.0 -4.0 -3.0 -2.0 -2.0 -3.0 -1.0 -3.0 -3.0 -3.0 -4.0 -2.0 -1.0 0.0 -3.0 -1.0 -2.0 -2.0 -4.0 0.0 -2.0 -1.0 -4.0 0.0 -2.0 -4.0 -3.0 -2.0 -4.0 -2.0 -3.0 -2.0 -3.0 0.0 -1.0 0.0 -3.0 -1.0 135.0 -4.0 -2.0 -3.0 -2.0 0.0 -3.0 -3.0 -3.0 -4.0 -1.0 0.0 
-4.0 -4.0 -1.0 -2.0 -1.0 -4.0 -4.0 -3.0 -3.0 -2.0 -3.0 -3.0 -1.0 -4.0 -2.0 -4.0 -1.0 0.0 -2.0 0.0 -1.0 -3.0 -4.0 -4.0 -2.0 -4.0 -1.0 -1.0 -2.0 -4.0 -1.0 -1.0 -2.0 -1.0 -3.0 -3.0 0.0 -1.0 -3.0 -2.0 -4.0 -3.0 0.0 0.0 -3.0 -1.0 -2.0 -4.0 -1.0 -2.0 -4.0 -2.0 -2.0 -3.0 141.0 -1.0 -3.0 -4.0 0.0 -3.0 -4.0 -1.0 -2.0 0.0 -1.0 
-2.0 -1.0 -4.0 0.0 0.0 -3.0 0.0 -3.0 0.0 -3.0 0.0 0.0 0.0 -3.0 0.0 -2.0 0.0 -3.0 -1.0 -3.0 -1.0 0.0 -3.0 -4.0 -2.0 -1.0 -1.0 -2.0 -2.0 -3.0 -4.0 -3.0 0.0 -4.0 0.0 -3.0 -2.0 0.0 -3.0 -4.0 -1.0 -4.0 -2.0 -4.0 -2.0 -1.0 0.0 -2.0 -1.0 0.0 -2.0 -2.0 0.0 0.0 -4.0 110.0 0.0 -2.0 0.0 -4.0 -2.0 0.0 -3.0 -2.0 -2.0 
-2.0 -1.0 -1.0 0.0 0.0 -1.0 -4.0 -3.0 0.0 0.0 -1.0 -2.0 -2.0 -1.0 -3.0 -2.0 -2.0 0.0 -2.0 -4.0 0.0 -4.0 -2.0 0.0 0.0 -2.0 0.0 0.0 -1.0 0.0 0.0 -2.0 -4.0 -1.0 -4.0 -1.0 -1.0 -4.0 -4.0 -1.0 -3.0 0.0 0.0 -4.0 -3.0 -2.0 -2.0 -1.0 -3.0 -3.0 -2.0 0.0 -2.0 -4.0 -2.0 -4.0 113.0 -1.0 -2.0 -3.0 -4.0 -2.0 -2.0 0.0 -2.0 
-1.0 -2.0 -3.0 -2.0 -2.0 0.0 -1.0 -3.0 -4.0 0.0 -1.0 0.0 -3.0 -2.0 0.0 -3.0 0.0 -2.0 -2.0 -2.0 -4.0 -2.0 -1.0 -1.0 -1.0 -2.0 -1.0 -2.0 -3.0 -3.0 -4.0 -4.0 -1.0 0.0 -1.0 -2.0 -2.0 -4.0 -4.0 -4.0 0.0 0.0 -2.0 -4.0 -3.0 -2.0 -3.0 -4.0 -3.0 -1.0 0.0 -1.0 0.0 -3.0 -1.0 -2.0 -1.0 115.0 0.0 0.0 -2.0 0.0 0.0 -3.0 -1.0 
-3.0 -1.0 -4.0 -3.0 -2.0 -2.0 -4.0 -4.0 0.0 -2.0 0.0 -4.0 -2.0 0.0 -1.0 -4.0 -3.0 0.0 -1.0 -4.0 0.0 -3.0 -3.0 -3.0 0.0 -2.0 -2.0 0.0 -1.0 -2.0 -3.0 -4.0 -4.0 0.0 -2.0 -2.0 -1.0 -3.0 0.0 -1.0 -2.0 -2.0 0.0 0.0 -1.0 -1.0 -1.0 -2.0 -3.0 -3.0 -2.0 0.0 -2.0 -4.0 0.0 -3.0 -2.0 0.0 114.0 0.0 -1.0 -1.0 -3.0 -1.0 0.0 
-3.0 -2.0 0.0 -4.0 0.0 -3.0 -4.0 -3.0 -3.0 0.0 -1.0 -1.0 0.0 -2.0 -3.0 0.0 -2.0 -2.0 -3.0 -4.0 -2.0 -2.0 -2.0 0.0 0.0 0.0 0.0 -2.0 0.0 -3.0 0.0 -2.0 -1.0 0.0 0.0 -1.0 0.0 0.0 -3.0 0.0 -4.0 -1.0 -2.0 -2.0 -3.0 0.0 -4.0 -3.0 -4.0 -2.0 0.0 0.0 -4.0 -3.0 0.0 -1.0 -1.0 -3.0 -3.0 110.0 0.0 -1.0 -3.0 -4.0 -4.0 
-1.0 -3.0 -3.0 -4.0 -1.0 0.0 -1.0 0.0 -3.0 -3.0 -2.0 -4.0 -3.0 -3.0 -4.0 -4.0 -4.0 -4.0 -3.0 -3.0 0.0 -1.0 -3.0 -2.0 0.0 0.0 0.0 -2.0 -4.0 -2.0 -4.0 -2.0 -3.0 0.0 -1.0 -4.0 -4.0 -2.0 -2.0 -3.0 0.0 0.0 -4.0 -2.0 -2.0 -2.0 -4.0 0.0 -4.0 0.0 -3.0 -1.0 -1.0 0.0 -3.0 -4.0 -3.0 -2.0 -2.0 -1.0 136.0 0.0 -2.0 0.0 -4.0 
-3.0 -1.0 -3.0 -4.0 -2.0 -2.0 0.0 -4.0 -1.0 -1.0 -3.0 -4.0 0.0 -1.0 -1.0 -4.0 0.0 -4.0 -4.0 -1.0 -4.0 -4.0 -3.0 0.0 -4.0 0.0 0.0 -3.0 -4.0 -2.0 -1.0 -2.0 -1.0 -4.0 -2.0 -2.0 -1.0 0.0 -4.0 -3.0 -4.0 -2.0 -4.0 -2.0 -2.0 -4.0 -2.0 -3.0 0.0 -3.0 -3.0 -2.0 -1.0 -4.0 0.0 -3.0 -2.0 -4.0 -3.0 0.0 -1.0 144.0 -2.0 -3.0 -3.0 
-2.0 -3.0 0.0 0.0 -3.0 0.0 0.0 -1.0 0.0 -1.0 0.0 -3.0 -3.0 -2.0 -4.0 -2.0 -2.0 -3.0 -1.0 0.0 -4.0 0.0 -4.0 0.0 -2.0 -2.0 -4.0 0.0 -1.0 -2.0 -1.0 -3.0 0.0 -1.0 -2.0 0.0 -4.0 -3.0 -2.0 -3.0 -2.0 -4.0 -3.0 -2.0 -2.0 -3.0 -4.0 -4.0 -4.0 -3.0 -2.0 -3.0 -1.0 -3.0 -4.0 -3.0 -3.0 -3.0 -4.0 -1.0 0.0 0.0 129.0 -2.0 -1.0 
0.0 -1.0 -3.0 -4.0 -4.0 -1.0 -4.0 -1.0 -4.0 -2.0 0.0 -1.0 -2.0 0.0 -4.0 -3.0 -2.0 -4.0 -1.0 -2.0 -1.0 -3.0 -1.0 0.0 -4.0 -2.0 -1.0 -4.0 0.0 -3.0 -4.0 -3.0 0.0 -3.0 -4.0 -4.0 -1.0 -2.0 -4.0 0.0 0.0 -3.0 0.0 -3.0 -3.0 -4.0 -1.0 -1.0 -4.0 -3.0 -3.0 -2.0 -2.0 -3.0 -1.0 0.0 -1.0 -3.0 -1.0 0.0 -1.0 0.0 -3.0 130.0 -1.0 
-3.0 0.0 -1.0 0.0 -3.0 -1.0 -4.0 -4.0 -3.0 0.0 -4.0 -3.0 -3.0 0.0 -3.0 -2.0 0.0 0.0 -3.0 -2.0 -4.0 -4.0 0.0 -4.0 -2.0 0.0 0.0 0.0 -1.0 -1.0 -1.0 -4.0 -2.0 -4.0 -4.0 -2.0 -3.0 -2.0 -1.0 -1.0 -1.0 -2.0 -2.0 -1.0 -3.0 -3.0 -1.0 0.0 -1.0 0.0 -1.0 -1.0 -2.0 -4.0 -3.0 0.0 0.0 -1.0 -4.0 0.0 -3.0 -4.0 -1.0 0.0 117.0 

-4519.4 -4069.0 -3459.0 -3461.0 -4173.0 -3136.0 -3448.0 -3433.0 -3140.0 -2978.0 -2748.0 -3033.0 -2380.0 -2652.0 -2379.0 -1917.0 -2200.0 -1645.0 -1343.0 -1938.0 -1358.0 -1471.0 -1050.0 -1131.0 -1076.0 -835.0 -751.0 -979.0 -813.0 -138.0 10.0 -122.0 -3.0 200.0 326.0 446.0 512.0 640.0 876.0 867.0 802.0 1538.0 1311.0 1166.0 1745.0 1991.0 1840.0 1836.0 2087.0 2233.0 2889.0 2568.0 2792.0 2847.0 3426.0 2454.0 2363.0 3049.0 3425.0 2901.0 4080.0 4202.0 3502.0 4295.0 3980.0 