213.999886 -2.0 -1.0 -2.0 -1.0 -1.0 -1.0 -4.0 -4.0 -2.0 -1.0 0.0 0.0 -1.0 -2.0 -2.0 -4.0 -3.0 0.0 0.0 -4.0 -1.0 -1.0 -1.0 -2.0 -2.0 -3.0 -2.0 -1.0 -4.0 -4.0 -1.0 -4.0 -3.0 -4.0 -2.0 0.0 -1.0 -4.0 -4.0 -1.0 0.0 -1.0 0.0 0.0 -1.0 -4.0 -3.0 0.0 -3.0 -4.0 -4.0 -2.0 -1.0 0.0 -2.0 -1.0 -3.0 -4.0 -2.0 0.0 -2.0 -3.0 -1.0 -3.0 -4.0 -1.0 -2.0 -4.0 -4.0 -2.0 -4.0 0.0 0.0 -1.0 -2.0 -1.0 0.0 0.0 -1.0 -1.0 -4.0 0.0 0.0 -2.0 -2.0 -4.0 0.0 0.0 -4.0 -3.0 -1.0 -4.0 -4.0 -2.0 0.0 -2.0 -3.0 -1.0 -2.0 -3.0 -2.0 0.0 -4.0 0.0 -2.0 0.0 0.0 -2.0 -1.0 -1.0 -4.0 -3.0 -3.0 0.0 
-4.0 218.0 -2.0 -1.0 -4.0 -1.0 -1.0 -2.0 0.0 0.0 -4.0 -3.0 -2.0 -1.0 -4.0 -2.0 0.0 -2.0 -4.0 -3.0 0.0 -3.0 0.0 -2.0 -1.0 -1.0 0.0 -4.0 0.0 0.0 0.0 -2.0 -4.0 -3.0 0.0 -1.0 -4.0 -3.0 -4.0 -3.0 -4.0 -3.0 -4.0 -2.0 -2.0 -4.0 0.0 0.0 -3.0 -4.0 -4.0 -1.0 -2.0 -2.0 -3.0 0.0 -1.0 -3.0 -3.0 -4.0 0.0 0.0 0.0 -4.0 -4.0 -4.0 -2.0 -1.0 -1.0 -2.0 -2.0 -1.0 0.0 -3.0 0.0 -2.0 -4.0 -2.0 -3.0 -2.0 0.0 -4.0 -4.0 -2.0 -1.0 0.0 -1.0 -3.0 -3.0 0.0 -3.0 -3.0 -3.0 -1.0 0.0 0.0 0.0 -4.0 0.0 -2.0 -2.0 -1.0 -4.0 -2.0 -1.0 -2.0 0.0 -1.0 0.0 -1.0 -1.0 -4.0 -2.0 0.0 -2.0 
-2.0 0.0 222.0 -3.0 0.0 -1.0 0.0 -1.0 -2.0 -4.0 -2.0 -4.0 -3.0 -3.0 -3.0 0.0 0.0 0.0 -4.0 -4.0 -1.0 -4.0 -3.0 -3.0 -3.0 0.0 -2.0 -2.0 -1.0 -2.0 -4.0 -2.0 -4.0 0.0 -4.0 0.0 -4.0 -4.0 -2.0 -2.0 -4.0 -4.0 -3.0 0.0 -3.0 -2.0 -3.0 -2.0 -2.0 0.0 0.0 -2.0 -1.0 0.0 -4.0 0.0 -4.0 0.0 -1.0 0.0 -4.0 -2.0 -2.0 0.0 -1.0 -3.0 -3.0 0.0 -4.0 -4.0 -3.0 -3.0 -1.0 -3.0 0.0 -3.0 -4.0 -4.0 -2.0 -3.0 -4.0 -2.0 -1.0 -1.0 -3.0 -3.0 0.0 -2.0 -2.0 -1.0 -4.0 0.0 -1.0 -1.0 -4.0 -2.0 0.0 0.0 -1.0 -1.0 -1.0 0.0 -3.0 0.0 0.0 0.0 0.0 -2.0 -4.0 -2.0 -2.0 -1.0 -3.0 -4.0 0.0 
-2.0 -2.0 -2.0 224.0 -2.0 0.0 -3.0 0.0 -1.0 -1.0 -3.0 -2.0 -4.0 -2.0 0.0 0.0 -1.0 -2.0 -2.0 -3.0 -3.0 -4.0 0.0 -2.0 -4.0 -4.0 -4.0 -1.0 0.0 -2.0 -3.0 -2.0 -2.0 -1.0 -3.0 -4.0 -1.0 -4.0 0.0 -3.0 -4.0 -1.0 -4.0 -2.0 0.0 0.0 -2.0 -2.0 -4.0 -1.0 -2.0 -3.0 0.0 -4.0 -2.0 -2.0 -1.0 -1.0 -1.0 -1.0 0.0 -2.0 -1.0 -4.0 -4.0 -3.0 -1.0 0.0 -2.0 0.0 -1.0 -1.0 -2.0 -1.0 -3.0 -1.0 -3.0 -1.0 -2.0 -1.0 -3.0 0.0 0.0 -4.0 -2.0 -1.0 -1.0 0.0 0.0 -4.0 -3.0 -1.0 -4.0 -1.0 -3.0 0.0 -2.0 -4.0 -3.0 -3.0 -3.0 -4.0 -3.0 -1.0 -3.0 -2.0 -4.0 -4.0 -3.0 -2.0 -2.0 0.0 -2.0 -1.0 -2.0 
0.0 -1.0 -1.0 -1.0 237.0 -2.0 -2.0 -1.0 -3.0 -1.0 -2.0 -1.0 -1.0 -1.0 -1.0 -3.0 0.0 -2.0 0.0 -4.0 -4.0 -1.0 -2.0 -4.0 -2.0 -4.0 -2.0 0.0 -2.0 -1.0 -3.0 -2.0 -1.0 -2.0 -4.0 -3.0 -2.0 -4.0 -1.0 -4.0 -3.0 -4.0 -2.0 -4.0 -4.0 -1.0 -4.0 0.0 -4.0 -2.0 -3.0 0.0 -3.0 -1.0 0.0 -4.0 0.0 -4.0 -1.0 -1.0 -2.0 -4.0 -2.0 -3.0 -3.0 0.0 -1.0 -4.0 -3.0 -4.0 -2.0 0.0 -2.0 -1.0 -3.0 -3.0 -3.0 0.0 -3.0 0.0 -3.0 -3.0 0.0 -2.0 -1.0 -4.0 -3.0 0.0 -1.0 -3.0 -1.0 -4.0 -3.0 -4.0 -1.0 -4.0 -3.0 -1.0 0.0 -2.0 -3.0 -3.0 -3.0 -2.0 -3.0 -1.0 -2.0 -1.0 -2.0 -4.0 0.0 -1.0 -2.0 -1.0 -3.0 
-4.0 -4.0 -4.0 -3.0 -4.0 256.0 -2.0 0.0 -2.0 -1.0 -4.0 -3.0 -3.0 -1.0 -2.0 -4.0 -1.0 -2.0 -1.0 -2.0 -1.0 -2.0 -4.0 -2.0 -3.0 -1.0 -4.0 0.0 -3.0 -3.0 0.0 0.0 -3.0 -2.0 -4.0 -1.0 0.0 -3.0 -3.0 -4.0 -3.0 -4.0 -1.0 -3.0 0.0 -4.0 -4.0 0.0 -2.0 -4.0 -4.0 -3.0 -3.0 -1.0 -1.0 -4.0 0.0 -4.0 -1.0 -2.0 -4.0 -3.0 0.0 -4.0 -4.0 -3.0 -3.0 -3.0 -2.0 -4.0 -3.0 -1.0 -2.0 0.0 -1.0 -3.0 -1.0 -2.0 -1.0 -1.0 -3.0 -4.0 -1.0 -1.0 -1.0 -3.0 0.0 -4.0 -2.0 -3.0 -2.0 -1.0 -4.0 0.0 -2.0 -4.0 0.0 -1.0 -3.0 0.0 -1.0 -1.0 -4.0 -2.0 -1.0 -2.0 -4.0 0.0 -3.0 -4.0 0.0 -2.0 -3.0 -4.0 -3.0 
-3.0 -4.0 -1.0 -2.0 -3.0 -3.0 244.0 -1.0 -1.0 0.0 0.0 -1.0 -3.0 0.0 -3.0 -2.0 -3.0 -3.0 -1.0 -1.0 -4.0 0.0 -2.0 -4.0 -2.0 -3.0 -4.0 -1.0 -1.0 -4.0 -1.0 0.0 -1.0 -1.0 -1.0 -1.0 -4.0 -2.0 -4.0 -4.0 -1.0 -1.0 -1.0 -3.0 -3.0 0.0 -2.0 -2.0 -2.0 -1.0 -1.0 -2.0 -3.0 -1.0 0.0 -4.0 -2.0 -2.0 -3.0 -3.0 -2.0 -2.0 -1.0 -3.0 -4.0 -4.0 -1.0 -2.0 -4.0 -4.0 -4.0 -3.0 -4.0 -4.0 -4.0 -3.0 0.0 -3.0 -4.0 -4.0 -3.0 0.0 -4.0 -4.0 0.0 -3.0 -1.0 -2.0 0.0 0.0 -3.0 -1.0 -1.0 -4.0 0.0 -3.0 -2.0 -2.0 -4.0 0.0 -3.0 -3.0 0.0 -3.0 -4.0 -2.0 -3.0 -3.0 0.0 -3.0 -3.0 -4.0 0.0 0.0 0.0 
-1.0 0.0 0.0 -2.0 0.0 -3.0 -2.0 224.0 -2.0 -2.0 -4.0 -3.0 -3.0 -2.0 0.0 -1.0 -2.0 0.0 -3.0 -1.0 -1.0 -3.0 0.0 -3.0 -1.0 -3.0 0.0 -1.0 -2.0 -1.0 -3.0 -1.0 -3.0 0.0 -3.0 -2.0 -1.0 -1.0 -4.0 0.0 0.0 0.0 -3.0 -1.0 -4.0 -2.0 -1.0 -4.0 -2.0 -3.0 -4.0 0.0 -2.0 -3.0 0.0 0.0 -2.0 -4.0 -4.0 0.0 -3.0 -3.0 -4.0 -4.0 -4.0 -2.0 -2.0 0.0 -3.0 -3.0 -2.0 -3.0 -2.0 -1.0 -4.0 0.0 -3.0 -3.0 -3.0 -3.0 0.0 0.0 -1.0 -2.0 -2.0 -4.0 -1.0 -2.0 -4.0 0.0 -2.0 -3.0 -1.0 -2.0 -3.0 -2.0 -3.0 -3.0 -1.0 0.0 -1.0 -2.0 -4.0 -2.0 -3.0 -1.0 -4.0 -4.0 -2.0 -3.0 0.0 -3.0 -3.0 -1.0 0.0 
-2.0 -3.0 -3.0 -1.0 0.0 -4.0 -3.0 -1.0 235.0 -3.0 0.0 -4.0 0.0 -3.0 -1.0 -1.0 -1.0 -4.0 -2.0 -4.0 -2.0 -2.0 0.0 -2.0 -4.0 -1.0 -4.0 -3.0 0.0 -3.0 0.0 -1.0 -3.0 -3.0 0.0 -2.0 0.0 -4.0 0.0 -2.0 0.0 -1.0 -4.0 -2.0 -2.0 -4.0 -3.0 -3.0 -4.0 -2.0 -4.0 -2.0 -2.0 -2.0 -1.0 -3.0 -4.0 -1.0 -4.0 0.0 -2.0 -1.0 -1.0 -2.0 -1.0 0.0 -1.0 -4.0 -3.0 -1.0 -1.0 -2.0 -1.0 -3.0 -2.0 -4.0 0.0 -2.0 0.0 -1.0 -4.0 -3.0 -3.0 0.0 -2.0 -2.0 0.0 -1.0 -2.0 -3.0 -4.0 0.0 0.0 -2.0 -4.0 -1.0 -4.0 -3.0 -2.0 -4.0 -3.0 -1.0 -3.0 0.0 -3.0 -1.0 -3.0 0.0 0.0 -2.0 -3.0 -4.0 -4.0 -4.0 -4.0 
-2.0 0.0 -3.0 -4.0 -3.0 -4.0 -2.0 0.0 -1.0 231.0 -1.0 -4.0 -2.0 -3.0 -3.0 -2.0 -4.0 -3.0 -2.0 -2.0 -1.0 -4.0 -2.0 -2.0 -1.0 -4.0 0.0 -4.0 0.0 -1.0 0.0 -3.0 -3.0 -2.0 0.0 -2.0 -4.0 -1.0 -4.0 -1.0 -1.0 -2.0 -1.0 -4.0 -4.0 -1.0 -3.0 -1.0 -4.0 -4.0 -4.0 -3.0 0.0 0.0 -1.0 0.0 0.0 -2.0 -1.0 -1.0 0.0 -4.0 -1.0 -1.0 0.0 -2.0 -1.0 0.0 -3.0 -4.0 -2.0 -1.0 -2.0 0.0 -4.0 -4.0 -3.0 -2.0 -3.0 -1.0 -1.0 -2.0 -3.0 -2.0 -2.0 0.0 -4.0 -4.0 -3.0 -3.0 -4.0 -4.0 -2.0 -2.0 -1.0 -2.0 -1.0 -2.0 -4.0 -2.0 0.0 -2.0 0.0 -4.0 -4.0 0.0 -3.0 0.0 -4.0 -4.0 -1.0 -1.0 0.0 0.0 -1.0 
-2.0 -2.0 -3.0 0.0 0.0 0.0 0.0 -2.0 -3.0 -3.0 257.0 0.0 -4.0 -3.0 -1.0 -4.0 -4.0 -2.0 -2.0 0.0 -2.0 -2.0 -2.0 -3.0 -4.0 0.0 -1.0 -4.0 -3.0 -4.0 0.0 -2.0 -4.0 -2.0 -4.0 -2.0 -3.0 -3.0 -3.0 -3.0 -4.0 -3.0 -3.0 -4.0 -2.0 -4.0 -2.0 0.0 -4.0 -3.0 -1.0 0.0 -3.0 0.0 -1.0 -2.0 -3.0 -2.0 0.0 -3.0 0.0 0.0 -3.0 -3.0 -2.0 -2.0 -2.0 -3.0 -4.0 -4.0 -4.0 0.0 -4.0 0.0 -2.0 -1.0 0.0 -4.0 -2.0 -4.0 0.0 -2.0 0.0 -4.0 -1.0 -4.0 0.0 -3.0 -4.0 -4.0 -3.0 0.0 -4.0 0.0 -4.0 -4.0 -1.0 -2.0 0.0 -3.0 -3.0 -1.0 -4.0 -4.0 -2.0 -4.0 -3.0 -4.0 -2.0 -4.0 -3.0 0.0 -1.0 -4.0 -1.0 
-4.0 -3.0 0.0 -4.0 -1.0 -3.0 -1.0 0.0 0.0 -3.0 -2.0 228.0 0.0 -4.0 0.0 -4.0 -2.0 -3.0 -1.0 -2.0 -4.0 -2.0 -4.0 -3.0 -4.0 -2.0 0.0 -2.0 -1.0 -3.0 -3.0 -4.0 -3.0 -1.0 -4.0 0.0 -2.0 -1.0 -4.0 -1.0 -4.0 -1.0 -4.0 0.0 -3.0 -3.0 -2.0 -1.0 0.0 -3.0 0.0 -2.0 -2.0 -3.0 -4.0 -1.0 -3.0 -2.0 -1.0 -4.0 -4.0 -2.0 -2.0 -1.0 -1.0 -1.0 -2.0 0.0 -3.0 0.0 -4.0 0.0 0.0 -3.0 0.0 -1.0 -4.0 0.0 -3.0 -1.0 -1.0 -1.0 -2.0 -3.0 -4.0 -4.0 0.0 -4.0 -4.0 -2.0 -1.0 -3.0 -2.0 -3.0 -2.0 -3.0 0.0 0.0 -2.0 -2.0 -3.0 -3.0 -2.0 0.0 -4.0 -3.0 0.0 0.0 0.0 -4.0 -1.0 -1.0 0.0 -2.0 -2.0 
-3.0 -1.0 -1.0 -1.0 -1.0 -1.0 0.0 -2.0 -2.0 0.0 0.0 -1.0 206.0 -1.0 -1.0 -4.0 -1.0 -4.0 -2.0 -4.0 -2.0 0.0 -4.0 -3.0 -2.0 -2.0 -2.0 -3.0 -1.0 -4.0 -4.0 -3.0 -4.0 0.0 -4.0 -3.0 -1.0 -2.0 -4.0 -1.0 -2.0 -2.0 -1.0 -3.0 -1.0 0.0 -2.0 0.0 0.0 -2.0 -4.0 0.0 -3.0 -1.0 0.0 -2.0 -2.0 -4.0 -3.0 -3.0 -2.0 0.0 -3.0 -3.0 -2.0 0.0 0.0 -3.0 -2.0 -4.0 0.0 -3.0 -2.0 -1.0 -1.0 0.0 -1.0 -2.0 -2.0 -4.0 -3.0 0.0 -1.0 -1.0 0.0 -1.0 -4.0 0.0 0.0 -2.0 -2.0 -2.0 -1.0 -2.0 -4.0 0.0 0.0 -3.0 -1.0 -2.0 0.0 -4.0 0.0 -4.0 0.0 -2.0 -1.0 -1.0 -3.0 -3.0 -3.0 0.0 -4.0 -3.0 0.0 
0.0 -3.0 -1.0 -4.0 0.0 0.0 -3.0 -1.0 -4.0 -2.0 0.0 -1.0 -4.0 217.0 0.0 -4.0 0.0 -3.0 -2.0 -4.0 -2.0 0.0 -1.0 -4.0 -4.0 0.0 -2.0 -2.0 -3.0 -4.0 -3.0 -1.0 -2.0 -3.0 -2.0 -4.0 -4.0 -2.0 -3.0 -3.0 -3.0 -2.0 -2.0 -1.0 -1.0 -2.0 -2.0 -4.0 -2.0 0.0 -1.0 -3.0 -3.0 -2.0 0.0 -4.0 0.0 0.0 -3.0 -1.0 -1.0 -1.0 -1.0 -4.0 0.0 0.0 -1.0 0.0 0.0 -4.0 -4.0 -1.0 -2.0 -3.0 -4.0 -4.0 -4.0 0.0 -1.0 -3.0 -3.0 -1.0 -2.0 0.0 -2.0 0.0 -3.0 -4.0 -1.0 -1.0 -3.0 -1.0 -1.0 -3.0 0.0 -1.0 -4.0 -2.0 -4.0 -1.0 -3.0 -1.0 -2.0 0.0 -1.0 -1.0 -2.0 0.0 0.0 -4.0 -3.0 -2.0 -2.0 0.0 0.0 
-1.0 -2.0 -2.0 -2.0 -1.0 -3.0 0.0 -3.0 -4.0 -1.0 0.0 -2.0 -2.0 -2.0 225.0 -3.0 -2.0 -1.0 -2.0 -1.0 -1.0 0.0 -4.0 -1.0 0.0 0.0 -3.0 0.0 0.0 -4.0 -3.0 -4.0 -3.0 0.0 -1.0 0.0 -4.0 -2.0 -4.0 -1.0 -2.0 -4.0 -2.0 0.0 -4.0 -2.0 -4.0 -2.0 -4.0 -1.0 -4.0 -1.0 0.0 -2.0 -1.0 -3.0 -4.0 -2.0 -1.0 0.0 0.0 -3.0 0.0 0.0 -2.0 -2.0 -3.0 -3.0 0.0 -2.0 -2.0 -4.0 -2.0 -4.0 -2.0 -2.0 -4.0 -3.0 -2.0 -4.0 -3.0 -3.0 0.0 -3.0 -3.0 0.0 -4.0 0.0 0.0 -2.0 -4.0 -1.0 -1.0 -4.0 -4.0 -2.0 -2.0 -1.0 -1.0 -2.0 0.0 -4.0 -2.0 -3.0 0.0 -1.0 -2.0 -1.0 -3.0 -2.0 -3.0 -1.0 -1.0 -2.0 -4.0 
0.0 -1.0 -3.0 -3.0 0.0 -1.0 -3.0 -2.0 -2.0 -3.0 -2.0 -4.0 -2.0 0.0 -1.0 218.0 0.0 -2.0 0.0 -4.0 -1.0 -4.0 0.0 -2.0 -2.0 -2.0 -1.0 0.0 -2.0 -2.0 -1.0 -3.0 -2.0 0.0 -2.0 -1.0 0.0 0.0 0.0 -1.0 -3.0 -2.0 0.0 0.0 -3.0 -4.0 -2.0 -3.0 -4.0 -4.0 -4.0 -3.0 -3.0 -4.0 -4.0 -1.0 0.0 -4.0 -2.0 -3.0 0.0 -1.0 -3.0 -4.0 0.0 -2.0 0.0 -2.0 -2.0 -2.0 0.0 -3.0 0.0 -1.0 -3.0 0.0 -1.0 -1.0 -2.0 -3.0 -4.0 0.0 -2.0 -1.0 -2.0 -2.0 -1.0 -3.0 -3.0 -4.0 0.0 -1.0 -3.0 -3.0 0.0 -3.0 -4.0 -2.0 -3.0 0.0 -3.0 -3.0 0.0 0.0 -4.0 0.0 -4.0 -3.0 -4.0 -2.0 -1.0 0.0 -4.0 -3.0 -4.0 
-4.0 -2.0 -2.0 -4.0 -3.0 -4.0 -4.0 -3.0 0.0 0.0 0.0 -2.0 0.0 -2.0 -3.0 -2.0 244.0 -1.0 -2.0 -3.0 -4.0 -2.0 -3.0 0.0 -3.0 -4.0 -3.0 -4.0 -3.0 -2.0 -2.0 -4.0 -3.0 -3.0 -3.0 -4.0 -1.0 -2.0 -3.0 -3.0 -3.0 -3.0 -4.0 -2.0 0.0 -1.0 -4.0 0.0 -1.0 -2.0 0.0 -4.0 0.0 -2.0 0.0 -3.0 -4.0 -4.0 -3.0 -2.0 -3.0 0.0 -1.0 -3.0 -3.0 0.0 -2.0 -3.0 -4.0 -4.0 0.0 0.0 -2.0 -1.0 -1.0 0.0 -2.0 -4.0 -1.0 -1.0 -1.0 -1.0 0.0 -4.0 -4.0 -1.0 -1.0 -3.0 -3.0 0.0 -2.0 -2.0 -3.0 -1.0 -2.0 -4.0 -3.0 -1.0 0.0 0.0 -4.0 -2.0 -4.0 -2.0 0.0 -1.0 -1.0 -4.0 -4.0 0.0 0.0 -3.0 -3.0 -3.0 -3.0 
-1.0 0.0 0.0 -1.0 -4.0 0.0 -3.0 -1.0 -3.0 0.0 -4.0 -1.0 -4.0 -1.0 -3.0 -4.0 -1.0 217.0 -1.0 -1.0 -3.0 -2.0 0.0 -2.0 -1.0 -4.0 -4.0 -1.0 -4.0 -2.0 -3.0 -2.0 -2.0 -3.0 -2.0 -1.0 0.0 -3.0 -3.0 0.0 -1.0 -1.0 -4.0 -4.0 -3.0 -1.0 -4.0 -4.0 -4.0 -1.0 -2.0 0.0 -2.0 0.0 -1.0 0.0 -1.0 -3.0 -4.0 -3.0 -2.0 0.0 -3.0 -1.0 0.0 0.0 -1.0 0.0 -1.0 -3.0 -1.0 -1.0 -4.0 -2.0 -3.0 -3.0 0.0 0.0 -3.0 -1.0 -3.0 -3.0 0.0 -4.0 -2.0 -4.0 -1.0 0.0 -1.0 -1.0 -4.0 -1.0 -4.0 -1.0 -1.0 0.0 -4.0 0.0 -4.0 0.0 -2.0 -3.0 -2.0 -4.0 -3.0 -2.0 -2.0 -1.0 -2.0 -1.0 -3.0 -4.0 0.0 0.0 -3.0 
-1.0 -3.0 -2.0 -1.0 -4.0 -2.0 0.0 -1.0 -2.0 -4.0 -1.0 -4.0 -2.0 -2.0 0.0 -3.0 -4.0 0.0 262.0 -1.0 -4.0 0.0 -3.0 -1.0 0.0 -4.0 -3.0 -3.0 -4.0 -3.0 -3.0 -4.0 -4.0 -1.0 -4.0 -4.0 -1.0 0.0 -4.0 -3.0 -3.0 -2.0 -3.0 -4.0 -1.0 -4.0 -3.0 0.0 -4.0 -4.0 0.0 0.0 -3.0 -1.0 -4.0 -2.0 0.0 -4.0 -3.0 0.0 -1.0 -4.0 0.0 -2.0 0.0 -4.0 0.0 -4.0 -4.0 0.0 -2.0 -1.0 -1.0 -3.0 -3.0 -2.0 -2.0 -3.0 -4.0 -3.0 -4.0 -3.0 -1.0 -4.0 -4.0 -3.0 -3.0 -3.0 -1.0 0.0 -4.0 0.0 -4.0 -4.0 -1.0 0.0 -4.0 -3.0 -4.0 -1.0 -3.0 -2.0 -3.0 0.0 0.0 -4.0 -1.0 -3.0 -1.0 -3.0 0.0 -4.0 -3.0 -4.0 -2.0 
0.0 -1.0 -1.0 -3.0 -4.0 -3.0 -2.0 -4.0 -4.0 -4.0 -4.0 -1.0 -3.0 -2.0 -4.0 -4.0 -2.0 -1.0 -4.0 227.0 -2.0 -3.0 -1.0 0.0 -2.0 -4.0 -3.0 -2.0 -3.0 -2.0 -2.0 -4.0 -4.0 -2.0 -1.0 -2.0 0.0 -3.0 -3.0 -3.0 0.0 -1.0 -1.0 -1.0 -1.0 0.0 -3.0 -3.0 -1.0 -3.0 -3.0 -3.0 -4.0 -2.0 -1.0 -1.0 -3.0 -4.0 -1.0 0.0 -2.0 0.0 0.0 -1.0 -2.0 0.0 -4.0 -3.0 -2.0 -1.0 0.0 0.0 -4.0 -1.0 0.0 0.0 -2.0 -3.0 -1.0 -1.0 -3.0 -2.0 0.0 -4.0 0.0 -2.0 -1.0 -4.0 0.0 -1.0 -1.0 -1.0 -2.0 -3.0 -3.0 -1.0 -1.0 -3.0 -2.0 -1.0 0.0 -2.0 -4.0 -2.0 -1.0 -1.0 -1.0 0.0 -4.0 -3.0 -3.0 -2.0 -3.0 -4.0 -2.0 
-3.0 -1.0 0.0 -2.0 -4.0 -1.0 -1.0 0.0 -2.0 -2.0 -3.0 -3.0 -4.0 -4.0 -2.0 0.0 -3.0 -1.0 0.0 0.0 220.0 -3.0 -1.0 -2.0 -4.0 -1.0 -1.0 -4.0 -2.0 -4.0 -3.0 -1.0 0.0 -4.0 -3.0 -1.0 -2.0 0.0 -2.0 -2.0 -2.0 0.0 -3.0 -2.0 -4.0 0.0 -1.0 0.0 -3.0 -1.0 -2.0 0.0 -1.0 -2.0 0.0 0.0 0.0 -2.0 -1.0 -4.0 -4.0 -3.0 -4.0 -4.0 -4.0 0.0 -4.0 -2.0 -2.0 -4.0 -1.0 -1.0 0.0 -4.0 -4.0 -3.0 0.0 -2.0 -2.0 0.0 -1.0 -1.0 0.0 -3.0 0.0 -2.0 0.0 -3.0 -4.0 0.0 -1.0 -1.0 -4.0 -4.0 -2.0 -1.0 -2.0 -2.0 -2.0 -2.0 -3.0 0.0 0.0 -4.0 -1.0 -1.0 -2.0 -1.0 -2.0 -4.0 -4.0 -2.0 -3.0 -2.0 -4.0 
-1.0 0.0 -4.0 -1.0 -1.0 -2.0 -3.0 -2.0 -2.0 -3.0 -1.0 -4.0 -1.0 -4.0 -2.0 0.0 -4.0 -1.0 -2.0 -4.0 -2.0 220.0 -1.0 -1.0 -2.0 -1.0 -1.0 -2.0 0.0 -3.0 0.0 -4.0 -4.0 0.0 -1.0 -2.0 -1.0 0.0 -4.0 0.0 -4.0 -4.0 -3.0 -3.0 0.0 -2.0 -3.0 -3.0 0.0 -4.0 -4.0 -4.0 -1.0 -2.0 -4.0 -1.0 -3.0 -3.0 -1.0 -3.0 0.0 0.0 -4.0 -4.0 -2.0 -3.0 -2.0 0.0 -2.0 -2.0 -3.0 -2.0 -2.0 -2.0 -4.0 -4.0 0.0 -2.0 -2.0 0.0 0.0 0.0 -2.0 0.0 0.0 0.0 -4.0 -2.0 -2.0 -1.0 0.0 -2.0 0.0 -2.0 -2.0 0.0 0.0 -1.0 -4.0 -3.0 0.0 -1.0 -2.0 -1.0 -4.0 0.0 -4.0 -4.0 -1.0 -2.0 -1.0 -4.0 -2.0 -2.0 -4.0 
-2.0 0.0 -4.0 -2.0 -2.0 -2.0 0.0 -3.0 0.0 -1.0 0.0 -1.0 -2.0 -4.0 -2.0 -2.0 -2.0 -1.0 -3.0 -1.0 0.0 -3.0 230.0 -4.0 -2.0 -4.0 -1.0 -3.0 -3.0 -2.0 -2.0 -3.0 -3.0 -3.0 -4.0 -4.0 -3.0 -3.0 0.0 -2.0 0.0 0.0 0.0 0.0 0.0 -3.0 -3.0 -4.0 -1.0 -2.0 -4.0 -2.0 -2.0 0.0 -4.0 -3.0 -2.0 -3.0 0.0 -3.0 -1.0 0.0 -3.0 -4.0 0.0 -2.0 -1.0 -4.0 -4.0 -1.0 0.0 -1.0 -3.0 0.0 -2.0 0.0 -4.0 -3.0 -1.0 0.0 -2.0 -3.0 -1.0 -2.0 -3.0 -4.0 -3.0 -3.0 -3.0 -2.0 -1.0 -2.0 -1.0 0.0 -4.0 -4.0 -3.0 -2.0 -3.0 0.0 -3.0 -3.0 -3.0 -3.0 -1.0 -3.0 -2.0 -3.0 -3.0 -1.0 0.0 -1.0 -1.0 0.0 -4.0 
-3.0 0.0 -3.0 0.0 -3.0 0.0 -1.0 -3.0 -1.0 -3.0 -1.0 0.0 -1.0 -1.0 -4.0 -4.0 -3.0 -1.0 -4.0 0.0 -3.0 0.0 -2.0 221.0 -4.0 -1.0 -3.0 0.0 0.0 -3.0 -3.0 -4.0 0.0 0.0 -2.0 0.0 -3.0 -1.0 -4.0 -2.0 -1.0 0.0 -2.0 -1.0 -2.0 -4.0 -4.0 -3.0 -2.0 -4.0 0.0 -1.0 -2.0 -1.0 -4.0 -1.0 0.0 -3.0 -4.0 -4.0 -3.0 0.0 0.0 -3.0 0.0 0.0 -1.0 -2.0 -4.0 -4.0 -3.0 -4.0 0.0 -3.0 -1.0 -4.0 -1.0 -4.0 -2.0 0.0 -2.0 0.0 -3.0 -2.0 -3.0 0.0 -1.0 -1.0 -2.0 -1.0 0.0 -2.0 0.0 -2.0 -3.0 -4.0 -2.0 0.0 -1.0 -3.0 -3.0 -2.0 -2.0 -3.0 -4.0 -4.0 -1.0 -2.0 -1.0 -1.0 -4.0 -1.0 -3.0 -4.0 -1.0 
-3.0 -1.0 -4.0 0.0 -3.0 0.0 -3.0 0.0 -2.0 0.0 0.0 -2.0 0.0 -2.0 -4.0 0.0 -3.0 0.0 -3.0 -4.0 0.0 -4.0 -1.0 0.0 204.0 -1.0 -2.0 -4.0 -1.0 -3.0 -1.0 0.0 -4.0 -3.0 -3.0 0.0 -3.0 0.0 0.0 -4.0 0.0 -1.0 -3.0 -1.0 -3.0 -1.0 0.0 -3.0 -3.0 -4.0 0.0 0.0 -1.0 -3.0 -3.0 -4.0 -1.0 0.0 -4.0 0.0 0.0 -2.0 -1.0 -3.0 0.0 -3.0 -3.0 -2.0 -1.0 -1.0 -1.0 -1.0 -2.0 -3.0 -4.0 0.0 -1.0 -1.0 -2.0 -1.0 -4.0 -2.0 -2.0 -2.0 0.0 0.0 -1.0 0.0 -3.0 0.0 0.0 -1.0 -1.0 -4.0 0.0 -3.0 -4.0 0.0 -3.0 -3.0 -3.0 -4.0 0.0 -1.0 0.0 -2.0 -1.0 -2.0 -4.0 -3.0 -3.0 -1.0 -4.0 -4.0 -4.0 
-4.0 -1.0 -2.0 -3.0 -1.0 -2.0 -2.0 0.0 -2.0 -3.0 -3.0 -2.0 -3.0 -4.0 -4.0 0.0 -4.0 -4.0 -4.0 -2.0 -2.0 -2.0 0.0 -1.0 -2.0 233.0 0.0 -4.0 -1.0 0.0 -3.0 -2.0 -3.0 -3.0 -1.0 -4.0 0.0 -2.0 -1.0 -4.0 -4.0 0.0 -3.0 -2.0 -3.0 -2.0 -3.0 0.0 -1.0 0.0 -2.0 -1.0 -1.0 -4.0 -4.0 -3.0 0.0 0.0 -2.0 -2.0 -2.0 0.0 -3.0 -1.0 -4.0 -2.0 0.0 -4.0 -1.0 -4.0 -4.0 0.0 -2.0 -1.0 0.0 -2.0 -2.0 -2.0 -4.0 -3.0 -4.0 -4.0 -1.0 -4.0 -4.0 -2.0 -2.0 -1.0 -1.0 -1.0 -2.0 -1.0 0.0 -3.0 -4.0 -1.0 -1.0 -1.0 0.0 -2.0 -1.0 -2.0 -3.0 -3.0 -1.0 -3.0 0.0 -4.0 0.0 -3.0 -3.0 0.0 -3.0 -1.0 -4.0 
-3.0 -2.0 -4.0 -2.0 -2.0 -2.0 -2.0 -4.0 -3.0 -1.0 -1.0 -1.0 -2.0 -1.0 -3.0 -1.0 0.0 -3.0 0.0 -4.0 -3.0 0.0 -1.0 -2.0 -2.0 -3.0 235.0 -3.0 -1.0 -4.0 -1.0 -2.0 -1.0 -2.0 -4.0 0.0 -2.0 -2.0 -1.0 -1.0 -2.0 -1.0 -2.0 -3.0 -4.0 -4.0 -4.0 -4.0 0.0 -1.0 -4.0 0.0 0.0 -3.0 -3.0 -1.0 -3.0 -4.0 -1.0 0.0 -3.0 -4.0 -2.0 0.0 -4.0 -4.0 0.0 -2.0 -3.0 -3.0 -4.0 -1.0 -2.0 -4.0 0.0 -1.0 -1.0 -3.0 -3.0 -4.0 -2.0 -2.0 -3.0 0.0 -2.0 -1.0 -2.0 0.0 -4.0 -3.0 -3.0 -2.0 -1.0 0.0 -2.0 -1.0 -3.0 -3.0 -2.0 -2.0 -1.0 -3.0 -4.0 -1.0 -2.0 -2.0 -3.0 -1.0 0.0 -2.0 -4.0 -3.0 -2.0 0.0 -1.0 
-3.0 0.0 -2.0 -4.0 -4.0 0.0 -2.0 -1.0 0.0 -1.0 -3.0 -3.0 -1.0 -4.0 -4.0 -4.0 -4.0 0.0 0.0 -3.0 -3.0 -1.0 -2.0 0.0 -3.0 -2.0 0.0 233.0 -2.0 -4.0 -1.0 -2.0 0.0 -3.0 -1.0 -4.0 -2.0 -3.0 -4.0 0.0 -3.0 0.0 0.0 0.0 -3.0 -2.0 -3.0 -4.0 -2.0 -1.0 -2.0 -2.0 -3.0 -4.0 -3.0 -3.0 -1.0 -4.0 -3.0 0.0 0.0 0.0 -4.0 -3.0 0.0 -3.0 -1.0 0.0 -1.0 -1.0 -2.0 0.0 -4.0 -3.0 -3.0 -3.0 0.0 -4.0 0.0 -1.0 0.0 -4.0 -1.0 -3.0 -4.0 -3.0 0.0 -1.0 -1.0 -3.0 -4.0 -3.0 -3.0 -3.0 0.0 0.0 -3.0 -2.0 -2.0 -3.0 -1.0 -4.0 -3.0 -2.0 -4.0 -1.0 -3.0 0.0 -1.0 -1.0 -3.0 0.0 -4.0 -4.0 -3.0 
0.0 -2.0 0.0 -2.0 -2.0 -3.0 -3.0 -1.0 -3.0 -1.0 -1.0 -1.0 -2.0 -1.0 -4.0 -4.0 0.0 -2.0 -1.0 0.0 -1.0 -4.0 -3.0 -2.0 -3.0 0.0 0.0 -2.0 235.0 -3.0 -1.0 -4.0 -3.0 0.0 -2.0 -3.0 -2.0 -4.0 -3.0 -2.0 -4.0 -4.0 -2.0 -4.0 -2.0 -1.0 -3.0 -3.0 -2.0 -4.0 -1.0 0.0 -2.0 -4.0 -4.0 -4.0 -1.0 -2.0 -3.0 0.0 -1.0 -4.0 -1.0 -1.0 -2.0 -4.0 -3.0 -2.0 -4.0 0.0 -2.0 -3.0 0.0 -4.0 -3.0 -1.0 -1.0 0.0 0.0 -1.0 -2.0 -3.0 -4.0 -2.0 0.0 -4.0 0.0 -1.0 -2.0 -2.0 0.0 -4.0 -1.0 0.0 -4.0 -1.0 -2.0 -2.0 -1.0 -3.0 -4.0 -3.0 -2.0 -1.0 0.0 -4.0 -3.0 0.0 -2.0 -4.0 -4.0 -2.0 -4.0 -1.0 -1.0 
-1.0 -4.0 -1.0 -3.0 0.0 0.0 -3.0 -4.0 -3.0 -1.0 -4.0 -1.0 -2.0 -3.0 -2.0 -4.0 0.0 0.0 0.0 -3.0 -1.0 -2.0 -3.0 -4.0 -3.0 -4.0 0.0 -1.0 -1.0 211.0 -1.0 -2.0 0.0 -3.0 -2.0 -4.0 0.0 0.0 0.0 -2.0 -2.0 -1.0 -2.0 0.0 0.0 -1.0 -4.0 -2.0 -3.0 0.0 -3.0 -1.0 -4.0 0.0 0.0 -4.0 -4.0 0.0 -3.0 -2.0 -2.0 -4.0 -1.0 -3.0 0.0 -3.0 -1.0 -2.0 0.0 -4.0 -2.0 -2.0 -3.0 -3.0 -1.0 -1.0 -3.0 0.0 -1.0 -1.0 -2.0 -1.0 -1.0 -2.0 -2.0 -3.0 -4.0 0.0 -4.0 -3.0 -2.0 -2.0 -3.0 0.0 -4.0 0.0 -2.0 0.0 -2.0 0.0 -1.0 -1.0 -4.0 -2.0 -1.0 0.0 -3.0 -2.0 -4.0 -1.0 -3.0 -1.0 -4.0 -1.0 -1.0 
-3.0 -3.0 -1.0 -4.0 0.0 -3.0 -3.0 -3.0 -3.0 0.0 -3.0 -1.0 -1.0 0.0 -2.0 -3.0 -3.0 -1.0 -3.0 0.0 -2.0 0.0 0.0 -3.0 -4.0 -4.0 -2.0 -4.0 0.0 0.0 229.0 -3.0 -2.0 -2.0 -3.0 -2.0 -2.0 0.0 -1.0 -4.0 -2.0 0.0 -3.0 0.0 -2.0 -4.0 -2.0 -2.0 -4.0 -4.0 -2.0 -2.0 -3.0 -1.0 -1.0 -4.0 -1.0 -4.0 -3.0 0.0 -1.0 -2.0 -1.0 0.0 -1.0 -4.0 0.0 -2.0 0.0 -4.0 -2.0 -3.0 -4.0 -3.0 -3.0 -3.0 -1.0 -4.0 0.0 -1.0 -4.0 -3.0 0.0 -4.0 -1.0 -3.0 0.0 0.0 0.0 -4.0 -1.0 -2.0 -4.0 -1.0 0.0 -4.0 -2.0 -1.0 -4.0 -1.0 -1.0 -2.0 -1.0 -2.0 -4.0 0.0 -4.0 -2.0 -1.0 -4.0 -1.0 -2.0 0.0 -3.0 -2.0 
-2.0 0.0 -2.0 -2.0 -3.0 -3.0 -2.0 0.0 -2.0 -3.0 -4.0 -2.0 -3.0 -1.0 -3.0 0.0 -3.0 -2.0 -1.0 -1.0 -2.0 -2.0 0.0 -4.0 -1.0 -1.0 0.0 -3.0 0.0 -4.0 -3.0 219.0 0.0 0.0 -3.0 -2.0 -3.0 0.0 -1.0 -2.0 0.0 -3.0 -3.0 -3.0 -3.0 -3.0 -3.0 -4.0 -2.0 -2.0 0.0 0.0 -1.0 -3.0 -4.0 -3.0 -4.0 0.0 -1.0 -2.0 0.0 -4.0 -2.0 -1.0 -4.0 -1.0 -1.0 -4.0 -4.0 -4.0 -1.0 -1.0 -1.0 -3.0 0.0 -4.0 -1.0 -2.0 -3.0 -1.0 -2.0 0.0 0.0 0.0 0.0 -3.0 -4.0 -2.0 0.0 -1.0 -2.0 -2.0 0.0 -2.0 -3.0 0.0 -4.0 -4.0 -1.0 -3.0 -3.0 -4.0 0.0 -2.0 -1.0 0.0 -4.0 -1.0 0.0 -4.0 -1.0 -4.0 -4.0 0.0 -2.0 
-3.0 -2.0 0.0 -3.0 -2.0 -1.0 -2.0 -3.0 0.0 -1.0 -3.0 0.0 -3.0 -2.0 -3.0 -2.0 -2.0 0.0 -4.0 -1.0 -4.0 -1.0 -2.0 -1.0 -3.0 -3.0 -4.0 0.0 -3.0 -2.0 0.0 -2.0 222.0 -3.0 -4.0 -4.0 0.0 0.0 -2.0 -4.0 -3.0 -1.0 -2.0 -2.0 0.0 -2.0 0.0 0.0 -1.0 -2.0 0.0 0.0 -2.0 -3.0 -4.0 0.0 0.0 0.0 -2.0 -1.0 -4.0 -1.0 -4.0 -4.0 -2.0 -2.0 0.0 0.0 -4.0 -2.0 0.0 -2.0 -1.0 -1.0 -2.0 -4.0 -2.0 -1.0 -1.0 -1.0 -3.0 -1.0 0.0 -3.0 -3.0 -4.0 -1.0 0.0 -2.0 -4.0 0.0 -4.0 -4.0 0.0 -2.0 -1.0 -3.0 0.0 -3.0 -4.0 -3.0 -1.0 -4.0 -1.0 -2.0 -4.0 -3.0 -4.0 -3.0 -2.0 -2.0 -4.0 -4.0 0.0 -1.0 
0.0 0.0 -1.0 -4.0 -3.0 -4.0 -4.0 -3.0 -3.0 0.0 -4.0 0.0 0.0 -2.0 -1.0 0.0 -3.0 -4.0 -3.0 0.0 -2.0 0.0 0.0 -4.0 -4.0 -3.0 -2.0 -4.0 0.0 -2.0 -3.0 -4.0 -1.0 221.0 -3.0 0.0 0.0 0.0 0.0 -2.0 -4.0 0.0 -2.0 -4.0 -2.0 -3.0 -2.0 -1.0 0.0 -2.0 -2.0 -4.0 -3.0 -1.0 -1.0 -2.0 -1.0 -4.0 -2.0 -1.0 -4.0 -2.0 -2.0 -1.0 -1.0 -3.0 -3.0 -1.0 -3.0 0.0 -4.0 0.0 -4.0 -3.0 0.0 -2.0 -1.0 0.0 0.0 -1.0 -4.0 -4.0 -4.0 -1.0 0.0 -2.0 -2.0 -4.0 -1.0 0.0 0.0 -3.0 -1.0 -3.0 -1.0 -2.0 -2.0 -4.0 -3.0 -3.0 0.0 -1.0 -1.0 -3.0 0.0 -2.0 -2.0 -4.0 0.0 -2.0 -4.0 -4.0 0.0 -1.0 -4.0 
-2.0 -3.0 -1.0 -2.0 0.0 -2.0 -4.0 0.0 -4.0 -3.0 -3.0 -1.0 -4.0 -3.0 -4.0 -2.0 -4.0 -3.0 -1.0 -3.0 -3.0 -3.0 -2.0 -4.0 -4.0 -2.0 -2.0 -3.0 -2.0 -4.0 -3.0 -1.0 -4.0 -2.0 234.0 -2.0 -2.0 0.0 0.0 -3.0 0.0 -2.0 0.0 -1.0 -2.0 -2.0 -4.0 -3.0 -2.0 -3.0 0.0 -1.0 -2.0 -3.0 -2.0 -3.0 0.0 -2.0 -4.0 0.0 -1.0 -1.0 0.0 -2.0 -1.0 -1.0 0.0 -3.0 -4.0 -3.0 0.0 -3.0 -3.0 -2.0 -2.0 -3.0 -4.0 -2.0 -4.0 -2.0 -3.0 -4.0 -1.0 0.0 -3.0 -2.0 -3.0 -2.0 0.0 -3.0 -2.0 -2.0 -2.0 -3.0 -2.0 -2.0 -4.0 -4.0 -1.0 0.0 0.0 -3.0 -1.0 0.0 0.0 -1.0 0.0 -1.0 0.0 -2.0 -3.0 -1.0 -4.0 -2.0 -1.0 
-1.0 -3.0 0.0 -1.0 0.0 -3.0 -1.0 0.0 -1.0 -3.0 -4.0 -4.0 -1.0 -2.0 -2.0 -1.0 0.0 -2.0 -2.0 -3.0 0.0 0.0 -4.0 -1.0 -2.0 -1.0 -4.0 -1.0 -1.0 -1.0 -2.0 -3.0 -2.0 -3.0 -3.0 225.0 -2.0 -4.0 0.0 0.0 -2.0 0.0 -2.0 -1.0 0.0 -3.0 -3.0 -2.0 -1.0 -4.0 -4.0 -4.0 -4.0 -1.0 -3.0 -4.0 -4.0 0.0 -4.0 -2.0 -3.0 0.0 -3.0 -2.0 -3.0 0.0 -3.0 -1.0 -3.0 -3.0 -1.0 -1.0 0.0 -4.0 -3.0 -4.0 -4.0 0.0 -3.0 -2.0 0.0 -1.0 -3.0 -4.0 -4.0 -2.0 -1.0 -1.0 0.0 -1.0 -4.0 0.0 -1.0 -3.0 -3.0 -3.0 -1.0 -2.0 -4.0 -1.0 -1.0 -3.0 -3.0 -1.0 -1.0 -3.0 -1.0 -2.0 -2.0 0.0 -3.0 -2.0 -1.0 -1.0 -3.0 
-3.0 -1.0 -4.0 0.0 0.0 -2.0 -1.0 -1.0 -2.0 -2.0 -2.0 -1.0 0.0 0.0 -1.0 -2.0 -2.0 -1.0 -2.0 -1.0 -2.0 -1.0 -4.0 -4.0 -2.0 -1.0 -1.0 0.0 -3.0 -4.0 0.0 -4.0 -2.0 -1.0 -1.0 -2.0 220.0 -3.0 -4.0 -1.0 -4.0 -3.0 -4.0 -1.0 0.0 -4.0 -4.0 -2.0 0.0 -2.0 -1.0 -3.0 -4.0 -3.0 0.0 -4.0 0.0 -3.0 0.0 -2.0 0.0 -3.0 0.0 -3.0 -3.0 -2.0 -1.0 0.0 -3.0 -3.0 0.0 -4.0 -1.0 -3.0 -1.0 -2.0 -3.0 -3.0 -1.0 -2.0 -4.0 -3.0 -3.0 -1.0 -2.0 -1.0 -1.0 -3.0 -4.0 -3.0 -1.0 -4.0 -1.0 -4.0 -1.0 0.0 -4.0 0.0 -4.0 -4.0 0.0 -2.0 0.0 -2.0 -3.0 -1.0 0.0 -4.0 0.0 -1.0 0.0 -3.0 -2.0 -3.0 -1.0 
0.0 -2.0 -2.0 -4.0 -4.0 -3.0 0.0 -2.0 -3.0 -3.0 -4.0 0.0 0.0 -2.0 -4.0 0.0 -1.0 -4.0 -4.0 -1.0 -1.0 0.0 -1.0 -4.0 -4.0 -1.0 -4.0 -2.0 -4.0 0.0 0.0 -3.0 -4.0 0.0 0.0 0.0 -1.0 232.0 0.0 0.0 -4.0 -1.0 -1.0 -4.0 -4.0 -3.0 -4.0 -4.0 -2.0 -3.0 -2.0 -2.0 -4.0 -2.0 -1.0 0.0 0.0 -4.0 -4.0 -1.0 -3.0 0.0 -1.0 0.0 -2.0 -1.0 0.0 -4.0 -4.0 -4.0 -4.0 -4.0 -2.0 -2.0 -3.0 -3.0 -1.0 0.0 -3.0 0.0 -1.0 -4.0 -3.0 -2.0 0.0 0.0 0.0 -3.0 -4.0 -2.0 -3.0 0.0 -1.0 -4.0 -4.0 -3.0 0.0 0.0 -3.0 -3.0 -3.0 -1.0 -4.0 -2.0 -1.0 0.0 -1.0 -2.0 -2.0 -1.0 -4.0 -3.0 -2.0 0.0 -3.0 
-1.0 -2.0 -3.0 -4.0 -1.0 -1.0 -1.0 0.0 -4.0 -4.0 -1.0 -1.0 -2.0 0.0 -3.0 -2.0 -4.0 -4.0 -2.0 -4.0 -3.0 -2.0 -4.0 0.0 -4.0 -1.0 -2.0 -2.0 -3.0 0.0 -4.0 0.0 -3.0 0.0 -3.0 -3.0 -3.0 -1.0 220.0 -3.0 -1.0 -4.0 -4.0 0.0 -1.0 -3.0 -1.0 -1.0 0.0 -2.0 -1.0 -4.0 -3.0 -2.0 -4.0 -3.0 0.0 -2.0 -2.0 0.0 -1.0 -3.0 0.0 -4.0 -1.0 -2.0 -2.0 0.0 -3.0 -4.0 -1.0 0.0 0.0 -3.0 -1.0 -1.0 -4.0 -3.0 -3.0 -4.0 -3.0 0.0 0.0 -2.0 -2.0 -1.0 -1.0 -3.0 0.0 -2.0 -4.0 0.0 -1.0 -4.0 -4.0 -1.0 -3.0 -1.0 0.0 -1.0 -3.0 0.0 -1.0 -2.0 0.0 -4.0 -1.0 -3.0 -1.0 0.0 0.0 0.0 -4.0 -4.0 -1.0 
-4.0 0.0 -4.0 0.0 -4.0 0.0 -4.0 -3.0 -1.0 -4.0 0.0 -2.0 -3.0 -1.0 -1.0 -2.0 -1.0 -2.0 0.0 -3.0 0.0 -1.0 0.0 0.0 -4.0 -3.0 0.0 -1.0 -4.0 -3.0 -3.0 -3.0 -3.0 -2.0 -1.0 -2.0 0.0 0.0 -3.0 228.0 -4.0 -3.0 -3.0 -2.0 -3.0 -2.0 -3.0 0.0 -1.0 -4.0 0.0 -2.0 0.0 -2.0 -3.0 -1.0 -4.0 -4.0 0.0 -4.0 -4.0 0.0 -2.0 -1.0 0.0 -2.0 -3.0 -4.0 -3.0 0.0 0.0 0.0 -1.0 -4.0 -2.0 -4.0 -2.0 -1.0 -1.0 -3.0 -4.0 -3.0 0.0 -1.0 -1.0 -3.0 0.0 -1.0 -1.0 -4.0 -3.0 -2.0 -3.0 0.0 -2.0 -3.0 -1.0 -4.0 -2.0 -3.0 -2.0 -4.0 -3.0 0.0 -4.0 0.0 -3.0 -4.0 -2.0 -1.0 -2.0 -1.0 -1.0 -2.0 -4.0 
-2.0 -1.0 -1.0 -3.0 -2.0 -3.0 -1.0 0.0 -3.0 0.0 -3.0 -4.0 -4.0 0.0 0.0 -1.0 -1.0 -2.0 -4.0 -2.0 -3.0 0.0 -1.0 -3.0 -3.0 -1.0 0.0 0.0 0.0 -1.0 -2.0 -4.0 -3.0 -1.0 -3.0 0.0 -1.0 0.0 -3.0 -1.0 208.0 0.0 -3.0 -2.0 -3.0 -3.0 -1.0 0.0 -3.0 -4.0 0.0 -4.0 0.0 -1.0 0.0 -2.0 -1.0 -2.0 -3.0 -1.0 -2.0 0.0 0.0 -4.0 -4.0 -3.0 0.0 -1.0 -2.0 -4.0 0.0 -2.0 -3.0 -3.0 -1.0 -1.0 -1.0 -2.0 -2.0 -1.0 -1.0 -4.0 -3.0 -1.0 -3.0 -4.0 -3.0 -3.0 -1.0 -3.0 -4.0 0.0 -2.0 0.0 -2.0 0.0 -3.0 0.0 -2.0 -3.0 -4.0 0.0 -2.0 0.0 -2.0 -3.0 -4.0 -1.0 0.0 -2.0 -1.0 -4.0 -2.0 -1.0 -4.0 
0.0 -2.0 -3.0 -3.0 -1.0 0.0 -3.0 -1.0 -3.0 -1.0 -3.0 -4.0 -1.0 0.0 0.0 -2.0 0.0 -3.0 0.0 -1.0 -2.0 -1.0 -4.0 -4.0 -4.0 0.0 -1.0 -2.0 -4.0 -2.0 -3.0 -4.0 -1.0 -2.0 0.0 -4.0 -3.0 0.0 -3.0 -4.0 -2.0 238.0 -4.0 -2.0 0.0 -4.0 -4.0 -1.0 -1.0 -1.0 -1.0 -2.0 -4.0 -3.0 0.0 -4.0 -1.0 -4.0 -3.0 -4.0 -1.0 -3.0 -1.0 -4.0 -4.0 -4.0 -3.0 0.0 -3.0 0.0 -3.0 0.0 -3.0 -3.0 0.0 0.0 -4.0 -3.0 -1.0 -2.0 0.0 -4.0 -2.0 -1.0 -2.0 0.0 -4.0 -2.0 -1.0 -1.0 -1.0 -4.0 -3.0 -4.0 -1.0 -3.0 -3.0 -4.0 -2.0 -2.0 -3.0 -3.0 -2.0 -3.0 -1.0 -1.0 0.0 -3.0 -2.0 0.0 -2.0 -4.0 -1.0 -3.0 0.0 
-2.0 0.0 -4.0 -4.0 0.0 -2.0 -2.0 -2.0 -2.0 -4.0 -1.0 0.0 -1.0 -4.0 -1.0 -4.0 0.0 -4.0 -1.0 -4.0 -1.0 -3.0 0.0 -2.0 -1.0 -3.0 -1.0 -2.0 0.0 -4.0 -3.0 -3.0 -1.0 -1.0 -3.0 -1.0 0.0 -2.0 -3.0 -3.0 -2.0 -2.0 228.0 -4.0 -3.0 0.0 0.0 -1.0 -2.0 -4.0 -4.0 -2.0 -2.0 -4.0 -3.0 -1.0 -2.0 -4.0 -3.0 0.0 -4.0 -3.0 -1.0 -4.0 -2.0 -2.0 -2.0 0.0 -3.0 -4.0 -3.0 -3.0 0.0 -4.0 0.0 -4.0 -4.0 -2.0 0.0 -2.0 -3.0 -2.0 0.0 -1.0 -3.0 0.0 -1.0 -1.0 -1.0 0.0 -3.0 0.0 -1.0 -2.0 -3.0 -2.0 -3.0 -4.0 -3.0 -1.0 -4.0 -2.0 0.0 0.0 -4.0 0.0 -2.0 -2.0 0.0 -2.0 -2.0 -1.0 0.0 -3.0 -3.0 
-1.0 -1.0 -4.0 -4.0 -4.0 0.0 -3.0 0.0 -4.0 0.0 -4.0 -1.0 -3.0 -2.0 -2.0 -2.0 -1.0 -1.0 -3.0 -2.0 0.0 -4.0 -2.0 -4.0 -4.0 -4.0 0.0 -2.0 -3.0 -3.0 -2.0 0.0 -3.0 -2.0 -1.0 0.0 0.0 -4.0 -3.0 -2.0 -2.0 -1.0 -4.0 247.0 -2.0 0.0 -1.0 -4.0 0.0 -3.0 0.0 -4.0 -3.0 -4.0 -2.0 -1.0 -1.0 0.0 0.0 -4.0 0.0 -3.0 -1.0 -4.0 -1.0 -4.0 0.0 -3.0 0.0 -1.0 -4.0 -2.0 -2.0 -2.0 -2.0 -4.0 -3.0 -4.0 -2.0 -3.0 -3.0 -3.0 -4.0 -1.0 -2.0 -2.0 -4.0 -1.0 0.0 0.0 -3.0 -4.0 -2.0 0.0 -4.0 -2.0 -3.0 0.0 -3.0 -4.0 -4.0 -3.0 -1.0 -3.0 -3.0 -1.0 -1.0 -2.0 -2.0 -2.0 -2.0 -4.0 -3.0 -2.0 -3.0 
-1.0 0.0 0.0 -3.0 -3.0 -3.0 -3.0 -2.0 0.0 0.0 -2.0 0.0 -4.0 -3.0 -2.0 -2.0 -2.0 -1.0 0.0 -3.0 -4.0 -1.0 -1.0 -2.0 0.0 -4.0 0.0 -1.0 -3.0 -1.0 -3.0 -3.0 -2.0 0.0 0.0 -4.0 -4.0 0.0 0.0 0.0 -3.0 0.0 -1.0 -3.0 195.0 -4.0 -4.0 -1.0 0.0 0.0 -4.0 -2.0 -3.0 -2.0 -2.0 0.0 -2.0 0.0 0.0 -1.0 -3.0 -2.0 -2.0 -4.0 -3.0 -4.0 0.0 0.0 0.0 0.0 -1.0 -3.0 -2.0 0.0 -1.0 -1.0 -2.0 -3.0 -2.0 -2.0 -4.0 -1.0 0.0 0.0 -2.0 -4.0 -1.0 0.0 0.0 -3.0 -4.0 0.0 0.0 0.0 -4.0 -2.0 -3.0 -1.0 -2.0 -2.0 0.0 -2.0 0.0 -4.0 -4.0 -3.0 0.0 -4.0 0.0 -2.0 -2.0 -3.0 -1.0 0.0 -3.0 
-2.0 -4.0 -3.0 -2.0 -3.0 -3.0 -4.0 -4.0 -2.0 -3.0 -4.0 0.0 -1.0 0.0 -3.0 -2.0 -1.0 -4.0 -1.0 -4.0 -1.0 -1.0 -2.0 -2.0 -4.0 -4.0 -4.0 -1.0 -2.0 -4.0 -1.0 -3.0 -3.0 -1.0 -1.0 -3.0 -1.0 -2.0 -2.0 -1.0 -4.0 -2.0 -4.0 -3.0 -4.0 254.0 -4.0 -1.0 -4.0 -1.0 -3.0 -2.0 -4.0 0.0 0.0 -4.0 0.0 -2.0 -3.0 -2.0 -2.0 -1.0 -1.0 -2.0 0.0 -1.0 -2.0 0.0 -4.0 -3.0 0.0 -4.0 -2.0 -3.0 -2.0 -4.0 -1.0 -4.0 -2.0 -1.0 0.0 -2.0 -1.0 -1.0 -2.0 -3.0 -4.0 -3.0 -2.0 -2.0 -2.0 -4.0 -3.0 -1.0 -4.0 -2.0 0.0 -2.0 -1.0 -4.0 -1.0 -4.0 0.0 -2.0 -4.0 -3.0 -2.0 -4.0 -1.0 -3.0 -2.0 -1.0 0.0 -3.0 -2.0 
-4.0 -4.0 0.0 0.0 -3.0 0.0 -1.0 -1.0 -3.0 -4.0 -3.0 -1.0 -2.0 -1.0 -1.0 -4.0 -2.0 0.0 -1.0 -3.0 0.0 -1.0 -1.0 0.0 0.0 0.0 -2.0 -2.0 -2.0 -2.0 -2.0 -1.0 -2.0 -2.0 -2.0 0.0 -3.0 -3.0 0.0 -3.0 -4.0 -1.0 0.0 0.0 -4.0 0.0 201.0 -4.0 -3.0 -2.0 0.0 -4.0 -3.0 -2.0 -1.0 -3.0 -1.0 -4.0 -1.0 -1.0 0.0 -2.0 -1.0 -1.0 -3.0 -1.0 -2.0 -2.0 0.0 -1.0 -1.0 -3.0 -2.0 -4.0 -4.0 -4.0 -2.0 -4.0 -3.0 -4.0 0.0 -1.0 -1.0 0.0 -2.0 -3.0 -1.0 -4.0 -2.0 -2.0 -1.0 0.0 -1.0 0.0 -2.0 -4.0 0.0 0.0 0.0 -4.0 0.0 0.0 -3.0 0.0 0.0 0.0 -4.0 -3.0 -3.0 -3.0 -2.0 -3.0 0.0 -2.0 -2.0 
-2.0 -2.0 -1.0 -2.0 -3.0 -3.0 -2.0 -1.0 -1.0 -3.0 0.0 -1.0 0.0 0.0 -1.0 -1.0 -3.0 -4.0 -4.0 0.0 0.0 -2.0 -1.0 0.0 0.0 -1.0 -4.0 -1.0 -1.0 -1.0 0.0 -2.0 -1.0 -3.0 -3.0 -3.0 -4.0 -1.0 -3.0 -1.0 -4.0 -2.0 -4.0 -4.0 -2.0 -1.0 -2.0 250.0 -3.0 -2.0 -1.0 -4.0 -3.0 -4.0 -1.0 -2.0 -4.0 -2.0 -1.0 -2.0 -2.0 -3.0 -4.0 -1.0 -4.0 -3.0 -3.0 -3.0 -4.0 0.0 -4.0 -4.0 0.0 -4.0 -1.0 -2.0 -4.0 -2.0 -4.0 -3.0 -4.0 -3.0 -4.0 -1.0 -2.0 -1.0 -2.0 -3.0 -4.0 -4.0 -1.0 -4.0 0.0 -1.0 -4.0 -4.0 -3.0 -3.0 -3.0 -2.0 0.0 -2.0 -3.0 -3.0 0.0 -3.0 -3.0 -4.0 0.0 -2.0 -3.0 -1.0 -3.0 -1.0 0.0 
-1.0 -2.0 -4.0 -3.0 -4.0 -4.0 0.0 -3.0 -3.0 -2.0 -3.0 0.0 0.0 0.0 -4.0 -4.0 -2.0 -3.0 0.0 -4.0 -4.0 -2.0 0.0 0.0 0.0 0.0 -1.0 -2.0 -3.0 -1.0 -4.0 -1.0 -2.0 -3.0 -3.0 -2.0 -2.0 0.0 0.0 -4.0 -4.0 -1.0 -3.0 -1.0 -2.0 -4.0 -1.0 -1.0 234.0 -2.0 -2.0 -2.0 -4.0 0.0 0.0 -1.0 -1.0 -2.0 -3.0 0.0 0.0 -4.0 0.0 0.0 -3.0 -4.0 -1.0 -3.0 -4.0 -3.0 -2.0 -1.0 -2.0 -4.0 -1.0 -2.0 -4.0 -3.0 0.0 -1.0 0.0 -2.0 -1.0 -2.0 -2.0 -1.0 -2.0 -1.0 -4.0 -2.0 -3.0 -4.0 -1.0 -1.0 -3.0 -4.0 -4.0 -3.0 -2.0 -3.0 -4.0 -2.0 -1.0 -2.0 -3.0 -2.0 -3.0 0.0 -3.0 -1.0 -3.0 -3.0 -3.0 -2.0 -1.0 
-3.0 -4.0 -2.0 -1.0 0.0 -2.0 0.0 0.0 -4.0 -2.0 -1.0 -1.0 -3.0 -4.0 -2.0 -3.0 -2.0 -4.0 0.0 -2.0 -1.0 -1.0 -3.0 -4.0 -4.0 0.0 0.0 -3.0 -2.0 0.0 -3.0 -3.0 -3.0 0.0 -2.0 -4.0 -3.0 -4.0 0.0 0.0 -2.0 -2.0 0.0 0.0 -4.0 -2.0 -2.0 0.0 -4.0 229.0 -1.0 -3.0 -3.0 -2.0 0.0 -3.0 0.0 -2.0 -3.0 -4.0 -4.0 -3.0 -1.0 -4.0 -2.0 -3.0 0.0 -2.0 0.0 0.0 -4.0 -2.0 0.0 0.0 0.0 -4.0 -1.0 -1.0 -4.0 -4.0 -4.0 0.0 -4.0 -3.0 -2.0 0.0 -4.0 -3.0 -2.0 0.0 -4.0 -3.0 -3.0 -1.0 -2.0 -2.0 -1.0 -2.0 -4.0 -1.0 -2.0 0.0 -4.0 -1.0 -1.0 -3.0 0.0 -2.0 -2.0 -3.0 -2.0 -2.0 -1.0 -4.0 -1.0 
-1.0 0.0 -4.0 -1.0 -2.0 -3.0 -2.0 -4.0 0.0 0.0 0.0 -4.0 -1.0 -1.0 -1.0 -3.0 -4.0 -4.0 -4.0 -4.0 -2.0 -3.0 -1.0 -2.0 -3.0 -1.0 -4.0 0.0 -4.0 -2.0 -1.0 -4.0 -2.0 -4.0 -4.0 0.0 -4.0 -3.0 -4.0 -3.0 0.0 -3.0 -3.0 -3.0 -2.0 -4.0 -2.0 0.0 -3.0 -2.0 255.0 -4.0 -1.0 0.0 -3.0 -4.0 -1.0 0.0 -3.0 0.0 0.0 0.0 -4.0 -2.0 -2.0 -3.0 -4.0 -4.0 -2.0 -1.0 -2.0 0.0 -3.0 -1.0 -1.0 -4.0 -3.0 -2.0 -3.0 -4.0 0.0 -2.0 -4.0 -1.0 -2.0 -3.0 0.0 -1.0 0.0 -2.0 -1.0 -4.0 0.0 -4.0 0.0 0.0 -2.0 -3.0 -2.0 -3.0 0.0 -4.0 -4.0 -4.0 -4.0 -4.0 -4.0 -3.0 0.0 -3.0 -3.0 -3.0 -1.0 -4.0 -3.0 
-2.0 -3.0 -1.0 -3.0 -4.0 -4.0 -2.0 -4.0 -4.0 -2.0 -1.0 -4.0 -1.0 -3.0 -1.0 0.0 -3.0 -4.0 -3.0 -3.0 0.0 -2.0 -1.0 -4.0 -4.0 -3.0 -4.0 0.0 0.0 -3.0 0.0 -3.0 -3.0 0.0 -4.0 -3.0 -2.0 -4.0 -2.0 -1.0 -2.0 -2.0 -2.0 -4.0 -2.0 -1.0 -4.0 -3.0 -2.0 0.0 0.0 231.0 -2.0 0.0 0.0 0.0 -3.0 0.0 0.0 -2.0 -2.0 0.0 0.0 -4.0 0.0 -3.0 -4.0 -4.0 -1.0 -3.0 -3.0 0.0 -2.0 -2.0 -1.0 -4.0 -4.0 0.0 -2.0 0.0 -1.0 -3.0 0.0 -3.0 -1.0 -1.0 -1.0 -3.0 -4.0 -4.0 -2.0 -2.0 -3.0 -1.0 -4.0 0.0 -1.0 -1.0 -3.0 0.0 0.0 -4.0 0.0 -1.0 -4.0 -2.0 -1.0 -4.0 -1.0 0.0 -4.0 -3.0 -2.0 -3.0 -1.0 
-2.0 -1.0 -3.0 -4.0 0.0 -4.0 -1.0 -2.0 0.0 -4.0 -2.0 -1.0 0.0 -4.0 -4.0 0.0 0.0 -1.0 -3.0 -2.0 0.0 -2.0 -2.0 -3.0 -1.0 -2.0 -3.0 -4.0 -2.0 -3.0 -1.0 -1.0 -4.0 -4.0 -4.0 -4.0 -3.0 0.0 -2.0 -2.0 -3.0 -4.0 -1.0 -4.0 -1.0 0.0 0.0 0.0 -2.0 -1.0 -3.0 0.0 232.0 -3.0 -1.0 -4.0 -1.0 -3.0 -2.0 -1.0 0.0 -3.0 0.0 -1.0 0.0 0.0 -3.0 -1.0 -3.0 -1.0 -4.0 -4.0 -3.0 -4.0 -2.0 -3.0 -2.0 -2.0 -2.0 0.0 0.0 -3.0 0.0 0.0 -3.0 -2.0 0.0 -3.0 0.0 -4.0 -3.0 -4.0 -4.0 -4.0 -4.0 -2.0 -4.0 -3.0 -2.0 -3.0 -2.0 -1.0 0.0 -3.0 -1.0 -2.0 -2.0 -3.0 -1.0 -2.0 -2.0 -2.0 -3.0 -3.0 0.0 
-2.0 -3.0 -4.0 -3.0 0.0 -2.0 -4.0 -1.0 -2.0 -2.0 -1.0 0.0 -4.0 0.0 -3.0 0.0 -3.0 -2.0 0.0 -3.0 -4.0 -4.0 -2.0 -4.0 -4.0 -4.0 -3.0 0.0 -1.0 -1.0 0.0 0.0 -3.0 -3.0 -2.0 0.0 0.0 -2.0 -2.0 -1.0 -4.0 -1.0 -2.0 0.0 -2.0 -2.0 -2.0 -2.0 -1.0 -1.0 -1.0 -2.0 -2.0 237.0 -1.0 -3.0 -2.0 -4.0 -3.0 -4.0 -2.0 0.0 -4.0 -3.0 -4.0 -4.0 0.0 0.0 -4.0 -4.0 -3.0 -2.0 -4.0 -1.0 -1.0 -2.0 0.0 -4.0 -4.0 -2.0 -2.0 -2.0 0.0 0.0 -4.0 -4.0 0.0 -2.0 -1.0 -2.0 -1.0 -3.0 -3.0 -3.0 -2.0 -3.0 -3.0 -4.0 -4.0 -2.0 -2.0 -3.0 0.0 -4.0 -4.0 0.0 0.0 -1.0 -1.0 0.0 -2.0 -4.0 -1.0 -1.0 -3.0 
-3.0 -1.0 0.0 -2.0 0.0 0.0 -1.0 0.0 -4.0 -3.0 -2.0 -1.0 -3.0 0.0 0.0 -1.0 -3.0 0.0 0.0 -2.0 -1.0 -1.0 -1.0 -1.0 -3.0 -4.0 -2.0 -1.0 0.0 -2.0 -3.0 -4.0 -3.0 0.0 -2.0 -2.0 -2.0 -1.0 -4.0 -2.0 -1.0 -4.0 -4.0 -4.0 -3.0 -1.0 0.0 -4.0 -1.0 -4.0 -1.0 -1.0 -4.0 0.0 237.0 0.0 -1.0 -3.0 -2.0 -1.0 -4.0 -1.0 -3.0 0.0 -4.0 -3.0 -2.0 -4.0 -1.0 -3.0 -1.0 -4.0 -4.0 -2.0 -4.0 -3.0 0.0 -4.0 -1.0 -1.0 -4.0 -4.0 -2.0 -4.0 -3.0 0.0 -4.0 -4.0 -3.0 -1.0 -1.0 -1.0 0.0 -4.0 -1.0 -3.0 -1.0 -4.0 -4.0 -2.0 -1.0 -3.0 -4.0 -3.0 -4.0 -1.0 0.0 -3.0 -4.0 0.0 -2.0 -1.0 -4.0 -4.0 0.0 
-4.0 0.0 -3.0 -1.0 -1.0 -4.0 -3.0 -3.0 -2.0 -4.0 -2.0 -1.0 -2.0 -4.0 0.0 0.0 -1.0 -3.0 -2.0 -1.0 -3.0 -3.0 -3.0 -1.0 -3.0 -4.0 -4.0 -4.0 -3.0 -4.0 -1.0 -1.0 -4.0 -3.0 -3.0 -2.0 -4.0 -3.0 -2.0 -3.0 0.0 -4.0 -4.0 -4.0 0.0 -4.0 -3.0 -1.0 0.0 -2.0 0.0 -3.0 -2.0 -1.0 -2.0 243.0 -3.0 -1.0 -3.0 -4.0 -3.0 -3.0 -3.0 0.0 -3.0 -2.0 -2.0 0.0 -2.0 0.0 -3.0 0.0 0.0 -4.0 -1.0 -2.0 -2.0 -2.0 0.0 -4.0 -1.0 0.0 -1.0 -3.0 -1.0 -1.0 -1.0 -2.0 -4.0 -4.0 0.0 -4.0 0.0 -3.0 -4.0 -1.0 -2.0 -1.0 0.0 -4.0 -1.0 -4.0 -4.0 0.0 -3.0 -3.0 -3.0 0.0 -3.0 0.0 -1.0 -3.0 -3.0 -2.0 0.0 
-2.0 -1.0 -3.0 0.0 -2.0 -2.0 0.0 0.0 -2.0 -2.0 -1.0 -2.0 -4.0 -3.0 -2.0 -2.0 -1.0 0.0 -1.0 0.0 -1.0 -4.0 -2.0 -2.0 -3.0 0.0 -4.0 0.0 0.0 -1.0 0.0 0.0 -2.0 -1.0 -3.0 -1.0 0.0 -2.0 0.0 0.0 -4.0 -2.0 -1.0 0.0 0.0 -3.0 0.0 -2.0 -1.0 -2.0 -4.0 -4.0 0.0 -1.0 -4.0 -2.0 221.0 -4.0 0.0 0.0 -3.0 -2.0 -2.0 -4.0 0.0 -4.0 -3.0 -4.0 -1.0 -4.0 -2.0 -1.0 -2.0 -3.0 -4.0 -4.0 -1.0 -1.0 -4.0 -1.0 -2.0 -2.0 -3.0 0.0 -2.0 -1.0 -4.0 0.0 0.0 -2.0 -2.0 0.0 -1.0 -3.0 -3.0 -4.0 -4.0 -4.0 -3.0 -3.0 -4.0 -4.0 -4.0 -4.0 -3.0 -3.0 -1.0 -2.0 -1.0 -2.0 -2.0 0.0 -3.0 -3.0 -2.0 
-1.0 -4.0 -2.0 -2.0 -2.0 0.0 -1.0 -4.0 -4.0 0.0 -2.0 -1.0 -2.0 0.0 -1.0 -2.0 0.0 0.0 -1.0 -4.0 -2.0 -2.0 -1.0 -1.0 -2.0 -4.0 0.0 0.0 0.0 -2.0 -4.0 -1.0 -3.0 -4.0 -4.0 0.0 0.0 0.0 -3.0 -4.0 0.0 0.0 -4.0 -2.0 0.0 -2.0 -4.0 -2.0 0.0 -3.0 -1.0 -3.0 -2.0 0.0 -1.0 -4.0 -4.0 208.0 -2.0 -1.0 0.0 -1.0 0.0 -1.0 0.0 -1.0 -3.0 -2.0 -2.0 -2.0 -3.0 0.0 0.0 -3.0 -3.0 -3.0 0.0 -3.0 0.0 -2.0 -1.0 -1.0 -1.0 -1.0 -4.0 -1.0 0.0 -2.0 -4.0 0.0 0.0 -1.0 -3.0 -1.0 -3.0 -4.0 0.0 -2.0 -2.0 -2.0 -4.0 -3.0 -1.0 -2.0 -4.0 -4.0 -2.0 -3.0 -1.0 -3.0 -2.0 -2.0 -3.0 -4.0 -3.0 
-1.0 -4.0 0.0 -2.0 0.0 -1.0 -3.0 -3.0 -1.0 -4.0 -3.0 -3.0 0.0 -2.0 0.0 -4.0 -4.0 -1.0 0.0 -4.0 -2.0 -4.0 -3.0 -4.0 -3.0 0.0 -1.0 -3.0 0.0 -4.0 -3.0 -2.0 -4.0 -2.0 -3.0 -3.0 0.0 0.0 -2.0 -1.0 -1.0 -2.0 -2.0 -4.0 -2.0 0.0 -2.0 -2.0 -4.0 -4.0 0.0 -2.0 -2.0 -4.0 -4.0 -2.0 -1.0 -2.0 223.0 -2.0 -1.0 -1.0 -2.0 -4.0 0.0 -1.0 -1.0 0.0 -3.0 -2.0 -4.0 -1.0 -4.0 0.0 -2.0 -2.0 -1.0 -2.0 -3.0 -1.0 0.0 -3.0 -3.0 0.0 0.0 -4.0 -1.0 0.0 0.0 -2.0 -3.0 -4.0 -3.0 -4.0 0.0 0.0 -3.0 -1.0 -4.0 -1.0 0.0 0.0 -2.0 0.0 -1.0 -4.0 -1.0 -3.0 -3.0 -2.0 -2.0 0.0 0.0 -4.0 -4.0 
0.0 0.0 -3.0 -3.0 0.0 -2.0 -2.0 -3.0 -4.0 0.0 -1.0 0.0 0.0 -1.0 -4.0 -2.0 -3.0 -4.0 -4.0 -2.0 -2.0 -3.0 -3.0 0.0 -2.0 -2.0 0.0 -4.0 -1.0 0.0 -1.0 -2.0 -2.0 -3.0 0.0 -3.0 0.0 0.0 -2.0 -2.0 -3.0 0.0 0.0 -4.0 -3.0 -3.0 -4.0 -4.0 0.0 -1.0 -2.0 -3.0 -3.0 -1.0 -2.0 -1.0 -3.0 -4.0 -2.0 224.0 -4.0 -4.0 -4.0 -2.0 0.0 0.0 -1.0 -4.0 -3.0 0.0 -4.0 0.0 -1.0 0.0 -4.0 0.0 -4.0 -2.0 0.0 -2.0 -3.0 -3.0 0.0 -2.0 -4.0 -4.0 -4.0 0.0 -3.0 -4.0 0.0 -1.0 0.0 -2.0 -2.0 0.0 -4.0 -3.0 -1.0 -4.0 -1.0 -1.0 -2.0 0.0 -3.0 -3.0 -3.0 -2.0 -2.0 -1.0 -3.0 -3.0 0.0 -3.0 -1.0 
-4.0 0.0 0.0 -4.0 -3.0 -1.0 -1.0 -1.0 -3.0 -3.0 -3.0 0.0 -4.0 -4.0 -3.0 -3.0 -4.0 -3.0 -3.0 -1.0 0.0 -4.0 0.0 -1.0 -4.0 -2.0 0.0 -4.0 -3.0 -3.0 -2.0 -4.0 -4.0 -1.0 -3.0 -2.0 -2.0 -3.0 0.0 0.0 -4.0 -3.0 0.0 -4.0 -3.0 -2.0 -3.0 -1.0 -4.0 0.0 0.0 -4.0 -3.0 -4.0 -2.0 0.0 0.0 -4.0 -4.0 -3.0 244.0 -1.0 -4.0 -3.0 -1.0 -4.0 -2.0 0.0 -4.0 -1.0 -2.0 -2.0 0.0 -2.0 -1.0 -1.0 -1.0 -4.0 0.0 -4.0 -1.0 -1.0 -2.0 -1.0 -3.0 -4.0 -2.0 -1.0 0.0 -3.0 0.0 -1.0 0.0 -2.0 -1.0 -3.0 0.0 -3.0 0.0 -2.0 -3.0 -3.0 0.0 -4.0 -3.0 -3.0 -4.0 -4.0 -3.0 -1.0 -3.0 -2.0 -4.0 -1.0 -1.0 
-1.0 -3.0 -3.0 -2.0 0.0 -4.0 -3.0 -2.0 -4.0 -1.0 -1.0 -4.0 -2.0 -3.0 -3.0 -2.0 -1.0 -4.0 -4.0 0.0 -3.0 -4.0 0.0 -3.0 -2.0 0.0 0.0 -2.0 -4.0 -4.0 -1.0 0.0 -3.0 -4.0 0.0 -2.0 0.0 -2.0 -2.0 -4.0 -3.0 -2.0 0.0 -1.0 0.0 -2.0 -1.0 -3.0 0.0 -2.0 -2.0 -2.0 -4.0 0.0 -2.0 -2.0 0.0 -4.0 -3.0 -2.0 0.0 226.0 -2.0 -4.0 -2.0 0.0 0.0 -1.0 0.0 -3.0 -3.0 -2.0 -4.0 -3.0 -3.0 -2.0 -4.0 -2.0 -1.0 -3.0 -4.0 -3.0 -1.0 -3.0 -2.0 -1.0 0.0 -1.0 -1.0 -2.0 -1.0 0.0 -4.0 -3.0 -3.0 -3.0 0.0 -4.0 0.0 -3.0 -2.0 -1.0 -1.0 -1.0 -1.0 0.0 -3.0 -2.0 -4.0 -1.0 -3.0 0.0 -4.0 -1.0 -2.0 
-2.0 -1.0 -2.0 -4.0 -3.0 -2.0 -4.0 -3.0 -1.0 0.0 -4.0 -1.0 -1.0 -1.0 -1.0 -3.0 -2.0 -3.0 -2.0 -1.0 -2.0 -4.0 0.0 -3.0 -1.0 -1.0 0.0 -2.0 -4.0 -2.0 -1.0 -1.0 -3.0 -3.0 -1.0 -2.0 -1.0 -1.0 0.0 0.0 -4.0 -1.0 -1.0 -2.0 -2.0 -2.0 -2.0 -1.0 -4.0 -1.0 -4.0 -3.0 0.0 -3.0 -2.0 0.0 -4.0 -1.0 -1.0 -4.0 -3.0 -2.0 207.0 -2.0 -1.0 -1.0 -3.0 -2.0 -3.0 -2.0 0.0 -3.0 -3.0 -1.0 -2.0 -2.0 -2.0 -1.0 -3.0 -3.0 -1.0 -3.0 0.0 0.0 -4.0 -4.0 -2.0 -2.0 -1.0 -2.0 0.0 -4.0 -1.0 0.0 -4.0 0.0 -1.0 -4.0 -2.0 -3.0 -2.0 0.0 0.0 0.0 -2.0 -1.0 -2.0 -4.0 0.0 0.0 0.0 -1.0 -2.0 -1.0 0.0 
-2.0 0.0 0.0 -2.0 0.0 -1.0 -3.0 -4.0 0.0 -4.0 -1.0 0.0 -1.0 -4.0 -1.0 -2.0 -2.0 -3.0 -1.0 0.0 -3.0 -2.0 0.0 -2.0 0.0 0.0 -3.0 -2.0 0.0 -4.0 -4.0 -1.0 -2.0 -1.0 0.0 -4.0 0.0 -2.0 -4.0 -2.0 -3.0 -2.0 -3.0 -4.0 -1.0 -3.0 0.0 -4.0 -3.0 -3.0 -4.0 -4.0 -1.0 -1.0 -2.0 -3.0 0.0 -4.0 0.0 -2.0 -2.0 -1.0 -1.0 218.0 -2.0 -4.0 -3.0 -4.0 -2.0 -4.0 -4.0 -1.0 -3.0 -3.0 -1.0 -1.0 -1.0 -2.0 0.0 -4.0 0.0 0.0 -4.0 -4.0 0.0 -2.0 -4.0 -1.0 -3.0 -1.0 0.0 0.0 0.0 -4.0 -4.0 -4.0 -2.0 0.0 0.0 -3.0 -3.0 -2.0 -4.0 -3.0 -2.0 0.0 -1.0 -1.0 -2.0 -1.0 -3.0 -2.0 -1.0 0.0 0.0 
-2.0 -1.0 -4.0 -4.0 -3.0 -4.0 -2.0 -2.0 -1.0 -4.0 -3.0 0.0 -1.0 -1.0 -3.0 -1.0 -1.0 -4.0 -4.0 -1.0 -2.0 -4.0 -3.0 -3.0 -2.0 -4.0 -2.0 -4.0 -4.0 -4.0 -1.0 0.0 -4.0 -4.0 -4.0 -3.0 -4.0 -4.0 -1.0 -1.0 0.0 -2.0 -4.0 -1.0 -1.0 0.0 -1.0 -3.0 -3.0 -1.0 -2.0 0.0 -2.0 0.0 -4.0 -3.0 -3.0 0.0 -4.0 -4.0 -4.0 -1.0 -2.0 -3.0 250.0 -4.0 -2.0 -2.0 0.0 -3.0 -3.0 -4.0 -4.0 0.0 0.0 -4.0 -1.0 -3.0 0.0 -4.0 -3.0 -1.0 -1.0 -1.0 0.0 -1.0 -2.0 -3.0 -2.0 0.0 0.0 -3.0 0.0 -2.0 -2.0 -1.0 0.0 0.0 -3.0 -3.0 -4.0 -4.0 -1.0 -4.0 -4.0 -4.0 -3.0 -4.0 0.0 -3.0 0.0 0.0 -2.0 -1.0 -2.0 
-1.0 -3.0 0.0 0.0 -3.0 -1.0 -4.0 -1.0 0.0 -2.0 0.0 0.0 -2.0 -2.0 -3.0 0.0 -3.0 -3.0 -1.0 -3.0 0.0 0.0 0.0 -3.0 -2.0 -2.0 -1.0 -2.0 -2.0 -1.0 -2.0 -2.0 -1.0 -2.0 -4.0 -1.0 -3.0 -4.0 -2.0 -4.0 -1.0 -2.0 0.0 -2.0 -1.0 -4.0 -1.0 -4.0 -1.0 -1.0 -2.0 -3.0 -1.0 -3.0 -1.0 -3.0 -2.0 -2.0 -4.0 0.0 -2.0 0.0 -1.0 -3.0 -1.0 216.0 -3.0 -4.0 0.0 -3.0 0.0 -4.0 -4.0 0.0 -2.0 0.0 0.0 -1.0 -4.0 -4.0 -2.0 -2.0 0.0 -3.0 -1.0 -4.0 -3.0 -4.0 -2.0 0.0 -4.0 0.0 -4.0 -4.0 0.0 0.0 -4.0 0.0 -2.0 -4.0 -2.0 0.0 -4.0 -4.0 -4.0 0.0 -1.0 -4.0 0.0 -3.0 -2.0 0.0 -2.0 -2.0 -1.0 
-4.0 -4.0 -1.0 0.0 -3.0 -2.0 -2.0 -4.0 -3.0 -2.0 -4.0 -2.0 -4.0 -2.0 -4.0 -3.0 -3.0 0.0 -4.0 -2.0 -3.0 -3.0 -4.0 0.0 -2.0 -4.0 -2.0 -2.0 -3.0 -1.0 -2.0 0.0 -3.0 -3.0 -2.0 -3.0 -2.0 0.0 -2.0 -1.0 0.0 -4.0 -3.0 -3.0 -3.0 -3.0 -3.0 0.0 -4.0 -1.0 -3.0 -2.0 0.0 0.0 -3.0 0.0 0.0 0.0 -3.0 -4.0 -3.0 -2.0 -3.0 -1.0 -3.0 -1.0 234.0 -2.0 -3.0 -2.0 -4.0 0.0 0.0 -2.0 -4.0 -1.0 -4.0 -4.0 -1.0 -2.0 -2.0 0.0 -1.0 0.0 -4.0 0.0 -3.0 0.0 -4.0 0.0 -2.0 -3.0 -3.0 0.0 -1.0 -1.0 -1.0 0.0 -4.0 -2.0 -3.0 -2.0 0.0 -3.0 -2.0 -2.0 -1.0 0.0 -2.0 0.0 -4.0 -1.0 -4.0 -3.0 0.0 
-2.0 -1.0 0.0 -1.0 -2.0 0.0 -1.0 -4.0 0.0 -4.0 -1.0 -1.0 -3.0 0.0 -3.0 -1.0 -1.0 0.0 -1.0 -4.0 -4.0 0.0 -1.0 -2.0 -1.0 -4.0 -1.0 -3.0 -3.0 -2.0 0.0 -1.0 -3.0 -1.0 -4.0 -4.0 -3.0 -1.0 -4.0 -1.0 -3.0 -1.0 -3.0 -1.0 -2.0 -4.0 -1.0 -3.0 -3.0 0.0 -2.0 0.0 -4.0 -3.0 -1.0 -3.0 -1.0 -2.0 0.0 -3.0 -4.0 -2.0 0.0 -2.0 0.0 -3.0 -4.0 229.0 -2.0 0.0 -1.0 -4.0 -3.0 -4.0 0.0 -1.0 -4.0 0.0 -2.0 -2.0 -3.0 -2.0 -4.0 -4.0 0.0 0.0 -1.0 -2.0 -2.0 -3.0 -4.0 -4.0 -4.0 0.0 -4.0 0.0 -1.0 -3.0 -2.0 -4.0 -1.0 -1.0 -3.0 -1.0 -2.0 -2.0 0.0 -2.0 -2.0 -4.0 -2.0 -4.0 -3.0 -1.0 -3.0 
-4.0 -2.0 0.0 0.0 -3.0 -3.0 0.0 -2.0 -3.0 -2.0 -3.0 -3.0 -4.0 -1.0 -3.0 0.0 -2.0 0.0 -2.0 -3.0 0.0 -3.0 0.0 0.0 -4.0 0.0 0.0 -2.0 -2.0 -1.0 -2.0 -3.0 -1.0 -4.0 -2.0 0.0 -3.0 -4.0 -2.0 -4.0 0.0 -3.0 -4.0 -4.0 -2.0 -2.0 -3.0 -3.0 -1.0 0.0 -3.0 -2.0 -2.0 -1.0 0.0 -3.0 -1.0 -1.0 -2.0 -3.0 -3.0 0.0 -4.0 0.0 -4.0 -3.0 -1.0 -1.0 224.0 -3.0 0.0 -3.0 -1.0 -4.0 -3.0 -3.0 -4.0 0.0 -2.0 -1.0 0.0 -2.0 -1.0 -1.0 -3.0 -4.0 -2.0 -3.0 -1.0 0.0 0.0 -3.0 -1.0 0.0 0.0 -4.0 0.0 -2.0 -1.0 0.0 -4.0 -1.0 -2.0 -4.0 -4.0 -4.0 0.0 -3.0 -1.0 -4.0 -4.0 -2.0 0.0 -3.0 -3.0 
-2.0 -4.0 -4.0 -2.0 -4.0 0.0 -2.0 -2.0 0.0 -1.0 -1.0 0.0 -1.0 0.0 -3.0 -3.0 -4.0 -4.0 0.0 -3.0 0.0 0.0 0.0 -3.0 -2.0 -2.0 -1.0 -1.0 -3.0 0.0 -1.0 -4.0 0.0 -4.0 -4.0 -4.0 0.0 -3.0 0.0 -3.0 0.0 -4.0 -2.0 -4.0 -4.0 -2.0 -1.0 -1.0 -3.0 -1.0 -1.0 0.0 -3.0 -1.0 -1.0 -1.0 -3.0 -3.0 -2.0 0.0 0.0 -1.0 -1.0 0.0 -2.0 0.0 -2.0 -3.0 -2.0 213.0 -2.0 -4.0 -2.0 -4.0 -2.0 0.0 -2.0 -2.0 0.0 0.0 -4.0 -4.0 -3.0 -3.0 -1.0 -4.0 -1.0 -4.0 -2.0 -2.0 -1.0 -4.0 0.0 0.0 -4.0 0.0 -4.0 -4.0 -4.0 0.0 -1.0 -3.0 0.0 -1.0 -3.0 0.0 -3.0 -2.0 0.0 -4.0 -2.0 0.0 -2.0 -2.0 0.0 
-4.0 -4.0 -4.0 -3.0 0.0 -3.0 0.0 -2.0 -3.0 -4.0 -4.0 -4.0 -2.0 -4.0 -3.0 -4.0 -1.0 0.0 -3.0 -3.0 -3.0 0.0 -1.0 -4.0 -3.0 -3.0 0.0 -2.0 -2.0 0.0 -4.0 -4.0 -1.0 -2.0 -4.0 -4.0 -3.0 -1.0 -2.0 -2.0 0.0 -1.0 -3.0 -1.0 -3.0 -4.0 0.0 0.0 -3.0 -2.0 -1.0 -4.0 0.0 -3.0 -2.0 -2.0 0.0 -2.0 -3.0 -1.0 -3.0 -4.0 -4.0 -4.0 -4.0 -3.0 -3.0 -1.0 -3.0 0.0 260.0 0.0 -4.0 -2.0 -2.0 -1.0 -3.0 -2.0 0.0 -4.0 -2.0 -3.0 -4.0 -1.0 -4.0 -2.0 -2.0 -3.0 -3.0 -1.0 0.0 -3.0 -3.0 -1.0 0.0 -3.0 -2.0 -4.0 -3.0 -2.0 -3.0 -3.0 0.0 -3.0 0.0 -4.0 -3.0 0.0 0.0 -3.0 -4.0 -4.0 -4.0 -1.0 0.0 
-1.0 -3.0 -4.0 -2.0 -1.0 -1.0 -4.0 -2.0 -2.0 -3.0 0.0 -1.0 -1.0 -1.0 -4.0 -1.0 -1.0 -1.0 -1.0 -2.0 -3.0 -3.0 -3.0 -2.0 -2.0 -3.0 -2.0 -1.0 -4.0 -4.0 0.0 -3.0 -4.0 -2.0 -4.0 0.0 -2.0 0.0 -1.0 0.0 -4.0 -3.0 -4.0 -3.0 -2.0 -3.0 -2.0 -4.0 -1.0 0.0 -2.0 -3.0 -3.0 -2.0 -4.0 -3.0 -2.0 0.0 -4.0 -4.0 -2.0 -3.0 -2.0 0.0 -2.0 -3.0 -1.0 -2.0 -4.0 0.0 0.0 240.0 -1.0 -3.0 -2.0 -3.0 -4.0 -1.0 -2.0 -1.0 -3.0 -1.0 -2.0 -2.0 0.0 -1.0 -3.0 0.0 -2.0 -4.0 0.0 -4.0 -4.0 -3.0 -2.0 -4.0 -4.0 -2.0 -1.0 0.0 0.0 -3.0 -3.0 -2.0 -3.0 -1.0 0.0 -3.0 0.0 -4.0 0.0 -3.0 -3.0 -4.0 -1.0 
-2.0 -4.0 -3.0 -1.0 -1.0 -2.0 0.0 -1.0 -3.0 -1.0 -2.0 -3.0 -3.0 -1.0 -4.0 -2.0 -1.0 -1.0 -3.0 -3.0 -4.0 0.0 -1.0 -1.0 -1.0 -1.0 -1.0 -4.0 -4.0 -2.0 -4.0 0.0 -1.0 -1.0 -4.0 -1.0 -4.0 -2.0 -2.0 -3.0 -1.0 -1.0 0.0 -3.0 -2.0 -4.0 -3.0 -2.0 -2.0 -2.0 -4.0 -4.0 -1.0 -3.0 0.0 -1.0 -1.0 0.0 0.0 -4.0 -1.0 -2.0 -4.0 0.0 -1.0 -3.0 -2.0 -4.0 -3.0 -3.0 -4.0 -1.0 218.0 -3.0 -2.0 -4.0 0.0 -3.0 -3.0 -3.0 -1.0 -3.0 -3.0 0.0 0.0 -2.0 0.0 -1.0 -3.0 0.0 -3.0 0.0 -4.0 -4.0 -1.0 -1.0 0.0 -4.0 -2.0 -1.0 -1.0 -2.0 -1.0 0.0 -1.0 -1.0 -2.0 -2.0 -2.0 -3.0 -1.0 0.0 -1.0 -2.0 0.0 
0.0 0.0 0.0 0.0 0.0 -1.0 -2.0 -3.0 -2.0 -1.0 0.0 -3.0 -3.0 -2.0 0.0 0.0 -1.0 -1.0 -2.0 -4.0 -2.0 -3.0 -3.0 0.0 -1.0 -3.0 -4.0 -3.0 0.0 -1.0 -1.0 0.0 -3.0 -3.0 -2.0 -3.0 -4.0 -1.0 -3.0 -4.0 -2.0 0.0 -4.0 -1.0 -2.0 -4.0 -4.0 -2.0 -3.0 -3.0 -3.0 -4.0 0.0 0.0 0.0 -1.0 -4.0 -2.0 -3.0 -2.0 -4.0 0.0 -4.0 -4.0 0.0 -1.0 -4.0 -2.0 0.0 -3.0 0.0 -3.0 -4.0 224.0 -2.0 -4.0 0.0 0.0 -2.0 -2.0 -3.0 -2.0 0.0 -1.0 -3.0 -4.0 0.0 -3.0 -3.0 -2.0 -4.0 -1.0 -3.0 0.0 -1.0 0.0 -1.0 -2.0 -2.0 -1.0 0.0 -3.0 -2.0 -4.0 -3.0 -4.0 -2.0 -4.0 -1.0 -4.0 0.0 0.0 -1.0 -4.0 -4.0 
0.0 -1.0 -1.0 -1.0 -1.0 -3.0 -3.0 -2.0 -3.0 0.0 0.0 -3.0 -4.0 -1.0 -1.0 -3.0 -2.0 -2.0 -4.0 -3.0 -2.0 -4.0 0.0 -2.0 -4.0 -1.0 -4.0 -1.0 -3.0 -3.0 -3.0 -1.0 0.0 -4.0 -4.0 -1.0 -2.0 -2.0 -1.0 -4.0 -4.0 -1.0 0.0 0.0 -1.0 0.0 -1.0 -3.0 -1.0 -3.0 -2.0 -1.0 -2.0 0.0 -2.0 -4.0 -4.0 -1.0 -4.0 0.0 -1.0 0.0 0.0 -4.0 -4.0 -2.0 -1.0 0.0 -2.0 -4.0 -2.0 -4.0 -3.0 -2.0 215.0 -1.0 -3.0 -3.0 -4.0 -1.0 -4.0 -2.0 -1.0 0.0 -1.0 -1.0 0.0 0.0 -1.0 -3.0 0.0 0.0 -2.0 -1.0 0.0 0.0 0.0 -2.0 -1.0 -2.0 -2.0 -4.0 -4.0 0.0 0.0 -4.0 -2.0 -3.0 -2.0 0.0 -4.0 -1.0 -4.0 -1.0 -4.0 
-4.0 -4.0 -2.0 -3.0 -2.0 -2.0 -4.0 -1.0 -4.0 -3.0 0.0 -4.0 -1.0 -3.0 -3.0 0.0 -2.0 -2.0 -3.0 -1.0 0.0 -1.0 0.0 -1.0 -1.0 -3.0 -2.0 -4.0 0.0 -3.0 -2.0 -1.0 0.0 -4.0 -2.0 -1.0 -3.0 -3.0 0.0 -1.0 -1.0 -2.0 0.0 -2.0 0.0 -3.0 -3.0 -2.0 -4.0 -3.0 -4.0 -3.0 -4.0 -1.0 0.0 -4.0 -4.0 0.0 -1.0 -3.0 -4.0 -2.0 0.0 -2.0 -1.0 -2.0 -2.0 0.0 0.0 -4.0 -2.0 -4.0 0.0 -2.0 -4.0 236.0 -1.0 -1.0 -4.0 -1.0 0.0 -4.0 -2.0 -2.0 0.0 0.0 -2.0 -2.0 -3.0 -1.0 -4.0 -3.0 0.0 0.0 0.0 -4.0 -4.0 -1.0 -2.0 -1.0 -4.0 -3.0 -3.0 0.0 -4.0 -3.0 -1.0 -2.0 -4.0 -3.0 -4.0 -2.0 -3.0 -3.0 -2.0 
-3.0 -2.0 -4.0 -2.0 -4.0 -2.0 -4.0 -4.0 -1.0 0.0 -2.0 0.0 0.0 -4.0 -2.0 -3.0 -2.0 -1.0 -2.0 -4.0 0.0 -3.0 -2.0 -1.0 -4.0 -4.0 -2.0 -1.0 -1.0 -3.0 -3.0 -4.0 0.0 -4.0 -4.0 -3.0 0.0 0.0 -4.0 -1.0 -1.0 -4.0 -1.0 -2.0 -4.0 -1.0 -2.0 -4.0 -3.0 -2.0 -3.0 -2.0 -3.0 -3.0 0.0 -3.0 -3.0 -2.0 -4.0 -1.0 -1.0 -2.0 -2.0 -1.0 -1.0 -4.0 -3.0 -1.0 -4.0 -3.0 -4.0 -4.0 -2.0 -1.0 0.0 -1.0 250.0 0.0 -1.0 -2.0 0.0 -2.0 -2.0 -1.0 -3.0 -4.0 -1.0 -4.0 0.0 -2.0 0.0 0.0 -4.0 -4.0 -2.0 -4.0 -2.0 -3.0 0.0 -1.0 -1.0 -3.0 -1.0 -4.0 -4.0 -1.0 -2.0 0.0 -3.0 -3.0 -3.0 -4.0 0.0 -3.0 -4.0 
-3.0 -4.0 -1.0 -3.0 -4.0 -4.0 -3.0 -2.0 -1.0 0.0 -3.0 -1.0 -4.0 -2.0 -1.0 0.0 -1.0 -2.0 0.0 -3.0 -1.0 0.0 0.0 -1.0 0.0 -3.0 0.0 -3.0 0.0 -1.0 -4.0 -2.0 -4.0 -2.0 0.0 -1.0 -4.0 -2.0 -3.0 -4.0 -4.0 -1.0 -3.0 -2.0 -2.0 -3.0 -4.0 -2.0 -3.0 -3.0 -3.0 -4.0 -4.0 -1.0 0.0 -1.0 -1.0 -1.0 -3.0 -1.0 -3.0 -1.0 -1.0 0.0 -4.0 -2.0 -2.0 -4.0 -2.0 -4.0 -2.0 0.0 -2.0 -3.0 -2.0 -3.0 -1.0 238.0 -3.0 -4.0 -1.0 -3.0 0.0 -4.0 -3.0 -4.0 -4.0 0.0 -1.0 -3.0 -3.0 0.0 0.0 -4.0 -1.0 0.0 -1.0 -2.0 -1.0 -1.0 -4.0 -3.0 -3.0 -4.0 0.0 -4.0 0.0 0.0 -1.0 -3.0 -4.0 -4.0 -4.0 0.0 -2.0 
-4.0 -1.0 -3.0 -3.0 -4.0 -3.0 -1.0 -3.0 0.0 -1.0 -3.0 -1.0 0.0 -2.0 0.0 -3.0 -2.0 0.0 0.0 0.0 -1.0 -3.0 -1.0 -3.0 0.0 -4.0 -1.0 -4.0 -1.0 -1.0 -4.0 0.0 -4.0 -1.0 0.0 -3.0 -2.0 -3.0 -3.0 0.0 -1.0 -2.0 -3.0 -2.0 0.0 -1.0 0.0 -3.0 -3.0 0.0 -1.0 -3.0 -1.0 -2.0 -3.0 -1.0 -2.0 0.0 -4.0 -2.0 -4.0 -2.0 -3.0 -1.0 -3.0 -3.0 0.0 0.0 0.0 -2.0 -1.0 -1.0 0.0 -2.0 -1.0 -2.0 -1.0 -2.0 191.0 -1.0 -2.0 -3.0 -2.0 -4.0 0.0 -2.0 0.0 0.0 0.0 -3.0 -3.0 -4.0 -3.0 0.0 -2.0 -1.0 0.0 -1.0 -3.0 0.0 0.0 0.0 -3.0 0.0 0.0 -4.0 -3.0 -1.0 -2.0 -1.0 -3.0 -2.0 0.0 -2.0 -1.0 
-2.0 0.0 -2.0 0.0 0.0 -4.0 -1.0 -1.0 -3.0 -2.0 -1.0 -2.0 -3.0 -3.0 -1.0 0.0 -1.0 -2.0 0.0 -3.0 -4.0 -1.0 -4.0 0.0 -1.0 -4.0 -3.0 -4.0 -1.0 0.0 0.0 -3.0 -3.0 0.0 -2.0 -2.0 -4.0 -3.0 -1.0 0.0 -3.0 -1.0 -1.0 -1.0 -2.0 0.0 0.0 -3.0 -4.0 -4.0 0.0 -4.0 0.0 -4.0 -3.0 0.0 -1.0 0.0 -2.0 -2.0 -4.0 -4.0 -4.0 0.0 -2.0 0.0 -2.0 -2.0 -3.0 -3.0 -2.0 -1.0 0.0 -4.0 -2.0 -4.0 0.0 -2.0 -3.0 217.0 -1.0 -2.0 0.0 -3.0 -1.0 0.0 -4.0 -1.0 -1.0 0.0 -4.0 0.0 -4.0 -2.0 -1.0 -3.0 0.0 -2.0 -3.0 -1.0 -4.0 -2.0 -3.0 -2.0 -4.0 -4.0 -3.0 -3.0 -2.0 -1.0 -4.0 -2.0 0.0 -2.0 0.0 
-4.0 -1.0 0.0 0.0 -3.0 -4.0 -1.0 -2.0 -2.0 0.0 -1.0 -2.0 -4.0 0.0 0.0 0.0 -1.0 -2.0 -4.0 -1.0 0.0 0.0 -3.0 -4.0 0.0 -4.0 -1.0 -1.0 -3.0 0.0 -2.0 -1.0 -3.0 -3.0 -1.0 0.0 -3.0 -1.0 -2.0 -2.0 -2.0 -4.0 0.0 -4.0 -1.0 -4.0 0.0 -4.0 -1.0 -3.0 -2.0 -4.0 0.0 -1.0 -1.0 -3.0 -2.0 -2.0 0.0 -3.0 -3.0 -1.0 -3.0 0.0 -4.0 -2.0 -2.0 -4.0 0.0 0.0 -2.0 0.0 -1.0 -3.0 -4.0 0.0 -3.0 -2.0 -2.0 -1.0 214.0 -3.0 -1.0 -2.0 -3.0 -2.0 0.0 0.0 -3.0 0.0 -2.0 0.0 -3.0 -2.0 0.0 -3.0 0.0 -3.0 -2.0 -3.0 -3.0 0.0 -2.0 -3.0 0.0 -3.0 -3.0 -3.0 -4.0 -3.0 -3.0 0.0 -4.0 -4.0 -3.0 
0.0 0.0 -3.0 -3.0 -4.0 -1.0 -4.0 -3.0 -3.0 -2.0 -2.0 -4.0 -2.0 -3.0 -2.0 0.0 0.0 0.0 -3.0 0.0 -3.0 -2.0 -3.0 -2.0 0.0 -3.0 -3.0 -4.0 0.0 -1.0 -3.0 -1.0 0.0 -1.0 -2.0 -2.0 -2.0 0.0 -1.0 -4.0 0.0 -2.0 -2.0 -4.0 -1.0 -3.0 -1.0 -3.0 0.0 -2.0 -3.0 -2.0 0.0 -4.0 0.0 -3.0 -1.0 0.0 -1.0 -3.0 -4.0 -4.0 -4.0 -4.0 -2.0 0.0 -4.0 -1.0 0.0 -4.0 -4.0 -4.0 -3.0 -4.0 -2.0 -4.0 0.0 -3.0 -1.0 0.0 -1.0 230.0 0.0 -1.0 -2.0 -3.0 -2.0 -3.0 0.0 -3.0 -1.0 0.0 -4.0 0.0 -3.0 -4.0 -3.0 -3.0 0.0 -1.0 -1.0 -1.0 -1.0 -4.0 -2.0 -1.0 -4.0 -2.0 -4.0 -3.0 -2.0 -4.0 0.0 0.0 -4.0 
-2.0 -4.0 -2.0 -3.0 -3.0 0.0 0.0 -4.0 0.0 -3.0 -4.0 -3.0 -3.0 -4.0 -1.0 0.0 -2.0 -1.0 -1.0 -1.0 -2.0 -3.0 0.0 -2.0 -4.0 -4.0 -2.0 -1.0 0.0 -2.0 0.0 0.0 -3.0 -3.0 -2.0 -2.0 -3.0 -1.0 -3.0 -2.0 -4.0 -1.0 -2.0 -1.0 0.0 -4.0 -2.0 -4.0 -2.0 -3.0 -1.0 -1.0 -2.0 -1.0 -2.0 -1.0 0.0 -4.0 -4.0 -3.0 0.0 0.0 -1.0 -2.0 -2.0 -2.0 -2.0 0.0 -1.0 -4.0 -4.0 -2.0 0.0 -2.0 -1.0 -4.0 0.0 -2.0 -3.0 -1.0 -3.0 -3.0 227.0 -4.0 -4.0 -3.0 -1.0 -2.0 -2.0 -4.0 -2.0 -2.0 0.0 -3.0 -4.0 -2.0 -2.0 -3.0 0.0 0.0 -2.0 -1.0 -1.0 -4.0 0.0 0.0 -2.0 -4.0 -4.0 -4.0 -1.0 0.0 -3.0 0.0 -2.0 
-3.0 -1.0 0.0 0.0 0.0 -3.0 -4.0 -1.0 -1.0 -1.0 -3.0 -4.0 -4.0 -1.0 -4.0 -3.0 -1.0 -1.0 -2.0 0.0 -1.0 -1.0 0.0 -2.0 -4.0 -3.0 -2.0 -3.0 -4.0 0.0 -2.0 -4.0 -2.0 -4.0 -3.0 -2.0 -4.0 -2.0 0.0 -3.0 -3.0 -1.0 -4.0 -1.0 0.0 -3.0 0.0 0.0 -2.0 -1.0 0.0 -3.0 0.0 -2.0 -1.0 -4.0 -3.0 -2.0 0.0 0.0 -3.0 -1.0 0.0 -2.0 0.0 -3.0 0.0 -1.0 -1.0 -3.0 -1.0 -4.0 -1.0 -4.0 -4.0 0.0 -1.0 -1.0 -4.0 -3.0 -4.0 -4.0 -4.0 227.0 0.0 -1.0 -2.0 0.0 0.0 -2.0 -3.0 -4.0 -1.0 -4.0 -3.0 -2.0 -2.0 -2.0 -1.0 -2.0 -3.0 -2.0 -2.0 -3.0 -4.0 -2.0 0.0 -1.0 -3.0 -4.0 -4.0 -2.0 -1.0 -2.0 -3.0 
-4.0 0.0 -1.0 -4.0 -2.0 0.0 0.0 -2.0 -4.0 -2.0 -2.0 -4.0 -1.0 -2.0 -3.0 -4.0 -1.0 -3.0 -3.0 -4.0 -3.0 -1.0 -2.0 -1.0 -1.0 -1.0 -4.0 -1.0 0.0 -3.0 -2.0 -1.0 -2.0 -2.0 -3.0 -4.0 -1.0 -3.0 -3.0 -4.0 0.0 -4.0 -3.0 -3.0 -4.0 -1.0 0.0 -4.0 -1.0 0.0 -3.0 -2.0 -3.0 0.0 -4.0 -2.0 0.0 -2.0 -2.0 -4.0 -2.0 0.0 -3.0 0.0 0.0 -3.0 -2.0 -1.0 0.0 0.0 -4.0 -3.0 -2.0 -4.0 -3.0 -3.0 -2.0 -1.0 -3.0 -1.0 -1.0 -4.0 -2.0 -4.0 221.0 -2.0 -4.0 -3.0 -2.0 -2.0 -1.0 0.0 -4.0 0.0 0.0 -3.0 -1.0 -3.0 0.0 0.0 -3.0 0.0 -1.0 0.0 -1.0 -3.0 -1.0 0.0 -2.0 0.0 -1.0 0.0 -1.0 -1.0 -4.0 
0.0 -1.0 -1.0 -3.0 -4.0 -4.0 -2.0 -4.0 -3.0 -1.0 -1.0 -3.0 -2.0 0.0 -2.0 -2.0 -4.0 -4.0 -1.0 -3.0 -3.0 -1.0 -3.0 -3.0 0.0 -2.0 -1.0 0.0 -2.0 -2.0 -1.0 -1.0 -2.0 -3.0 -4.0 0.0 -4.0 -4.0 -4.0 -1.0 -3.0 -1.0 0.0 -4.0 -4.0 -3.0 -2.0 -2.0 -3.0 -3.0 -2.0 -1.0 -3.0 -2.0 0.0 -2.0 -3.0 0.0 -1.0 -3.0 0.0 0.0 -3.0 -3.0 -4.0 -4.0 -2.0 -2.0 -2.0 -1.0 -4.0 -3.0 -1.0 -1.0 0.0 -2.0 -3.0 -4.0 -1.0 -1.0 -2.0 0.0 -2.0 -2.0 -2.0 252.0 -4.0 0.0 -3.0 -4.0 -2.0 -3.0 -3.0 -3.0 -4.0 -2.0 -2.0 -1.0 -3.0 -2.0 -2.0 -4.0 -1.0 -1.0 -4.0 -4.0 0.0 -3.0 -1.0 -4.0 -2.0 -4.0 -3.0 -4.0 -2.0 
-2.0 -2.0 -1.0 -3.0 0.0 -3.0 0.0 -3.0 -4.0 -4.0 -4.0 -3.0 -2.0 -1.0 -4.0 0.0 -1.0 -3.0 -3.0 -3.0 -1.0 0.0 -3.0 -3.0 -1.0 -2.0 -2.0 -2.0 0.0 0.0 -4.0 -1.0 0.0 0.0 -3.0 -3.0 -4.0 -3.0 -2.0 0.0 -3.0 -3.0 -3.0 0.0 -2.0 -4.0 -4.0 0.0 -2.0 -1.0 0.0 -2.0 -4.0 -4.0 -3.0 -2.0 -1.0 -3.0 -4.0 0.0 0.0 -2.0 -1.0 -3.0 0.0 -2.0 -2.0 0.0 -2.0 0.0 -1.0 0.0 -2.0 -3.0 -4.0 -3.0 0.0 -3.0 0.0 0.0 -1.0 -4.0 -2.0 -3.0 -1.0 0.0 222.0 -1.0 0.0 0.0 -1.0 -4.0 -4.0 -2.0 -2.0 0.0 -3.0 -1.0 -2.0 0.0 -4.0 -4.0 0.0 0.0 -1.0 -3.0 -2.0 -3.0 -3.0 -4.0 -2.0 -2.0 -4.0 -2.0 -4.0 
-3.0 -2.0 -3.0 0.0 0.0 -2.0 -1.0 -3.0 -3.0 -1.0 -2.0 -4.0 0.0 -4.0 0.0 0.0 -4.0 -1.0 -2.0 -4.0 -3.0 -1.0 -1.0 -2.0 -4.0 -4.0 -3.0 0.0 -3.0 -2.0 -4.0 -2.0 -2.0 -2.0 -2.0 -3.0 0.0 -3.0 -1.0 -3.0 -2.0 -3.0 -1.0 -3.0 -2.0 -2.0 -1.0 0.0 0.0 0.0 -3.0 -1.0 -2.0 -3.0 0.0 -1.0 -4.0 0.0 -3.0 -1.0 -3.0 -3.0 -3.0 -2.0 -4.0 -4.0 -4.0 0.0 -2.0 -1.0 0.0 -2.0 0.0 0.0 -3.0 -3.0 -4.0 -3.0 -4.0 -3.0 0.0 0.0 -2.0 -3.0 -4.0 -4.0 -1.0 239.0 -2.0 -4.0 -1.0 -1.0 -4.0 -4.0 -1.0 -4.0 -4.0 -2.0 -4.0 -4.0 -2.0 0.0 0.0 -2.0 -4.0 0.0 -2.0 -3.0 -2.0 0.0 -4.0 -1.0 -4.0 0.0 -2.0 
0.0 -1.0 -4.0 -1.0 0.0 0.0 -4.0 0.0 -1.0 -2.0 -3.0 -4.0 -2.0 -1.0 -1.0 0.0 -2.0 -1.0 -1.0 -4.0 0.0 -3.0 0.0 -2.0 -2.0 -1.0 -1.0 -4.0 0.0 -1.0 0.0 -3.0 -1.0 -3.0 -1.0 -2.0 -1.0 -3.0 -4.0 -2.0 -4.0 0.0 0.0 0.0 -3.0 0.0 -1.0 -1.0 0.0 -3.0 -2.0 0.0 -4.0 -2.0 -2.0 -2.0 -1.0 -1.0 0.0 0.0 -3.0 -3.0 -1.0 -3.0 0.0 -3.0 -1.0 0.0 -4.0 -4.0 -2.0 -1.0 -4.0 -3.0 0.0 -3.0 -2.0 -4.0 -1.0 -4.0 0.0 0.0 -2.0 -1.0 0.0 0.0 -4.0 -4.0 203.0 -2.0 -1.0 -4.0 0.0 -3.0 -1.0 -4.0 -1.0 -2.0 -2.0 -1.0 -1.0 -2.0 -1.0 -4.0 -4.0 -2.0 -4.0 -3.0 -3.0 0.0 0.0 -3.0 -3.0 -2.0 -1.0 
-2.0 -3.0 -3.0 -2.0 -2.0 -2.0 -3.0 0.0 -3.0 -3.0 -2.0 -3.0 0.0 -1.0 -3.0 -1.0 -3.0 -1.0 -2.0 0.0 -4.0 -4.0 -2.0 -4.0 -1.0 -2.0 -4.0 -4.0 -2.0 -2.0 -2.0 0.0 -4.0 -4.0 -3.0 0.0 -3.0 -3.0 -1.0 0.0 -3.0 -4.0 -1.0 -2.0 -4.0 -2.0 -3.0 0.0 -2.0 -3.0 -3.0 -3.0 0.0 0.0 -1.0 -4.0 -3.0 -4.0 -1.0 -4.0 -1.0 0.0 -3.0 0.0 -2.0 -2.0 -4.0 -1.0 0.0 -2.0 -2.0 -3.0 -1.0 -3.0 -2.0 -3.0 0.0 -1.0 0.0 -3.0 -1.0 -2.0 -3.0 -1.0 -4.0 -2.0 -1.0 -1.0 -1.0 239.0 0.0 -4.0 0.0 -3.0 -4.0 -3.0 -1.0 -2.0 -2.0 0.0 -3.0 0.0 -4.0 -4.0 -4.0 -4.0 -2.0 0.0 -2.0 -1.0 -2.0 -4.0 -2.0 -2.0 -2.0 
0.0 0.0 -1.0 -1.0 -2.0 0.0 0.0 0.0 -2.0 -3.0 -2.0 -2.0 -2.0 -3.0 -3.0 -4.0 -2.0 -3.0 -2.0 0.0 -3.0 0.0 -1.0 -3.0 0.0 -3.0 -3.0 0.0 -1.0 -2.0 0.0 -4.0 -3.0 -4.0 -3.0 -3.0 -3.0 -2.0 0.0 0.0 -2.0 -4.0 -2.0 -2.0 0.0 -3.0 -2.0 -2.0 -4.0 -2.0 -1.0 -4.0 -3.0 -2.0 -3.0 -4.0 -4.0 -2.0 -1.0 -3.0 -3.0 -3.0 -2.0 -1.0 -2.0 -1.0 0.0 -4.0 -1.0 -3.0 -2.0 -2.0 -4.0 -2.0 -3.0 -4.0 -1.0 0.0 -2.0 0.0 -3.0 -4.0 -1.0 0.0 -4.0 0.0 -4.0 0.0 -3.0 -2.0 224.0 0.0 -2.0 -1.0 -4.0 -3.0 -4.0 -1.0 -1.0 -1.0 -4.0 -2.0 -2.0 0.0 -4.0 -1.0 -2.0 0.0 -4.0 0.0 -2.0 -1.0 0.0 -4.0 0.0 
0.0 -4.0 -1.0 -4.0 -4.0 -1.0 -2.0 0.0 -2.0 0.0 -2.0 -1.0 -3.0 0.0 -4.0 0.0 0.0 -2.0 -2.0 -1.0 -4.0 -4.0 -3.0 0.0 -4.0 0.0 0.0 -1.0 -4.0 -4.0 -3.0 0.0 -1.0 0.0 -1.0 -4.0 -4.0 -3.0 -3.0 0.0 -2.0 -1.0 -1.0 -1.0 -3.0 0.0 -2.0 -4.0 -1.0 0.0 -3.0 -1.0 -2.0 0.0 -4.0 -4.0 -4.0 -4.0 -4.0 -2.0 -3.0 -1.0 -2.0 -3.0 0.0 -4.0 -3.0 -3.0 -3.0 0.0 -4.0 -3.0 0.0 -2.0 -1.0 0.0 -3.0 -1.0 -3.0 -3.0 -4.0 -3.0 0.0 -3.0 0.0 -2.0 -3.0 -4.0 -2.0 -2.0 -2.0 232.0 -4.0 -3.0 0.0 -4.0 -1.0 -1.0 -2.0 -1.0 0.0 -2.0 -1.0 -1.0 -3.0 -2.0 -4.0 -3.0 -2.0 -1.0 -3.0 0.0 -4.0 -4.0 0.0 
-1.0 -3.0 -1.0 -1.0 -2.0 -3.0 -2.0 0.0 0.0 -4.0 -4.0 -1.0 -4.0 -2.0 -2.0 -2.0 0.0 0.0 -1.0 -2.0 -3.0 -2.0 -3.0 0.0 -3.0 -3.0 -4.0 -2.0 -1.0 -2.0 0.0 -2.0 -3.0 -1.0 -3.0 0.0 -2.0 -4.0 -1.0 -1.0 -2.0 -4.0 -1.0 -3.0 0.0 -3.0 0.0 -3.0 -3.0 -1.0 -2.0 -4.0 -4.0 -2.0 -1.0 -2.0 -1.0 -3.0 -3.0 -1.0 -3.0 -1.0 -2.0 -1.0 -3.0 -1.0 -3.0 -3.0 -4.0 -3.0 -1.0 -3.0 -2.0 -3.0 -2.0 -1.0 -2.0 -2.0 -1.0 -2.0 0.0 -2.0 -3.0 -4.0 -4.0 -3.0 -2.0 0.0 0.0 0.0 -3.0 -1.0 224.0 -4.0 0.0 -1.0 -4.0 -1.0 -1.0 0.0 -3.0 0.0 -1.0 -3.0 -2.0 -2.0 -1.0 -1.0 -1.0 -2.0 -2.0 -4.0 -3.0 -2.0 -3.0 
0.0 -4.0 0.0 -1.0 -3.0 -1.0 -1.0 -1.0 -4.0 -4.0 0.0 -2.0 0.0 -2.0 -4.0 -2.0 -1.0 -4.0 -3.0 -1.0 0.0 -3.0 -4.0 -3.0 -4.0 -2.0 0.0 -1.0 -2.0 -4.0 -4.0 -4.0 -1.0 0.0 -4.0 -1.0 -1.0 0.0 0.0 -2.0 -4.0 -4.0 -2.0 -2.0 -2.0 0.0 0.0 -3.0 -4.0 -3.0 -4.0 -4.0 -1.0 -3.0 -4.0 -2.0 -2.0 -1.0 -2.0 -2.0 -2.0 -2.0 -2.0 -4.0 -1.0 -3.0 -3.0 -4.0 -3.0 0.0 -1.0 -3.0 -3.0 0.0 -1.0 -4.0 0.0 0.0 -4.0 -1.0 -2.0 -1.0 -3.0 -2.0 -4.0 -1.0 -4.0 -1.0 -2.0 -2.0 -1.0 0.0 0.0 228.0 -4.0 -2.0 -4.0 -3.0 -1.0 0.0 0.0 0.0 -4.0 0.0 -4.0 -1.0 -3.0 -3.0 -3.0 0.0 0.0 -3.0 0.0 -2.0 0.0 
0.0 -4.0 -1.0 -4.0 -3.0 -3.0 0.0 -1.0 -1.0 0.0 -3.0 -2.0 -4.0 0.0 0.0 -2.0 0.0 -2.0 -4.0 0.0 -3.0 -3.0 0.0 0.0 -4.0 -3.0 -1.0 0.0 -2.0 -2.0 0.0 -2.0 -2.0 -2.0 -1.0 0.0 -1.0 0.0 -2.0 -3.0 -4.0 -3.0 0.0 -1.0 -2.0 0.0 -1.0 -1.0 -4.0 0.0 0.0 -4.0 -2.0 -4.0 -1.0 -4.0 -2.0 -3.0 -1.0 0.0 -3.0 0.0 -2.0 -2.0 -3.0 -4.0 -2.0 -2.0 -3.0 -4.0 -1.0 -2.0 -1.0 -4.0 0.0 -4.0 -4.0 -2.0 -3.0 0.0 -1.0 0.0 -3.0 -3.0 -4.0 -4.0 -4.0 0.0 -3.0 -2.0 -2.0 -1.0 0.0 0.0 212.0 -3.0 -2.0 -3.0 -1.0 -2.0 -2.0 -1.0 0.0 -4.0 -4.0 -1.0 0.0 -1.0 -3.0 -2.0 -3.0 0.0 -4.0 -1.0 0.0 
-3.0 -2.0 -4.0 0.0 -1.0 -2.0 -2.0 -1.0 -2.0 -3.0 -4.0 0.0 0.0 -3.0 -3.0 0.0 -3.0 -1.0 -2.0 -1.0 -4.0 -3.0 0.0 -4.0 -4.0 0.0 -3.0 -4.0 -2.0 0.0 -2.0 -3.0 -3.0 -4.0 -3.0 -2.0 -3.0 -3.0 -1.0 -3.0 -3.0 0.0 -4.0 -4.0 -4.0 -4.0 -1.0 -4.0 -2.0 -3.0 0.0 -2.0 -3.0 -3.0 -4.0 -3.0 -1.0 0.0 -1.0 -2.0 -3.0 -2.0 0.0 0.0 -1.0 -1.0 -4.0 -3.0 -1.0 -2.0 0.0 -4.0 -4.0 -1.0 0.0 -3.0 -4.0 -2.0 -1.0 -1.0 -4.0 0.0 -4.0 -3.0 0.0 -2.0 -2.0 0.0 -1.0 -4.0 -1.0 -4.0 -1.0 -2.0 0.0 239.0 -1.0 0.0 -1.0 0.0 -4.0 -2.0 -4.0 -2.0 -3.0 -1.0 -4.0 0.0 -2.0 -4.0 -4.0 -1.0 0.0 -3.0 -2.0 
-1.0 -4.0 -2.0 -1.0 -3.0 0.0 -1.0 0.0 -4.0 -3.0 0.0 -3.0 0.0 -4.0 -2.0 -3.0 -2.0 -2.0 0.0 -4.0 -1.0 -2.0 -3.0 -2.0 -2.0 -4.0 -2.0 -3.0 -1.0 0.0 -4.0 0.0 -1.0 0.0 0.0 0.0 -1.0 -1.0 -2.0 -1.0 -2.0 -4.0 0.0 -4.0 -1.0 0.0 -3.0 -4.0 -1.0 -4.0 -1.0 -2.0 0.0 -4.0 0.0 0.0 -4.0 -1.0 -2.0 -3.0 -4.0 -3.0 -3.0 -3.0 0.0 -2.0 0.0 -4.0 0.0 -1.0 -3.0 -4.0 -1.0 0.0 -4.0 -3.0 0.0 -2.0 -1.0 0.0 -1.0 -3.0 -4.0 -1.0 0.0 0.0 -3.0 -4.0 -3.0 -4.0 -4.0 -1.0 -1.0 0.0 -1.0 -1.0 220.0 -3.0 -2.0 -3.0 0.0 -4.0 -3.0 -4.0 -4.0 0.0 -4.0 -2.0 -2.0 -2.0 -4.0 -2.0 -1.0 -2.0 0.0 
-4.0 -1.0 0.0 -3.0 -4.0 -3.0 -1.0 -4.0 0.0 -4.0 -4.0 -3.0 -3.0 -4.0 -4.0 -4.0 -2.0 0.0 -2.0 0.0 0.0 -4.0 -4.0 -1.0 -4.0 -2.0 -3.0 -4.0 -4.0 -3.0 -3.0 -2.0 -4.0 0.0 -3.0 -2.0 0.0 -2.0 -3.0 0.0 -4.0 -3.0 -1.0 0.0 -2.0 -2.0 0.0 -2.0 -1.0 0.0 -2.0 -1.0 0.0 0.0 -3.0 -2.0 0.0 -1.0 -2.0 -3.0 -2.0 -3.0 -1.0 -3.0 -3.0 -3.0 0.0 -2.0 -3.0 -2.0 -3.0 -3.0 0.0 0.0 -1.0 -1.0 -3.0 -4.0 -1.0 -4.0 -1.0 -2.0 -4.0 -4.0 -3.0 -4.0 -4.0 -4.0 -4.0 -1.0 -4.0 -4.0 -4.0 -4.0 -1.0 -1.0 -3.0 257.0 -4.0 -3.0 -1.0 0.0 -2.0 -3.0 -4.0 -1.0 0.0 -3.0 0.0 -3.0 -4.0 -3.0 -2.0 -3.0 0.0 
-1.0 -2.0 -4.0 -3.0 -2.0 -1.0 0.0 -2.0 -2.0 -4.0 -1.0 -3.0 -3.0 -2.0 -1.0 -4.0 -4.0 -2.0 -1.0 0.0 -3.0 -1.0 -2.0 -2.0 -4.0 -1.0 -1.0 -3.0 -3.0 -4.0 -4.0 -2.0 -1.0 -1.0 -4.0 -4.0 -2.0 -1.0 0.0 -1.0 -3.0 0.0 -3.0 -2.0 -3.0 0.0 -2.0 -2.0 0.0 -3.0 -4.0 -2.0 -4.0 -4.0 -4.0 -3.0 0.0 -3.0 0.0 -4.0 -4.0 -1.0 -3.0 -3.0 0.0 -1.0 -1.0 0.0 -2.0 0.0 -1.0 -1.0 -3.0 -4.0 -1.0 -1.0 -1.0 -2.0 0.0 -2.0 -1.0 -2.0 -4.0 -1.0 -4.0 -2.0 0.0 -4.0 -4.0 -3.0 -2.0 -4.0 -4.0 -4.0 0.0 -2.0 -4.0 -4.0 240.0 0.0 -2.0 -2.0 -3.0 -3.0 -1.0 -2.0 -3.0 0.0 -4.0 -1.0 -2.0 -4.0 -1.0 0.0 0.0 
-2.0 0.0 -3.0 -2.0 -4.0 -1.0 0.0 -4.0 -1.0 -3.0 -3.0 -2.0 -3.0 -1.0 -4.0 -1.0 -1.0 -2.0 -3.0 -4.0 -4.0 -3.0 0.0 -4.0 -2.0 0.0 -4.0 -3.0 -4.0 -4.0 -2.0 -1.0 -3.0 -4.0 -3.0 -1.0 -3.0 -1.0 -3.0 -4.0 0.0 0.0 -1.0 -1.0 -1.0 0.0 -1.0 -2.0 -1.0 -1.0 -2.0 0.0 -4.0 -3.0 -4.0 -4.0 0.0 -3.0 -1.0 -4.0 -3.0 -4.0 0.0 -1.0 -3.0 0.0 -3.0 0.0 -2.0 -1.0 0.0 -4.0 -1.0 -3.0 -2.0 0.0 -1.0 -4.0 -3.0 -1.0 -2.0 -2.0 -1.0 -3.0 -3.0 -4.0 0.0 -4.0 -1.0 -1.0 -2.0 -1.0 -1.0 -2.0 -3.0 0.0 -2.0 -2.0 0.0 239.0 -4.0 -3.0 -3.0 -1.0 -1.0 -3.0 -4.0 -3.0 -2.0 -4.0 0.0 -4.0 -1.0 -4.0 -2.0 
-3.0 -3.0 -1.0 -1.0 -4.0 -4.0 -1.0 -4.0 -2.0 -1.0 -2.0 -4.0 -1.0 -4.0 -4.0 -2.0 -4.0 -1.0 -1.0 0.0 -3.0 -1.0 0.0 -3.0 -1.0 -1.0 0.0 -3.0 -3.0 0.0 -4.0 0.0 -3.0 0.0 -2.0 -2.0 -3.0 0.0 -4.0 -4.0 -4.0 -1.0 -3.0 0.0 -2.0 -2.0 -4.0 -2.0 -3.0 -1.0 -2.0 0.0 0.0 -1.0 -1.0 -2.0 -4.0 -2.0 -4.0 -3.0 -3.0 -2.0 -4.0 -3.0 -3.0 -3.0 -4.0 -4.0 -4.0 0.0 -1.0 -3.0 -3.0 -3.0 -1.0 -3.0 -2.0 -4.0 -1.0 -2.0 -1.0 -2.0 -2.0 -2.0 0.0 0.0 -2.0 0.0 -2.0 0.0 0.0 -3.0 -4.0 -2.0 -1.0 -1.0 -2.0 -1.0 -1.0 -1.0 245.0 -4.0 -2.0 -4.0 -1.0 -2.0 -4.0 -3.0 -4.0 0.0 -4.0 -3.0 -3.0 -2.0 -4.0 
-2.0 -1.0 -3.0 -3.0 -1.0 -4.0 -4.0 -3.0 0.0 -4.0 -2.0 -3.0 -4.0 -1.0 -3.0 0.0 -2.0 -1.0 -2.0 -4.0 -4.0 -1.0 -3.0 -2.0 -3.0 -3.0 -1.0 -3.0 0.0 -3.0 -4.0 -4.0 -1.0 -1.0 -3.0 -2.0 -1.0 -3.0 -3.0 0.0 -4.0 -4.0 -3.0 -1.0 0.0 -2.0 -3.0 -4.0 -2.0 -4.0 -3.0 -4.0 -3.0 -3.0 -4.0 -4.0 -4.0 -3.0 -2.0 -3.0 -3.0 -1.0 -1.0 -4.0 0.0 -1.0 -4.0 -1.0 0.0 0.0 -3.0 -3.0 -4.0 -3.0 -3.0 -1.0 -2.0 -1.0 -4.0 -4.0 -3.0 -3.0 -3.0 -3.0 0.0 -1.0 -3.0 -2.0 -4.0 -1.0 -4.0 -3.0 -2.0 -2.0 -2.0 -4.0 -4.0 -4.0 -4.0 0.0 -4.0 273.0 -1.0 -1.0 0.0 -3.0 -4.0 -3.0 -1.0 -3.0 0.0 -1.0 -3.0 0.0 -2.0 
-2.0 0.0 0.0 -3.0 -3.0 -3.0 -3.0 -2.0 -2.0 -2.0 -1.0 -2.0 -2.0 -4.0 -1.0 -2.0 -2.0 -1.0 -1.0 -2.0 0.0 -1.0 -1.0 -3.0 0.0 0.0 0.0 -1.0 -1.0 -1.0 0.0 0.0 -2.0 -4.0 -1.0 -2.0 0.0 -3.0 -1.0 -2.0 0.0 -2.0 -1.0 -1.0 0.0 -3.0 -4.0 -1.0 -4.0 -4.0 -3.0 0.0 -4.0 -3.0 -2.0 -2.0 0.0 0.0 -4.0 -2.0 -3.0 0.0 -2.0 0.0 -4.0 0.0 0.0 -4.0 -1.0 -1.0 -3.0 0.0 0.0 0.0 -3.0 -3.0 -4.0 -1.0 -3.0 0.0 -4.0 -4.0 -2.0 0.0 -2.0 0.0 0.0 -3.0 -4.0 -3.0 -1.0 -2.0 -1.0 -3.0 -4.0 -1.0 -4.0 -2.0 0.0 -2.0 0.0 -2.0 205.0 -3.0 -3.0 -3.0 -2.0 -4.0 -1.0 0.0 -3.0 -3.0 -1.0 -1.0 -4.0 
-4.0 -3.0 -2.0 -4.0 -4.0 -1.0 -2.0 -3.0 -4.0 -4.0 -3.0 -2.0 -3.0 -4.0 -3.0 -4.0 -1.0 -2.0 -4.0 -3.0 -3.0 -2.0 -4.0 -4.0 -4.0 -3.0 0.0 -3.0 -1.0 -2.0 -2.0 0.0 -2.0 -3.0 -1.0 -1.0 -1.0 -2.0 -2.0 -3.0 -1.0 -2.0 -4.0 -1.0 -4.0 -3.0 -3.0 -2.0 0.0 -1.0 0.0 -3.0 0.0 -3.0 -2.0 -2.0 -4.0 -2.0 -2.0 0.0 -4.0 -1.0 -4.0 -2.0 -2.0 -1.0 -2.0 -3.0 0.0 -2.0 -4.0 -1.0 -3.0 -1.0 -4.0 -1.0 0.0 -1.0 0.0 -1.0 -1.0 -3.0 -1.0 -4.0 -3.0 -1.0 0.0 -3.0 -2.0 -3.0 -3.0 -1.0 -4.0 0.0 0.0 -2.0 -2.0 -2.0 -3.0 -4.0 0.0 -3.0 -4.0 255.0 -1.0 -4.0 -4.0 -4.0 -4.0 0.0 -1.0 -4.0 0.0 -4.0 -1.0 
-2.0 0.0 -1.0 -3.0 -3.0 -3.0 -4.0 -2.0 -4.0 -1.0 -4.0 -1.0 -1.0 -4.0 -3.0 0.0 0.0 -1.0 -4.0 -3.0 -2.0 -4.0 -1.0 -2.0 -3.0 -4.0 0.0 0.0 -2.0 -3.0 -4.0 -4.0 0.0 -3.0 -2.0 0.0 -2.0 -3.0 -1.0 -2.0 -3.0 -2.0 -2.0 -3.0 -4.0 -3.0 -2.0 0.0 -1.0 -1.0 -3.0 -3.0 -2.0 0.0 -3.0 -2.0 -3.0 -4.0 -4.0 -2.0 -3.0 -3.0 -1.0 -1.0 -4.0 -4.0 -2.0 -1.0 -2.0 0.0 -3.0 -4.0 -3.0 -4.0 -4.0 0.0 -4.0 -2.0 0.0 -2.0 -2.0 -4.0 -1.0 -2.0 -2.0 -3.0 -3.0 0.0 0.0 0.0 -3.0 -2.0 -3.0 -3.0 -2.0 -3.0 -4.0 0.0 -1.0 -4.0 -4.0 -3.0 -2.0 -3.0 248.0 0.0 -4.0 -3.0 -1.0 0.0 0.0 -1.0 0.0 -3.0 -2.0 
-2.0 0.0 -2.0 -2.0 -3.0 -3.0 -4.0 -4.0 -2.0 -2.0 -3.0 0.0 0.0 0.0 -1.0 -3.0 -3.0 -2.0 0.0 -4.0 0.0 -3.0 0.0 -2.0 0.0 0.0 -3.0 -4.0 -2.0 0.0 -3.0 -4.0 -4.0 -4.0 -2.0 -1.0 -3.0 -2.0 0.0 -2.0 -1.0 -1.0 -4.0 -3.0 -1.0 0.0 -1.0 -4.0 -2.0 -3.0 -1.0 0.0 -3.0 -2.0 -1.0 0.0 -1.0 -1.0 0.0 0.0 -4.0 -3.0 -3.0 -4.0 -3.0 -1.0 -1.0 -2.0 -2.0 -2.0 0.0 -1.0 -4.0 -1.0 -1.0 -3.0 -3.0 -3.0 -3.0 -2.0 -1.0 -1.0 -3.0 0.0 -3.0 -2.0 0.0 -2.0 0.0 -4.0 -1.0 -3.0 -2.0 -3.0 -1.0 -3.0 -3.0 -4.0 0.0 -4.0 -3.0 0.0 -3.0 -2.0 -1.0 223.0 -2.0 -3.0 -1.0 -1.0 -3.0 -2.0 -3.0 -4.0 -1.0 
-3.0 -2.0 -3.0 -3.0 -1.0 -2.0 -1.0 0.0 0.0 0.0 0.0 0.0 -1.0 -1.0 0.0 0.0 -3.0 -3.0 -3.0 -3.0 0.0 -1.0 -1.0 0.0 -2.0 -1.0 -2.0 0.0 0.0 -3.0 0.0 -2.0 -2.0 -4.0 0.0 -1.0 -1.0 -3.0 -4.0 -2.0 -4.0 -1.0 -2.0 -3.0 -3.0 -3.0 0.0 -3.0 -3.0 -4.0 -4.0 -3.0 -4.0 0.0 -4.0 -2.0 -2.0 -4.0 -4.0 -2.0 -1.0 0.0 -4.0 -1.0 -3.0 -2.0 -1.0 -4.0 0.0 -1.0 -4.0 -4.0 -4.0 -1.0 -3.0 -2.0 -3.0 0.0 -3.0 -1.0 -3.0 -3.0 -2.0 0.0 0.0 0.0 0.0 -1.0 -1.0 -2.0 -1.0 -3.0 -1.0 -4.0 -4.0 0.0 0.0 0.0 -2.0 -4.0 -4.0 -3.0 -1.0 0.0 -4.0 -3.0 216.0 0.0 -2.0 -1.0 -4.0 -2.0 -2.0 -4.0 0.0 
-2.0 -4.0 -1.0 0.0 -4.0 -2.0 -1.0 -1.0 -4.0 -1.0 -4.0 -4.0 -4.0 -4.0 -3.0 -3.0 -1.0 -2.0 -2.0 -2.0 -3.0 0.0 -1.0 -3.0 0.0 -3.0 -4.0 -3.0 -3.0 -2.0 -3.0 -3.0 -3.0 -1.0 -1.0 -4.0 -3.0 -4.0 -1.0 -3.0 0.0 -2.0 -4.0 -3.0 -1.0 -1.0 0.0 0.0 -1.0 -3.0 -3.0 -1.0 -4.0 0.0 0.0 -1.0 -1.0 -4.0 -2.0 -1.0 -1.0 -3.0 -1.0 -4.0 -4.0 -3.0 -4.0 -3.0 -3.0 -2.0 -2.0 -1.0 -2.0 -3.0 -4.0 0.0 -1.0 0.0 -2.0 -4.0 -2.0 -4.0 0.0 -1.0 -4.0 -1.0 -1.0 -1.0 -3.0 -2.0 -1.0 0.0 0.0 -1.0 -2.0 -2.0 -3.0 -2.0 -2.0 0.0 -3.0 0.0 -1.0 -3.0 -3.0 -3.0 -2.0 232.0 -1.0 0.0 -3.0 -1.0 -2.0 -1.0 -1.0 
-3.0 -3.0 -1.0 0.0 0.0 0.0 -4.0 -2.0 -3.0 0.0 0.0 -4.0 -3.0 -3.0 -1.0 0.0 -2.0 0.0 -1.0 0.0 -3.0 -4.0 -3.0 -2.0 0.0 -1.0 -4.0 -2.0 -1.0 -1.0 -1.0 -4.0 -3.0 0.0 -1.0 -2.0 -2.0 -4.0 -4.0 -4.0 -2.0 -2.0 -1.0 -4.0 -3.0 -1.0 -4.0 -1.0 -2.0 -3.0 -2.0 -3.0 -2.0 -3.0 -2.0 -3.0 0.0 0.0 -1.0 0.0 -2.0 -1.0 -4.0 -1.0 -2.0 -1.0 -2.0 0.0 -2.0 -4.0 -1.0 -4.0 -2.0 -3.0 -1.0 -3.0 -1.0 -3.0 -1.0 -4.0 -4.0 0.0 -3.0 -3.0 -2.0 0.0 -2.0 -2.0 0.0 -1.0 -1.0 -4.0 0.0 -3.0 0.0 -2.0 0.0 -2.0 -2.0 -2.0 -1.0 -2.0 -1.0 -4.0 -2.0 0.0 -4.0 -3.0 223.0 -4.0 -1.0 -3.0 -2.0 -2.0 -4.0 
-3.0 0.0 0.0 -1.0 -2.0 0.0 -4.0 -4.0 -3.0 -4.0 0.0 -1.0 0.0 -2.0 -1.0 0.0 0.0 -2.0 0.0 -1.0 -4.0 -1.0 -3.0 -4.0 -1.0 -2.0 -4.0 -4.0 -2.0 -1.0 -3.0 0.0 -4.0 -1.0 -2.0 0.0 0.0 0.0 0.0 -1.0 -3.0 -4.0 0.0 -2.0 -3.0 0.0 -1.0 -1.0 -2.0 0.0 -4.0 0.0 -2.0 0.0 -4.0 -2.0 -4.0 -2.0 0.0 -1.0 0.0 -3.0 -1.0 0.0 0.0 -3.0 -2.0 -4.0 -3.0 0.0 -2.0 -3.0 -1.0 -1.0 -1.0 -2.0 -2.0 -4.0 0.0 0.0 -1.0 0.0 -3.0 0.0 -4.0 0.0 0.0 -2.0 -3.0 0.0 -4.0 0.0 -3.0 -1.0 0.0 -3.0 -1.0 -3.0 -2.0 0.0 -2.0 0.0 -2.0 0.0 -2.0 -4.0 -3.0 -4.0 -1.0 186.0 -1.0 -1.0 0.0 -3.0 -1.0 
-1.0 -1.0 -2.0 -3.0 -4.0 -1.0 -1.0 -1.0 -3.0 -4.0 -3.0 -1.0 -3.0 -1.0 -1.0 -4.0 0.0 -1.0 -4.0 0.0 -2.0 -1.0 0.0 -1.0 -4.0 -1.0 -1.0 -4.0 -2.0 -3.0 -3.0 0.0 -1.0 -2.0 -4.0 -3.0 -3.0 -1.0 -1.0 -3.0 -4.0 -2.0 -2.0 -1.0 0.0 -4.0 0.0 -4.0 -3.0 -1.0 -4.0 0.0 -1.0 0.0 -4.0 0.0 0.0 0.0 -4.0 -2.0 -3.0 -1.0 -4.0 -3.0 -3.0 -1.0 -1.0 -1.0 -2.0 -1.0 -2.0 -2.0 -4.0 -2.0 0.0 -1.0 -4.0 -2.0 -4.0 0.0 0.0 -4.0 -1.0 -2.0 -4.0 -4.0 -3.0 -3.0 -3.0 -1.0 -4.0 -3.0 0.0 -3.0 -4.0 0.0 -1.0 -4.0 -1.0 0.0 -3.0 -4.0 -4.0 -3.0 -3.0 -4.0 -3.0 0.0 0.0 -4.0 237.0 -3.0 -1.0 -3.0 -1.0 
0.0 -2.0 -3.0 -1.0 -4.0 -2.0 -3.0 -2.0 -2.0 -2.0 -1.0 -1.0 0.0 -3.0 -4.0 -4.0 -2.0 0.0 -3.0 -1.0 -2.0 -4.0 -3.0 -2.0 -4.0 -2.0 -4.0 0.0 -1.0 0.0 0.0 -3.0 0.0 0.0 -1.0 -2.0 -1.0 -4.0 0.0 -4.0 -1.0 -4.0 -1.0 -4.0 -4.0 -4.0 -3.0 0.0 0.0 0.0 -4.0 -4.0 -1.0 0.0 -4.0 0.0 -2.0 0.0 -4.0 -2.0 -1.0 -2.0 0.0 -1.0 -2.0 -2.0 -4.0 -2.0 -3.0 -2.0 -4.0 -3.0 -2.0 -4.0 -2.0 -4.0 -3.0 -3.0 -4.0 -4.0 0.0 -2.0 -4.0 -3.0 -1.0 -1.0 -2.0 -1.0 -1.0 -3.0 0.0 -3.0 -3.0 -1.0 -2.0 -2.0 0.0 -3.0 -2.0 -4.0 -1.0 -1.0 0.0 -2.0 -4.0 -1.0 -2.0 -1.0 -4.0 -3.0 -2.0 238.0 -4.0 -4.0 0.0 
-4.0 0.0 0.0 -4.0 -1.0 -4.0 -4.0 -3.0 -3.0 0.0 -1.0 -2.0 0.0 -3.0 -2.0 -4.0 -3.0 -4.0 -2.0 0.0 -1.0 0.0 -2.0 -1.0 -4.0 -1.0 -2.0 -2.0 -1.0 0.0 -1.0 -2.0 0.0 -2.0 -4.0 0.0 0.0 0.0 -4.0 0.0 -3.0 -1.0 -2.0 -1.0 -3.0 -1.0 -3.0 -2.0 -4.0 -4.0 -2.0 -2.0 -4.0 -1.0 -1.0 0.0 -1.0 0.0 -4.0 0.0 -3.0 -4.0 0.0 0.0 -3.0 -1.0 -2.0 0.0 0.0 -2.0 -1.0 -3.0 -3.0 -4.0 -1.0 -2.0 -4.0 -1.0 -2.0 -1.0 -2.0 -2.0 0.0 -2.0 -4.0 -4.0 -4.0 -3.0 -4.0 -2.0 0.0 -4.0 -1.0 -1.0 -2.0 -2.0 -1.0 -1.0 -3.0 -4.0 -4.0 0.0 0.0 0.0 -1.0 -4.0 -1.0 -1.0 0.0 -2.0 -2.0 0.0 214.0 -3.0 -3.0 
-2.0 -3.0 -4.0 -1.0 -2.0 -4.0 0.0 -2.0 -4.0 0.0 -3.0 -2.0 -1.0 -1.0 -4.0 -3.0 -1.0 -2.0 -2.0 -1.0 0.0 -2.0 -4.0 0.0 -4.0 0.0 -3.0 -1.0 -3.0 -4.0 0.0 -3.0 -1.0 -4.0 -4.0 0.0 -2.0 -3.0 -4.0 0.0 0.0 0.0 -3.0 -1.0 -1.0 0.0 -3.0 -1.0 -4.0 0.0 -2.0 -1.0 -4.0 -1.0 -3.0 0.0 -2.0 -1.0 -2.0 -2.0 0.0 -2.0 -2.0 -2.0 -4.0 -4.0 -1.0 -1.0 0.0 -1.0 -3.0 -2.0 -3.0 -2.0 -1.0 -2.0 -3.0 -2.0 -1.0 0.0 -1.0 0.0 -3.0 0.0 -2.0 -2.0 -2.0 0.0 -4.0 0.0 -3.0 -1.0 -3.0 -4.0 -2.0 -1.0 -1.0 -1.0 -3.0 -3.0 -2.0 -1.0 -1.0 -4.0 -3.0 -2.0 -4.0 -1.0 0.0 0.0 0.0 -1.0 -4.0 214.0 -4.0 
-1.0 -2.0 -4.0 -2.0 0.0 0.0 -4.0 -2.0 -3.0 -3.0 -3.0 -3.0 -4.0 -4.0 -3.0 -2.0 -1.0 -1.0 -2.0 -1.0 -2.0 -1.0 -4.0 -1.0 -1.0 -1.0 -1.0 -2.0 -2.0 -4.0 -2.0 -3.0 -4.0 -3.0 -1.0 -1.0 0.0 -3.0 0.0 -1.0 0.0 -4.0 -1.0 -4.0 -1.0 0.0 -3.0 -3.0 -4.0 -3.0 -1.0 0.0 -3.0 -4.0 -4.0 -4.0 -1.0 -2.0 0.0 -2.0 -1.0 -4.0 0.0 -2.0 -3.0 -4.0 0.0 -4.0 0.0 0.0 0.0 -2.0 -4.0 -2.0 0.0 -4.0 -1.0 -3.0 0.0 -4.0 -3.0 -2.0 -3.0 -2.0 -2.0 -2.0 -1.0 0.0 -2.0 0.0 -1.0 -2.0 0.0 -2.0 -4.0 -2.0 -3.0 0.0 -2.0 -2.0 -2.0 0.0 -3.0 -1.0 -1.0 -2.0 -4.0 -1.0 -3.0 -1.0 -2.0 -4.0 -3.0 -1.0 227.0 

-12157.000114 -11773.0 -11730.0 -12448.0 -13018.0 -12913.0 -12813.0 -12024.0 -11906.0 -10834.0 -12652.0 -10012.0 -9163.0 -9083.0 -10160.0 -9936.0 -9420.0 -8781.0 -10502.0 -7853.0 -8473.0 -7767.0 -8329.0 -7966.0 -7314.0 -7191.0 -7231.0 -7231.0 -7070.0 -5897.0 -6125.0 -5777.0 -6117.0 -5365.0 -4476.0 -5331.0 -4953.0 -4597.0 -3523.0 -4435.0 -3986.0 -4052.0 -3109.0 -3842.0 -2612.0 -2578.0 -2276.0 -3480.0 -2408.0 -1922.0 -2065.0 -673.0 -1349.0 -1035.0 -1943.0 268.0 -1672.0 -722.0 687.0 169.0 1142.0 1315.0 1736.0 1198.0 2600.0 1123.0 3247.0 1583.0 2317.0 2606.0 3885.0 3425.0 3964.0 2837.0 3910.0 4092.0 5012.0 4643.0 4575.0 4306.0 4271.0 5337.0 5812.0 5486.0 6995.0 6661.0 6579.0 6917.0 5558.0 7973.0 7257.0 7606.0 7895.0 8726.0 7567.0 9532.0 8271.0 10395.0 10083.0 10259.0 10543.0 12364.0 8609.0 12661.0 12044.0 10549.0 10032.0 12682.0 11153.0 9858.0 12121.0 12679.0 11927.0 12350.0 13427.0 