22.999986 -2.0 -3.0 -2.0 0.0 -1.0 -4.0 -2.0 0.0 -1.0 0.0 -1.0 -4.0 -3.0 0.0 
-4.0 30.0 -4.0 -1.0 0.0 0.0 -1.0 -4.0 -2.0 0.0 -4.0 0.0 -4.0 -3.0 -3.0 
-4.0 -3.0 27.0 -1.0 -1.0 0.0 -3.0 0.0 -1.0 -3.0 -3.0 -2.0 -2.0 -3.0 -1.0 
-2.0 -2.0 -4.0 27.0 -3.0 -2.0 -4.0 -3.0 0.0 -3.0 -2.0 -2.0 0.0 0.0 0.0 
0.0 -4.0 -1.0 -2.0 24.0 -3.0 0.0 -4.0 -3.0 0.0 -1.0 -4.0 0.0 0.0 -2.0 
-3.0 -1.0 -1.0 -3.0 -1.0 29.0 0.0 -2.0 -3.0 -4.0 -4.0 -1.0 -2.0 -2.0 -2.0 
-3.0 -1.0 -4.0 -1.0 0.0 -2.0 29.0 -4.0 -1.0 0.0 -3.0 -2.0 -4.0 -4.0 0.0 
-2.0 -3.0 0.0 -2.0 -3.0 -1.0 -3.0 29.0 -4.0 -4.0 -1.0 0.0 -1.0 -2.0 -3.0 
-1.0 0.0 -3.0 -1.0 -2.0 -1.0 0.0 -1.0 18.0 -2.0 -1.0 0.0 0.0 -4.0 -2.0 
-3.0 0.0 -1.0 -4.0 -3.0 -4.0 -4.0 0.0 0.0 27.0 -3.0 -4.0 0.0 -1.0 0.0 
-3.0 -1.0 -1.0 0.0 -4.0 -2.0 -1.0 -3.0 -3.0 -3.0 30.0 -2.0 -3.0 0.0 -4.0 
-4.0 -4.0 -2.0 -3.0 -3.0 -4.0 -2.0 -2.0 -4.0 0.0 0.0 33.0 -2.0 -1.0 -2.0 
0.0 -4.0 -4.0 -4.0 -1.0 -4.0 -4.0 -4.0 -3.0 0.0 0.0 -3.0 32.0 0.0 -1.0 
-2.0 -4.0 0.0 -4.0 -3.0 -2.0 -3.0 -1.0 -1.0 -1.0 0.0 0.0 -2.0 23.0 0.0 
-2.0 -1.0 -3.0 -2.0 0.0 -3.0 0.0 -1.0 -4.0 -3.0 -4.0 -4.0 -2.0 -3.0 32.0 

-164.000014 -200.0 -138.0 -65.0 -65.0 -74.0 -36.0 1.0 7.0 86.0 79.0 191.0 213.0 195.0 207.0 