134.999936 -3.0 -4.0 -2.0 -4.0 -3.0 0.0 -3.0 -4.0 -1.0 -4.0 -2.0 -3.0 -1.0 -2.0 0.0 0.0 -4.0 -2.0 -1.0 -1.0 -1.0 -2.0 -3.0 -1.0 -1.0 -3.0 -2.0 -3.0 -3.0 -4.0 0.0 -3.0 -4.0 -3.0 0.0 0.0 -4.0 0.0 -4.0 -4.0 -3.0 -3.0 -1.0 0.0 -1.0 -1.0 -4.0 -2.0 -4.0 -3.0 0.0 -3.0 -4.0 -4.0 0.0 -1.0 -3.0 -4.0 0.0 0.0 0.0 -2.0 -3.0 0.0 
-2.0 114.0 -4.0 -2.0 -3.0 -2.0 -1.0 -4.0 -2.0 -2.0 -1.0 -3.0 -4.0 0.0 -2.0 0.0 -1.0 0.0 -4.0 -4.0 -1.0 -2.0 -3.0 0.0 -1.0 -2.0 0.0 -1.0 -4.0 -4.0 -3.0 -2.0 -1.0 -1.0 -3.0 -1.0 -1.0 0.0 0.0 0.0 -4.0 -2.0 -1.0 0.0 -1.0 0.0 0.0 -1.0 -1.0 0.0 -3.0 -2.0 0.0 -2.0 -2.0 -2.0 -1.0 -1.0 -4.0 -3.0 -3.0 -4.0 -1.0 -2.0 -3.0 
0.0 -4.0 133.0 -2.0 -3.0 0.0 -1.0 -1.0 -2.0 0.0 -3.0 -4.0 -4.0 -3.0 0.0 0.0 0.0 -3.0 -3.0 -2.0 -4.0 0.0 -2.0 -3.0 -3.0 -2.0 -2.0 -3.0 -1.0 -4.0 -4.0 -4.0 -4.0 -4.0 0.0 0.0 0.0 -4.0 -3.0 0.0 -4.0 0.0 -4.0 -4.0 -1.0 -1.0 -2.0 -4.0 -3.0 -3.0 -1.0 -1.0 -2.0 -2.0 -2.0 -1.0 0.0 -1.0 -3.0 -2.0 0.0 -3.0 -1.0 -4.0 -2.0 
0.0 0.0 -2.0 135.0 -4.0 -2.0 -2.0 0.0 -3.0 -4.0 -4.0 -2.0 -2.0 -1.0 -2.0 -3.0 -4.0 -2.0 -2.0 -1.0 0.0 -4.0 -4.0 -2.0 -4.0 -1.0 -1.0 -4.0 -3.0 -3.0 -1.0 -3.0 -3.0 -1.0 -4.0 -3.0 -1.0 0.0 -4.0 -3.0 -3.0 -2.0 -2.0 0.0 -4.0 -2.0 -2.0 -2.0 -1.0 -2.0 0.0 -4.0 -2.0 -2.0 -4.0 -4.0 -2.0 -2.0 -3.0 -1.0 0.0 0.0 0.0 -2.0 0.0 
0.0 -4.0 -1.0 -2.0 113.0 0.0 0.0 -4.0 0.0 -4.0 0.0 0.0 -4.0 0.0 0.0 -3.0 -2.0 -4.0 0.0 0.0 -1.0 -3.0 -3.0 0.0 -2.0 0.0 -4.0 -2.0 0.0 -3.0 -3.0 -3.0 -2.0 0.0 -2.0 0.0 -2.0 -4.0 -4.0 -4.0 -2.0 -1.0 -1.0 -3.0 -2.0 0.0 -1.0 -3.0 -1.0 -4.0 -3.0 0.0 0.0 -4.0 -2.0 -1.0 -4.0 -1.0 -4.0 0.0 -1.0 0.0 -1.0 -1.0 -3.0 
-2.0 -1.0 -4.0 0.0 -2.0 126.0 0.0 -4.0 -1.0 -2.0 -2.0 0.0 -1.0 -4.0 -2.0 -3.0 -4.0 -4.0 -1.0 -2.0 -3.0 -1.0 0.0 -1.0 -1.0 -2.0 -3.0 -3.0 -2.0 -1.0 -4.0 0.0 -4.0 -1.0 0.0 -2.0 -2.0 -1.0 -3.0 -4.0 -3.0 -4.0 -1.0 -3.0 -3.0 -2.0 -1.0 -1.0 -2.0 -3.0 -4.0 0.0 -2.0 -1.0 -2.0 0.0 -1.0 -2.0 -2.0 0.0 -2.0 -4.0 -2.0 -3.0 -1.0 
-2.0 0.0 -2.0 -3.0 0.0 -1.0 110.0 -1.0 -3.0 0.0 -3.0 -4.0 -4.0 0.0 -3.0 -4.0 -3.0 -2.0 -4.0 -2.0 0.0 -4.0 -2.0 -4.0 0.0 -1.0 -1.0 0.0 -1.0 0.0 -3.0 -4.0 -2.0 0.0 0.0 -1.0 -1.0 0.0 -4.0 -1.0 -4.0 -3.0 0.0 0.0 -3.0 -1.0 -3.0 -2.0 -3.0 0.0 -2.0 -2.0 0.0 0.0 -1.0 -4.0 -2.0 0.0 0.0 0.0 -2.0 -1.0 -4.0 -1.0 -2.0 
-3.0 -3.0 -3.0 -1.0 0.0 -1.0 -4.0 141.0 -3.0 -4.0 0.0 -1.0 -1.0 -2.0 -2.0 -1.0 -4.0 -2.0 -2.0 -4.0 -3.0 -4.0 -4.0 -4.0 -2.0 -4.0 0.0 -3.0 -2.0 0.0 -2.0 -3.0 -4.0 -2.0 -4.0 -4.0 -2.0 -1.0 -3.0 0.0 -2.0 -4.0 0.0 -4.0 -4.0 -3.0 0.0 -1.0 0.0 -2.0 -4.0 -2.0 -2.0 0.0 0.0 -2.0 -4.0 -2.0 0.0 -4.0 -4.0 -1.0 0.0 -1.0 -3.0 
-3.0 0.0 0.0 -4.0 -1.0 -2.0 -4.0 -4.0 133.0 -3.0 -1.0 -2.0 -3.0 -1.0 -3.0 -3.0 -2.0 -4.0 -3.0 -3.0 -2.0 0.0 0.0 -4.0 -3.0 0.0 -4.0 -1.0 -3.0 -3.0 -3.0 -3.0 0.0 -3.0 -1.0 0.0 0.0 -2.0 0.0 -3.0 -2.0 -1.0 -3.0 0.0 -2.0 -1.0 -4.0 0.0 -4.0 -2.0 -4.0 -4.0 -3.0 0.0 -4.0 0.0 -1.0 -2.0 0.0 0.0 -4.0 -3.0 -4.0 -4.0 0.0 
-2.0 -3.0 0.0 -4.0 0.0 -4.0 -2.0 -1.0 -4.0 145.0 0.0 -4.0 -3.0 -4.0 -4.0 -4.0 -2.0 -1.0 -1.0 -3.0 -1.0 -1.0 -3.0 0.0 -2.0 -2.0 -4.0 -4.0 -2.0 -3.0 0.0 -4.0 0.0 -2.0 -4.0 0.0 -4.0 0.0 -2.0 -1.0 -1.0 0.0 -3.0 -2.0 -4.0 -4.0 -3.0 -4.0 -4.0 -1.0 -3.0 -3.0 -2.0 -2.0 0.0 0.0 0.0 -1.0 -3.0 -3.0 -4.0 -3.0 -2.0 -4.0 -4.0 
-4.0 -2.0 0.0 -2.0 -3.0 -4.0 -3.0 0.0 -3.0 -1.0 144.0 -4.0 -3.0 -3.0 -3.0 -3.0 -1.0 0.0 0.0 -4.0 -2.0 -4.0 0.0 -3.0 -2.0 -1.0 0.0 -1.0 -1.0 -4.0 -3.0 -2.0 -3.0 -2.0 -2.0 -2.0 -3.0 -2.0 -4.0 0.0 -2.0 -1.0 -4.0 -1.0 0.0 -3.0 -4.0 -4.0 0.0 -3.0 -1.0 -1.0 -1.0 -4.0 -4.0 -3.0 -4.0 -3.0 0.0 -4.0 0.0 -4.0 -1.0 -4.0 -4.0 
-3.0 -3.0 -1.0 -4.0 0.0 -2.0 -1.0 -1.0 -1.0 -3.0 0.0 115.0 -1.0 -1.0 0.0 -3.0 -2.0 -1.0 -1.0 -4.0 -1.0 -2.0 -1.0 0.0 0.0 -2.0 -2.0 -1.0 -4.0 -3.0 -3.0 -1.0 -1.0 -4.0 0.0 0.0 -1.0 -2.0 -2.0 -2.0 -3.0 -3.0 -2.0 -4.0 -3.0 -4.0 -2.0 -4.0 -2.0 -1.0 -4.0 -2.0 -2.0 0.0 -3.0 -1.0 0.0 -1.0 0.0 0.0 -1.0 -2.0 -2.0 -1.0 -4.0 
-1.0 -4.0 -4.0 -2.0 0.0 -1.0 -1.0 0.0 -4.0 -1.0 -3.0 -1.0 127.0 -2.0 -2.0 -4.0 -4.0 -1.0 0.0 -4.0 -3.0 -2.0 0.0 -1.0 0.0 -3.0 -1.0 -3.0 -1.0 -2.0 0.0 -1.0 -2.0 -4.0 -2.0 -2.0 -2.0 -1.0 -1.0 -4.0 -1.0 -4.0 -4.0 -4.0 -2.0 -2.0 -2.0 0.0 -2.0 -3.0 0.0 0.0 -2.0 -3.0 -3.0 -2.0 0.0 0.0 -1.0 -3.0 0.0 -3.0 -4.0 -4.0 -4.0 
-2.0 -2.0 -4.0 -3.0 -1.0 -2.0 -1.0 -4.0 -4.0 -4.0 -2.0 0.0 -2.0 137.0 0.0 -2.0 -3.0 -2.0 -4.0 -2.0 -2.0 -1.0 -1.0 -3.0 -4.0 -4.0 0.0 -1.0 -3.0 -1.0 -2.0 -1.0 -2.0 -1.0 -1.0 -2.0 -3.0 -2.0 0.0 -3.0 -4.0 -3.0 -3.0 -4.0 -3.0 -4.0 -1.0 -4.0 -2.0 -4.0 -2.0 -4.0 -1.0 0.0 -3.0 0.0 -4.0 0.0 -1.0 -3.0 0.0 -1.0 -1.0 -3.0 -1.0 
-1.0 -1.0 -3.0 0.0 -4.0 -4.0 -3.0 -3.0 -3.0 -2.0 -4.0 -1.0 -4.0 -2.0 136.0 -3.0 -3.0 -3.0 0.0 -1.0 0.0 -1.0 -2.0 -4.0 -1.0 -2.0 0.0 -3.0 -2.0 -2.0 -4.0 -3.0 -2.0 -4.0 -4.0 -1.0 -3.0 0.0 -4.0 -4.0 -4.0 0.0 0.0 -2.0 0.0 -4.0 0.0 -2.0 -4.0 -2.0 -2.0 -3.0 -1.0 -4.0 0.0 0.0 -3.0 -4.0 -1.0 -1.0 -2.0 -2.0 -3.0 0.0 -1.0 
-4.0 -2.0 -1.0 -3.0 -2.0 -4.0 -1.0 -3.0 -2.0 -2.0 -1.0 -3.0 -1.0 -3.0 -2.0 136.0 -4.0 -3.0 -2.0 -4.0 -4.0 -4.0 -1.0 -3.0 -3.0 0.0 0.0 0.0 -1.0 -3.0 -3.0 0.0 -3.0 -2.0 -1.0 -1.0 0.0 -1.0 -4.0 -1.0 -2.0 0.0 -2.0 0.0 -2.0 -4.0 -2.0 -4.0 -4.0 -3.0 -4.0 -4.0 -4.0 -4.0 -1.0 -3.0 -3.0 -1.0 0.0 0.0 -3.0 -1.0 -1.0 -2.0 0.0 
-4.0 0.0 0.0 -2.0 -1.0 -3.0 -4.0 -2.0 -3.0 -2.0 -4.0 -2.0 -3.0 0.0 -4.0 -2.0 123.0 -1.0 -1.0 -1.0 -1.0 -1.0 0.0 -3.0 -3.0 -4.0 -3.0 -4.0 0.0 -3.0 0.0 -4.0 -1.0 -1.0 -1.0 -3.0 -1.0 -3.0 -4.0 -3.0 -4.0 -1.0 -1.0 -2.0 -4.0 -2.0 -1.0 0.0 0.0 0.0 -3.0 -1.0 0.0 0.0 -4.0 -1.0 -2.0 -4.0 0.0 -2.0 0.0 -4.0 -1.0 -4.0 0.0 
-2.0 -3.0 -2.0 -1.0 -3.0 -2.0 0.0 -1.0 -4.0 -2.0 0.0 -2.0 -2.0 0.0 -1.0 -4.0 0.0 132.0 -4.0 -3.0 -2.0 -3.0 -4.0 0.0 -1.0 -3.0 -4.0 -1.0 -2.0 -4.0 -1.0 -2.0 0.0 -1.0 -4.0 -2.0 -2.0 -2.0 -1.0 -4.0 -1.0 -4.0 0.0 -1.0 -3.0 -2.0 -1.0 -4.0 -4.0 0.0 -3.0 -2.0 -4.0 -4.0 -3.0 0.0 -4.0 -3.0 -1.0 -1.0 -2.0 -4.0 -1.0 0.0 -1.0 
-1.0 -4.0 -4.0 -4.0 -1.0 -2.0 -1.0 -3.0 0.0 -1.0 0.0 -1.0 -4.0 -4.0 -2.0 -4.0 -4.0 -3.0 151.0 -2.0 -1.0 -3.0 0.0 -2.0 -2.0 -3.0 -1.0 -4.0 -4.0 -4.0 0.0 -2.0 -4.0 -3.0 -2.0 -3.0 -1.0 -4.0 -3.0 -1.0 -4.0 -4.0 -4.0 -2.0 -3.0 0.0 -1.0 -2.0 -3.0 -3.0 0.0 -2.0 -3.0 -3.0 -4.0 -3.0 -3.0 0.0 -4.0 -3.0 0.0 0.0 -4.0 0.0 -4.0 
-3.0 0.0 -1.0 -3.0 0.0 0.0 -4.0 -3.0 0.0 -4.0 -3.0 0.0 0.0 -1.0 -4.0 -3.0 -2.0 -3.0 -4.0 126.0 0.0 -2.0 -2.0 -2.0 -2.0 -3.0 0.0 -2.0 -3.0 -4.0 -2.0 -3.0 -2.0 -2.0 -1.0 -1.0 -1.0 -1.0 -3.0 -4.0 0.0 0.0 -3.0 -1.0 -4.0 -4.0 -3.0 -1.0 0.0 -4.0 -4.0 -4.0 0.0 -2.0 -2.0 -1.0 -4.0 -3.0 -2.0 -2.0 0.0 -1.0 -1.0 -2.0 0.0 
-1.0 -1.0 0.0 -4.0 -3.0 -1.0 -2.0 0.0 -4.0 -4.0 -2.0 -2.0 -1.0 0.0 0.0 -4.0 -4.0 -3.0 -1.0 0.0 120.0 -4.0 -3.0 0.0 0.0 -4.0 0.0 -2.0 0.0 -1.0 -2.0 -1.0 -1.0 -2.0 0.0 -4.0 0.0 -2.0 -3.0 -4.0 -2.0 0.0 -1.0 0.0 -3.0 -4.0 -1.0 -4.0 -4.0 -2.0 -4.0 -3.0 -1.0 -3.0 -2.0 0.0 0.0 -1.0 -1.0 -3.0 -1.0 -2.0 -3.0 -1.0 -4.0 
-1.0 -2.0 0.0 -3.0 -1.0 -1.0 -2.0 -3.0 -1.0 -1.0 -1.0 -3.0 -3.0 -3.0 -3.0 -3.0 -3.0 -1.0 -4.0 -4.0 -4.0 119.0 -1.0 0.0 -3.0 -2.0 -1.0 -1.0 -3.0 0.0 -3.0 -3.0 -3.0 -1.0 -1.0 -3.0 -1.0 -4.0 -3.0 -1.0 -4.0 0.0 -1.0 0.0 -1.0 0.0 -2.0 -1.0 0.0 -2.0 -3.0 0.0 0.0 -4.0 -4.0 0.0 -1.0 -1.0 -3.0 -4.0 0.0 -3.0 -4.0 0.0 0.0 
-4.0 -4.0 -4.0 -4.0 0.0 -2.0 0.0 -1.0 -4.0 -4.0 -1.0 -4.0 -2.0 -2.0 -2.0 0.0 0.0 -4.0 -1.0 0.0 -1.0 -3.0 145.0 0.0 -2.0 -3.0 -3.0 -3.0 -2.0 -3.0 -4.0 -2.0 -4.0 0.0 -4.0 -4.0 -2.0 -4.0 -2.0 -2.0 -1.0 -3.0 -4.0 -2.0 -1.0 -3.0 -4.0 -3.0 -4.0 -2.0 -1.0 -1.0 0.0 -3.0 -3.0 -3.0 0.0 -1.0 -1.0 -1.0 -3.0 -1.0 -3.0 -4.0 -2.0 
-1.0 -1.0 0.0 -3.0 -4.0 -3.0 -1.0 -1.0 -4.0 -1.0 -2.0 -1.0 -2.0 -1.0 0.0 -2.0 -3.0 0.0 -1.0 -4.0 -2.0 -3.0 -3.0 115.0 0.0 -2.0 -3.0 -3.0 -4.0 -2.0 -3.0 -1.0 0.0 0.0 -2.0 0.0 -1.0 0.0 -3.0 0.0 -4.0 -4.0 -1.0 -3.0 -3.0 -3.0 -2.0 -3.0 0.0 -3.0 -4.0 -2.0 -2.0 0.0 -4.0 -4.0 -2.0 0.0 -2.0 -1.0 0.0 0.0 0.0 0.0 -1.0 
0.0 -3.0 -2.0 0.0 -1.0 0.0 -2.0 -3.0 -1.0 -3.0 -4.0 -1.0 0.0 -3.0 -2.0 -1.0 -3.0 -2.0 -2.0 -2.0 -4.0 -2.0 0.0 -2.0 122.0 -3.0 -4.0 -1.0 0.0 0.0 0.0 -4.0 -4.0 -4.0 -1.0 -2.0 -2.0 0.0 -4.0 -3.0 -4.0 0.0 -3.0 0.0 -3.0 -4.0 -4.0 0.0 -1.0 -1.0 -2.0 -1.0 -3.0 -4.0 0.0 -3.0 -4.0 0.0 -3.0 -1.0 -3.0 0.0 -1.0 0.0 -2.0 
-4.0 -3.0 -3.0 -3.0 -4.0 -4.0 -2.0 -2.0 -2.0 -3.0 -1.0 -1.0 -2.0 -2.0 -3.0 -1.0 -1.0 -2.0 -3.0 -3.0 -4.0 -2.0 -2.0 -1.0 -1.0 137.0 0.0 -2.0 -1.0 -1.0 -2.0 -4.0 0.0 -2.0 -1.0 -4.0 -3.0 -3.0 -1.0 -4.0 -4.0 -4.0 0.0 0.0 -3.0 -3.0 -4.0 -4.0 -2.0 -2.0 -4.0 -4.0 -4.0 -3.0 0.0 0.0 -1.0 0.0 -1.0 0.0 -1.0 -4.0 -1.0 -1.0 0.0 
-4.0 -1.0 -1.0 -2.0 -4.0 -2.0 -4.0 -1.0 -4.0 -3.0 -1.0 -1.0 -3.0 -3.0 -1.0 -2.0 -1.0 0.0 -3.0 -2.0 -3.0 -1.0 -1.0 0.0 -4.0 -3.0 128.0 -2.0 0.0 -2.0 -1.0 -2.0 0.0 -3.0 -3.0 0.0 -2.0 -4.0 -4.0 -1.0 -2.0 -4.0 -2.0 -4.0 0.0 -4.0 -4.0 -2.0 -3.0 0.0 -3.0 0.0 0.0 -1.0 -4.0 -3.0 -4.0 -1.0 0.0 -1.0 -4.0 -2.0 0.0 0.0 -1.0 
0.0 -4.0 -3.0 -4.0 -2.0 -4.0 -2.0 -2.0 -2.0 -2.0 -1.0 -1.0 0.0 -3.0 -4.0 -3.0 0.0 -2.0 -2.0 -3.0 -4.0 -4.0 -1.0 -4.0 -2.0 0.0 -4.0 140.0 0.0 -3.0 0.0 -1.0 0.0 -2.0 -2.0 -3.0 -1.0 -1.0 0.0 -3.0 -3.0 -3.0 -2.0 -2.0 -2.0 -4.0 -2.0 -3.0 -3.0 -3.0 -2.0 -1.0 -3.0 -2.0 -2.0 -4.0 -2.0 -4.0 0.0 -2.0 -3.0 -3.0 -2.0 -3.0 -1.0 
-1.0 0.0 -1.0 -1.0 0.0 -1.0 -4.0 -4.0 -3.0 -2.0 -4.0 -2.0 -1.0 -4.0 -1.0 0.0 -4.0 -2.0 -2.0 -1.0 -4.0 0.0 -2.0 -2.0 0.0 -2.0 -3.0 -1.0 124.0 -4.0 -3.0 0.0 -4.0 -1.0 -1.0 -3.0 -4.0 -3.0 -3.0 -2.0 0.0 0.0 -1.0 -4.0 -3.0 -1.0 -2.0 -1.0 -3.0 -1.0 -1.0 -2.0 0.0 -1.0 -4.0 -4.0 -2.0 -2.0 0.0 -1.0 -4.0 0.0 -4.0 -2.0 -1.0 
-3.0 -2.0 0.0 -2.0 -1.0 -3.0 -2.0 -4.0 -4.0 -3.0 -3.0 0.0 0.0 -3.0 -3.0 -1.0 -1.0 -1.0 -1.0 -1.0 -2.0 -2.0 -2.0 -1.0 -4.0 -2.0 -3.0 0.0 -1.0 117.0 -2.0 -4.0 -3.0 0.0 0.0 -3.0 -3.0 -1.0 -2.0 -3.0 -3.0 -3.0 0.0 0.0 0.0 -1.0 0.0 0.0 -4.0 -3.0 0.0 -1.0 -1.0 -4.0 -1.0 -4.0 0.0 -2.0 0.0 -2.0 0.0 -4.0 -4.0 -3.0 -1.0 
-2.0 -4.0 -4.0 -2.0 -4.0 -4.0 0.0 0.0 -3.0 -3.0 -4.0 -4.0 -3.0 -1.0 0.0 -2.0 -2.0 -3.0 -4.0 -1.0 -3.0 -2.0 -2.0 -2.0 -4.0 -1.0 -4.0 -4.0 -1.0 0.0 140.0 -3.0 -2.0 -2.0 -1.0 -4.0 0.0 -1.0 -3.0 -3.0 -4.0 -1.0 -2.0 0.0 -2.0 -3.0 -2.0 -1.0 -1.0 -1.0 0.0 -4.0 -1.0 0.0 -4.0 -1.0 -1.0 0.0 -3.0 -1.0 -3.0 -3.0 -3.0 -4.0 -3.0 
-1.0 -4.0 -3.0 -4.0 -1.0 -1.0 0.0 0.0 -2.0 0.0 -3.0 -2.0 0.0 -2.0 -1.0 -1.0 0.0 -4.0 -3.0 -3.0 -4.0 0.0 -3.0 -3.0 -4.0 0.0 -2.0 -4.0 -3.0 -3.0 -2.0 137.0 -3.0 -4.0 -1.0 -4.0 -2.0 -4.0 -1.0 -2.0 -2.0 0.0 -4.0 0.0 -1.0 -2.0 -4.0 -1.0 0.0 -4.0 -1.0 -4.0 -4.0 -4.0 -3.0 -4.0 -3.0 -3.0 0.0 -3.0 0.0 0.0 -2.0 -2.0 -2.0 
-1.0 -1.0 -1.0 -2.0 0.0 -4.0 0.0 -4.0 0.0 0.0 0.0 -4.0 -4.0 0.0 -1.0 -1.0 0.0 -1.0 -3.0 -2.0 -1.0 -4.0 0.0 0.0 0.0 -4.0 -4.0 -2.0 0.0 -4.0 -1.0 -3.0 110.0 -1.0 -1.0 -3.0 -4.0 -2.0 -1.0 0.0 0.0 -2.0 -2.0 -2.0 0.0 -1.0 0.0 0.0 -2.0 -3.0 -1.0 -3.0 -3.0 -2.0 -4.0 -2.0 -3.0 -2.0 -1.0 -2.0 -2.0 -2.0 -1.0 -2.0 -4.0 
-3.0 -4.0 -4.0 -2.0 0.0 -4.0 0.0 -2.0 -4.0 -2.0 -2.0 -4.0 -1.0 0.0 -3.0 -2.0 -3.0 0.0 -4.0 -4.0 -4.0 -1.0 -4.0 -4.0 -3.0 -1.0 -2.0 0.0 -4.0 -4.0 -1.0 -1.0 -3.0 151.0 -4.0 -4.0 -4.0 -2.0 -4.0 -4.0 -4.0 -1.0 0.0 0.0 -3.0 -2.0 -2.0 -2.0 -4.0 -1.0 -1.0 0.0 -4.0 -2.0 -4.0 -2.0 -2.0 -3.0 -2.0 0.0 -3.0 0.0 -2.0 -1.0 -4.0 
-3.0 -1.0 -2.0 0.0 0.0 -1.0 -4.0 0.0 -1.0 -2.0 0.0 -3.0 -3.0 0.0 -2.0 -2.0 0.0 -2.0 -1.0 -2.0 -4.0 -1.0 -2.0 -2.0 -2.0 -2.0 0.0 -1.0 -4.0 -1.0 -1.0 -3.0 -4.0 -2.0 112.0 -4.0 -1.0 -1.0 0.0 -1.0 -1.0 -3.0 -3.0 -4.0 -3.0 -1.0 0.0 -4.0 0.0 0.0 0.0 0.0 -2.0 0.0 -3.0 -2.0 -4.0 -3.0 -3.0 -4.0 0.0 0.0 -3.0 -1.0 -3.0 
-4.0 -1.0 0.0 -3.0 0.0 -3.0 -4.0 -4.0 0.0 -2.0 -4.0 -3.0 -1.0 -4.0 -3.0 -1.0 -2.0 -1.0 -1.0 -1.0 -3.0 -3.0 -2.0 -1.0 -1.0 -1.0 -2.0 -1.0 0.0 0.0 -3.0 -2.0 -1.0 0.0 -3.0 128.0 0.0 -3.0 -4.0 0.0 -3.0 -1.0 -4.0 -1.0 -3.0 -4.0 -3.0 0.0 -3.0 -3.0 0.0 -3.0 -2.0 -3.0 -3.0 -3.0 -4.0 0.0 -3.0 0.0 0.0 -4.0 -2.0 -3.0 -1.0 
-1.0 -3.0 -1.0 -2.0 -2.0 -3.0 -4.0 -3.0 -3.0 0.0 -3.0 -4.0 -2.0 -2.0 -1.0 0.0 -3.0 0.0 -3.0 -3.0 -4.0 -4.0 -2.0 -3.0 -2.0 -4.0 0.0 -1.0 -1.0 -4.0 -1.0 -3.0 0.0 -1.0 0.0 -4.0 140.0 0.0 -2.0 -2.0 -4.0 0.0 0.0 -2.0 -4.0 -3.0 -1.0 -2.0 -2.0 -4.0 -3.0 -2.0 -1.0 -2.0 -4.0 -4.0 0.0 -4.0 0.0 -3.0 -4.0 -4.0 -2.0 -2.0 -2.0 
-1.0 -4.0 -3.0 -3.0 0.0 -4.0 -1.0 -4.0 -3.0 -3.0 -2.0 0.0 0.0 0.0 0.0 -3.0 -2.0 -4.0 -2.0 -2.0 -2.0 -3.0 -1.0 0.0 -3.0 -3.0 -4.0 0.0 -1.0 -3.0 -3.0 -2.0 0.0 -1.0 0.0 -3.0 -3.0 127.0 -4.0 -3.0 0.0 -1.0 -4.0 -1.0 -2.0 -2.0 -4.0 -2.0 -4.0 -1.0 -3.0 0.0 -2.0 -3.0 -2.0 -3.0 -3.0 -1.0 -4.0 0.0 0.0 0.0 -3.0 -2.0 0.0 
-2.0 -3.0 -4.0 -1.0 -4.0 0.0 -2.0 -4.0 0.0 -1.0 -1.0 -4.0 0.0 -2.0 -3.0 0.0 -2.0 0.0 -1.0 0.0 -4.0 -3.0 -3.0 -2.0 -2.0 -4.0 -4.0 -2.0 -1.0 -3.0 -2.0 -2.0 -2.0 0.0 -4.0 -4.0 -3.0 -4.0 142.0 -4.0 -4.0 0.0 -3.0 -2.0 -2.0 -1.0 -4.0 -1.0 -4.0 -1.0 -4.0 -3.0 -4.0 -3.0 -2.0 -4.0 -3.0 0.0 -2.0 -4.0 0.0 0.0 -4.0 0.0 0.0 
-4.0 -3.0 -3.0 -3.0 -2.0 0.0 -1.0 -4.0 0.0 -3.0 0.0 -1.0 -3.0 -1.0 -3.0 -3.0 -4.0 -4.0 -2.0 -1.0 -2.0 -2.0 -1.0 -1.0 -4.0 -3.0 -1.0 0.0 0.0 -2.0 -2.0 -3.0 -2.0 -1.0 0.0 -4.0 -4.0 -3.0 -3.0 134.0 -4.0 -1.0 -2.0 -2.0 -4.0 -2.0 -2.0 -3.0 -3.0 -3.0 -3.0 0.0 -1.0 -4.0 0.0 -2.0 -3.0 0.0 0.0 -2.0 0.0 -2.0 -4.0 0.0 -4.0 
-4.0 -1.0 0.0 -2.0 -2.0 -2.0 -1.0 -3.0 0.0 -3.0 -4.0 -3.0 -4.0 -2.0 -2.0 -2.0 -2.0 -4.0 -4.0 -1.0 -3.0 -2.0 -3.0 -1.0 -2.0 -4.0 -1.0 -3.0 0.0 -2.0 0.0 -1.0 -1.0 -2.0 -4.0 0.0 -4.0 -4.0 0.0 -4.0 131.0 0.0 -1.0 0.0 0.0 -4.0 -3.0 -3.0 -3.0 -1.0 0.0 -3.0 -1.0 -4.0 0.0 -2.0 -1.0 -3.0 -3.0 -4.0 -4.0 -4.0 0.0 0.0 0.0 
-3.0 -3.0 -4.0 -3.0 -3.0 -4.0 -2.0 -4.0 -2.0 -2.0 -2.0 -2.0 -3.0 -2.0 -4.0 -2.0 -3.0 0.0 -4.0 -1.0 -3.0 -1.0 -1.0 0.0 0.0 0.0 -3.0 -3.0 -4.0 -1.0 -1.0 -4.0 -1.0 0.0 -3.0 0.0 -2.0 -2.0 0.0 0.0 -4.0 131.0 -4.0 0.0 -4.0 0.0 -1.0 0.0 -2.0 -1.0 -3.0 0.0 -4.0 -4.0 -2.0 -1.0 -4.0 -4.0 -4.0 -2.0 -1.0 -2.0 0.0 -1.0 -1.0 
-3.0 -4.0 -3.0 -1.0 -2.0 -4.0 -3.0 -4.0 -1.0 -1.0 -3.0 -1.0 0.0 -2.0 -1.0 -1.0 0.0 -4.0 -4.0 -4.0 -2.0 -4.0 -3.0 -3.0 -3.0 -3.0 -1.0 0.0 -3.0 -3.0 -4.0 -1.0 -4.0 -3.0 -3.0 -4.0 -3.0 0.0 -2.0 -4.0 -1.0 -1.0 142.0 -3.0 0.0 -3.0 -1.0 0.0 -1.0 -1.0 0.0 -2.0 -4.0 -4.0 -1.0 -4.0 -1.0 -3.0 0.0 -2.0 -4.0 -4.0 -1.0 0.0 -2.0 
-1.0 -2.0 -1.0 -3.0 -3.0 -3.0 -1.0 -3.0 -2.0 0.0 -1.0 -1.0 -2.0 -2.0 0.0 -2.0 -1.0 -3.0 -4.0 -4.0 -3.0 -4.0 -3.0 -3.0 -2.0 -3.0 0.0 -4.0 0.0 -3.0 -2.0 -2.0 -4.0 -1.0 -3.0 -2.0 0.0 -2.0 -3.0 -1.0 0.0 -3.0 -4.0 131.0 -4.0 0.0 -2.0 0.0 -1.0 0.0 -4.0 0.0 0.0 0.0 -3.0 0.0 -4.0 -1.0 -4.0 -4.0 -4.0 -4.0 -3.0 -2.0 0.0 
-3.0 -3.0 -4.0 -2.0 -2.0 -3.0 -3.0 -4.0 0.0 -2.0 -3.0 0.0 0.0 -1.0 -2.0 -2.0 -1.0 -2.0 0.0 -3.0 -2.0 -3.0 0.0 0.0 -1.0 -3.0 -1.0 -2.0 -3.0 -2.0 -2.0 0.0 -4.0 -1.0 -2.0 -3.0 -2.0 -3.0 -4.0 -1.0 -3.0 -1.0 -3.0 0.0 130.0 0.0 0.0 -1.0 -3.0 -4.0 -4.0 -1.0 -1.0 -2.0 -4.0 -2.0 -3.0 -2.0 0.0 -3.0 -3.0 -3.0 -2.0 -2.0 -4.0 
-2.0 -4.0 -1.0 -2.0 0.0 -1.0 -2.0 -2.0 -2.0 -1.0 -2.0 -2.0 -4.0 -3.0 0.0 -3.0 -1.0 -4.0 -2.0 -1.0 -3.0 -3.0 0.0 -2.0 -4.0 -4.0 -3.0 -4.0 -1.0 -2.0 0.0 -3.0 -4.0 -3.0 -4.0 -1.0 0.0 -4.0 0.0 -2.0 -1.0 -1.0 -2.0 -1.0 -2.0 135.0 -3.0 -2.0 -1.0 0.0 -3.0 -2.0 -3.0 -1.0 0.0 -3.0 -2.0 -4.0 -3.0 -3.0 -1.0 -4.0 -3.0 0.0 -4.0 
0.0 -2.0 -4.0 -2.0 0.0 -1.0 -2.0 0.0 -2.0 -1.0 -4.0 -1.0 0.0 0.0 -4.0 -2.0 -1.0 -4.0 -2.0 -2.0 -4.0 -1.0 -1.0 -3.0 0.0 -4.0 0.0 -3.0 0.0 -2.0 -3.0 -4.0 0.0 -4.0 -3.0 -4.0 0.0 -3.0 -2.0 0.0 -2.0 -3.0 0.0 -2.0 0.0 -2.0 115.0 0.0 0.0 -4.0 -3.0 0.0 -1.0 -3.0 -2.0 -4.0 0.0 -2.0 -2.0 0.0 -2.0 0.0 -3.0 -2.0 -3.0 
-3.0 -2.0 -2.0 -3.0 -4.0 -4.0 -1.0 -4.0 -2.0 -3.0 -2.0 -3.0 -4.0 0.0 -3.0 -1.0 -1.0 -3.0 0.0 -4.0 -4.0 -1.0 -1.0 -1.0 -1.0 -2.0 -1.0 -1.0 -4.0 -4.0 -4.0 -1.0 -1.0 -3.0 -3.0 -2.0 -4.0 -2.0 -3.0 -2.0 -3.0 -4.0 -3.0 0.0 -3.0 -2.0 -3.0 149.0 -3.0 -3.0 -2.0 -2.0 -2.0 -2.0 -3.0 0.0 0.0 -4.0 -4.0 -3.0 -2.0 -1.0 -1.0 -2.0 -3.0 
-1.0 -3.0 0.0 -1.0 -3.0 -3.0 -1.0 -1.0 -2.0 -3.0 -3.0 0.0 -4.0 -3.0 -2.0 -1.0 -1.0 0.0 0.0 -4.0 0.0 0.0 -4.0 0.0 0.0 -3.0 -2.0 0.0 -1.0 -3.0 -4.0 0.0 0.0 -3.0 -2.0 -1.0 -3.0 -1.0 -3.0 -3.0 -2.0 -1.0 0.0 -2.0 -3.0 -3.0 -1.0 -3.0 109.0 -3.0 -1.0 -1.0 -1.0 -2.0 -3.0 -3.0 -1.0 -4.0 -4.0 0.0 0.0 -1.0 0.0 0.0 -1.0 
0.0 -4.0 0.0 0.0 -4.0 -3.0 0.0 -1.0 -1.0 -3.0 -1.0 -2.0 -1.0 0.0 0.0 -3.0 -4.0 -3.0 0.0 -2.0 -4.0 -1.0 -4.0 -3.0 -4.0 -4.0 -2.0 0.0 0.0 0.0 -2.0 -3.0 -1.0 -4.0 -4.0 -4.0 -3.0 0.0 -4.0 -4.0 -1.0 -4.0 -4.0 -2.0 -1.0 -2.0 0.0 -1.0 -2.0 129.0 -2.0 -2.0 -2.0 -3.0 0.0 -1.0 -3.0 0.0 -4.0 -2.0 0.0 0.0 -4.0 -4.0 -2.0 
-1.0 0.0 0.0 -1.0 -1.0 -4.0 0.0 0.0 0.0 -3.0 -4.0 -3.0 -3.0 -3.0 -2.0 -4.0 -3.0 -3.0 -1.0 -4.0 -4.0 -2.0 -4.0 -3.0 -2.0 -1.0 -3.0 0.0 -2.0 0.0 -4.0 -4.0 -4.0 -3.0 0.0 -3.0 -2.0 0.0 -2.0 -3.0 -3.0 0.0 -4.0 -3.0 -2.0 -2.0 -1.0 -1.0 -4.0 -3.0 119.0 0.0 0.0 0.0 0.0 -1.0 0.0 0.0 0.0 -1.0 -2.0 -4.0 -2.0 0.0 0.0 
-4.0 -4.0 -2.0 -4.0 -2.0 0.0 -4.0 -4.0 0.0 0.0 -1.0 -1.0 0.0 -2.0 -3.0 -1.0 -1.0 -1.0 -1.0 -4.0 -1.0 -2.0 -1.0 -2.0 -2.0 -4.0 -3.0 -1.0 0.0 -3.0 -3.0 0.0 -1.0 -4.0 0.0 -4.0 0.0 -1.0 -4.0 -2.0 -3.0 -1.0 -2.0 -4.0 -2.0 -3.0 0.0 0.0 0.0 -1.0 -4.0 113.0 0.0 -4.0 0.0 -4.0 0.0 -1.0 0.0 -1.0 -3.0 0.0 -1.0 -2.0 0.0 
-1.0 0.0 -3.0 -3.0 -4.0 -1.0 -3.0 -4.0 -4.0 -4.0 -3.0 -4.0 -1.0 -3.0 -1.0 -3.0 0.0 0.0 -1.0 -1.0 -2.0 -2.0 -1.0 -3.0 -4.0 -4.0 -2.0 0.0 -1.0 -3.0 -1.0 -3.0 0.0 0.0 -2.0 -4.0 -3.0 -3.0 0.0 -3.0 -2.0 -1.0 0.0 -2.0 0.0 -2.0 -4.0 -4.0 -3.0 -4.0 -4.0 -4.0 141.0 -3.0 -1.0 -4.0 -4.0 -2.0 -1.0 -4.0 0.0 -2.0 0.0 -3.0 -2.0 
-1.0 -3.0 -1.0 -3.0 -2.0 -2.0 -3.0 -3.0 0.0 -1.0 -2.0 0.0 0.0 -1.0 0.0 0.0 0.0 -2.0 -4.0 -4.0 0.0 -1.0 -3.0 -1.0 -1.0 0.0 -1.0 -4.0 -4.0 -1.0 -3.0 -4.0 -4.0 -1.0 -2.0 -1.0 -2.0 -3.0 -3.0 -4.0 -1.0 -2.0 -3.0 -3.0 -2.0 -1.0 -3.0 -1.0 -3.0 0.0 -2.0 -3.0 -2.0 123.0 0.0 -4.0 0.0 -2.0 -1.0 -4.0 -2.0 0.0 -2.0 -4.0 -3.0 
-3.0 -1.0 -4.0 0.0 -3.0 -1.0 -1.0 -4.0 -4.0 -1.0 0.0 -2.0 -1.0 -2.0 -3.0 -3.0 0.0 0.0 -2.0 -3.0 -3.0 -1.0 -2.0 -3.0 -1.0 0.0 -2.0 -4.0 -3.0 0.0 -1.0 -3.0 0.0 -2.0 0.0 0.0 -4.0 -3.0 -4.0 -2.0 0.0 -4.0 -4.0 -3.0 -4.0 -3.0 0.0 -3.0 -1.0 -3.0 0.0 -3.0 0.0 -2.0 124.0 -2.0 -2.0 -2.0 -1.0 0.0 -4.0 -1.0 -2.0 -2.0 -2.0 
-4.0 -3.0 -3.0 -4.0 -1.0 -2.0 -1.0 -4.0 -4.0 -1.0 -1.0 -1.0 -2.0 -3.0 -1.0 -4.0 -4.0 -1.0 0.0 0.0 -2.0 0.0 -3.0 0.0 0.0 -2.0 0.0 -1.0 -1.0 -3.0 -4.0 -4.0 0.0 -3.0 -2.0 -4.0 -1.0 0.0 -3.0 -4.0 -1.0 -3.0 -1.0 -2.0 -3.0 0.0 -2.0 -2.0 -1.0 -1.0 -1.0 -2.0 -3.0 0.0 0.0 115.0 0.0 0.0 -1.0 -1.0 -1.0 -2.0 -3.0 -2.0 -2.0 
-3.0 0.0 -3.0 -3.0 0.0 0.0 -4.0 -3.0 -1.0 -3.0 0.0 0.0 -3.0 0.0 -3.0 -1.0 -1.0 -4.0 -2.0 0.0 0.0 -3.0 0.0 -1.0 -2.0 -4.0 -2.0 -2.0 -2.0 -4.0 0.0 -1.0 -4.0 0.0 -1.0 -2.0 -4.0 -4.0 -4.0 -4.0 -2.0 -3.0 -4.0 -4.0 -4.0 -1.0 -4.0 -2.0 0.0 -1.0 -4.0 -1.0 -2.0 -3.0 -4.0 -1.0 136.0 -4.0 -3.0 -4.0 -1.0 -3.0 -2.0 -1.0 0.0 
-2.0 -2.0 0.0 -2.0 -1.0 -3.0 -4.0 0.0 -3.0 -4.0 -2.0 -3.0 -3.0 -1.0 0.0 -3.0 -4.0 0.0 -4.0 -1.0 -3.0 0.0 0.0 0.0 -4.0 -2.0 -3.0 -1.0 -4.0 0.0 -3.0 0.0 -1.0 0.0 -2.0 -4.0 -3.0 -1.0 0.0 -4.0 -3.0 0.0 -4.0 -1.0 -2.0 -4.0 -3.0 -1.0 -1.0 -4.0 -1.0 -1.0 -1.0 -1.0 0.0 -4.0 -2.0 126.0 -4.0 -3.0 0.0 -2.0 -1.0 -4.0 -2.0 
0.0 0.0 -2.0 -4.0 -2.0 -3.0 -4.0 -4.0 -2.0 -2.0 -4.0 -2.0 -4.0 -2.0 0.0 -4.0 -4.0 -4.0 -2.0 -2.0 -1.0 -4.0 -4.0 -2.0 -1.0 -1.0 -2.0 -3.0 -4.0 -2.0 -3.0 -3.0 -4.0 -3.0 -1.0 -2.0 -3.0 -2.0 -4.0 -1.0 -3.0 0.0 -2.0 -1.0 -1.0 -2.0 -2.0 -3.0 -4.0 -1.0 -4.0 -2.0 -4.0 0.0 -4.0 -2.0 -4.0 -3.0 154.0 0.0 -2.0 -4.0 -4.0 0.0 -1.0 
-3.0 0.0 0.0 -2.0 -3.0 -3.0 -3.0 0.0 -4.0 0.0 -2.0 -1.0 -2.0 -2.0 -4.0 -1.0 -2.0 -1.0 -4.0 -3.0 -2.0 -2.0 -4.0 -3.0 -3.0 -2.0 0.0 -4.0 -2.0 -3.0 -2.0 0.0 -4.0 -3.0 -3.0 -1.0 -3.0 0.0 -4.0 -3.0 -4.0 -4.0 -3.0 -3.0 -4.0 0.0 -1.0 -4.0 -3.0 -2.0 -3.0 -4.0 -3.0 -4.0 -2.0 -4.0 0.0 -2.0 -3.0 150.0 -1.0 0.0 -4.0 0.0 -4.0 
0.0 0.0 -4.0 -3.0 -2.0 -2.0 -3.0 -3.0 -3.0 -1.0 -1.0 -3.0 0.0 -2.0 -2.0 -2.0 -4.0 -1.0 -2.0 -1.0 -4.0 0.0 -2.0 -1.0 0.0 -1.0 -3.0 -2.0 -1.0 -3.0 -4.0 -4.0 0.0 -2.0 -4.0 -3.0 -3.0 -2.0 -4.0 -1.0 -4.0 0.0 -1.0 -2.0 -3.0 -2.0 -1.0 -3.0 0.0 -4.0 -2.0 -4.0 -4.0 0.0 -1.0 -4.0 0.0 -3.0 -3.0 -2.0 134.0 0.0 -3.0 -1.0 -4.0 
-3.0 0.0 0.0 0.0 0.0 -2.0 -3.0 -3.0 -3.0 -4.0 -2.0 -2.0 -2.0 0.0 -2.0 -2.0 0.0 -4.0 -4.0 -3.0 -3.0 -1.0 0.0 0.0 -4.0 -3.0 -1.0 -1.0 -1.0 0.0 -3.0 0.0 -3.0 -2.0 -1.0 -1.0 0.0 -4.0 -3.0 -2.0 -2.0 -3.0 -3.0 -3.0 -2.0 -1.0 -2.0 -4.0 0.0 -4.0 -2.0 -1.0 -3.0 -3.0 0.0 -1.0 -2.0 -4.0 -1.0 0.0 -1.0 124.0 -3.0 -4.0 -3.0 
-4.0 -4.0 -1.0 -1.0 -3.0 -4.0 -1.0 -4.0 -3.0 -2.0 -2.0 -2.0 -4.0 -1.0 -3.0 -3.0 -1.0 0.0 -1.0 -4.0 0.0 -1.0 -2.0 -3.0 0.0 -4.0 -4.0 -4.0 0.0 -4.0 -2.0 -2.0 -1.0 0.0 0.0 -3.0 0.0 -1.0 -1.0 -4.0 -2.0 -1.0 -1.0 -1.0 -3.0 -1.0 -2.0 -4.0 -2.0 -2.0 -2.0 -2.0 -3.0 0.0 -3.0 -1.0 0.0 -1.0 -4.0 -1.0 -1.0 0.0 126.0 -2.0 -3.0 
-4.0 -1.0 -2.0 -4.0 -2.0 -1.0 -3.0 0.0 -3.0 -1.0 -2.0 -1.0 -4.0 -4.0 -4.0 -2.0 0.0 -3.0 -1.0 -2.0 -4.0 -3.0 -1.0 -2.0 -2.0 -3.0 -1.0 -2.0 -2.0 -4.0 -4.0 -2.0 -3.0 -1.0 0.0 -3.0 -3.0 0.0 -1.0 0.0 -4.0 -1.0 -3.0 -1.0 -1.0 -1.0 -4.0 -2.0 -2.0 -4.0 -2.0 -1.0 -2.0 -3.0 -1.0 -3.0 -4.0 -2.0 0.0 -1.0 -1.0 -4.0 -3.0 137.0 -2.0 
-2.0 -1.0 -3.0 -3.0 -2.0 -1.0 -4.0 -2.0 -1.0 -3.0 -2.0 -2.0 -3.0 -4.0 0.0 -3.0 -4.0 -1.0 -4.0 0.0 0.0 -3.0 -3.0 -1.0 -2.0 -1.0 -3.0 -3.0 -1.0 0.0 -1.0 -3.0 -3.0 0.0 -4.0 0.0 -3.0 -2.0 -3.0 -4.0 -2.0 -1.0 -1.0 -1.0 -4.0 0.0 -4.0 -3.0 0.0 -1.0 -2.0 -3.0 0.0 -3.0 -4.0 -4.0 -3.0 -3.0 -2.0 -3.0 -3.0 -4.0 -2.0 -2.0 140.0 

-4161.000064 -3445.0 -4055.0 -3783.0 -3328.0 -3443.0 -2688.0 -3389.0 -3156.0 -3449.0 -3349.0 -2525.0 -2685.0 -2471.0 -2262.0 -2150.0 -1803.0 -2089.0 -2141.0 -1658.0 -1572.0 -1153.0 -1384.0 -912.0 -1033.0 -619.0 -587.0 -739.0 -530.0 -246.0 -13.0 -285.0 -271.0 358.0 57.0 363.0 492.0 774.0 802.0 1067.0 1206.0 1540.0 1682.0 1441.0 1479.0 1701.0 1613.0 2376.0 1828.0 2086.0 2511.0 2516.0 2841.0 2372.0 2779.0 3068.0 2989.0 3176.0 4166.0 3891.0 3680.0 3464.0 4185.0 4401.0 4401.0 