96.0 -2.0 -1.0 -3.0 -3.0 -3.0 -1.0 -2.0 -3.0 -4.0 -2.0 -2.0 -4.0 0.0 -4.0 -4.0 -1.0 -3.0 0.0 0.0 -4.0 -2.0 0.0 -3.0 0.0 -2.0 0.0 -1.0 -2.0 -3.0 -4.0 -1.0 -2.0 0.0 -2.0 -2.0 -2.0 -4.0 -3.0 -1.0 -4.0 -1.0 0.0 -2.0 0.0 -1.0 -2.0 0.0 -4.0 -2.0 0.0 0.0 -2.0 -4.0 0.0 -3.0 -2.0 0.0 -3.0 -4.0 -4.0 -4.0 -4.0 0.0 0.0 0.0 -3.0 0.0 -1.0 -4.0 -3.0 -1.0 -2.0 -2.0 -3.0 -4.0 -1.0 -1.0 -4.0 0.0 -4.0 -4.0 0.0 0.0 -2.0 -1.0 0.0 -1.0 -3.0 -4.0 -1.0 -2.0 -4.0 -3.0 -2.0 -1.0 -1.0 -1.0 0.0 -2.0 -1.0 0.0 0.0 -1.0 0.0 -1.0 -4.0 -2.0 -2.0 -2.0 0.0 -1.0 0.0 -2.0 -3.0 
0.0 220.0 -4.0 -4.0 -4.0 -2.0 -4.0 -1.0 0.0 -4.0 -2.0 -1.0 -4.0 -2.0 -3.0 -1.0 -2.0 -2.0 -2.0 -1.0 -1.0 -1.0 0.0 -3.0 0.0 -4.0 -4.0 -3.0 -3.0 -2.0 -4.0 -1.0 -1.0 -1.0 -2.0 -1.0 -2.0 -3.0 -2.0 -4.0 -1.0 -4.0 -3.0 -1.0 -1.0 -2.0 0.0 -2.0 -1.0 0.0 0.0 0.0 0.0 -3.0 -1.0 0.0 -3.0 -4.0 0.0 -1.0 -2.0 -2.0 0.0 -2.0 0.0 -2.0 -2.0 0.0 -4.0 -4.0 -1.0 -2.0 -3.0 -3.0 0.0 -4.0 -2.0 -1.0 -2.0 0.0 -4.0 -3.0 0.0 -4.0 -1.0 -4.0 0.0 0.0 -1.0 -1.0 -1.0 0.0 -2.0 -4.0 -4.0 -4.0 -4.0 -4.0 -1.0 -1.0 -1.0 -2.0 -1.0 0.0 -2.0 -3.0 -2.0 -1.0 0.0 0.0 -4.0 -3.0 -2.0 -4.0 -4.0 
0.0 -1.0 237.0 0.0 -2.0 -3.0 -4.0 -3.0 -4.0 -2.0 -1.0 -3.0 -1.0 -1.0 0.0 -4.0 -4.0 -3.0 0.0 -1.0 -2.0 -4.0 -4.0 -4.0 -2.0 -1.0 -1.0 -4.0 -4.0 0.0 -3.0 -4.0 -1.0 -4.0 -2.0 -4.0 0.0 -3.0 0.0 -2.0 -1.0 -1.0 -2.0 -4.0 -1.0 -4.0 -1.0 -3.0 -2.0 -1.0 -1.0 -3.0 -3.0 -4.0 -3.0 -1.0 -3.0 -1.0 -2.0 0.0 -2.0 0.0 -2.0 0.0 -4.0 -2.0 -3.0 -3.0 -3.0 -1.0 -3.0 -1.0 -4.0 -4.0 0.0 -2.0 -3.0 -1.0 -4.0 -2.0 0.0 -2.0 -3.0 -2.0 -3.0 -3.0 0.0 0.0 -1.0 0.0 0.0 0.0 -3.0 -1.0 -1.0 -3.0 -4.0 -4.0 0.0 -4.0 0.0 -2.0 0.0 0.0 -3.0 0.0 -4.0 -3.0 -4.0 -4.0 -2.0 -3.0 -3.0 -1.0 -3.0 
-3.0 -2.0 -1.0 256.0 -4.0 -3.0 -2.0 -3.0 -4.0 -4.0 -3.0 -2.0 -1.0 0.0 -2.0 -4.0 -1.0 -4.0 -3.0 -4.0 -3.0 -1.0 -2.0 -4.0 -4.0 0.0 0.0 -4.0 -4.0 -4.0 0.0 -3.0 0.0 -3.0 0.0 -4.0 -2.0 -4.0 -1.0 0.0 -2.0 -1.0 0.0 -2.0 -1.0 -4.0 -4.0 0.0 -3.0 -3.0 -3.0 -3.0 -4.0 -3.0 0.0 -1.0 0.0 -4.0 -1.0 0.0 -3.0 -4.0 0.0 -4.0 0.0 -1.0 -3.0 -4.0 0.0 -4.0 -4.0 -3.0 -3.0 -3.0 -4.0 -2.0 -2.0 -4.0 0.0 0.0 -3.0 -2.0 -2.0 -4.0 -4.0 -1.0 -4.0 -2.0 -2.0 -2.0 -2.0 -4.0 -3.0 -3.0 -2.0 -2.0 -2.0 -2.0 -2.0 -1.0 -2.0 0.0 -1.0 -1.0 -3.0 -1.0 -2.0 -4.0 -2.0 -4.0 -3.0 -2.0 -1.0 -1.0 0.0 
-1.0 -2.0 -2.0 -3.0 219.0 -2.0 -3.0 -3.0 -2.0 -3.0 -3.0 -3.0 0.0 -3.0 -2.0 0.0 0.0 -3.0 -3.0 -4.0 -2.0 0.0 0.0 -1.0 -1.0 0.0 -3.0 0.0 0.0 -4.0 -2.0 -3.0 -1.0 -3.0 -2.0 -2.0 -4.0 -1.0 0.0 -3.0 -3.0 0.0 -4.0 -4.0 -2.0 0.0 -1.0 0.0 0.0 -1.0 -2.0 -3.0 -1.0 -4.0 -1.0 -3.0 0.0 -1.0 0.0 -3.0 -2.0 -1.0 -3.0 -4.0 -1.0 -1.0 -3.0 0.0 -2.0 -2.0 -4.0 -3.0 -3.0 -3.0 0.0 -1.0 -2.0 -4.0 -1.0 -4.0 -2.0 -1.0 0.0 -4.0 -4.0 0.0 -3.0 -2.0 0.0 0.0 -2.0 -1.0 -4.0 -4.0 -3.0 -3.0 -4.0 -4.0 -1.0 -1.0 0.0 -2.0 -1.0 0.0 -1.0 -3.0 -2.0 -3.0 -1.0 -2.0 -2.0 -3.0 -3.0 0.0 -2.0 
-2.0 -4.0 -1.0 -2.0 0.0 218.0 -4.0 -2.0 -2.0 -4.0 -1.0 -3.0 -2.0 0.0 -1.0 0.0 -1.0 -2.0 -1.0 -4.0 -2.0 -4.0 0.0 0.0 -3.0 -2.0 0.0 -2.0 -1.0 -3.0 0.0 -1.0 -1.0 -2.0 -3.0 -2.0 0.0 -2.0 -2.0 0.0 -2.0 -1.0 -4.0 0.0 -2.0 0.0 -1.0 -4.0 -3.0 -2.0 -1.0 -1.0 -3.0 -3.0 -3.0 -4.0 -4.0 -3.0 -4.0 -4.0 -3.0 -1.0 -1.0 -4.0 -3.0 0.0 -4.0 -1.0 -4.0 -2.0 -3.0 -1.0 -1.0 -3.0 0.0 -4.0 0.0 -3.0 -1.0 0.0 -2.0 -2.0 -1.0 -3.0 -4.0 -3.0 0.0 0.0 -2.0 0.0 -1.0 -2.0 0.0 -4.0 -3.0 -2.0 -2.0 -2.0 -1.0 -1.0 -2.0 -2.0 -2.0 -3.0 -2.0 0.0 -2.0 -3.0 -3.0 -4.0 -2.0 0.0 -1.0 -3.0 0.0 
-3.0 -3.0 -2.0 -3.0 -3.0 -3.0 243.0 0.0 -4.0 -2.0 0.0 0.0 -1.0 -3.0 -2.0 -1.0 -2.0 -2.0 0.0 0.0 -3.0 -4.0 -1.0 -2.0 0.0 -1.0 -3.0 -1.0 -3.0 -1.0 -1.0 0.0 -3.0 -3.0 -4.0 -4.0 -2.0 -4.0 -4.0 -3.0 -2.0 -3.0 0.0 -1.0 -1.0 -4.0 -4.0 -4.0 -3.0 -3.0 -2.0 -1.0 -1.0 -4.0 -2.0 -4.0 -3.0 -2.0 -1.0 -2.0 0.0 -4.0 -4.0 -2.0 -1.0 -1.0 0.0 -3.0 -4.0 -2.0 -2.0 -2.0 0.0 -3.0 0.0 -2.0 -4.0 -2.0 -3.0 -4.0 -4.0 -2.0 -2.0 -4.0 -1.0 0.0 -2.0 -4.0 -1.0 0.0 -4.0 -3.0 -1.0 -2.0 -4.0 0.0 0.0 -3.0 -3.0 0.0 -4.0 -2.0 -4.0 0.0 -1.0 -2.0 -3.0 -1.0 0.0 -2.0 -4.0 0.0 -3.0 -2.0 -4.0 
-4.0 -2.0 -1.0 -1.0 -3.0 -1.0 -2.0 213.0 0.0 -3.0 0.0 -2.0 0.0 0.0 0.0 0.0 -1.0 0.0 0.0 0.0 0.0 0.0 -3.0 -4.0 -1.0 0.0 0.0 -4.0 -1.0 -1.0 -1.0 -3.0 -2.0 0.0 -2.0 -1.0 -2.0 -4.0 -3.0 0.0 -2.0 -3.0 -3.0 0.0 -2.0 -4.0 -4.0 0.0 -2.0 -4.0 -4.0 -4.0 -4.0 0.0 -4.0 -2.0 -4.0 -4.0 -2.0 -4.0 0.0 -3.0 -4.0 -3.0 0.0 -4.0 -1.0 -2.0 -1.0 0.0 0.0 -3.0 -2.0 -4.0 -2.0 -4.0 -1.0 -3.0 -1.0 0.0 0.0 -2.0 -1.0 -4.0 -2.0 -4.0 -1.0 -3.0 -3.0 0.0 -4.0 0.0 -3.0 -1.0 -1.0 -2.0 -1.0 -4.0 -2.0 -2.0 -1.0 -2.0 -3.0 -1.0 -2.0 -1.0 0.0 -3.0 -2.0 -3.0 -2.0 -1.0 -2.0 -4.0 0.0 
-4.0 -3.0 -2.0 -1.0 -1.0 -4.0 0.0 -3.0 247.0 -4.0 0.0 -1.0 -1.0 0.0 -2.0 -3.0 -1.0 -3.0 -1.0 -3.0 -4.0 -2.0 -1.0 -1.0 -2.0 -3.0 0.0 -3.0 -4.0 -1.0 -1.0 -2.0 -1.0 -1.0 -4.0 -3.0 -3.0 0.0 0.0 0.0 -1.0 -2.0 -3.0 -4.0 -1.0 -1.0 -4.0 -4.0 -4.0 -2.0 -3.0 -1.0 -2.0 -2.0 -4.0 -3.0 -4.0 -1.0 -2.0 0.0 -1.0 0.0 -1.0 0.0 0.0 -3.0 -2.0 -1.0 0.0 -1.0 -3.0 -1.0 -3.0 -3.0 -1.0 -3.0 -3.0 -4.0 0.0 -4.0 -1.0 -1.0 -2.0 -3.0 -2.0 -4.0 -4.0 -3.0 -4.0 -3.0 -2.0 -3.0 -1.0 0.0 -4.0 -3.0 -3.0 -2.0 -4.0 0.0 -3.0 -4.0 -3.0 -2.0 -4.0 -2.0 -4.0 -4.0 -4.0 -1.0 -4.0 -2.0 -1.0 -3.0 -2.0 
-4.0 -1.0 -1.0 -1.0 0.0 0.0 -3.0 -1.0 -4.0 223.0 -4.0 -3.0 -2.0 0.0 0.0 -1.0 -2.0 -1.0 -3.0 -4.0 -4.0 -2.0 0.0 -2.0 -4.0 -2.0 0.0 -1.0 -3.0 0.0 -3.0 -4.0 -1.0 -2.0 -1.0 -2.0 0.0 -3.0 -1.0 0.0 -1.0 -2.0 -4.0 -4.0 0.0 -1.0 -3.0 -4.0 0.0 -1.0 -1.0 -4.0 -4.0 -1.0 -1.0 0.0 -2.0 -3.0 0.0 -3.0 -3.0 0.0 -1.0 -1.0 -4.0 0.0 -4.0 -2.0 -1.0 -2.0 -2.0 -3.0 0.0 -2.0 0.0 -4.0 -4.0 -1.0 -3.0 0.0 0.0 -4.0 -3.0 -4.0 -2.0 -4.0 -3.0 -2.0 -4.0 -4.0 -2.0 -3.0 -1.0 -4.0 0.0 0.0 -2.0 -1.0 0.0 -2.0 -1.0 -3.0 -4.0 -2.0 -3.0 -3.0 0.0 -4.0 -4.0 -1.0 0.0 -1.0 -3.0 -1.0 -2.0 
-4.0 -1.0 0.0 -4.0 -2.0 0.0 0.0 -2.0 -1.0 0.0 234.0 -4.0 -3.0 0.0 -3.0 -4.0 -3.0 -3.0 -1.0 -2.0 -2.0 -1.0 -3.0 -3.0 -3.0 -3.0 -2.0 -4.0 0.0 -4.0 0.0 -2.0 -2.0 -2.0 -2.0 0.0 -1.0 -3.0 -2.0 -4.0 -1.0 -1.0 0.0 0.0 -2.0 -4.0 -4.0 -2.0 -4.0 -1.0 0.0 -1.0 -1.0 -1.0 0.0 -4.0 0.0 -1.0 0.0 -3.0 -2.0 -4.0 -3.0 0.0 -2.0 -3.0 -2.0 -3.0 -1.0 -4.0 0.0 -4.0 0.0 -2.0 -4.0 -4.0 -4.0 -4.0 -1.0 0.0 -4.0 -4.0 0.0 -3.0 -4.0 -4.0 -2.0 -4.0 -3.0 -1.0 -1.0 -4.0 -1.0 -3.0 -2.0 -3.0 -4.0 -3.0 -1.0 0.0 0.0 0.0 -2.0 -3.0 -3.0 -4.0 -2.0 -1.0 -2.0 -4.0 0.0 0.0 -1.0 -3.0 -1.0 
-3.0 -1.0 -4.0 0.0 0.0 -3.0 0.0 -3.0 -2.0 0.0 0.0 206.0 0.0 -2.0 -1.0 -3.0 -1.0 0.0 0.0 -2.0 0.0 -3.0 -3.0 0.0 0.0 -3.0 -1.0 -2.0 0.0 -1.0 0.0 0.0 -1.0 -3.0 -3.0 -1.0 -4.0 -1.0 0.0 -1.0 0.0 -2.0 -2.0 -4.0 -2.0 -3.0 0.0 -1.0 0.0 -2.0 0.0 -1.0 -1.0 -4.0 -3.0 -1.0 -3.0 -1.0 -3.0 -4.0 -3.0 -3.0 -1.0 -1.0 -2.0 -1.0 -4.0 -4.0 0.0 -3.0 -1.0 -2.0 -2.0 -2.0 -2.0 -4.0 -4.0 -2.0 -1.0 -3.0 -4.0 -2.0 -3.0 -2.0 -3.0 -3.0 -3.0 -4.0 -1.0 -2.0 -2.0 -1.0 -3.0 -4.0 -3.0 -2.0 -1.0 0.0 0.0 -1.0 -2.0 -2.0 -1.0 0.0 -2.0 -1.0 -3.0 -2.0 -2.0 -3.0 -3.0 -1.0 -3.0 -1.0 -2.0 
-4.0 -1.0 -3.0 -3.0 -1.0 0.0 -3.0 0.0 -2.0 -3.0 -2.0 -2.0 231.0 0.0 -4.0 0.0 0.0 -4.0 -3.0 -4.0 -1.0 0.0 -1.0 -1.0 -1.0 -3.0 -1.0 0.0 -1.0 -1.0 0.0 -3.0 -1.0 0.0 -1.0 -3.0 -2.0 0.0 -4.0 -3.0 -3.0 0.0 -2.0 -4.0 -2.0 -1.0 -3.0 -1.0 -2.0 -4.0 -4.0 -3.0 0.0 0.0 -3.0 0.0 -1.0 -4.0 0.0 -2.0 -2.0 -4.0 -2.0 -2.0 -1.0 -3.0 -3.0 -4.0 -1.0 0.0 -2.0 -2.0 -1.0 -2.0 -2.0 -2.0 -1.0 0.0 0.0 -4.0 -4.0 0.0 -4.0 -3.0 -4.0 -2.0 -2.0 -4.0 -2.0 -4.0 -2.0 -2.0 -4.0 -1.0 -1.0 -3.0 -4.0 -4.0 0.0 0.0 -2.0 -1.0 0.0 -2.0 -3.0 -4.0 -3.0 -2.0 0.0 -4.0 -4.0 -3.0 -4.0 -4.0 -2.0 
-3.0 0.0 -1.0 -3.0 -2.0 -1.0 -2.0 0.0 -4.0 -2.0 0.0 -2.0 -3.0 206.0 -4.0 -4.0 -2.0 -2.0 -4.0 -4.0 0.0 -3.0 -3.0 -3.0 0.0 0.0 -4.0 -4.0 -3.0 -3.0 0.0 -4.0 -2.0 -2.0 0.0 -1.0 0.0 0.0 -2.0 -4.0 -2.0 0.0 0.0 -4.0 -3.0 -1.0 -3.0 -3.0 0.0 -1.0 -4.0 -4.0 -3.0 0.0 -1.0 -2.0 -1.0 0.0 -3.0 -2.0 -1.0 0.0 0.0 0.0 -2.0 -3.0 -3.0 -4.0 -1.0 -3.0 -1.0 -1.0 -1.0 0.0 -1.0 -1.0 -1.0 -1.0 -2.0 -1.0 -2.0 -2.0 -1.0 -2.0 -3.0 0.0 -3.0 -3.0 -3.0 0.0 -4.0 0.0 -3.0 0.0 -3.0 0.0 -1.0 0.0 -3.0 0.0 0.0 -1.0 -4.0 -3.0 -2.0 -4.0 0.0 -1.0 -3.0 -2.0 -4.0 -1.0 -1.0 0.0 -2.0 
-3.0 -2.0 -4.0 -4.0 -2.0 0.0 -4.0 -1.0 -4.0 0.0 -4.0 -2.0 -4.0 -3.0 233.0 -4.0 0.0 -2.0 -4.0 0.0 0.0 -4.0 -4.0 -3.0 0.0 -3.0 0.0 -1.0 -3.0 -4.0 -2.0 -4.0 -2.0 -4.0 0.0 -4.0 -1.0 -1.0 0.0 -3.0 -2.0 -3.0 -2.0 -1.0 -3.0 -2.0 -4.0 -1.0 -1.0 -3.0 0.0 -2.0 -2.0 -1.0 -3.0 -4.0 -2.0 -2.0 -4.0 -2.0 -4.0 0.0 -2.0 -3.0 -2.0 -2.0 -2.0 -2.0 -2.0 -2.0 -2.0 -1.0 0.0 0.0 -2.0 -1.0 -2.0 -2.0 -4.0 -2.0 -2.0 0.0 -2.0 -1.0 -1.0 -4.0 0.0 -2.0 -2.0 -1.0 -3.0 0.0 0.0 -4.0 -4.0 -1.0 -3.0 -1.0 -4.0 0.0 0.0 0.0 -2.0 -1.0 0.0 -4.0 -2.0 -2.0 -4.0 0.0 -3.0 0.0 -1.0 -4.0 -4.0 
0.0 -1.0 -2.0 0.0 -4.0 -3.0 -1.0 -3.0 -4.0 -4.0 -1.0 -4.0 -2.0 -4.0 -2.0 258.0 -3.0 0.0 -4.0 -2.0 -4.0 -3.0 -4.0 -2.0 -4.0 -2.0 -3.0 -1.0 -1.0 -1.0 0.0 -3.0 -1.0 -3.0 -4.0 -4.0 -1.0 -3.0 0.0 -4.0 0.0 0.0 -4.0 -1.0 -4.0 -4.0 -1.0 -3.0 -4.0 -4.0 0.0 -1.0 -1.0 -3.0 0.0 -3.0 -2.0 -1.0 0.0 -1.0 -1.0 -3.0 -4.0 0.0 -4.0 -2.0 -1.0 0.0 -4.0 -4.0 -1.0 -4.0 -3.0 0.0 -3.0 -3.0 0.0 -4.0 -3.0 -1.0 -4.0 0.0 -3.0 -1.0 -4.0 -3.0 -2.0 -3.0 -4.0 -4.0 0.0 -4.0 -3.0 -4.0 -2.0 0.0 -2.0 0.0 -1.0 -2.0 -4.0 -4.0 -2.0 -4.0 -3.0 -1.0 -3.0 -2.0 -4.0 -1.0 -2.0 -4.0 -3.0 0.0 -1.0 
-2.0 -1.0 -1.0 -1.0 -3.0 -1.0 0.0 0.0 0.0 -4.0 -3.0 -4.0 -1.0 -2.0 -4.0 -2.0 205.0 -4.0 -4.0 0.0 -2.0 -1.0 -3.0 -3.0 -4.0 0.0 0.0 -3.0 -4.0 -3.0 -2.0 -4.0 -4.0 0.0 0.0 0.0 -2.0 -2.0 -2.0 -4.0 -2.0 -1.0 -1.0 -1.0 -3.0 -4.0 -1.0 -2.0 -1.0 -1.0 -4.0 -3.0 -1.0 -4.0 -3.0 -4.0 0.0 -2.0 -2.0 -2.0 -1.0 -1.0 -1.0 -1.0 -4.0 -2.0 0.0 -4.0 -1.0 -1.0 0.0 -2.0 -4.0 -3.0 -2.0 0.0 -4.0 0.0 0.0 0.0 0.0 -1.0 -1.0 -2.0 0.0 -2.0 -1.0 -3.0 0.0 -2.0 0.0 -1.0 -3.0 -2.0 0.0 -1.0 0.0 -3.0 -1.0 -2.0 -2.0 -2.0 -2.0 0.0 -2.0 -4.0 -2.0 -4.0 0.0 -2.0 -3.0 -1.0 0.0 0.0 -3.0 
-3.0 -2.0 -4.0 -4.0 0.0 -4.0 -1.0 -2.0 -1.0 -3.0 -1.0 0.0 -4.0 -4.0 -2.0 -4.0 -4.0 218.0 0.0 -3.0 -1.0 -4.0 -2.0 0.0 -1.0 -1.0 -1.0 -2.0 -2.0 -1.0 -1.0 -2.0 0.0 -4.0 -1.0 0.0 -1.0 -4.0 -3.0 -3.0 -1.0 -1.0 -3.0 -2.0 -4.0 -2.0 0.0 -3.0 -4.0 -4.0 -3.0 -1.0 -3.0 -1.0 -2.0 -1.0 0.0 -2.0 0.0 -2.0 0.0 -1.0 0.0 -1.0 0.0 0.0 -4.0 0.0 0.0 0.0 0.0 -3.0 -1.0 -3.0 -1.0 0.0 -1.0 -4.0 -3.0 0.0 -4.0 -3.0 -2.0 -4.0 -1.0 -3.0 0.0 -4.0 0.0 -3.0 -2.0 -2.0 -1.0 0.0 -4.0 -1.0 -3.0 -1.0 -2.0 0.0 -1.0 -2.0 0.0 -4.0 -2.0 -4.0 -3.0 -1.0 -3.0 -4.0 -4.0 -1.0 -4.0 -4.0 0.0 
-1.0 -1.0 -4.0 -3.0 -2.0 -2.0 -2.0 -3.0 -2.0 -4.0 -4.0 -4.0 -3.0 -1.0 -3.0 0.0 -3.0 0.0 217.0 -3.0 0.0 -1.0 0.0 -1.0 0.0 -1.0 -1.0 -2.0 -3.0 -3.0 -1.0 0.0 -2.0 -3.0 0.0 -2.0 -4.0 0.0 -3.0 -2.0 -4.0 -3.0 -3.0 -3.0 -2.0 -2.0 -1.0 -1.0 -3.0 0.0 0.0 -1.0 -1.0 -1.0 -2.0 -3.0 -2.0 -3.0 -4.0 -2.0 -4.0 -4.0 -3.0 -4.0 0.0 -4.0 -2.0 -1.0 0.0 -3.0 -3.0 -3.0 0.0 -1.0 -2.0 -3.0 -1.0 -3.0 0.0 -1.0 -2.0 -3.0 -1.0 -4.0 -2.0 -2.0 -3.0 -2.0 0.0 -1.0 -3.0 -1.0 -3.0 -2.0 -4.0 -3.0 0.0 0.0 0.0 -1.0 0.0 0.0 -2.0 -1.0 0.0 -1.0 -2.0 0.0 -4.0 -3.0 -2.0 -2.0 -4.0 0.0 -2.0 
-2.0 -3.0 -4.0 -3.0 -4.0 -4.0 -3.0 -3.0 -2.0 -4.0 -2.0 -4.0 -2.0 -3.0 -3.0 -4.0 -4.0 -3.0 -1.0 258.0 -3.0 -3.0 -3.0 -4.0 -2.0 -1.0 -2.0 0.0 -3.0 -4.0 -1.0 -4.0 0.0 -4.0 -4.0 0.0 -3.0 -3.0 -4.0 -3.0 -1.0 -2.0 -3.0 -1.0 0.0 -1.0 -3.0 -2.0 -4.0 -4.0 -1.0 -3.0 -3.0 -1.0 -3.0 -1.0 -1.0 -3.0 -1.0 -2.0 -3.0 -2.0 -1.0 -1.0 -1.0 -4.0 -4.0 0.0 -1.0 0.0 0.0 -1.0 -1.0 -2.0 -1.0 -3.0 -2.0 -1.0 -1.0 -2.0 -4.0 0.0 -4.0 -1.0 -3.0 -4.0 -1.0 -3.0 -3.0 0.0 -3.0 -3.0 0.0 0.0 -4.0 -3.0 -2.0 0.0 -3.0 -3.0 -4.0 -3.0 -3.0 0.0 -2.0 -1.0 -4.0 -4.0 0.0 -3.0 -4.0 -4.0 -1.0 0.0 -1.0 
-3.0 -2.0 -1.0 0.0 -4.0 -4.0 -2.0 0.0 -2.0 -1.0 -3.0 -3.0 0.0 -1.0 -2.0 -2.0 -4.0 -4.0 -3.0 -4.0 227.0 -4.0 -2.0 -4.0 0.0 0.0 -3.0 -1.0 -4.0 -2.0 -2.0 -2.0 -2.0 -4.0 -4.0 0.0 0.0 0.0 0.0 -4.0 -3.0 0.0 -2.0 -3.0 -4.0 -4.0 -4.0 -2.0 0.0 0.0 -4.0 -3.0 0.0 0.0 -3.0 -3.0 -1.0 -4.0 -1.0 -2.0 -1.0 -3.0 -3.0 -1.0 0.0 -4.0 -4.0 -1.0 -1.0 -3.0 -1.0 -2.0 -4.0 -1.0 0.0 -3.0 -4.0 0.0 -4.0 -1.0 -1.0 0.0 -1.0 -3.0 -1.0 -1.0 -4.0 -3.0 -1.0 -3.0 -4.0 0.0 -2.0 -2.0 -1.0 -3.0 -2.0 -4.0 0.0 -2.0 0.0 -4.0 -2.0 -2.0 0.0 0.0 0.0 -3.0 -2.0 -1.0 -2.0 -1.0 -2.0 0.0 -3.0 
-2.0 0.0 -4.0 -2.0 -2.0 -4.0 -2.0 -1.0 -3.0 0.0 -1.0 -3.0 -4.0 -4.0 -1.0 -3.0 -1.0 -2.0 -1.0 -2.0 -2.0 218.0 0.0 -4.0 -2.0 -3.0 -2.0 -2.0 -4.0 -1.0 -2.0 -1.0 -3.0 -3.0 -4.0 -3.0 0.0 0.0 -2.0 -3.0 -1.0 -4.0 0.0 -3.0 -2.0 -4.0 -4.0 0.0 -1.0 0.0 0.0 0.0 -4.0 0.0 -4.0 -1.0 -1.0 -3.0 -4.0 0.0 0.0 -1.0 -4.0 -2.0 -3.0 -2.0 -4.0 -4.0 0.0 -1.0 -3.0 0.0 -4.0 0.0 0.0 -4.0 -3.0 0.0 -4.0 0.0 -4.0 -1.0 -1.0 -3.0 -1.0 -3.0 -2.0 0.0 0.0 0.0 -1.0 0.0 0.0 -2.0 0.0 -3.0 -4.0 0.0 -2.0 -1.0 -3.0 0.0 -4.0 -2.0 -3.0 -3.0 -2.0 -2.0 -1.0 -2.0 -1.0 -2.0 -3.0 -3.0 -1.0 
-1.0 -2.0 0.0 -2.0 -4.0 -1.0 -2.0 -3.0 -4.0 -4.0 -4.0 -2.0 -1.0 0.0 -2.0 -3.0 -1.0 -4.0 -2.0 -4.0 0.0 -2.0 229.0 -1.0 -4.0 -4.0 -1.0 -1.0 -3.0 -1.0 -1.0 0.0 -1.0 -4.0 -4.0 -4.0 0.0 -4.0 -3.0 -1.0 -1.0 0.0 -3.0 -1.0 0.0 -1.0 -3.0 0.0 -4.0 0.0 -3.0 -2.0 -2.0 0.0 -3.0 -3.0 -2.0 0.0 -3.0 0.0 -2.0 -4.0 -2.0 0.0 -1.0 -2.0 0.0 -1.0 0.0 -4.0 0.0 -3.0 -4.0 -2.0 0.0 -4.0 -4.0 -1.0 -3.0 -3.0 -4.0 -2.0 -3.0 -3.0 -1.0 -3.0 -2.0 -3.0 -2.0 -1.0 -2.0 -1.0 -3.0 -4.0 -2.0 -3.0 -1.0 0.0 -3.0 -3.0 -2.0 0.0 -4.0 0.0 -3.0 0.0 0.0 0.0 -1.0 -4.0 -1.0 -2.0 -4.0 -2.0 -4.0 
-2.0 -2.0 -2.0 -1.0 -2.0 -4.0 -4.0 -1.0 -1.0 -2.0 -1.0 -4.0 -4.0 0.0 -1.0 -2.0 0.0 -4.0 -3.0 0.0 -1.0 -3.0 -3.0 214.0 -2.0 -2.0 -4.0 -4.0 0.0 -2.0 -4.0 0.0 -2.0 -2.0 0.0 -1.0 0.0 -4.0 0.0 -4.0 -4.0 -3.0 -1.0 -1.0 -1.0 -4.0 0.0 -3.0 -3.0 -1.0 0.0 -1.0 0.0 -3.0 -3.0 -3.0 -4.0 -2.0 -4.0 -2.0 -2.0 -1.0 0.0 -4.0 -1.0 -1.0 -4.0 -2.0 0.0 -2.0 0.0 -2.0 0.0 -2.0 0.0 -1.0 -2.0 -1.0 -4.0 0.0 -1.0 -1.0 -1.0 -1.0 -2.0 -1.0 0.0 0.0 -3.0 -3.0 -1.0 -2.0 0.0 0.0 -1.0 0.0 -1.0 -1.0 -4.0 0.0 -4.0 -4.0 -3.0 -4.0 -2.0 0.0 -4.0 -2.0 0.0 0.0 -4.0 -3.0 -4.0 -4.0 -3.0 
0.0 -4.0 -4.0 -3.0 -2.0 -1.0 -2.0 -2.0 0.0 -1.0 -1.0 -4.0 0.0 -3.0 -2.0 -1.0 -3.0 -3.0 -2.0 0.0 -1.0 -4.0 -3.0 0.0 206.0 -2.0 -3.0 0.0 -2.0 -2.0 0.0 -3.0 -1.0 -4.0 -3.0 0.0 -2.0 -3.0 -3.0 0.0 0.0 -2.0 -3.0 0.0 -1.0 -1.0 -3.0 -4.0 -3.0 -2.0 -3.0 -2.0 -3.0 0.0 -2.0 0.0 -2.0 0.0 -1.0 -4.0 -2.0 0.0 -1.0 -2.0 -1.0 -3.0 -1.0 0.0 -2.0 -1.0 -2.0 -2.0 -2.0 0.0 -1.0 -3.0 -3.0 0.0 -1.0 -3.0 -2.0 0.0 -2.0 -1.0 -2.0 -1.0 -4.0 -3.0 0.0 -4.0 -3.0 -2.0 -2.0 -3.0 -4.0 -2.0 -2.0 -1.0 -2.0 -4.0 -2.0 -4.0 0.0 0.0 -3.0 -2.0 -2.0 0.0 0.0 -2.0 0.0 -2.0 0.0 -2.0 -3.0 
0.0 -4.0 -4.0 -3.0 -4.0 -3.0 -3.0 -2.0 -4.0 -1.0 -4.0 -1.0 -2.0 -1.0 -1.0 -1.0 0.0 0.0 -1.0 -3.0 -3.0 0.0 -3.0 -4.0 -1.0 223.0 0.0 0.0 -2.0 -1.0 -3.0 -2.0 -3.0 -2.0 -3.0 -2.0 -4.0 -4.0 -3.0 -4.0 -1.0 0.0 -3.0 -1.0 -2.0 -1.0 -3.0 -4.0 -2.0 -1.0 -4.0 -4.0 0.0 0.0 -1.0 -4.0 0.0 -1.0 -4.0 -4.0 0.0 -3.0 -1.0 -4.0 -2.0 0.0 -1.0 -2.0 0.0 0.0 -3.0 -2.0 -1.0 -2.0 -2.0 0.0 -3.0 -2.0 -4.0 0.0 -3.0 -1.0 0.0 -4.0 -1.0 -1.0 -2.0 -2.0 0.0 -4.0 0.0 -1.0 -4.0 -2.0 -1.0 -2.0 -2.0 0.0 0.0 -4.0 -1.0 -4.0 -3.0 -3.0 -4.0 -3.0 -1.0 -2.0 -1.0 -1.0 0.0 -3.0 -1.0 -1.0 -3.0 
-2.0 -1.0 -1.0 -2.0 -3.0 -1.0 -4.0 -1.0 -3.0 -4.0 -4.0 0.0 -3.0 0.0 -1.0 -4.0 -4.0 0.0 -3.0 -1.0 -1.0 0.0 0.0 -1.0 -4.0 -3.0 229.0 -4.0 0.0 -1.0 -3.0 0.0 -3.0 -4.0 -2.0 0.0 -3.0 0.0 -1.0 -3.0 -4.0 -4.0 -4.0 0.0 -1.0 -2.0 0.0 -3.0 -1.0 0.0 -4.0 -3.0 -2.0 -3.0 0.0 -2.0 -3.0 -2.0 -1.0 -2.0 0.0 -3.0 -4.0 -1.0 0.0 -1.0 -4.0 -2.0 -4.0 0.0 -2.0 -1.0 -1.0 -2.0 -1.0 -2.0 -2.0 0.0 -4.0 -3.0 -1.0 0.0 -2.0 0.0 -2.0 -4.0 -4.0 -2.0 -2.0 -4.0 -1.0 -2.0 -2.0 -4.0 -3.0 -4.0 -2.0 -3.0 -4.0 0.0 -3.0 -2.0 -3.0 -4.0 -2.0 -1.0 -4.0 -1.0 -4.0 0.0 0.0 -1.0 -4.0 0.0 -1.0 
-3.0 -1.0 -2.0 -2.0 -2.0 0.0 -2.0 -2.0 0.0 -1.0 0.0 -3.0 -4.0 -4.0 -4.0 -3.0 -1.0 -4.0 -1.0 0.0 0.0 -3.0 -4.0 0.0 -3.0 -4.0 0.0 218.0 -2.0 -4.0 -1.0 -3.0 -3.0 -4.0 -3.0 -4.0 0.0 -1.0 -1.0 -3.0 -3.0 -3.0 -1.0 -3.0 -3.0 -2.0 0.0 0.0 -4.0 0.0 0.0 -2.0 0.0 -4.0 -1.0 0.0 -1.0 -4.0 -1.0 -3.0 -2.0 0.0 -3.0 0.0 0.0 -1.0 -2.0 0.0 -3.0 0.0 -4.0 -2.0 0.0 -1.0 -2.0 -4.0 -4.0 -2.0 -1.0 -1.0 0.0 -4.0 0.0 -2.0 -3.0 0.0 -3.0 -2.0 -1.0 -2.0 0.0 -2.0 -3.0 -4.0 -3.0 -2.0 -4.0 -1.0 -1.0 -4.0 -4.0 0.0 -4.0 -1.0 -2.0 -2.0 -1.0 -1.0 -2.0 0.0 -2.0 -1.0 -4.0 -1.0 -3.0 
-2.0 -3.0 -4.0 -2.0 -2.0 -1.0 -3.0 -1.0 -4.0 -2.0 -2.0 -3.0 -2.0 -4.0 -1.0 -4.0 0.0 0.0 0.0 -4.0 -3.0 -4.0 0.0 0.0 0.0 -3.0 -4.0 -1.0 223.0 -1.0 -1.0 0.0 -4.0 0.0 -1.0 0.0 -2.0 -4.0 -4.0 -2.0 -2.0 -2.0 -4.0 -1.0 -3.0 -3.0 -4.0 -2.0 -1.0 -1.0 -1.0 -1.0 -1.0 -1.0 -1.0 -3.0 -1.0 -2.0 -1.0 -3.0 -4.0 0.0 -4.0 -2.0 -4.0 -1.0 0.0 -4.0 -2.0 -1.0 -2.0 0.0 -1.0 -2.0 -2.0 -1.0 -1.0 -3.0 -2.0 -3.0 -4.0 -3.0 0.0 -2.0 -2.0 -2.0 -2.0 -3.0 -1.0 -2.0 -2.0 -2.0 0.0 -4.0 0.0 -1.0 0.0 0.0 -1.0 -4.0 -3.0 -3.0 0.0 -1.0 -1.0 -3.0 -4.0 -2.0 -4.0 0.0 0.0 -4.0 -4.0 -4.0 0.0 
-1.0 -4.0 0.0 -2.0 0.0 -2.0 0.0 -3.0 -3.0 0.0 -4.0 -4.0 -2.0 -4.0 0.0 -1.0 -3.0 -2.0 -3.0 -3.0 -2.0 0.0 -3.0 -3.0 -4.0 0.0 -4.0 -1.0 -2.0 248.0 -1.0 -2.0 -3.0 -4.0 -4.0 -2.0 -2.0 -1.0 -3.0 -2.0 -3.0 0.0 -2.0 0.0 -4.0 -2.0 -2.0 -1.0 -4.0 -4.0 -3.0 -3.0 0.0 -4.0 -3.0 -2.0 -1.0 -1.0 -1.0 -1.0 -2.0 -4.0 -4.0 -3.0 0.0 -4.0 -4.0 -2.0 -3.0 -2.0 -3.0 -4.0 0.0 -2.0 -2.0 -3.0 -2.0 -3.0 0.0 -1.0 -3.0 -4.0 -2.0 -3.0 -2.0 0.0 -1.0 -2.0 0.0 -3.0 -1.0 -2.0 -4.0 -2.0 -2.0 0.0 -3.0 -2.0 -3.0 -4.0 0.0 0.0 0.0 -4.0 -3.0 -2.0 -3.0 -1.0 -3.0 -2.0 -3.0 -4.0 -2.0 -4.0 -1.0 
-4.0 -1.0 -4.0 -3.0 -1.0 -1.0 -2.0 -1.0 -2.0 0.0 -3.0 -1.0 -1.0 -1.0 -3.0 -1.0 -3.0 -1.0 -4.0 0.0 0.0 -2.0 -4.0 0.0 -1.0 -3.0 -1.0 0.0 -3.0 -4.0 239.0 0.0 -2.0 -1.0 -1.0 -4.0 -4.0 -4.0 -4.0 -3.0 -3.0 -1.0 0.0 -3.0 0.0 -3.0 -4.0 0.0 0.0 -3.0 -4.0 -4.0 -3.0 -3.0 -4.0 -3.0 -3.0 -4.0 -1.0 0.0 0.0 -4.0 0.0 -4.0 0.0 -3.0 0.0 0.0 -3.0 -1.0 -2.0 0.0 -2.0 -1.0 -4.0 0.0 -2.0 -3.0 -4.0 -3.0 -2.0 -4.0 -2.0 -2.0 -1.0 0.0 -4.0 -2.0 -2.0 0.0 -1.0 -4.0 -3.0 -3.0 0.0 -2.0 -2.0 -4.0 -4.0 -2.0 -2.0 -4.0 -4.0 -2.0 -4.0 0.0 -4.0 -2.0 0.0 0.0 -1.0 -4.0 -4.0 0.0 -4.0 
0.0 -2.0 -1.0 -1.0 -4.0 -2.0 0.0 -3.0 -4.0 -4.0 -4.0 -3.0 0.0 -1.0 -2.0 -4.0 0.0 0.0 -1.0 -2.0 0.0 -4.0 -4.0 0.0 -2.0 -1.0 -1.0 0.0 0.0 -3.0 -1.0 211.0 -2.0 -2.0 -3.0 -2.0 -1.0 -2.0 -2.0 0.0 -2.0 -1.0 -2.0 0.0 -2.0 0.0 -3.0 -4.0 -1.0 -1.0 -3.0 -3.0 -2.0 -3.0 -3.0 -4.0 -4.0 0.0 -1.0 -3.0 -2.0 -1.0 -2.0 0.0 -2.0 -2.0 -4.0 -1.0 -2.0 0.0 0.0 -3.0 -1.0 -4.0 -2.0 -1.0 0.0 -1.0 -3.0 -3.0 -1.0 0.0 -2.0 -1.0 0.0 -2.0 -4.0 0.0 -4.0 -2.0 -2.0 -3.0 0.0 -3.0 -3.0 -2.0 -2.0 -1.0 -2.0 -3.0 -1.0 -2.0 0.0 -1.0 -1.0 -2.0 -2.0 -4.0 0.0 -2.0 -4.0 0.0 -4.0 -3.0 -4.0 
0.0 -1.0 -1.0 -4.0 -2.0 -2.0 -2.0 -1.0 -2.0 -1.0 0.0 -3.0 -2.0 -1.0 -1.0 -2.0 -4.0 -3.0 0.0 0.0 0.0 0.0 -2.0 -4.0 -3.0 -4.0 -3.0 -2.0 -3.0 0.0 -4.0 -2.0 253.0 -1.0 -3.0 0.0 -4.0 -4.0 -3.0 -3.0 -3.0 0.0 -3.0 -1.0 -4.0 -1.0 0.0 -3.0 -4.0 -2.0 0.0 -4.0 -4.0 -1.0 0.0 -4.0 0.0 0.0 -3.0 -4.0 -2.0 -3.0 -4.0 -2.0 -3.0 -3.0 -4.0 -2.0 -4.0 0.0 -4.0 -4.0 -3.0 -2.0 0.0 -2.0 -3.0 -3.0 -3.0 -1.0 0.0 -4.0 -4.0 -3.0 -2.0 -2.0 -1.0 -4.0 0.0 -4.0 -1.0 -4.0 -3.0 -4.0 -3.0 0.0 -4.0 -1.0 -3.0 -2.0 0.0 -3.0 0.0 -1.0 -2.0 -3.0 -3.0 0.0 -2.0 -4.0 -3.0 -3.0 -4.0 -3.0 -3.0 
0.0 -3.0 -3.0 -1.0 0.0 -4.0 -4.0 -4.0 -3.0 -1.0 -2.0 0.0 -4.0 -3.0 -4.0 0.0 -1.0 -2.0 -4.0 0.0 -4.0 -4.0 -3.0 -1.0 0.0 -4.0 -2.0 -4.0 -4.0 -2.0 -3.0 -4.0 -1.0 244.0 0.0 0.0 -1.0 0.0 -3.0 -2.0 -4.0 -2.0 -4.0 -4.0 -2.0 -1.0 -3.0 -4.0 -3.0 -3.0 -3.0 -4.0 -1.0 -4.0 -3.0 -3.0 0.0 -3.0 -4.0 -2.0 -1.0 -3.0 -2.0 -3.0 -3.0 0.0 -3.0 -3.0 0.0 -2.0 -1.0 -1.0 -1.0 -4.0 -1.0 -1.0 -1.0 -1.0 -1.0 -2.0 -3.0 -3.0 -3.0 -3.0 -1.0 -3.0 0.0 0.0 0.0 -1.0 -2.0 0.0 0.0 -1.0 -2.0 -4.0 -4.0 -3.0 0.0 -1.0 -3.0 -2.0 0.0 -1.0 -2.0 -1.0 -3.0 -2.0 -3.0 -4.0 -3.0 -4.0 -2.0 -4.0 0.0 
0.0 0.0 -2.0 -3.0 -3.0 -2.0 -1.0 -1.0 -3.0 -4.0 -3.0 -4.0 -4.0 -1.0 -1.0 -2.0 -3.0 0.0 -3.0 -4.0 0.0 -3.0 -1.0 -2.0 -2.0 0.0 -1.0 -1.0 0.0 -4.0 -4.0 -1.0 0.0 -1.0 233.0 -1.0 -4.0 -4.0 -1.0 -2.0 -2.0 -4.0 0.0 -1.0 -1.0 -4.0 -1.0 -2.0 -1.0 -1.0 -3.0 -3.0 -4.0 0.0 -3.0 -1.0 0.0 0.0 -2.0 -1.0 0.0 -1.0 -1.0 -3.0 -1.0 -3.0 -4.0 -2.0 -3.0 0.0 -4.0 -3.0 -4.0 -4.0 -3.0 -2.0 -1.0 -3.0 -4.0 -2.0 -4.0 -3.0 -3.0 -2.0 -3.0 -1.0 -2.0 -2.0 -1.0 -4.0 -1.0 -1.0 -1.0 -1.0 -3.0 -3.0 -4.0 -3.0 -3.0 -3.0 -3.0 -2.0 0.0 -2.0 -1.0 -4.0 -2.0 -4.0 -1.0 0.0 -1.0 -2.0 -1.0 0.0 -4.0 
0.0 -1.0 -1.0 -3.0 0.0 0.0 -4.0 -4.0 0.0 -1.0 -2.0 -4.0 -1.0 0.0 -1.0 -2.0 -2.0 -3.0 -1.0 -2.0 0.0 -3.0 0.0 -4.0 -2.0 -3.0 -3.0 -1.0 0.0 -3.0 0.0 -1.0 -3.0 0.0 -4.0 209.0 -1.0 -3.0 -3.0 -4.0 -3.0 -1.0 -4.0 -2.0 -3.0 -3.0 -3.0 -1.0 -3.0 -4.0 -3.0 -1.0 0.0 -3.0 -4.0 -1.0 -2.0 -3.0 -3.0 -3.0 0.0 -3.0 -4.0 -2.0 0.0 0.0 -1.0 0.0 -1.0 0.0 0.0 -4.0 -1.0 -3.0 0.0 -3.0 -2.0 0.0 -3.0 0.0 -1.0 -1.0 -3.0 0.0 -2.0 -3.0 -3.0 -3.0 0.0 -1.0 -1.0 0.0 -1.0 -1.0 -3.0 -1.0 -2.0 -1.0 -3.0 0.0 -2.0 -4.0 -1.0 -2.0 0.0 -4.0 -1.0 -4.0 -3.0 -2.0 -1.0 -1.0 0.0 -4.0 -3.0 
-2.0 -2.0 -4.0 -2.0 -2.0 -2.0 0.0 0.0 -2.0 0.0 -2.0 -2.0 -1.0 -1.0 -3.0 -1.0 -1.0 -3.0 -1.0 -2.0 -3.0 0.0 -1.0 0.0 -2.0 -4.0 -2.0 -4.0 -3.0 -1.0 -2.0 -3.0 0.0 -4.0 -1.0 -2.0 211.0 -1.0 -3.0 0.0 -3.0 -3.0 -1.0 -4.0 -2.0 0.0 0.0 -1.0 -3.0 -2.0 -1.0 -1.0 -1.0 -4.0 -3.0 -3.0 -3.0 -3.0 -1.0 0.0 -3.0 0.0 -3.0 -1.0 -4.0 -3.0 -1.0 -3.0 -1.0 -3.0 -2.0 -4.0 -3.0 -4.0 0.0 0.0 0.0 -2.0 -1.0 -1.0 -1.0 0.0 -4.0 -4.0 -3.0 -2.0 -1.0 -3.0 -1.0 -2.0 -2.0 -1.0 -1.0 -1.0 -4.0 0.0 -1.0 -2.0 -3.0 0.0 0.0 -2.0 -4.0 -3.0 -3.0 -1.0 -3.0 -3.0 -3.0 -1.0 0.0 0.0 -3.0 -1.0 -1.0 
-4.0 -3.0 -2.0 -2.0 -3.0 -3.0 -3.0 -1.0 -1.0 -2.0 0.0 -2.0 -2.0 -2.0 -1.0 -2.0 -2.0 -1.0 -2.0 0.0 -1.0 -1.0 -3.0 -4.0 -2.0 -2.0 -3.0 -3.0 0.0 0.0 -2.0 -2.0 -4.0 -4.0 -3.0 0.0 -4.0 206.0 -1.0 -3.0 -3.0 -4.0 0.0 0.0 -4.0 -2.0 -1.0 0.0 0.0 0.0 -4.0 -1.0 -4.0 0.0 -2.0 -1.0 -1.0 -2.0 -3.0 -1.0 -1.0 -2.0 0.0 0.0 -1.0 -3.0 -3.0 -3.0 -1.0 -3.0 -2.0 0.0 -4.0 0.0 -3.0 -1.0 -2.0 -2.0 -1.0 -4.0 -2.0 -3.0 -2.0 -1.0 -1.0 0.0 -3.0 -4.0 -4.0 -2.0 -1.0 -4.0 -4.0 -1.0 0.0 -1.0 -1.0 0.0 -4.0 -1.0 0.0 -1.0 0.0 -3.0 -4.0 -1.0 0.0 0.0 -3.0 0.0 -1.0 -1.0 -1.0 -3.0 0.0 
-3.0 -1.0 0.0 -2.0 -1.0 -3.0 -2.0 -1.0 -2.0 -2.0 -2.0 -2.0 0.0 -2.0 -2.0 -1.0 0.0 -3.0 0.0 0.0 0.0 -3.0 -4.0 -3.0 -4.0 -1.0 -1.0 0.0 -4.0 0.0 -3.0 -4.0 -4.0 0.0 -3.0 0.0 -1.0 0.0 223.0 -3.0 0.0 -3.0 -2.0 -2.0 -4.0 0.0 0.0 -4.0 -2.0 0.0 -2.0 -4.0 -2.0 0.0 -3.0 -1.0 -4.0 -4.0 0.0 0.0 -2.0 -4.0 -4.0 0.0 -1.0 -3.0 -2.0 -4.0 -3.0 -3.0 -1.0 0.0 -2.0 -3.0 -2.0 -3.0 0.0 -3.0 -3.0 -1.0 0.0 0.0 -1.0 -3.0 -3.0 -3.0 -2.0 -3.0 -2.0 -3.0 -4.0 -4.0 -2.0 -3.0 -2.0 -3.0 -1.0 -2.0 -1.0 0.0 -4.0 -2.0 -3.0 0.0 -1.0 -1.0 -4.0 -1.0 -4.0 -4.0 -4.0 -3.0 0.0 -2.0 0.0 
-2.0 -2.0 -1.0 0.0 -1.0 -4.0 -2.0 -2.0 -3.0 -1.0 -3.0 -1.0 -4.0 -2.0 0.0 -1.0 -1.0 0.0 -2.0 -1.0 -3.0 -3.0 -1.0 -1.0 0.0 -4.0 0.0 -3.0 0.0 -4.0 -1.0 -2.0 0.0 -1.0 -3.0 -4.0 0.0 -2.0 -3.0 217.0 0.0 -2.0 -1.0 -3.0 -3.0 -2.0 -1.0 -1.0 -1.0 -4.0 -2.0 -2.0 -4.0 -4.0 -3.0 -2.0 0.0 0.0 -2.0 -2.0 -1.0 -2.0 0.0 -4.0 -1.0 -3.0 -4.0 -4.0 -4.0 -4.0 0.0 -4.0 -3.0 0.0 -4.0 -1.0 0.0 -3.0 -1.0 0.0 -1.0 0.0 -4.0 -4.0 -1.0 -2.0 -4.0 -1.0 0.0 -2.0 -2.0 -1.0 0.0 -2.0 -1.0 0.0 -4.0 -4.0 -3.0 -4.0 -3.0 0.0 0.0 -3.0 -2.0 -1.0 0.0 -1.0 -1.0 -1.0 -4.0 -4.0 -2.0 -1.0 -4.0 
-3.0 0.0 -2.0 -2.0 -4.0 0.0 -1.0 -3.0 -1.0 -3.0 0.0 -3.0 0.0 -3.0 -2.0 -2.0 -2.0 -4.0 -2.0 0.0 -3.0 -4.0 0.0 -4.0 -2.0 0.0 -2.0 -4.0 -2.0 0.0 -1.0 0.0 0.0 -4.0 -4.0 -1.0 0.0 -4.0 -3.0 -3.0 236.0 -2.0 -1.0 -4.0 -2.0 -4.0 -3.0 -1.0 -4.0 -1.0 -1.0 -3.0 -4.0 -2.0 -3.0 -3.0 0.0 -2.0 -1.0 -2.0 -1.0 -2.0 -4.0 -2.0 -3.0 -4.0 0.0 -2.0 -1.0 -2.0 -3.0 -3.0 -4.0 -4.0 -2.0 -1.0 -2.0 -2.0 -2.0 -2.0 0.0 -1.0 -2.0 0.0 0.0 -2.0 -1.0 -3.0 -1.0 -4.0 0.0 -4.0 -2.0 -4.0 -4.0 -2.0 -1.0 -1.0 -3.0 -1.0 -2.0 -2.0 -1.0 -2.0 -3.0 -1.0 -4.0 0.0 -4.0 -2.0 -3.0 -3.0 -2.0 -3.0 -1.0 
-3.0 -1.0 -4.0 -2.0 -3.0 0.0 -3.0 -3.0 -4.0 0.0 -4.0 -4.0 -4.0 -4.0 -3.0 -1.0 -4.0 -1.0 -2.0 -1.0 -1.0 -2.0 -3.0 -4.0 -4.0 -4.0 -4.0 0.0 0.0 -1.0 -1.0 -2.0 -2.0 -2.0 -2.0 -2.0 -3.0 -4.0 -4.0 -4.0 -1.0 248.0 -1.0 -4.0 -1.0 -4.0 -2.0 -4.0 0.0 -4.0 -1.0 -4.0 -1.0 0.0 -3.0 0.0 -2.0 -3.0 -2.0 -4.0 -4.0 0.0 -4.0 0.0 -4.0 -3.0 0.0 0.0 -2.0 -4.0 0.0 -4.0 -3.0 -1.0 -3.0 -2.0 0.0 -3.0 -1.0 -1.0 0.0 -4.0 -1.0 -3.0 -3.0 -4.0 -3.0 0.0 -2.0 -2.0 -4.0 -3.0 -1.0 -1.0 0.0 -3.0 0.0 -1.0 -1.0 -3.0 -3.0 -3.0 -2.0 -2.0 -2.0 -3.0 -2.0 -1.0 0.0 -1.0 -2.0 -2.0 -4.0 -1.0 -1.0 
-1.0 -4.0 -2.0 -4.0 -3.0 -1.0 -3.0 -1.0 0.0 0.0 -4.0 -3.0 -2.0 -2.0 0.0 -4.0 0.0 -2.0 -1.0 -1.0 -2.0 -3.0 0.0 0.0 -1.0 -2.0 -4.0 -2.0 -4.0 -1.0 -3.0 -3.0 -2.0 -2.0 -2.0 -3.0 0.0 -3.0 -4.0 0.0 -3.0 -4.0 227.0 -2.0 0.0 -1.0 -4.0 -1.0 -4.0 0.0 -3.0 -2.0 -2.0 -2.0 0.0 -3.0 -1.0 -2.0 -2.0 -2.0 -3.0 -2.0 -3.0 -4.0 -3.0 -3.0 0.0 -2.0 -1.0 -3.0 0.0 0.0 -3.0 -2.0 0.0 0.0 0.0 -4.0 -1.0 -3.0 0.0 -1.0 -2.0 0.0 -4.0 -2.0 -4.0 -4.0 0.0 0.0 -4.0 -4.0 -3.0 -2.0 0.0 0.0 -2.0 -1.0 -4.0 0.0 -1.0 -3.0 -2.0 -3.0 0.0 -4.0 -1.0 -3.0 -2.0 -3.0 -4.0 -3.0 -1.0 -2.0 -4.0 
-2.0 0.0 0.0 -2.0 -3.0 -2.0 -3.0 0.0 -2.0 -3.0 -2.0 -3.0 0.0 -3.0 -4.0 -4.0 0.0 -3.0 -2.0 0.0 -2.0 -2.0 -2.0 -2.0 -4.0 0.0 -1.0 -1.0 -4.0 -4.0 0.0 0.0 -3.0 -2.0 -1.0 -3.0 -3.0 -4.0 0.0 -2.0 0.0 -1.0 -4.0 256.0 -4.0 -2.0 -1.0 -3.0 -4.0 -3.0 0.0 -3.0 -2.0 -3.0 -3.0 0.0 -3.0 0.0 -1.0 -2.0 -1.0 0.0 -4.0 0.0 -3.0 -2.0 -3.0 -2.0 -4.0 -2.0 0.0 -4.0 -4.0 -4.0 -4.0 0.0 -1.0 -4.0 -2.0 -3.0 -2.0 -4.0 -1.0 -3.0 -3.0 -2.0 -3.0 0.0 -3.0 -4.0 -3.0 -3.0 0.0 -3.0 -4.0 0.0 -4.0 -3.0 0.0 -3.0 -2.0 -4.0 -4.0 -3.0 -3.0 -2.0 -4.0 -3.0 -2.0 -1.0 -3.0 -3.0 -2.0 -4.0 -4.0 
-1.0 -4.0 -2.0 0.0 -1.0 0.0 -3.0 -2.0 -3.0 -4.0 -1.0 -1.0 -1.0 0.0 -3.0 -3.0 -1.0 -1.0 -1.0 -4.0 -1.0 0.0 0.0 0.0 0.0 0.0 -1.0 -3.0 0.0 -4.0 -3.0 -2.0 -3.0 0.0 -3.0 -2.0 -2.0 0.0 -1.0 -3.0 -1.0 -4.0 0.0 -3.0 214.0 -1.0 0.0 -2.0 -4.0 -4.0 -2.0 0.0 -3.0 -3.0 -4.0 -2.0 -1.0 -4.0 -3.0 -2.0 0.0 0.0 -2.0 0.0 -3.0 -3.0 -2.0 0.0 -3.0 -1.0 -2.0 -4.0 -2.0 -3.0 -2.0 -4.0 -3.0 0.0 -3.0 -2.0 -2.0 -4.0 -3.0 -3.0 -3.0 -4.0 -1.0 -1.0 -4.0 -4.0 -1.0 -1.0 -4.0 0.0 -2.0 -1.0 0.0 0.0 0.0 -2.0 -3.0 -3.0 -2.0 0.0 -1.0 -1.0 -4.0 -2.0 0.0 -3.0 0.0 -3.0 -3.0 -1.0 -2.0 
-3.0 -2.0 0.0 -3.0 -3.0 0.0 -4.0 -3.0 0.0 0.0 0.0 -4.0 0.0 -3.0 -4.0 -3.0 -4.0 -3.0 -1.0 -3.0 -2.0 -3.0 -1.0 0.0 -1.0 -4.0 0.0 -4.0 -3.0 -4.0 0.0 -2.0 -2.0 -1.0 -1.0 -1.0 -4.0 0.0 -3.0 0.0 -1.0 -3.0 0.0 -1.0 -4.0 237.0 -1.0 0.0 -4.0 -3.0 -3.0 -4.0 -4.0 -2.0 0.0 0.0 -3.0 -3.0 -4.0 -2.0 0.0 -4.0 -1.0 -4.0 -3.0 -3.0 -2.0 -2.0 0.0 -3.0 -2.0 -2.0 -4.0 -2.0 -2.0 -3.0 -2.0 0.0 0.0 -3.0 -2.0 -4.0 -4.0 -4.0 -1.0 0.0 -3.0 0.0 -2.0 0.0 -3.0 -2.0 -2.0 0.0 -3.0 0.0 -3.0 0.0 -4.0 -3.0 0.0 -2.0 -4.0 -2.0 -2.0 0.0 -4.0 -2.0 -2.0 -4.0 -3.0 -3.0 -1.0 -1.0 -4.0 
0.0 -4.0 -4.0 -2.0 -4.0 -1.0 -4.0 -3.0 -3.0 -3.0 -2.0 0.0 -4.0 0.0 -2.0 -1.0 -2.0 -2.0 -1.0 -1.0 -2.0 -1.0 -4.0 -2.0 -4.0 -1.0 0.0 -3.0 -4.0 -1.0 -3.0 0.0 -3.0 -1.0 -3.0 -3.0 -2.0 0.0 -3.0 -1.0 -4.0 -1.0 -1.0 -1.0 -4.0 0.0 244.0 0.0 -4.0 -3.0 -1.0 0.0 -3.0 -4.0 -3.0 -1.0 -1.0 -2.0 -1.0 -3.0 -1.0 -3.0 -4.0 0.0 -3.0 -4.0 -1.0 -1.0 -3.0 -4.0 -4.0 0.0 -1.0 0.0 -4.0 -3.0 -3.0 -2.0 -3.0 -2.0 -3.0 -3.0 -1.0 -1.0 -1.0 -4.0 -1.0 -2.0 -4.0 0.0 0.0 -1.0 -3.0 0.0 -1.0 -2.0 0.0 -4.0 -3.0 -3.0 -2.0 -4.0 -2.0 -3.0 -3.0 -3.0 -3.0 -2.0 -2.0 -3.0 -1.0 -3.0 -2.0 -4.0 -3.0 
-4.0 -1.0 -2.0 -1.0 -4.0 0.0 -1.0 -3.0 -1.0 0.0 0.0 -2.0 -2.0 0.0 -3.0 -3.0 -1.0 0.0 0.0 0.0 0.0 0.0 -4.0 0.0 -2.0 -3.0 -4.0 -2.0 -2.0 0.0 -1.0 -2.0 -2.0 -4.0 -3.0 -2.0 -1.0 -2.0 -2.0 -3.0 0.0 -4.0 -3.0 0.0 -4.0 -4.0 -2.0 230.0 -4.0 -2.0 -2.0 -4.0 -4.0 -1.0 -4.0 0.0 -2.0 -4.0 -2.0 -3.0 -4.0 -3.0 -3.0 -1.0 -4.0 -2.0 -4.0 -1.0 -2.0 0.0 -4.0 -3.0 -4.0 -3.0 -4.0 -2.0 -4.0 -4.0 -1.0 0.0 -2.0 -2.0 -3.0 -2.0 0.0 -2.0 -2.0 -2.0 -3.0 -3.0 -1.0 -4.0 -3.0 -2.0 -1.0 -2.0 0.0 -4.0 -1.0 0.0 -4.0 0.0 -2.0 -3.0 -1.0 -1.0 0.0 -3.0 -4.0 0.0 0.0 -1.0 -3.0 0.0 0.0 
-2.0 0.0 -2.0 -1.0 -3.0 -1.0 0.0 -2.0 0.0 -3.0 -3.0 -2.0 0.0 -1.0 -4.0 -3.0 0.0 -1.0 -4.0 -1.0 -2.0 -4.0 -2.0 0.0 0.0 -3.0 -4.0 -4.0 -1.0 0.0 0.0 -2.0 -1.0 -2.0 -4.0 -2.0 -2.0 -4.0 -1.0 0.0 0.0 -2.0 -3.0 -4.0 -4.0 -1.0 -4.0 -4.0 237.0 -2.0 0.0 -1.0 -3.0 -2.0 -1.0 -2.0 -3.0 -2.0 -1.0 -2.0 -2.0 -1.0 0.0 -1.0 -4.0 -3.0 -3.0 0.0 -4.0 -2.0 -1.0 -4.0 -3.0 -3.0 0.0 -3.0 -2.0 -4.0 -2.0 -4.0 0.0 -3.0 -4.0 -4.0 0.0 -2.0 -4.0 -3.0 -1.0 -4.0 0.0 -3.0 -2.0 0.0 0.0 -1.0 -3.0 0.0 0.0 -4.0 -1.0 -3.0 -1.0 -3.0 -1.0 -2.0 -1.0 -3.0 -4.0 -3.0 -3.0 -4.0 -4.0 -4.0 -4.0 
-4.0 -3.0 -1.0 -3.0 -2.0 -2.0 -4.0 -3.0 -4.0 -3.0 0.0 -4.0 -3.0 -3.0 -4.0 -3.0 -4.0 -2.0 -2.0 -2.0 -4.0 0.0 -3.0 -2.0 -4.0 0.0 -4.0 -4.0 -4.0 -3.0 -1.0 0.0 -2.0 -2.0 -2.0 -3.0 -2.0 -4.0 -1.0 -2.0 0.0 -3.0 -1.0 -3.0 -3.0 0.0 -2.0 -2.0 -4.0 254.0 -3.0 -2.0 0.0 0.0 -1.0 0.0 -4.0 -2.0 -3.0 -1.0 -2.0 -1.0 -4.0 -2.0 0.0 -4.0 -3.0 0.0 -4.0 -1.0 -3.0 -4.0 -2.0 0.0 -1.0 -4.0 -2.0 -1.0 -1.0 -3.0 0.0 -3.0 -4.0 -4.0 -3.0 0.0 -4.0 -2.0 -3.0 0.0 -3.0 -2.0 -3.0 -2.0 0.0 -2.0 -1.0 -1.0 -4.0 -1.0 -4.0 -1.0 -1.0 -3.0 -4.0 -1.0 -3.0 -1.0 -4.0 -2.0 -1.0 0.0 -2.0 -3.0 -3.0 
-2.0 -1.0 -1.0 -4.0 -4.0 -2.0 -1.0 -3.0 -4.0 -4.0 -1.0 0.0 -1.0 -2.0 -3.0 0.0 -3.0 -3.0 -3.0 -3.0 -2.0 0.0 0.0 -4.0 -4.0 0.0 -1.0 -3.0 -4.0 -2.0 -2.0 -2.0 -4.0 -2.0 -3.0 -1.0 -1.0 -3.0 -4.0 -2.0 0.0 -2.0 -3.0 -4.0 -3.0 0.0 0.0 -1.0 -2.0 -4.0 224.0 -4.0 -2.0 -2.0 -2.0 0.0 -3.0 -1.0 -3.0 -1.0 -1.0 -1.0 0.0 -1.0 0.0 -3.0 0.0 0.0 -1.0 0.0 -3.0 -2.0 -1.0 -2.0 -4.0 0.0 -3.0 -1.0 -2.0 -4.0 -2.0 -1.0 -1.0 -1.0 -2.0 -3.0 -4.0 -3.0 -3.0 -3.0 -1.0 0.0 -4.0 -1.0 0.0 0.0 -3.0 -3.0 0.0 -3.0 -4.0 0.0 -2.0 -2.0 0.0 -4.0 0.0 0.0 -3.0 -4.0 -4.0 0.0 -4.0 -1.0 -3.0 
-1.0 0.0 0.0 -1.0 -4.0 -2.0 -3.0 0.0 -4.0 0.0 0.0 0.0 -4.0 -1.0 -3.0 -2.0 -1.0 0.0 -3.0 -3.0 -4.0 -4.0 -1.0 -1.0 -3.0 -1.0 -3.0 -3.0 -4.0 -4.0 -2.0 -2.0 -4.0 -4.0 -1.0 -3.0 -3.0 0.0 -1.0 -1.0 -3.0 -1.0 -4.0 -1.0 0.0 -2.0 -1.0 -2.0 -3.0 -2.0 -3.0 224.0 -3.0 -4.0 -1.0 -1.0 -3.0 0.0 -2.0 -2.0 -4.0 -2.0 0.0 -1.0 -1.0 -2.0 -1.0 -2.0 -3.0 -1.0 -1.0 -4.0 -3.0 -1.0 0.0 -2.0 -3.0 0.0 0.0 -4.0 0.0 -2.0 -1.0 -1.0 -2.0 -2.0 -4.0 -2.0 0.0 -1.0 0.0 0.0 -4.0 -4.0 -1.0 -1.0 0.0 -2.0 -4.0 -2.0 -1.0 -4.0 0.0 -3.0 -1.0 -4.0 0.0 -3.0 -4.0 -2.0 -4.0 -3.0 -4.0 -1.0 -3.0 
-4.0 -4.0 -4.0 -2.0 -3.0 -1.0 0.0 0.0 -3.0 -2.0 -2.0 -4.0 -1.0 -4.0 -1.0 -4.0 -1.0 0.0 -4.0 -4.0 0.0 0.0 0.0 -4.0 -4.0 -4.0 -4.0 -3.0 0.0 -2.0 -4.0 -2.0 -2.0 -2.0 0.0 -4.0 -4.0 -2.0 -4.0 0.0 -4.0 -4.0 0.0 -2.0 -3.0 -2.0 0.0 -3.0 -2.0 -1.0 0.0 -1.0 229.0 0.0 0.0 -3.0 -3.0 0.0 -1.0 -1.0 -2.0 -3.0 0.0 -4.0 -1.0 -1.0 -4.0 0.0 -3.0 -4.0 0.0 0.0 -1.0 -4.0 -3.0 -3.0 -2.0 -3.0 0.0 0.0 -3.0 0.0 -1.0 -3.0 -2.0 -4.0 -3.0 -1.0 -4.0 -2.0 -2.0 -4.0 -2.0 0.0 -1.0 -2.0 0.0 -3.0 -1.0 -1.0 -1.0 0.0 0.0 -4.0 -4.0 0.0 -3.0 -4.0 -2.0 -4.0 -3.0 -3.0 0.0 -1.0 0.0 
-1.0 -4.0 -3.0 0.0 -2.0 -3.0 -4.0 -2.0 -4.0 -3.0 -2.0 -2.0 -4.0 -1.0 -4.0 -3.0 0.0 -4.0 0.0 -2.0 0.0 -4.0 -3.0 -4.0 -4.0 -1.0 -3.0 -4.0 -4.0 -4.0 -2.0 -4.0 0.0 -3.0 0.0 -3.0 0.0 -1.0 -2.0 -4.0 -4.0 0.0 -2.0 -3.0 -2.0 -1.0 -4.0 -1.0 0.0 -2.0 -1.0 -2.0 0.0 248.0 -2.0 -3.0 -3.0 0.0 -2.0 -1.0 -2.0 -2.0 -3.0 -3.0 -2.0 0.0 -1.0 -1.0 -4.0 0.0 -1.0 -1.0 -4.0 -4.0 -3.0 -4.0 0.0 0.0 -2.0 -3.0 -2.0 -4.0 -3.0 -3.0 -3.0 -2.0 0.0 -4.0 -1.0 0.0 0.0 -1.0 -3.0 -1.0 -4.0 0.0 -1.0 -2.0 -1.0 0.0 -4.0 -4.0 -2.0 -1.0 -1.0 0.0 -4.0 -3.0 -3.0 -3.0 -1.0 -4.0 -4.0 -4.0 -4.0 
-4.0 -4.0 -1.0 0.0 -2.0 -4.0 -2.0 -1.0 -4.0 -3.0 -4.0 -4.0 -1.0 -4.0 -3.0 -3.0 -1.0 -3.0 -4.0 -1.0 -4.0 -2.0 -2.0 -1.0 -4.0 -1.0 -2.0 0.0 -2.0 -3.0 0.0 -1.0 -2.0 -3.0 -1.0 -3.0 -4.0 -3.0 -2.0 0.0 -2.0 -3.0 -3.0 -2.0 0.0 -4.0 0.0 -1.0 -1.0 -2.0 0.0 0.0 0.0 -1.0 239.0 -2.0 -2.0 0.0 -3.0 -3.0 -3.0 -2.0 -4.0 -3.0 -3.0 -1.0 -3.0 -4.0 -1.0 -2.0 0.0 -1.0 0.0 -4.0 0.0 -4.0 -1.0 -3.0 0.0 -2.0 -4.0 -3.0 -2.0 -4.0 -2.0 -1.0 -4.0 -2.0 0.0 -4.0 -4.0 -1.0 -1.0 0.0 -3.0 0.0 -4.0 -1.0 0.0 0.0 -2.0 -4.0 -4.0 -2.0 -1.0 -1.0 -1.0 -4.0 -4.0 -3.0 -1.0 -1.0 -1.0 -3.0 -4.0 
-2.0 0.0 -4.0 -2.0 -2.0 0.0 -1.0 -1.0 -1.0 -3.0 -3.0 -2.0 -2.0 -2.0 -4.0 -2.0 -4.0 -1.0 -4.0 -2.0 -1.0 -2.0 0.0 -2.0 -2.0 0.0 0.0 0.0 -3.0 -3.0 -1.0 -1.0 -4.0 0.0 -3.0 -4.0 -4.0 -1.0 -2.0 -2.0 -4.0 -1.0 0.0 -1.0 0.0 0.0 -4.0 -1.0 -3.0 -3.0 -2.0 0.0 -2.0 -1.0 -1.0 220.0 -3.0 -4.0 -1.0 -1.0 -2.0 -1.0 -1.0 -3.0 -2.0 0.0 -2.0 -2.0 -2.0 0.0 0.0 -4.0 -4.0 -1.0 -3.0 0.0 0.0 0.0 -1.0 -4.0 -2.0 -1.0 -4.0 0.0 -4.0 -4.0 -4.0 -2.0 -2.0 0.0 -3.0 -3.0 -3.0 -2.0 -4.0 -1.0 -2.0 -2.0 -4.0 -2.0 -3.0 -2.0 -2.0 -1.0 0.0 -3.0 0.0 -4.0 -1.0 -4.0 0.0 -3.0 -4.0 -3.0 0.0 
-1.0 -4.0 -2.0 -1.0 -2.0 -2.0 -1.0 -3.0 -1.0 -2.0 -4.0 -2.0 -3.0 -1.0 -1.0 0.0 -2.0 -3.0 -3.0 -4.0 -3.0 -3.0 -1.0 -4.0 -3.0 0.0 -1.0 -2.0 -2.0 -4.0 -2.0 -3.0 -2.0 -3.0 -2.0 -4.0 -3.0 0.0 -4.0 -1.0 -3.0 -4.0 -1.0 -2.0 -4.0 -2.0 -4.0 -4.0 -2.0 -3.0 -1.0 -4.0 -4.0 -3.0 -2.0 -1.0 245.0 0.0 -3.0 0.0 -1.0 -4.0 -2.0 0.0 0.0 -1.0 -1.0 -1.0 -4.0 -2.0 -2.0 0.0 -2.0 -2.0 -2.0 -3.0 -3.0 -1.0 -2.0 -1.0 -1.0 -3.0 -3.0 -4.0 0.0 -4.0 -1.0 -3.0 0.0 -4.0 -1.0 0.0 -4.0 0.0 -3.0 -4.0 -1.0 0.0 -3.0 -4.0 -2.0 -2.0 -4.0 -3.0 0.0 -2.0 -2.0 -4.0 -4.0 0.0 -2.0 -2.0 -1.0 -1.0 -3.0 
-1.0 0.0 -2.0 -2.0 -1.0 -4.0 -1.0 0.0 0.0 -1.0 -2.0 0.0 -2.0 -1.0 -4.0 -3.0 -4.0 -2.0 -2.0 -4.0 -4.0 -2.0 -2.0 -2.0 -4.0 -1.0 -1.0 -2.0 -1.0 -2.0 -1.0 -4.0 0.0 0.0 -4.0 0.0 -4.0 -3.0 0.0 -1.0 0.0 -3.0 -3.0 -1.0 0.0 0.0 -1.0 -1.0 0.0 -3.0 -1.0 -2.0 -4.0 -3.0 0.0 -2.0 -3.0 229.0 -1.0 -1.0 -1.0 -1.0 -4.0 -3.0 -3.0 0.0 -2.0 -4.0 -2.0 -4.0 -1.0 0.0 -1.0 -3.0 -3.0 -2.0 -2.0 -1.0 -4.0 -3.0 -4.0 -1.0 -3.0 -4.0 -1.0 -3.0 0.0 -4.0 -3.0 -3.0 0.0 0.0 -3.0 0.0 -2.0 -2.0 -2.0 -2.0 -4.0 -2.0 -4.0 0.0 -4.0 -3.0 -4.0 -3.0 -4.0 -3.0 -2.0 -1.0 -2.0 -4.0 -2.0 -1.0 -2.0 
-3.0 -3.0 -1.0 -2.0 -3.0 -4.0 -1.0 -4.0 0.0 -1.0 -4.0 -3.0 -2.0 -4.0 -2.0 -1.0 0.0 -3.0 -3.0 -3.0 -1.0 -4.0 -3.0 0.0 0.0 -1.0 -3.0 -3.0 -2.0 -3.0 -2.0 0.0 -1.0 -1.0 -3.0 -4.0 -3.0 -4.0 -2.0 -1.0 -4.0 -1.0 -4.0 0.0 0.0 -3.0 -3.0 -4.0 -2.0 0.0 0.0 -1.0 -3.0 0.0 -1.0 0.0 -2.0 -4.0 221.0 -4.0 -2.0 0.0 -3.0 0.0 0.0 -1.0 0.0 -1.0 -3.0 -3.0 0.0 -4.0 -3.0 -4.0 -1.0 -4.0 -4.0 0.0 -3.0 -1.0 0.0 0.0 -4.0 -2.0 -2.0 -3.0 -2.0 -2.0 -2.0 -4.0 -4.0 -3.0 -1.0 -4.0 -3.0 -1.0 -2.0 -1.0 0.0 -1.0 -1.0 -4.0 -3.0 0.0 -1.0 0.0 -1.0 0.0 -3.0 -1.0 -1.0 -2.0 -1.0 -1.0 0.0 
-1.0 -3.0 -1.0 -3.0 -3.0 -4.0 0.0 -3.0 -4.0 0.0 -1.0 -4.0 -2.0 -4.0 0.0 -3.0 0.0 -1.0 -1.0 -1.0 -3.0 -3.0 -1.0 -4.0 -3.0 0.0 -3.0 -1.0 0.0 -2.0 -4.0 -4.0 -2.0 -3.0 0.0 -3.0 -4.0 -4.0 -3.0 0.0 -1.0 -2.0 -2.0 -2.0 -1.0 -1.0 -3.0 -3.0 -3.0 -4.0 -2.0 0.0 0.0 0.0 -4.0 -4.0 -3.0 0.0 -2.0 228.0 -2.0 0.0 -4.0 -4.0 -2.0 -2.0 0.0 -4.0 -4.0 -3.0 0.0 -4.0 -1.0 -2.0 0.0 0.0 -1.0 0.0 -1.0 -3.0 -1.0 0.0 -1.0 -2.0 0.0 -1.0 -4.0 -2.0 -4.0 0.0 -4.0 -4.0 -1.0 0.0 -1.0 -2.0 -4.0 0.0 -4.0 -1.0 -3.0 -2.0 -3.0 -2.0 -4.0 -1.0 0.0 -4.0 -1.0 -1.0 0.0 -2.0 -3.0 -3.0 -3.0 
0.0 -4.0 -3.0 -2.0 -4.0 -2.0 -2.0 -1.0 -1.0 -4.0 0.0 -2.0 -1.0 -1.0 0.0 -4.0 -2.0 -3.0 0.0 -4.0 -4.0 0.0 0.0 0.0 -3.0 0.0 0.0 -4.0 0.0 -1.0 -3.0 -3.0 -1.0 -1.0 -4.0 -4.0 -3.0 -4.0 -3.0 -4.0 0.0 -4.0 -2.0 -2.0 -4.0 -3.0 0.0 -4.0 -2.0 -4.0 0.0 -4.0 -3.0 -1.0 0.0 -1.0 0.0 -4.0 -4.0 -4.0 231.0 0.0 -4.0 -3.0 -2.0 -3.0 -1.0 -3.0 0.0 -4.0 0.0 0.0 0.0 -2.0 -1.0 -3.0 -2.0 -4.0 -2.0 -1.0 -1.0 0.0 -1.0 -1.0 -2.0 -4.0 -2.0 -2.0 -2.0 -3.0 0.0 -1.0 0.0 -3.0 -1.0 -4.0 -2.0 -4.0 -3.0 -1.0 -2.0 0.0 -3.0 -1.0 0.0 -4.0 -4.0 -2.0 -4.0 -2.0 -1.0 0.0 -4.0 -4.0 0.0 
0.0 -4.0 -2.0 -3.0 -3.0 -2.0 -1.0 -2.0 -1.0 0.0 -2.0 0.0 -3.0 -2.0 0.0 -2.0 -1.0 -3.0 -2.0 0.0 0.0 0.0 0.0 0.0 -4.0 -2.0 -1.0 -3.0 -2.0 -1.0 -3.0 -4.0 -3.0 0.0 -4.0 -2.0 0.0 -1.0 -2.0 -4.0 -1.0 -3.0 -4.0 -3.0 -3.0 -2.0 -2.0 0.0 0.0 -1.0 -3.0 -4.0 -4.0 0.0 -2.0 -2.0 -2.0 -4.0 -2.0 0.0 -3.0 208.0 0.0 -1.0 -4.0 0.0 0.0 -2.0 -3.0 -3.0 0.0 -1.0 -3.0 -4.0 0.0 -1.0 -2.0 -3.0 -2.0 -2.0 -4.0 -3.0 0.0 -1.0 -3.0 -4.0 -1.0 0.0 0.0 -3.0 -2.0 -4.0 -2.0 0.0 -1.0 0.0 -4.0 -1.0 -3.0 -2.0 -1.0 -2.0 0.0 -1.0 -4.0 -2.0 -1.0 0.0 -1.0 -4.0 0.0 -4.0 -2.0 0.0 -3.0 
-2.0 -3.0 -2.0 -4.0 -1.0 -3.0 -3.0 -3.0 -4.0 0.0 -3.0 -2.0 -2.0 -2.0 -1.0 0.0 -2.0 -4.0 -3.0 0.0 -2.0 -3.0 -2.0 0.0 -4.0 -2.0 -1.0 0.0 -4.0 0.0 -2.0 -4.0 -4.0 -1.0 0.0 -2.0 -1.0 -4.0 -2.0 -4.0 0.0 -1.0 0.0 -3.0 0.0 0.0 -4.0 -3.0 0.0 -2.0 0.0 -4.0 -1.0 0.0 -1.0 -3.0 -1.0 -4.0 -2.0 -3.0 -2.0 -2.0 222.0 -1.0 -4.0 -3.0 -1.0 -2.0 -4.0 -4.0 -2.0 -3.0 0.0 -2.0 -2.0 -2.0 -2.0 -2.0 0.0 -2.0 -2.0 0.0 -3.0 -4.0 -1.0 -3.0 -4.0 -3.0 0.0 -1.0 -2.0 -2.0 -1.0 -3.0 -2.0 -2.0 -1.0 -1.0 -3.0 0.0 0.0 -3.0 -2.0 -2.0 -1.0 -4.0 0.0 -2.0 0.0 -1.0 0.0 -3.0 -4.0 0.0 -4.0 
-4.0 -3.0 0.0 -3.0 -1.0 -3.0 -4.0 0.0 0.0 -2.0 -2.0 -3.0 -3.0 0.0 -4.0 -3.0 -4.0 -3.0 -2.0 -4.0 -1.0 -1.0 -1.0 -3.0 0.0 -2.0 -4.0 -4.0 -1.0 -2.0 -3.0 -2.0 -2.0 0.0 -2.0 -1.0 0.0 -3.0 -2.0 0.0 -3.0 -1.0 -3.0 -4.0 -2.0 -1.0 -1.0 -3.0 -2.0 -2.0 0.0 0.0 0.0 0.0 -4.0 -2.0 -3.0 -2.0 0.0 0.0 -3.0 -1.0 0.0 221.0 -3.0 -4.0 -3.0 -2.0 -1.0 -2.0 -4.0 -1.0 -2.0 0.0 -4.0 -2.0 -4.0 0.0 0.0 -2.0 -2.0 -4.0 -1.0 -2.0 -1.0 -3.0 0.0 0.0 -2.0 -1.0 -4.0 -2.0 -2.0 0.0 -1.0 -4.0 -1.0 -1.0 0.0 -2.0 0.0 -3.0 -1.0 -4.0 -2.0 -4.0 -1.0 0.0 -3.0 0.0 -4.0 -2.0 -4.0 -4.0 -3.0 
-4.0 -4.0 -2.0 0.0 -4.0 0.0 -4.0 -4.0 0.0 0.0 -1.0 -1.0 -4.0 -1.0 -1.0 -4.0 -2.0 -1.0 -4.0 -2.0 -3.0 0.0 -2.0 -1.0 -4.0 0.0 -2.0 -4.0 -4.0 -2.0 -1.0 -2.0 -2.0 -2.0 -1.0 -4.0 -3.0 -2.0 -1.0 -1.0 -3.0 -3.0 -1.0 0.0 -1.0 -4.0 -2.0 -3.0 -2.0 -4.0 -2.0 -1.0 0.0 -2.0 0.0 -3.0 -2.0 -4.0 -4.0 -2.0 -3.0 -3.0 -4.0 -3.0 258.0 -1.0 0.0 -2.0 -4.0 -4.0 -3.0 -3.0 0.0 -2.0 -2.0 -4.0 -3.0 -3.0 -1.0 -4.0 -3.0 -2.0 -2.0 0.0 -4.0 -3.0 0.0 -4.0 -2.0 -3.0 0.0 -3.0 -4.0 0.0 -3.0 -4.0 -3.0 -2.0 -2.0 -2.0 -4.0 -2.0 -2.0 -4.0 0.0 -4.0 -4.0 -2.0 -4.0 -2.0 0.0 -1.0 -3.0 -4.0 0.0 
-3.0 -4.0 -2.0 0.0 -2.0 -2.0 -2.0 -2.0 0.0 -2.0 -3.0 -3.0 -3.0 0.0 -4.0 -3.0 -4.0 0.0 -3.0 -4.0 -1.0 -2.0 0.0 -2.0 -1.0 0.0 0.0 -4.0 -4.0 -1.0 -4.0 0.0 -4.0 0.0 -4.0 -2.0 0.0 -2.0 -4.0 -4.0 -3.0 -2.0 -1.0 0.0 -2.0 -2.0 -1.0 -2.0 -2.0 0.0 -2.0 -4.0 -4.0 -2.0 -2.0 -2.0 -1.0 -1.0 -4.0 -3.0 -1.0 -1.0 -2.0 0.0 -2.0 235.0 -2.0 -1.0 0.0 -2.0 0.0 -1.0 -4.0 -3.0 -2.0 -2.0 -2.0 -2.0 0.0 -2.0 -4.0 0.0 -4.0 -4.0 -1.0 -2.0 0.0 -4.0 -3.0 -3.0 -3.0 0.0 -1.0 -2.0 0.0 -3.0 -2.0 -1.0 -4.0 0.0 -4.0 -3.0 -4.0 -1.0 -2.0 -3.0 0.0 -2.0 -4.0 -4.0 -4.0 -1.0 0.0 -4.0 -4.0 
-2.0 -2.0 -4.0 -4.0 0.0 -1.0 0.0 -4.0 -3.0 -1.0 0.0 -4.0 -2.0 -2.0 -2.0 -2.0 0.0 -1.0 -1.0 -3.0 -1.0 -1.0 -4.0 -3.0 -2.0 -1.0 -3.0 0.0 -3.0 -3.0 -2.0 -2.0 0.0 -3.0 -1.0 -3.0 -4.0 -4.0 -2.0 -4.0 -1.0 -3.0 -2.0 -1.0 -1.0 0.0 -3.0 -4.0 -1.0 -2.0 0.0 -3.0 -2.0 -4.0 -4.0 -2.0 -1.0 -2.0 0.0 -1.0 -3.0 -1.0 -1.0 -3.0 -3.0 -3.0 232.0 -3.0 -1.0 -1.0 -2.0 -4.0 -2.0 -2.0 -3.0 -1.0 -4.0 0.0 -3.0 -4.0 -1.0 -2.0 -2.0 -4.0 -1.0 -2.0 -3.0 -4.0 0.0 -1.0 -1.0 -3.0 -3.0 0.0 -4.0 -1.0 -1.0 -2.0 0.0 -4.0 -1.0 -2.0 -3.0 -1.0 -2.0 -2.0 -4.0 -3.0 -3.0 -1.0 -1.0 -1.0 -4.0 0.0 0.0 
-4.0 0.0 -1.0 -1.0 -2.0 -1.0 0.0 -4.0 -3.0 0.0 -2.0 0.0 -3.0 -1.0 -2.0 -1.0 -2.0 -1.0 -4.0 -1.0 0.0 -3.0 -3.0 -1.0 0.0 -4.0 -4.0 -2.0 -3.0 -4.0 0.0 -2.0 -3.0 0.0 -4.0 -4.0 -3.0 -4.0 -3.0 -3.0 -4.0 -4.0 -4.0 -2.0 -2.0 0.0 -4.0 -2.0 -4.0 0.0 -3.0 -4.0 -1.0 -4.0 -3.0 0.0 -3.0 -1.0 -1.0 -1.0 -2.0 -3.0 -4.0 -1.0 -1.0 -2.0 -3.0 237.0 -3.0 -1.0 0.0 -3.0 -2.0 -3.0 -1.0 -4.0 -3.0 -3.0 -1.0 -4.0 -1.0 0.0 -3.0 0.0 0.0 -1.0 0.0 -1.0 -1.0 -3.0 -3.0 -1.0 0.0 -4.0 -1.0 -3.0 -3.0 -3.0 -1.0 0.0 -2.0 -1.0 -3.0 -2.0 -2.0 -2.0 -2.0 -1.0 -2.0 -4.0 0.0 -1.0 -4.0 -4.0 -4.0 
0.0 -2.0 0.0 -3.0 -3.0 -1.0 -4.0 -3.0 -4.0 -4.0 0.0 -3.0 -3.0 0.0 0.0 -1.0 -4.0 -3.0 -1.0 -1.0 0.0 -4.0 -2.0 -2.0 -1.0 -1.0 -3.0 -3.0 -2.0 -1.0 0.0 0.0 0.0 -4.0 -1.0 -1.0 -1.0 0.0 -1.0 -3.0 -2.0 0.0 0.0 -2.0 -1.0 0.0 -2.0 -3.0 -1.0 0.0 -4.0 -4.0 -3.0 -4.0 -2.0 -4.0 -3.0 0.0 -4.0 -4.0 -2.0 -3.0 0.0 0.0 0.0 -1.0 0.0 -2.0 224.0 0.0 -3.0 0.0 -1.0 -2.0 -1.0 -2.0 -2.0 0.0 -4.0 -2.0 -3.0 0.0 -4.0 -1.0 -2.0 -4.0 -1.0 -1.0 -3.0 -1.0 -4.0 -4.0 -4.0 -4.0 -1.0 -1.0 -1.0 -2.0 -4.0 -4.0 -4.0 -4.0 0.0 0.0 -4.0 -3.0 0.0 -4.0 -3.0 -4.0 -2.0 -3.0 0.0 -2.0 -4.0 
-4.0 -2.0 -3.0 -1.0 -1.0 -1.0 -2.0 -2.0 -2.0 -4.0 -1.0 0.0 -3.0 0.0 0.0 -2.0 -3.0 -1.0 -4.0 0.0 -4.0 -1.0 -3.0 -3.0 -4.0 -2.0 -4.0 -3.0 -1.0 0.0 -4.0 0.0 -2.0 -3.0 -2.0 0.0 0.0 -4.0 -4.0 -2.0 -2.0 -4.0 -3.0 -3.0 -3.0 -3.0 -1.0 0.0 -1.0 -1.0 0.0 -3.0 0.0 0.0 0.0 -2.0 -2.0 -4.0 -1.0 -4.0 -1.0 -3.0 0.0 -4.0 -2.0 -3.0 0.0 -2.0 -1.0 213.0 -4.0 -1.0 -2.0 -4.0 -4.0 0.0 0.0 -4.0 -3.0 -4.0 0.0 0.0 -1.0 0.0 0.0 -2.0 -1.0 -2.0 -2.0 -2.0 0.0 0.0 -4.0 -2.0 0.0 -2.0 0.0 -4.0 -2.0 0.0 -4.0 0.0 -4.0 0.0 -3.0 -2.0 -4.0 -1.0 0.0 -2.0 -1.0 -3.0 0.0 -1.0 -3.0 
-1.0 0.0 -4.0 -1.0 -4.0 -3.0 -1.0 -1.0 -1.0 -1.0 -3.0 -4.0 -3.0 0.0 -4.0 -4.0 -4.0 -3.0 -4.0 -4.0 -3.0 -4.0 0.0 0.0 -2.0 -4.0 -2.0 -2.0 -4.0 0.0 -1.0 -2.0 -3.0 -2.0 -4.0 -3.0 -4.0 0.0 -4.0 -2.0 0.0 -4.0 -4.0 -3.0 -2.0 -3.0 -2.0 -3.0 -4.0 0.0 0.0 -2.0 -2.0 0.0 -1.0 -2.0 0.0 0.0 -2.0 -1.0 -2.0 -2.0 -2.0 -4.0 0.0 -3.0 -3.0 0.0 -1.0 -1.0 235.0 -3.0 -4.0 -2.0 -3.0 -2.0 -1.0 -4.0 -1.0 -2.0 -3.0 0.0 -2.0 0.0 -2.0 -4.0 -3.0 -2.0 -1.0 -1.0 -4.0 -2.0 -3.0 0.0 -4.0 -1.0 -3.0 0.0 -1.0 -4.0 -1.0 -1.0 -2.0 -1.0 -4.0 -3.0 0.0 -3.0 -1.0 -4.0 -1.0 -3.0 0.0 0.0 0.0 
-2.0 -2.0 -3.0 -2.0 -4.0 -1.0 0.0 -3.0 -3.0 0.0 0.0 0.0 -2.0 -2.0 -2.0 0.0 -4.0 -3.0 -4.0 -1.0 0.0 -3.0 -4.0 0.0 -3.0 -4.0 -1.0 -3.0 -1.0 -2.0 -3.0 -4.0 -2.0 -4.0 -2.0 -1.0 -3.0 0.0 -2.0 -1.0 -2.0 -2.0 -1.0 -1.0 -4.0 -1.0 0.0 -4.0 -1.0 -4.0 -4.0 0.0 0.0 -1.0 -4.0 -3.0 -3.0 0.0 -3.0 0.0 0.0 -2.0 -2.0 -2.0 0.0 -1.0 -1.0 -4.0 0.0 -2.0 -4.0 218.0 -4.0 -3.0 0.0 -3.0 -4.0 0.0 -4.0 -2.0 -2.0 -2.0 -1.0 -3.0 -4.0 0.0 -2.0 -1.0 -3.0 -3.0 -1.0 -3.0 -2.0 -1.0 0.0 -2.0 -4.0 -1.0 0.0 0.0 -4.0 -4.0 0.0 0.0 0.0 -1.0 -1.0 -1.0 -3.0 -3.0 0.0 0.0 -2.0 -3.0 -4.0 
-1.0 -4.0 -1.0 -2.0 -3.0 -2.0 -2.0 -1.0 -4.0 -4.0 -1.0 0.0 -2.0 -2.0 -3.0 -1.0 -3.0 -4.0 -2.0 -1.0 -3.0 0.0 -1.0 -4.0 -3.0 -2.0 0.0 0.0 0.0 -1.0 0.0 -2.0 -2.0 -2.0 -1.0 -2.0 0.0 -2.0 -2.0 -1.0 -1.0 -4.0 0.0 -2.0 -1.0 -4.0 -4.0 -3.0 -3.0 -4.0 -4.0 -2.0 -3.0 -4.0 -1.0 -2.0 -3.0 -2.0 0.0 -3.0 -2.0 -4.0 0.0 0.0 -4.0 -4.0 0.0 -1.0 0.0 -2.0 -2.0 -4.0 217.0 -4.0 -2.0 -3.0 -1.0 -2.0 -2.0 -4.0 0.0 0.0 0.0 -4.0 -1.0 -1.0 -3.0 -1.0 0.0 -4.0 -3.0 -3.0 -3.0 -1.0 -4.0 0.0 -2.0 -1.0 -1.0 0.0 -1.0 -2.0 -1.0 -2.0 -4.0 -2.0 -1.0 -4.0 -1.0 -1.0 -3.0 0.0 0.0 0.0 -1.0 
0.0 -2.0 -4.0 0.0 0.0 0.0 -1.0 0.0 -4.0 -2.0 -3.0 -1.0 -2.0 -4.0 0.0 -2.0 0.0 -1.0 0.0 0.0 0.0 -1.0 -4.0 -1.0 0.0 -1.0 -2.0 -4.0 0.0 -4.0 -3.0 -2.0 -1.0 -4.0 -1.0 -2.0 -2.0 0.0 -2.0 -1.0 0.0 -3.0 0.0 0.0 -1.0 0.0 -3.0 -3.0 0.0 -4.0 -2.0 -3.0 -4.0 -3.0 -2.0 0.0 -2.0 -3.0 -3.0 -2.0 0.0 0.0 0.0 0.0 -1.0 0.0 -1.0 -2.0 0.0 -1.0 -2.0 -1.0 -1.0 190.0 0.0 -3.0 -2.0 -4.0 -2.0 -4.0 -1.0 -2.0 -3.0 -1.0 0.0 -2.0 0.0 -2.0 -3.0 -1.0 -2.0 -2.0 -4.0 0.0 -1.0 0.0 -3.0 -1.0 -2.0 -1.0 -4.0 -3.0 -3.0 -4.0 -4.0 0.0 -3.0 -1.0 -2.0 0.0 -2.0 -4.0 -3.0 0.0 -3.0 
-1.0 -2.0 -4.0 -2.0 -1.0 -2.0 -4.0 -2.0 -4.0 -1.0 -1.0 -4.0 0.0 -2.0 -1.0 -4.0 -2.0 0.0 -3.0 -1.0 -4.0 -4.0 -1.0 0.0 -4.0 -1.0 -3.0 -1.0 0.0 -1.0 0.0 0.0 0.0 -2.0 -4.0 -2.0 -4.0 -4.0 -4.0 -2.0 -3.0 -2.0 -4.0 -3.0 -1.0 0.0 -3.0 -3.0 -1.0 -4.0 0.0 -3.0 -2.0 -1.0 -2.0 -3.0 -3.0 0.0 -4.0 -1.0 -2.0 -2.0 -3.0 -2.0 -3.0 -2.0 -4.0 -1.0 -4.0 -2.0 -3.0 -4.0 -1.0 -3.0 231.0 -4.0 0.0 -3.0 -2.0 0.0 -1.0 0.0 -1.0 -4.0 -1.0 0.0 -4.0 -2.0 -1.0 -3.0 -3.0 0.0 -2.0 -1.0 0.0 0.0 -1.0 -1.0 -3.0 -4.0 -1.0 0.0 -4.0 -4.0 0.0 -4.0 -1.0 -2.0 -3.0 -1.0 -3.0 -2.0 0.0 0.0 -4.0 
-3.0 -2.0 -2.0 0.0 -1.0 -1.0 -1.0 -3.0 -3.0 -3.0 0.0 0.0 0.0 -3.0 -4.0 0.0 -4.0 0.0 -4.0 -1.0 -1.0 -4.0 -2.0 -4.0 -4.0 -3.0 -4.0 -4.0 -4.0 -2.0 -1.0 -3.0 -2.0 0.0 0.0 -2.0 -1.0 -2.0 -2.0 -2.0 -3.0 -4.0 0.0 -2.0 -4.0 0.0 -3.0 0.0 -2.0 -3.0 0.0 -4.0 -3.0 -3.0 -1.0 -3.0 -2.0 -3.0 -3.0 0.0 -2.0 0.0 -3.0 -2.0 0.0 0.0 -2.0 -3.0 -2.0 -2.0 0.0 -2.0 -1.0 -1.0 -1.0 212.0 0.0 0.0 -3.0 -1.0 -4.0 0.0 0.0 -1.0 -1.0 -3.0 -3.0 -3.0 -2.0 -4.0 0.0 -1.0 -4.0 -2.0 -4.0 -4.0 -1.0 -4.0 0.0 -2.0 -1.0 0.0 -3.0 -2.0 0.0 -4.0 -1.0 0.0 0.0 -1.0 -1.0 -3.0 0.0 0.0 -3.0 
0.0 -4.0 -2.0 -3.0 -3.0 -4.0 -3.0 0.0 -4.0 0.0 -2.0 -2.0 -3.0 -1.0 -4.0 0.0 -2.0 -4.0 -3.0 0.0 -3.0 -1.0 -2.0 -4.0 -1.0 -3.0 -1.0 -2.0 0.0 -3.0 -1.0 -1.0 -4.0 -1.0 -3.0 0.0 -2.0 -4.0 -1.0 -1.0 -2.0 0.0 -2.0 -3.0 -2.0 -1.0 0.0 -2.0 -1.0 0.0 0.0 -4.0 -3.0 0.0 -2.0 -4.0 -2.0 -1.0 -3.0 0.0 -4.0 0.0 -2.0 -3.0 -4.0 0.0 -2.0 -3.0 0.0 -3.0 -1.0 -1.0 -1.0 -4.0 0.0 -3.0 220.0 0.0 -3.0 -4.0 0.0 -1.0 -4.0 -3.0 -3.0 0.0 -2.0 -3.0 0.0 -1.0 -1.0 0.0 -2.0 -2.0 -2.0 0.0 -2.0 -4.0 -3.0 -4.0 -3.0 -2.0 -4.0 -4.0 -1.0 -2.0 0.0 -2.0 -3.0 0.0 -1.0 0.0 -3.0 -2.0 -4.0 
-1.0 -3.0 -2.0 -4.0 -4.0 -1.0 -2.0 0.0 -3.0 0.0 -4.0 0.0 -4.0 -2.0 -3.0 0.0 -1.0 0.0 -4.0 -3.0 -2.0 -4.0 -2.0 -3.0 -2.0 0.0 -2.0 -3.0 -4.0 -4.0 -1.0 0.0 -3.0 -4.0 -1.0 -4.0 0.0 -3.0 -3.0 -1.0 -3.0 -1.0 0.0 0.0 -3.0 0.0 -4.0 -4.0 0.0 -2.0 -2.0 -2.0 -4.0 -4.0 -1.0 -4.0 -3.0 0.0 0.0 -3.0 -4.0 -4.0 -3.0 -1.0 -1.0 -2.0 -1.0 -2.0 -2.0 -3.0 -4.0 -4.0 -1.0 -4.0 0.0 -2.0 -4.0 243.0 -3.0 -1.0 -3.0 -1.0 -2.0 -2.0 -2.0 -2.0 -4.0 -3.0 0.0 0.0 0.0 -1.0 0.0 0.0 -1.0 -2.0 -2.0 -4.0 -2.0 0.0 -4.0 -3.0 -3.0 -3.0 -4.0 -2.0 0.0 -4.0 -3.0 -3.0 -1.0 -1.0 -4.0 -2.0 -2.0 
0.0 0.0 -3.0 -4.0 -1.0 -3.0 -1.0 -2.0 -4.0 -4.0 -1.0 -3.0 -4.0 -3.0 -1.0 -1.0 -3.0 -2.0 0.0 -4.0 -2.0 -2.0 -2.0 -2.0 -1.0 0.0 -2.0 0.0 0.0 -1.0 -2.0 -3.0 -2.0 -2.0 -3.0 -3.0 -1.0 -3.0 -3.0 -3.0 -3.0 -3.0 -2.0 -2.0 -2.0 -2.0 -1.0 0.0 -2.0 -3.0 -2.0 0.0 -2.0 -2.0 -4.0 0.0 -4.0 -4.0 0.0 -1.0 -2.0 -3.0 -1.0 -3.0 -4.0 -3.0 -2.0 -2.0 0.0 -4.0 -3.0 -4.0 -3.0 -2.0 -4.0 -1.0 -4.0 -2.0 247.0 0.0 0.0 -4.0 -2.0 -3.0 -4.0 -2.0 -4.0 -4.0 -4.0 -2.0 0.0 -2.0 -1.0 -1.0 -1.0 -2.0 -2.0 -3.0 -3.0 -4.0 -1.0 -1.0 -2.0 -3.0 -3.0 -1.0 -2.0 -4.0 -1.0 -4.0 -4.0 0.0 -1.0 -2.0 -3.0 
-1.0 -3.0 0.0 -1.0 -1.0 -4.0 -4.0 -2.0 -2.0 -2.0 0.0 -3.0 -3.0 -2.0 -3.0 -1.0 -2.0 -2.0 -3.0 0.0 -1.0 -2.0 -1.0 -1.0 0.0 -3.0 -2.0 0.0 -2.0 -4.0 -3.0 -1.0 -4.0 -1.0 -2.0 -2.0 0.0 -4.0 -3.0 -4.0 -2.0 -4.0 0.0 -1.0 -2.0 -3.0 -1.0 -2.0 -4.0 -1.0 -4.0 -4.0 -3.0 -3.0 0.0 -2.0 -1.0 0.0 -2.0 -2.0 -1.0 -1.0 -3.0 -3.0 -1.0 -4.0 -3.0 -2.0 -4.0 -3.0 -4.0 0.0 0.0 -3.0 -3.0 -3.0 0.0 -2.0 -2.0 236.0 -2.0 -1.0 -3.0 -4.0 -1.0 -1.0 -4.0 -4.0 -3.0 -4.0 0.0 0.0 -2.0 0.0 -4.0 0.0 -3.0 -3.0 -4.0 0.0 -3.0 -3.0 -3.0 -4.0 -4.0 -1.0 -2.0 -1.0 -3.0 0.0 0.0 -2.0 -3.0 -2.0 0.0 
0.0 0.0 -1.0 0.0 -3.0 -2.0 -1.0 -2.0 -3.0 0.0 -2.0 -1.0 -3.0 -1.0 -1.0 -2.0 0.0 -4.0 -1.0 -3.0 -2.0 0.0 -4.0 -4.0 -4.0 -3.0 -4.0 -4.0 0.0 0.0 -1.0 -1.0 -2.0 0.0 -4.0 -1.0 -4.0 -3.0 -3.0 -3.0 0.0 -3.0 0.0 0.0 -2.0 0.0 -3.0 -4.0 0.0 -4.0 -4.0 -2.0 -4.0 -4.0 -3.0 0.0 -1.0 -3.0 0.0 -3.0 -2.0 -3.0 -1.0 -4.0 -4.0 -2.0 -4.0 -3.0 0.0 0.0 -2.0 -2.0 -3.0 -1.0 0.0 -4.0 -3.0 -1.0 0.0 -2.0 234.0 0.0 0.0 -1.0 -1.0 -2.0 -3.0 -1.0 -4.0 -3.0 -3.0 -3.0 -3.0 -1.0 -1.0 -2.0 -1.0 -1.0 -4.0 -4.0 -3.0 -3.0 -4.0 -2.0 -2.0 -4.0 -4.0 -1.0 -1.0 -3.0 -3.0 -2.0 -1.0 -3.0 -2.0 
-1.0 -1.0 -2.0 -3.0 -2.0 -3.0 -4.0 -2.0 -4.0 -4.0 -3.0 -2.0 -4.0 -3.0 -3.0 0.0 0.0 -3.0 -1.0 -3.0 -1.0 -2.0 -2.0 0.0 -3.0 0.0 -1.0 -1.0 -3.0 -2.0 -3.0 -3.0 -2.0 -3.0 -2.0 -1.0 -1.0 -2.0 0.0 -2.0 -2.0 0.0 0.0 0.0 0.0 -4.0 -3.0 0.0 -4.0 -4.0 -1.0 -4.0 -1.0 -4.0 -2.0 0.0 -1.0 -4.0 -4.0 -3.0 -4.0 0.0 -3.0 -2.0 0.0 -1.0 -1.0 -1.0 -1.0 0.0 0.0 -1.0 -2.0 0.0 0.0 -1.0 -2.0 -3.0 -1.0 -2.0 -2.0 218.0 -1.0 0.0 -3.0 -3.0 -3.0 -1.0 0.0 0.0 -3.0 0.0 0.0 -2.0 -4.0 -4.0 -2.0 -1.0 -3.0 -2.0 -4.0 -1.0 -3.0 -3.0 -2.0 0.0 -2.0 -1.0 -2.0 -3.0 -3.0 -4.0 0.0 -4.0 -4.0 
0.0 -2.0 -4.0 -1.0 -4.0 0.0 -2.0 -2.0 -3.0 -3.0 -3.0 -4.0 -4.0 0.0 -3.0 -4.0 -3.0 0.0 -4.0 -3.0 -3.0 -1.0 0.0 -3.0 -1.0 -4.0 -3.0 -2.0 0.0 -3.0 -1.0 -4.0 -4.0 0.0 -4.0 -4.0 -3.0 0.0 -1.0 -3.0 0.0 -4.0 -3.0 -1.0 -4.0 -3.0 -1.0 -3.0 -1.0 -3.0 -3.0 -3.0 -4.0 -4.0 -2.0 -1.0 0.0 -3.0 -1.0 0.0 0.0 -1.0 -2.0 -3.0 -2.0 -3.0 -3.0 -4.0 -1.0 -2.0 0.0 -4.0 -4.0 -2.0 0.0 -2.0 -4.0 -1.0 -3.0 -4.0 -4.0 -1.0 247.0 -1.0 -2.0 -4.0 0.0 -3.0 -4.0 0.0 -1.0 -1.0 -3.0 -2.0 0.0 -4.0 -3.0 -3.0 0.0 -3.0 0.0 -2.0 -4.0 -4.0 -2.0 0.0 -1.0 -2.0 -2.0 -3.0 -2.0 -2.0 -1.0 -1.0 0.0 
0.0 -4.0 0.0 -3.0 -4.0 -3.0 0.0 -3.0 -4.0 -3.0 0.0 -4.0 -1.0 -1.0 -4.0 -2.0 -1.0 -2.0 -1.0 -3.0 -2.0 -1.0 -2.0 -1.0 0.0 -3.0 0.0 -1.0 0.0 -3.0 -2.0 -1.0 -2.0 -4.0 -3.0 -3.0 -3.0 -2.0 -1.0 -1.0 -1.0 -2.0 -2.0 -4.0 -4.0 0.0 -1.0 0.0 -2.0 0.0 -1.0 0.0 -3.0 0.0 -1.0 -4.0 -3.0 -4.0 -1.0 -2.0 -1.0 -2.0 -1.0 -4.0 0.0 -2.0 -1.0 -3.0 -3.0 -2.0 -1.0 -3.0 -2.0 -1.0 -2.0 -1.0 -1.0 -3.0 -2.0 0.0 -2.0 -4.0 -3.0 211.0 0.0 -4.0 -4.0 -3.0 -1.0 -3.0 -3.0 0.0 0.0 0.0 -1.0 -1.0 0.0 -2.0 -1.0 -2.0 -3.0 -1.0 -4.0 -2.0 0.0 -2.0 -3.0 -4.0 0.0 -1.0 -1.0 -3.0 -3.0 -2.0 0.0 
0.0 -1.0 -4.0 -1.0 -1.0 0.0 -1.0 -3.0 -3.0 -1.0 -1.0 -1.0 0.0 -1.0 -3.0 -1.0 -1.0 -2.0 -2.0 -3.0 -2.0 0.0 -1.0 -2.0 0.0 -4.0 -1.0 -2.0 -1.0 0.0 -2.0 -2.0 -1.0 -1.0 -4.0 -3.0 -4.0 -2.0 -4.0 0.0 -2.0 0.0 0.0 0.0 0.0 0.0 -2.0 -1.0 -3.0 -3.0 -1.0 -4.0 -2.0 -4.0 0.0 -1.0 -2.0 -3.0 0.0 -4.0 -2.0 -3.0 -1.0 0.0 -3.0 0.0 -2.0 -3.0 -3.0 -3.0 -1.0 -3.0 0.0 0.0 0.0 0.0 -2.0 -4.0 0.0 0.0 -3.0 -4.0 -2.0 -2.0 196.0 -4.0 -1.0 -4.0 -1.0 -1.0 -2.0 0.0 0.0 0.0 -3.0 -2.0 -4.0 -1.0 -2.0 -4.0 0.0 -1.0 -1.0 -3.0 -4.0 -4.0 0.0 -2.0 -3.0 -2.0 -1.0 0.0 -4.0 -3.0 0.0 
-3.0 -2.0 -4.0 -2.0 -1.0 0.0 0.0 0.0 -2.0 0.0 -3.0 -2.0 -3.0 0.0 -2.0 0.0 -3.0 0.0 -1.0 -1.0 -3.0 -2.0 0.0 -2.0 -1.0 -4.0 -2.0 -4.0 -4.0 -3.0 -3.0 0.0 -4.0 -4.0 -2.0 0.0 0.0 -2.0 -4.0 -1.0 -1.0 -3.0 -4.0 -2.0 -4.0 -2.0 -3.0 -3.0 -4.0 -1.0 0.0 -1.0 -3.0 0.0 -1.0 -4.0 -3.0 -4.0 -1.0 -2.0 0.0 -4.0 -3.0 0.0 -4.0 -4.0 -1.0 -2.0 -4.0 -2.0 -4.0 -3.0 -1.0 -1.0 -4.0 -1.0 0.0 -4.0 -3.0 -2.0 -2.0 -1.0 -3.0 -2.0 -4.0 231.0 -1.0 -4.0 0.0 -2.0 0.0 -3.0 -2.0 -4.0 0.0 0.0 -2.0 0.0 -3.0 -2.0 -1.0 -1.0 0.0 -1.0 -2.0 -4.0 0.0 -3.0 -4.0 -3.0 -3.0 -2.0 -1.0 0.0 -4.0 
-4.0 -1.0 0.0 -4.0 -1.0 -1.0 -4.0 -3.0 -2.0 0.0 -2.0 -4.0 0.0 -2.0 -2.0 -3.0 -3.0 0.0 -1.0 -3.0 -3.0 -4.0 -3.0 -4.0 -1.0 -3.0 0.0 -4.0 -1.0 -4.0 -1.0 -4.0 -2.0 -3.0 -2.0 -2.0 -3.0 -1.0 0.0 0.0 -4.0 -4.0 -4.0 -3.0 -2.0 -1.0 -1.0 0.0 0.0 0.0 -1.0 0.0 -3.0 -3.0 -1.0 -3.0 -2.0 -1.0 -4.0 -1.0 -3.0 -2.0 -4.0 0.0 -4.0 0.0 -3.0 -3.0 0.0 -1.0 -4.0 -3.0 0.0 -4.0 -1.0 -1.0 -4.0 -3.0 -2.0 -1.0 -2.0 -2.0 -4.0 -4.0 -2.0 -4.0 232.0 0.0 -4.0 -4.0 0.0 -3.0 -2.0 -2.0 -1.0 -1.0 -1.0 -4.0 -1.0 -1.0 -2.0 -4.0 -2.0 0.0 0.0 0.0 -1.0 -4.0 0.0 0.0 -4.0 -1.0 -1.0 -2.0 -3.0 
-2.0 -1.0 0.0 0.0 -3.0 0.0 -3.0 -4.0 0.0 -4.0 -3.0 -4.0 -4.0 -2.0 -3.0 -1.0 -2.0 -4.0 -1.0 -2.0 -3.0 -2.0 -4.0 -1.0 -2.0 -2.0 -4.0 -3.0 -1.0 0.0 -3.0 -1.0 -3.0 -3.0 -2.0 -3.0 -4.0 -4.0 -3.0 -1.0 -4.0 0.0 -1.0 -2.0 -1.0 -2.0 -4.0 0.0 -3.0 -2.0 0.0 -1.0 -2.0 0.0 -2.0 -2.0 -2.0 -4.0 -2.0 -3.0 -2.0 0.0 -3.0 -4.0 -3.0 0.0 0.0 0.0 -3.0 -1.0 -4.0 -3.0 -3.0 0.0 -2.0 -3.0 0.0 0.0 -4.0 -3.0 -4.0 -2.0 -4.0 -4.0 -1.0 -4.0 -3.0 246.0 -1.0 -3.0 -2.0 -3.0 -1.0 0.0 -4.0 -4.0 -3.0 -4.0 -4.0 -1.0 -2.0 -3.0 0.0 -3.0 -2.0 0.0 -1.0 -3.0 -1.0 -4.0 -2.0 -1.0 0.0 -3.0 -2.0 
-4.0 -3.0 0.0 -3.0 -4.0 -1.0 -2.0 -2.0 0.0 -1.0 -1.0 -2.0 -3.0 -1.0 -4.0 -4.0 -2.0 0.0 -4.0 -2.0 -4.0 -3.0 -2.0 -2.0 -1.0 0.0 0.0 -4.0 -1.0 -1.0 -1.0 -4.0 -2.0 -1.0 -2.0 -1.0 -4.0 -1.0 -2.0 0.0 -2.0 -4.0 0.0 -1.0 -4.0 -4.0 -1.0 -3.0 0.0 -4.0 0.0 -1.0 -4.0 -3.0 -2.0 -3.0 -1.0 -4.0 -1.0 -3.0 -4.0 -2.0 -1.0 0.0 -2.0 -3.0 -4.0 -1.0 -2.0 -2.0 -4.0 0.0 -3.0 -3.0 -1.0 -3.0 0.0 -1.0 -2.0 -2.0 -3.0 -4.0 -4.0 -3.0 -1.0 -4.0 -3.0 -1.0 234.0 -4.0 -1.0 -4.0 -4.0 -4.0 -3.0 -3.0 -1.0 0.0 0.0 -2.0 -2.0 -1.0 -2.0 -1.0 -1.0 -1.0 0.0 0.0 -3.0 -4.0 -1.0 -1.0 0.0 0.0 -4.0 
-1.0 -4.0 -2.0 -2.0 0.0 -1.0 -2.0 -4.0 -2.0 -3.0 -1.0 -2.0 -4.0 -2.0 0.0 -4.0 0.0 -3.0 0.0 -4.0 -3.0 0.0 0.0 -3.0 -4.0 -4.0 0.0 -3.0 -4.0 -1.0 -3.0 -3.0 -4.0 -3.0 -4.0 -4.0 -1.0 -3.0 -4.0 0.0 -1.0 -4.0 -4.0 -4.0 -1.0 -2.0 -4.0 0.0 -2.0 -1.0 -3.0 -2.0 -3.0 -2.0 -2.0 -4.0 -3.0 0.0 -1.0 -2.0 0.0 -1.0 -3.0 -3.0 -3.0 -3.0 0.0 -2.0 -3.0 -3.0 -4.0 -1.0 -3.0 -2.0 -4.0 -2.0 -4.0 -4.0 -3.0 -4.0 -2.0 -2.0 -2.0 -2.0 -1.0 0.0 0.0 -4.0 0.0 255.0 -2.0 0.0 -4.0 -1.0 -2.0 0.0 -1.0 -4.0 -4.0 -1.0 0.0 -4.0 -3.0 0.0 0.0 -2.0 -4.0 -3.0 -1.0 -3.0 -3.0 -2.0 -4.0 -2.0 -3.0 
-4.0 -1.0 0.0 -3.0 -1.0 -4.0 -3.0 0.0 -3.0 -2.0 0.0 -1.0 0.0 0.0 0.0 -3.0 0.0 -3.0 -1.0 0.0 0.0 0.0 -2.0 -4.0 -1.0 0.0 0.0 -1.0 -2.0 -2.0 -4.0 -1.0 -2.0 -4.0 -4.0 -2.0 -4.0 -4.0 -3.0 -4.0 -1.0 -3.0 -1.0 0.0 0.0 -3.0 -2.0 0.0 -2.0 0.0 -2.0 -4.0 -3.0 -1.0 -1.0 -3.0 0.0 -4.0 -3.0 0.0 -2.0 -2.0 0.0 -1.0 0.0 -3.0 -1.0 -2.0 -4.0 0.0 0.0 0.0 -1.0 -3.0 0.0 -3.0 0.0 -4.0 -3.0 -2.0 -3.0 -3.0 -3.0 -1.0 -2.0 -3.0 -4.0 -2.0 -4.0 -4.0 211.0 -2.0 -2.0 -3.0 -1.0 -4.0 -2.0 0.0 0.0 0.0 -3.0 -4.0 0.0 -2.0 -4.0 0.0 -1.0 -4.0 -4.0 -3.0 -4.0 0.0 0.0 -2.0 0.0 
-2.0 0.0 0.0 -2.0 -4.0 -4.0 -4.0 0.0 -4.0 -4.0 -4.0 -3.0 -4.0 -2.0 -4.0 -3.0 0.0 0.0 -2.0 -3.0 -3.0 -1.0 -4.0 -1.0 -2.0 -1.0 -3.0 -2.0 -4.0 -4.0 -1.0 0.0 -4.0 -2.0 -2.0 0.0 -1.0 -2.0 -1.0 0.0 -3.0 -4.0 -3.0 -1.0 -3.0 0.0 -1.0 0.0 -4.0 -3.0 -3.0 -1.0 0.0 -4.0 0.0 -1.0 0.0 -2.0 -4.0 -1.0 -1.0 -2.0 -4.0 0.0 -3.0 -3.0 0.0 -2.0 0.0 -2.0 -1.0 -4.0 -1.0 -2.0 -3.0 -3.0 -4.0 -1.0 -1.0 -3.0 -3.0 -3.0 0.0 -3.0 -2.0 0.0 -2.0 -2.0 -1.0 -2.0 -4.0 243.0 -2.0 -3.0 -1.0 -4.0 -3.0 0.0 -3.0 -3.0 -4.0 -2.0 -1.0 0.0 -4.0 -4.0 0.0 -4.0 0.0 -4.0 -4.0 -4.0 -2.0 -3.0 -1.0 
-4.0 -1.0 -4.0 -2.0 -2.0 -4.0 0.0 0.0 -1.0 -1.0 -4.0 -3.0 0.0 -4.0 -1.0 -2.0 -4.0 -3.0 -3.0 0.0 -4.0 -1.0 -1.0 -1.0 -4.0 -2.0 -1.0 -1.0 -2.0 0.0 -1.0 -1.0 -2.0 -4.0 -1.0 0.0 -1.0 0.0 -1.0 -4.0 -3.0 -3.0 0.0 -2.0 -4.0 -1.0 -3.0 -1.0 -4.0 -4.0 -1.0 0.0 -2.0 -4.0 -2.0 -1.0 -1.0 0.0 -2.0 -1.0 -2.0 -4.0 -1.0 -2.0 0.0 -2.0 -4.0 -3.0 -1.0 -2.0 -3.0 0.0 -4.0 -4.0 -2.0 -1.0 -4.0 -1.0 -4.0 -3.0 -3.0 -2.0 -1.0 0.0 0.0 0.0 0.0 -2.0 -3.0 -3.0 -2.0 -4.0 231.0 -2.0 -1.0 -2.0 -3.0 0.0 -4.0 -2.0 -4.0 -3.0 -2.0 -4.0 -2.0 -2.0 -1.0 -2.0 0.0 -3.0 -2.0 -1.0 -4.0 -4.0 -2.0 
-2.0 0.0 -4.0 -4.0 -3.0 -2.0 0.0 -3.0 -2.0 -3.0 -1.0 -2.0 0.0 -3.0 -2.0 -4.0 -2.0 -3.0 -1.0 -1.0 -3.0 -1.0 -2.0 -1.0 -2.0 -3.0 -1.0 -3.0 0.0 -1.0 -2.0 -4.0 -4.0 -1.0 -2.0 -3.0 0.0 -4.0 -3.0 -4.0 -2.0 0.0 -4.0 0.0 -1.0 0.0 -4.0 -1.0 -1.0 0.0 -3.0 -1.0 0.0 -2.0 0.0 -4.0 -1.0 -3.0 -4.0 -2.0 -1.0 -4.0 0.0 -3.0 0.0 -3.0 -3.0 0.0 -3.0 -1.0 0.0 -1.0 -1.0 0.0 -4.0 -4.0 -3.0 0.0 -3.0 -2.0 -4.0 -4.0 -2.0 -2.0 -2.0 -4.0 0.0 -4.0 0.0 -1.0 -2.0 -1.0 0.0 232.0 0.0 -3.0 -3.0 -2.0 -4.0 -1.0 -1.0 -3.0 -3.0 -3.0 0.0 -3.0 -3.0 0.0 -4.0 -2.0 -4.0 -2.0 -3.0 -3.0 -4.0 
-2.0 -2.0 -3.0 -1.0 0.0 -3.0 -1.0 -4.0 -2.0 -2.0 0.0 -2.0 0.0 -1.0 -4.0 -3.0 -1.0 -3.0 -4.0 -3.0 -3.0 -2.0 -3.0 0.0 -3.0 -1.0 -2.0 -1.0 -4.0 -3.0 -1.0 -4.0 0.0 -4.0 -4.0 -2.0 -3.0 -1.0 0.0 -2.0 -3.0 0.0 0.0 -4.0 -1.0 -2.0 -3.0 0.0 -4.0 -4.0 0.0 -2.0 -3.0 -1.0 0.0 -1.0 -3.0 0.0 -1.0 -4.0 -1.0 -1.0 -3.0 0.0 -1.0 -3.0 -4.0 0.0 -4.0 0.0 -2.0 -3.0 -4.0 0.0 -4.0 -4.0 0.0 -1.0 -1.0 -1.0 -2.0 -1.0 -1.0 -2.0 -2.0 -2.0 -1.0 0.0 -1.0 -3.0 -2.0 -3.0 -4.0 -1.0 219.0 -2.0 -1.0 -1.0 -2.0 -3.0 0.0 0.0 -3.0 -4.0 -1.0 -4.0 -3.0 0.0 -1.0 -3.0 -3.0 0.0 0.0 -2.0 -4.0 
-4.0 0.0 -3.0 -2.0 -3.0 -2.0 -4.0 0.0 -4.0 -2.0 -2.0 -4.0 -2.0 -4.0 0.0 -1.0 -4.0 0.0 -2.0 -1.0 -3.0 -2.0 -2.0 -2.0 -1.0 -4.0 -4.0 0.0 -4.0 -1.0 -1.0 -2.0 -1.0 -1.0 -4.0 -1.0 -2.0 0.0 -3.0 -2.0 -4.0 -1.0 0.0 -3.0 -1.0 0.0 -4.0 0.0 -3.0 -1.0 0.0 -4.0 -1.0 -3.0 -3.0 -3.0 -4.0 0.0 -3.0 -1.0 -2.0 -1.0 -4.0 -3.0 -4.0 -1.0 -2.0 0.0 -1.0 -4.0 -1.0 0.0 -1.0 -4.0 -2.0 -4.0 -1.0 -1.0 -3.0 -4.0 0.0 -2.0 0.0 -1.0 -2.0 -4.0 -4.0 -2.0 -4.0 0.0 -2.0 -1.0 -2.0 -4.0 -1.0 231.0 0.0 -1.0 -1.0 -2.0 -3.0 -2.0 -4.0 -4.0 -4.0 -1.0 -1.0 -1.0 -3.0 -2.0 0.0 0.0 0.0 -4.0 -3.0 
-2.0 -3.0 -3.0 -4.0 -3.0 -2.0 -1.0 -2.0 0.0 -4.0 -4.0 -4.0 -2.0 -1.0 -4.0 0.0 -1.0 -4.0 -2.0 -1.0 -3.0 0.0 -4.0 -1.0 -2.0 -2.0 -3.0 -3.0 -4.0 0.0 -2.0 0.0 -3.0 0.0 -4.0 -3.0 -4.0 -1.0 0.0 -4.0 -4.0 -1.0 -2.0 0.0 -3.0 -2.0 -1.0 -2.0 0.0 -4.0 0.0 -4.0 0.0 0.0 -3.0 0.0 -1.0 -4.0 0.0 -3.0 -4.0 0.0 -1.0 -1.0 -3.0 -1.0 -1.0 -2.0 -3.0 -3.0 -2.0 -4.0 0.0 -1.0 -1.0 0.0 0.0 -3.0 -2.0 -4.0 -3.0 -4.0 -1.0 -3.0 -4.0 -2.0 -2.0 -2.0 -2.0 -2.0 0.0 0.0 -4.0 -2.0 -3.0 0.0 239.0 0.0 -3.0 -4.0 0.0 -3.0 -4.0 -2.0 -3.0 0.0 -3.0 -3.0 -4.0 -1.0 -4.0 -3.0 -3.0 -4.0 -1.0 
-1.0 0.0 -4.0 -3.0 -1.0 -1.0 -2.0 -2.0 0.0 -4.0 -2.0 -3.0 0.0 -3.0 -3.0 0.0 0.0 0.0 -3.0 0.0 0.0 -2.0 -4.0 -2.0 -1.0 -2.0 -1.0 -3.0 -2.0 -4.0 -2.0 -1.0 0.0 -2.0 -3.0 0.0 -4.0 -2.0 0.0 0.0 -3.0 -4.0 -1.0 -1.0 -4.0 -1.0 -3.0 -2.0 -2.0 -2.0 -4.0 -3.0 -2.0 -1.0 -1.0 0.0 -1.0 -3.0 -4.0 -3.0 -4.0 -1.0 -2.0 -4.0 -2.0 0.0 -4.0 -1.0 -3.0 0.0 0.0 -1.0 -3.0 -2.0 -4.0 -1.0 0.0 -2.0 -1.0 -2.0 -1.0 -2.0 -3.0 -1.0 -1.0 -1.0 -2.0 -2.0 -2.0 0.0 -2.0 -4.0 -1.0 -2.0 -3.0 -3.0 -4.0 211.0 0.0 -1.0 -2.0 -2.0 -3.0 0.0 -1.0 -1.0 -2.0 -4.0 -1.0 0.0 -2.0 -4.0 -1.0 -1.0 -3.0 
-1.0 -4.0 -3.0 -2.0 -1.0 -1.0 -3.0 0.0 -3.0 -2.0 -4.0 -1.0 -1.0 -4.0 0.0 -1.0 -2.0 -4.0 -1.0 0.0 -1.0 -2.0 -2.0 -3.0 -4.0 -2.0 -2.0 -3.0 -3.0 0.0 0.0 -4.0 -3.0 -4.0 0.0 0.0 -3.0 -3.0 0.0 -2.0 -4.0 -2.0 -2.0 -1.0 -1.0 -4.0 -1.0 0.0 0.0 -2.0 -2.0 -1.0 -1.0 -4.0 -4.0 0.0 -4.0 0.0 -4.0 -2.0 0.0 -2.0 -1.0 -2.0 -4.0 -2.0 -1.0 0.0 -1.0 -1.0 -2.0 -3.0 -1.0 0.0 -3.0 -3.0 -4.0 -1.0 -3.0 -2.0 0.0 -1.0 0.0 0.0 -2.0 -1.0 -2.0 -1.0 -1.0 0.0 -2.0 -4.0 0.0 0.0 -4.0 -1.0 -2.0 -4.0 207.0 -2.0 -3.0 -2.0 -3.0 0.0 -2.0 -3.0 0.0 -1.0 -4.0 0.0 -1.0 0.0 0.0 -4.0 -3.0 
0.0 -4.0 -3.0 -4.0 -1.0 -4.0 -2.0 0.0 -1.0 -4.0 0.0 -1.0 -2.0 -1.0 -2.0 -3.0 0.0 -4.0 -3.0 -1.0 0.0 -3.0 -2.0 -1.0 0.0 -1.0 -3.0 -4.0 -4.0 -3.0 -1.0 0.0 0.0 -1.0 -2.0 -2.0 -4.0 -4.0 -2.0 0.0 -2.0 -3.0 -4.0 -1.0 -2.0 0.0 -1.0 -4.0 -2.0 -2.0 -1.0 -4.0 -1.0 -3.0 0.0 -3.0 -3.0 -4.0 -3.0 -3.0 -1.0 -1.0 -4.0 -4.0 -2.0 -4.0 -1.0 -4.0 -2.0 -4.0 -4.0 -3.0 -3.0 0.0 -3.0 -3.0 -3.0 -2.0 0.0 0.0 -3.0 -4.0 0.0 -4.0 -1.0 -2.0 -1.0 0.0 0.0 -2.0 -2.0 -2.0 -1.0 -1.0 -3.0 -2.0 -2.0 -2.0 0.0 243.0 -2.0 -3.0 -3.0 -4.0 -1.0 -3.0 -4.0 -2.0 -4.0 -1.0 -2.0 -3.0 -3.0 -1.0 -4.0 
-3.0 -2.0 -1.0 0.0 -4.0 -3.0 -2.0 -1.0 -1.0 -1.0 0.0 -3.0 -1.0 -4.0 -3.0 -1.0 -2.0 -1.0 -1.0 -4.0 0.0 -3.0 0.0 -1.0 0.0 -3.0 -3.0 -2.0 -1.0 -3.0 -2.0 0.0 -3.0 -1.0 -1.0 -3.0 -1.0 -3.0 -3.0 -3.0 -3.0 0.0 -1.0 -4.0 -4.0 -4.0 -3.0 -1.0 -2.0 -3.0 0.0 -3.0 -4.0 -4.0 -3.0 0.0 -4.0 0.0 -4.0 -3.0 -4.0 0.0 0.0 0.0 -1.0 -4.0 -1.0 -4.0 0.0 -1.0 -2.0 -4.0 0.0 -1.0 -2.0 -2.0 -4.0 -2.0 -1.0 -1.0 -3.0 -4.0 -1.0 -1.0 -4.0 -3.0 -4.0 0.0 -1.0 0.0 -3.0 -2.0 -2.0 -4.0 -2.0 -3.0 0.0 -2.0 -1.0 0.0 214.0 -2.0 -2.0 0.0 0.0 -3.0 0.0 -2.0 0.0 -1.0 -1.0 0.0 -1.0 -4.0 0.0 
-3.0 -3.0 -2.0 -1.0 0.0 -2.0 -4.0 -4.0 -4.0 -4.0 -1.0 -2.0 0.0 -2.0 -4.0 -3.0 0.0 -1.0 -4.0 -2.0 0.0 -2.0 -2.0 0.0 -2.0 -1.0 -1.0 -1.0 -2.0 0.0 -3.0 -1.0 -4.0 -2.0 -1.0 -2.0 -1.0 -4.0 -3.0 -4.0 -1.0 0.0 0.0 -3.0 -4.0 -3.0 -3.0 -4.0 0.0 -2.0 -2.0 -1.0 -3.0 -4.0 -1.0 0.0 -4.0 0.0 0.0 -3.0 -3.0 -4.0 -2.0 -2.0 -4.0 0.0 -4.0 -2.0 0.0 -3.0 -3.0 0.0 -1.0 0.0 0.0 -3.0 0.0 -1.0 -2.0 -4.0 -3.0 -3.0 -4.0 -1.0 -2.0 0.0 0.0 -4.0 -1.0 -3.0 -4.0 -4.0 -4.0 -3.0 -1.0 -1.0 -3.0 -3.0 -2.0 -1.0 0.0 230.0 -4.0 -1.0 -4.0 -2.0 -4.0 -3.0 -1.0 -3.0 0.0 -1.0 -2.0 0.0 0.0 
-4.0 0.0 -1.0 -2.0 -2.0 -1.0 -2.0 -1.0 0.0 -2.0 -3.0 0.0 -3.0 -4.0 -2.0 0.0 -4.0 0.0 -3.0 0.0 -2.0 0.0 -1.0 0.0 -3.0 -2.0 -2.0 -3.0 -2.0 -4.0 -4.0 -2.0 -4.0 -3.0 -3.0 -4.0 -3.0 -3.0 -1.0 0.0 -2.0 -4.0 -4.0 -3.0 -4.0 0.0 -3.0 -4.0 -1.0 0.0 -2.0 -4.0 -1.0 0.0 -4.0 0.0 -2.0 -3.0 0.0 0.0 -2.0 -1.0 -2.0 -4.0 -3.0 0.0 -3.0 -4.0 -1.0 0.0 -3.0 -3.0 -3.0 0.0 -4.0 -4.0 -4.0 -4.0 0.0 -3.0 -1.0 -4.0 0.0 -3.0 -4.0 -1.0 -4.0 0.0 -1.0 -1.0 -2.0 -3.0 -1.0 -3.0 -3.0 -1.0 0.0 -2.0 -1.0 -2.0 -1.0 -2.0 225.0 0.0 0.0 -4.0 0.0 0.0 -1.0 0.0 -4.0 0.0 -3.0 0.0 -4.0 
-4.0 -1.0 0.0 -4.0 -3.0 -1.0 -4.0 0.0 -2.0 -4.0 -4.0 -2.0 -1.0 -3.0 0.0 -3.0 -4.0 0.0 -2.0 -4.0 -3.0 -3.0 -3.0 -4.0 0.0 0.0 -4.0 -4.0 -1.0 -4.0 -4.0 -3.0 -3.0 -4.0 -4.0 -3.0 -1.0 -4.0 -1.0 -3.0 -3.0 -2.0 -1.0 -2.0 -3.0 -3.0 -2.0 -3.0 0.0 -1.0 -2.0 -4.0 -1.0 -4.0 -2.0 -3.0 -3.0 -2.0 -4.0 -1.0 -1.0 -3.0 -1.0 -3.0 -4.0 0.0 -4.0 -1.0 -2.0 0.0 -4.0 -1.0 -4.0 -1.0 -4.0 0.0 -4.0 -4.0 -4.0 -4.0 -3.0 -1.0 -4.0 -3.0 -3.0 -3.0 -3.0 -3.0 -4.0 0.0 -3.0 -2.0 -1.0 -4.0 -2.0 -2.0 -4.0 -3.0 -4.0 0.0 -4.0 0.0 -2.0 271.0 0.0 -1.0 -3.0 -4.0 -1.0 -1.0 0.0 -1.0 -2.0 -3.0 0.0 
0.0 -3.0 0.0 -4.0 0.0 0.0 0.0 0.0 -3.0 0.0 -3.0 -1.0 0.0 -4.0 -2.0 -4.0 -4.0 -1.0 -2.0 -4.0 -1.0 -1.0 -2.0 -3.0 -4.0 -2.0 -2.0 -4.0 -3.0 -4.0 -4.0 -1.0 -4.0 -1.0 -3.0 -4.0 -4.0 0.0 -1.0 0.0 -3.0 -3.0 -4.0 -2.0 -2.0 0.0 -3.0 -2.0 -2.0 0.0 0.0 -2.0 0.0 -2.0 -3.0 -2.0 0.0 -4.0 -3.0 -1.0 -3.0 -3.0 -3.0 0.0 -4.0 -1.0 -3.0 -1.0 -1.0 -3.0 0.0 -2.0 -4.0 -3.0 -3.0 0.0 -2.0 -3.0 -1.0 -4.0 0.0 -4.0 -2.0 0.0 -1.0 -4.0 -1.0 0.0 -1.0 -3.0 -4.0 -3.0 -4.0 -2.0 -4.0 -3.0 -3.0 -2.0 -1.0 -2.0 0.0 -3.0 -2.0 -2.0 241.0 -4.0 -1.0 -3.0 -4.0 0.0 -4.0 -3.0 -2.0 0.0 -4.0 
-3.0 -2.0 -1.0 -3.0 -1.0 0.0 -3.0 0.0 -2.0 0.0 -2.0 -1.0 -1.0 0.0 -4.0 -2.0 -3.0 -3.0 -1.0 -3.0 -1.0 -2.0 -2.0 0.0 -4.0 -4.0 -3.0 0.0 0.0 -1.0 0.0 0.0 -1.0 -4.0 0.0 -3.0 -3.0 -1.0 -3.0 -1.0 -3.0 -1.0 -4.0 -2.0 -3.0 -4.0 0.0 -2.0 -4.0 0.0 -1.0 -3.0 -3.0 -2.0 -4.0 -2.0 -4.0 0.0 -4.0 -1.0 -2.0 -1.0 -4.0 -1.0 -3.0 -1.0 0.0 -2.0 0.0 -1.0 -1.0 -2.0 -3.0 -3.0 0.0 0.0 -1.0 0.0 -4.0 -4.0 -2.0 -2.0 -3.0 -1.0 -3.0 0.0 -2.0 -3.0 -4.0 -1.0 -3.0 -3.0 -2.0 -2.0 -1.0 0.0 -4.0 -4.0 -2.0 -1.0 0.0 -1.0 -1.0 -3.0 0.0 216.0 -1.0 -4.0 -2.0 -1.0 -3.0 -2.0 -3.0 -1.0 -3.0 
-1.0 -3.0 0.0 -4.0 -1.0 -1.0 -3.0 -3.0 -3.0 -4.0 -1.0 -3.0 -2.0 -1.0 -4.0 -1.0 -4.0 -4.0 -2.0 -2.0 0.0 0.0 0.0 -1.0 -4.0 -1.0 -4.0 0.0 -1.0 -3.0 0.0 0.0 -1.0 -1.0 -3.0 -2.0 -3.0 0.0 -4.0 0.0 -2.0 -2.0 0.0 0.0 -3.0 -1.0 0.0 0.0 -3.0 0.0 -3.0 0.0 -3.0 0.0 -2.0 -4.0 -3.0 0.0 -3.0 0.0 -4.0 -2.0 -4.0 -4.0 -4.0 -2.0 0.0 0.0 0.0 -3.0 -4.0 -1.0 0.0 -1.0 -1.0 -3.0 -1.0 -1.0 -1.0 -3.0 -2.0 -4.0 -2.0 -4.0 -2.0 -2.0 -1.0 -2.0 -2.0 -1.0 0.0 0.0 -4.0 -4.0 -2.0 -2.0 -1.0 -2.0 -1.0 -3.0 -1.0 -4.0 -4.0 -1.0 -1.0 -4.0 217.0 -2.0 -2.0 0.0 -1.0 -4.0 -4.0 -4.0 -1.0 
-4.0 -1.0 0.0 -1.0 -1.0 -1.0 -1.0 -1.0 -3.0 0.0 -3.0 0.0 0.0 -4.0 -3.0 -2.0 -1.0 -4.0 -4.0 -1.0 -2.0 0.0 -3.0 -2.0 0.0 0.0 -1.0 -4.0 -1.0 0.0 -3.0 0.0 -3.0 -2.0 0.0 -2.0 -1.0 -3.0 -4.0 -3.0 -2.0 -3.0 -3.0 -3.0 -1.0 0.0 -3.0 -4.0 -2.0 -1.0 -1.0 -2.0 -3.0 -3.0 0.0 0.0 -2.0 0.0 -3.0 -3.0 -1.0 -1.0 -1.0 -1.0 -3.0 -4.0 -1.0 -2.0 -3.0 -1.0 0.0 -1.0 -3.0 0.0 -4.0 -2.0 0.0 -3.0 -4.0 0.0 -1.0 -3.0 -3.0 -4.0 -1.0 -1.0 -2.0 -2.0 0.0 -2.0 -1.0 -1.0 -3.0 -2.0 -4.0 0.0 0.0 -1.0 -2.0 -1.0 0.0 -2.0 -3.0 0.0 -1.0 -3.0 0.0 202.0 -4.0 -1.0 -3.0 -2.0 -3.0 0.0 -3.0 
-1.0 0.0 -4.0 -4.0 -2.0 0.0 0.0 0.0 -1.0 -3.0 0.0 -1.0 -3.0 0.0 0.0 -1.0 0.0 0.0 -1.0 -3.0 -3.0 0.0 -1.0 -4.0 0.0 -4.0 -3.0 -2.0 -3.0 -2.0 -3.0 -1.0 -3.0 -2.0 -3.0 -1.0 -3.0 -2.0 -3.0 -4.0 0.0 -3.0 0.0 -2.0 -2.0 -2.0 -4.0 -4.0 -2.0 -1.0 0.0 0.0 -4.0 -1.0 0.0 -2.0 -1.0 -3.0 -2.0 -4.0 -2.0 -3.0 0.0 -1.0 -1.0 -1.0 -4.0 -1.0 -3.0 -1.0 -4.0 -3.0 -2.0 -1.0 -4.0 -3.0 -1.0 -2.0 0.0 0.0 0.0 -4.0 -4.0 -1.0 -3.0 -1.0 0.0 -3.0 0.0 -1.0 -1.0 -2.0 -1.0 -4.0 -4.0 0.0 -2.0 -1.0 -2.0 -4.0 -1.0 0.0 -4.0 -3.0 -2.0 0.0 -1.0 0.0 208.0 -1.0 -1.0 -3.0 -4.0 -3.0 -2.0 
-3.0 0.0 -4.0 -4.0 -1.0 -1.0 -4.0 -2.0 -2.0 -3.0 0.0 -2.0 -1.0 -4.0 -3.0 -4.0 0.0 0.0 0.0 -4.0 -2.0 -3.0 -2.0 -3.0 -4.0 -2.0 -1.0 -4.0 -4.0 -2.0 -1.0 -4.0 0.0 -2.0 0.0 -4.0 -4.0 -3.0 -4.0 -2.0 -4.0 -2.0 -4.0 -4.0 -4.0 -2.0 -3.0 -1.0 -3.0 -3.0 -3.0 -1.0 -4.0 -3.0 -4.0 -1.0 -1.0 -3.0 -3.0 -3.0 -1.0 -3.0 -2.0 -3.0 0.0 -3.0 -4.0 -1.0 -2.0 0.0 -2.0 -1.0 0.0 -2.0 -3.0 -3.0 -3.0 -2.0 -4.0 -2.0 -4.0 -2.0 -4.0 -2.0 -3.0 -2.0 -4.0 -1.0 -3.0 0.0 -3.0 0.0 -4.0 -1.0 -3.0 -3.0 -2.0 -2.0 -1.0 0.0 0.0 -4.0 -3.0 -1.0 -1.0 -3.0 -4.0 -1.0 -2.0 267.0 -2.0 -4.0 -1.0 -3.0 -4.0 
-2.0 -3.0 -1.0 -1.0 -1.0 -2.0 -2.0 -2.0 -2.0 -3.0 -2.0 -1.0 -4.0 -2.0 -3.0 0.0 -4.0 -2.0 -4.0 -2.0 0.0 -2.0 -1.0 0.0 -4.0 -4.0 -2.0 -2.0 -1.0 -2.0 -4.0 -1.0 -4.0 -2.0 -2.0 -4.0 -3.0 -3.0 -2.0 -1.0 -2.0 -1.0 -2.0 -4.0 -4.0 -3.0 -3.0 -4.0 -3.0 -4.0 -1.0 0.0 -4.0 -2.0 -2.0 -4.0 -1.0 -3.0 -4.0 0.0 -4.0 -4.0 -4.0 -4.0 0.0 0.0 -4.0 -1.0 -1.0 -3.0 0.0 -3.0 0.0 -4.0 -1.0 -1.0 0.0 -4.0 -2.0 -3.0 -1.0 -3.0 0.0 -2.0 -4.0 -3.0 0.0 -2.0 -3.0 -3.0 -4.0 0.0 -3.0 -4.0 0.0 -4.0 -2.0 -3.0 0.0 -4.0 -1.0 -1.0 -3.0 0.0 -1.0 -2.0 -3.0 -3.0 -2.0 0.0 255.0 -4.0 -3.0 -4.0 -2.0 
-2.0 -3.0 -2.0 0.0 -3.0 -2.0 -2.0 -2.0 -1.0 -3.0 0.0 0.0 -4.0 -4.0 0.0 -4.0 -2.0 -4.0 -1.0 -2.0 -3.0 -4.0 0.0 -2.0 -1.0 -4.0 -3.0 -1.0 -1.0 -1.0 -4.0 -4.0 -2.0 -1.0 -3.0 -1.0 -2.0 -4.0 -1.0 -1.0 0.0 0.0 -4.0 0.0 0.0 -2.0 -4.0 -3.0 -4.0 -4.0 -4.0 0.0 -1.0 -4.0 -1.0 -3.0 -4.0 -3.0 0.0 0.0 -4.0 -1.0 -2.0 -1.0 -2.0 0.0 -4.0 -4.0 0.0 0.0 -3.0 0.0 -2.0 -1.0 -2.0 -4.0 -4.0 -4.0 0.0 -4.0 -1.0 -2.0 -1.0 0.0 -1.0 -3.0 -4.0 0.0 -4.0 0.0 -4.0 -1.0 -1.0 -4.0 0.0 -3.0 -3.0 -3.0 -2.0 0.0 -1.0 0.0 -4.0 -2.0 -4.0 -1.0 -3.0 -1.0 -2.0 -1.0 -3.0 232.0 -1.0 -1.0 -4.0 
-1.0 -2.0 -3.0 -4.0 -4.0 -1.0 -3.0 -1.0 -3.0 0.0 -1.0 0.0 -4.0 -2.0 -3.0 -2.0 -4.0 -4.0 -1.0 -3.0 0.0 0.0 -1.0 0.0 -1.0 0.0 -4.0 -3.0 -2.0 -2.0 -4.0 -4.0 -4.0 0.0 -2.0 -2.0 -2.0 -3.0 -2.0 0.0 -3.0 -2.0 -2.0 -2.0 0.0 -1.0 -2.0 -4.0 -4.0 0.0 -2.0 0.0 0.0 -3.0 0.0 0.0 -3.0 0.0 0.0 0.0 -1.0 -2.0 -1.0 -4.0 0.0 0.0 -2.0 -4.0 -1.0 -4.0 -2.0 -3.0 -3.0 -4.0 -4.0 0.0 0.0 0.0 -3.0 -3.0 -3.0 -1.0 -1.0 0.0 0.0 -2.0 -4.0 -4.0 -3.0 -1.0 -1.0 0.0 -4.0 -3.0 -1.0 -4.0 -3.0 -4.0 -2.0 -2.0 -2.0 -3.0 -3.0 -4.0 -1.0 0.0 0.0 -3.0 -3.0 -2.0 -3.0 0.0 223.0 -3.0 -2.0 
0.0 -3.0 -2.0 -4.0 0.0 -2.0 -4.0 -1.0 -3.0 -1.0 -1.0 0.0 0.0 -3.0 0.0 0.0 -2.0 -1.0 -1.0 -2.0 -1.0 -4.0 0.0 -3.0 -4.0 -2.0 -1.0 -3.0 -3.0 -1.0 -4.0 -3.0 0.0 -2.0 -1.0 -4.0 -2.0 -4.0 -3.0 -4.0 -2.0 -2.0 -3.0 -4.0 -3.0 -3.0 -3.0 -1.0 0.0 -4.0 -2.0 0.0 -2.0 -3.0 -1.0 -3.0 -3.0 -4.0 -2.0 -2.0 0.0 0.0 -3.0 -1.0 -1.0 -4.0 -2.0 -1.0 -3.0 -1.0 0.0 -1.0 -3.0 -2.0 -3.0 -4.0 0.0 -1.0 -2.0 0.0 -4.0 -4.0 -4.0 0.0 -2.0 -2.0 -1.0 -1.0 0.0 -4.0 -4.0 -1.0 0.0 -4.0 -4.0 -4.0 -2.0 -1.0 -3.0 -1.0 -2.0 -2.0 -2.0 -1.0 -2.0 -2.0 -2.0 -4.0 -2.0 -2.0 0.0 -4.0 -1.0 234.0 -4.0 
0.0 -3.0 0.0 -1.0 0.0 -1.0 0.0 0.0 -1.0 -3.0 -1.0 0.0 -3.0 -3.0 -2.0 -4.0 0.0 -1.0 -1.0 -3.0 0.0 -1.0 0.0 -2.0 0.0 0.0 -3.0 -3.0 -3.0 0.0 0.0 -3.0 -1.0 0.0 -3.0 -1.0 -4.0 -2.0 0.0 -3.0 -3.0 -1.0 -1.0 0.0 -3.0 -1.0 -4.0 -4.0 0.0 -3.0 -3.0 0.0 -4.0 -3.0 -1.0 -4.0 -2.0 -3.0 -4.0 -4.0 -2.0 -2.0 -1.0 -1.0 -1.0 -3.0 -3.0 -2.0 -1.0 0.0 -1.0 -1.0 -3.0 -3.0 -2.0 -4.0 -2.0 -1.0 -3.0 0.0 0.0 -2.0 -1.0 -4.0 -2.0 -2.0 -4.0 -4.0 -1.0 -1.0 -4.0 -3.0 0.0 0.0 0.0 -4.0 -2.0 -1.0 -4.0 -1.0 -4.0 -3.0 -2.0 0.0 -1.0 -1.0 0.0 0.0 -4.0 0.0 0.0 0.0 -3.0 0.0 198.0 

-11449.0 -12292.0 -12971.0 -13447.0 -11820.0 -11492.0 -12558.0 -11507.0 -13145.0 -11182.0 -11336.0 -10620.0 -11494.0 -8500.0 -9250.0 -10984.0 -7753.0 -8719.0 -8032.0 -8779.0 -7780.0 -7401.0 -8029.0 -7143.0 -6686.0 -6698.0 -7368.0 -6473.0 -6323.0 -7139.0 -6989.0 -5805.0 -7269.0 -5314.0 -5745.0 -4612.0 -4494.0 -3464.0 -4982.0 -4277.0 -4263.0 -3056.0 -3580.0 -4785.0 -3246.0 -3055.0 -2952.0 -2478.0 -3127.0 -1289.0 -1217.0 -1585.0 -485.0 -701.0 -318.0 -862.0 26.0 -940.0 1081.0 719.0 732.0 752.0 1547.0 1526.0 1398.0 1623.0 2205.0 2375.0 1619.0 3124.0 3930.0 3409.0 3749.0 2290.0 4312.0 4500.0 4336.0 4932.0 4806.0 5029.0 4657.0 5411.0 6860.0 5806.0 4771.0 6317.0 7224.0 7444.0 7584.0 8330.0 6448.0 8273.0 7829.0 8113.0 8484.0 9131.0 9367.0 8405.0 9032.0 9888.0 9812.0 10343.0 10570.0 13074.0 10919.0 10163.0 10374.0 10130.0 10317.0 14178.0 13627.0 12765.0 12241.0 12847.0 10940.0 