17.0 -1.0 0.0 -2.0 -4.0 0.0 -2.0 -3.0 -4.0 -2.0 -4.0 -1.0 -2.0 -3.0 -3.0 
-4.0 15.0 0.0 -3.0 -3.0 0.0 0.0 0.0 -3.0 0.0 0.0 0.0 -2.0 0.0 0.0 
-4.0 0.0 32.0 -4.0 -3.0 -3.0 -4.0 -2.0 -1.0 -2.0 0.0 -1.0 -4.0 -1.0 -3.0 
-3.0 0.0 -4.0 27.0 -2.0 0.0 -1.0 -3.0 -3.0 -3.0 -3.0 0.0 0.0 -4.0 -1.0 
-3.0 -3.0 0.0 -1.0 29.0 -1.0 -4.0 -3.0 -2.0 -2.0 -4.0 -1.0 -3.0 0.0 -2.0 
-3.0 -3.0 -1.0 -3.0 0.0 21.0 0.0 0.0 -1.0 0.0 -1.0 -3.0 -2.0 -3.0 -1.0 
-2.0 -3.0 -1.0 -2.0 -2.0 -1.0 27.0 -2.0 -4.0 -2.0 -3.0 0.0 -1.0 -1.0 -3.0 
-4.0 0.0 -4.0 0.0 -1.0 -4.0 -4.0 30.0 -1.0 0.0 -4.0 -4.0 -3.0 0.0 -1.0 
-4.0 -3.0 -1.0 -4.0 -1.0 -4.0 0.0 -1.0 32.0 -3.0 -2.0 -1.0 -4.0 -4.0 0.0 
-1.0 -1.0 0.0 -4.0 -2.0 -4.0 -4.0 -3.0 -1.0 36.0 -1.0 -4.0 -4.0 -3.0 -4.0 
-4.0 -1.0 -3.0 -4.0 -1.0 -1.0 -4.0 -2.0 -1.0 -2.0 29.0 -1.0 -3.0 0.0 -2.0 
-2.0 -4.0 -3.0 0.0 0.0 -1.0 -1.0 0.0 -2.0 -1.0 -4.0 24.0 -3.0 0.0 -3.0 
-4.0 -1.0 -4.0 -1.0 -4.0 0.0 -3.0 0.0 0.0 0.0 -2.0 -4.0 24.0 0.0 -1.0 
-4.0 -1.0 -2.0 -4.0 -2.0 -2.0 -3.0 -4.0 -3.0 -3.0 -1.0 -3.0 -4.0 40.0 -4.0 
-2.0 -2.0 -4.0 -1.0 -1.0 -4.0 -2.0 -1.0 -3.0 -2.0 -1.0 -3.0 -2.0 -4.0 32.0 

-276.0 -54.0 -153.0 -109.0 -89.0 -37.0 -23.0 12.0 50.0 33.0 123.0 100.0 164.0 241.0 231.0 