51.0 -1.0 -2.0 0.0 -4.0 -2.0 0.0 0.0 -1.0 -3.0 -1.0 0.0 -3.0 0.0 0.0 -2.0 -2.0 0.0 -1.0 -2.0 0.0 -4.0 -2.0 -4.0 -2.0 -2.0 -1.0 -4.0 0.0 -3.0 0.0 -1.0 -1.0 -1.0 -3.0 -4.0 -3.0 -4.0 -1.0 0.0 -4.0 -3.0 -2.0 -3.0 -3.0 0.0 -2.0 -2.0 -3.0 -1.0 0.0 0.0 0.0 -1.0 -4.0 -4.0 -1.0 -2.0 -4.0 -1.0 -2.0 -3.0 -3.0 0.0 -3.0 
0.0 117.0 -4.0 -3.0 -1.0 -3.0 -4.0 0.0 0.0 0.0 -2.0 0.0 0.0 0.0 -4.0 -3.0 0.0 0.0 -1.0 -3.0 -2.0 0.0 -1.0 -1.0 -2.0 -3.0 -4.0 -1.0 -2.0 -3.0 0.0 -3.0 0.0 -2.0 -4.0 -1.0 -4.0 -1.0 0.0 -1.0 0.0 -2.0 -2.0 -3.0 -3.0 -2.0 -4.0 -4.0 -1.0 -2.0 -3.0 0.0 -2.0 0.0 -3.0 -1.0 -2.0 -3.0 -1.0 -4.0 -2.0 -1.0 -2.0 -4.0 -3.0 
-3.0 0.0 146.0 -3.0 -3.0 -3.0 -1.0 0.0 0.0 -2.0 -2.0 0.0 -1.0 -1.0 -2.0 0.0 -1.0 -3.0 -3.0 -4.0 -3.0 -1.0 -4.0 0.0 -1.0 -3.0 -2.0 -4.0 0.0 0.0 -1.0 -4.0 -4.0 0.0 -4.0 -1.0 -4.0 -3.0 -4.0 -4.0 -2.0 -3.0 0.0 -2.0 -2.0 -2.0 -3.0 -4.0 -4.0 -3.0 -4.0 -4.0 -3.0 -4.0 -4.0 -3.0 -4.0 -2.0 -4.0 -2.0 0.0 -1.0 -4.0 0.0 -3.0 
0.0 -4.0 -1.0 126.0 -2.0 -1.0 -3.0 -4.0 -1.0 -3.0 0.0 0.0 -2.0 -3.0 -1.0 -1.0 -4.0 -4.0 -3.0 0.0 -4.0 -3.0 -1.0 -2.0 -3.0 -2.0 0.0 -4.0 -2.0 -1.0 -4.0 -4.0 -2.0 -3.0 -4.0 -2.0 -1.0 -4.0 -1.0 -3.0 -2.0 -1.0 0.0 0.0 0.0 -2.0 -4.0 -1.0 -1.0 -3.0 -3.0 -1.0 0.0 -1.0 -2.0 -2.0 0.0 -1.0 -3.0 -2.0 0.0 -4.0 0.0 -3.0 -3.0 
-2.0 -2.0 0.0 0.0 113.0 -3.0 -3.0 -2.0 -2.0 -2.0 -1.0 -2.0 0.0 -3.0 0.0 0.0 -2.0 -2.0 -2.0 0.0 -4.0 -1.0 -2.0 -4.0 -4.0 -1.0 -4.0 0.0 -4.0 -4.0 -1.0 0.0 -1.0 -1.0 -4.0 -1.0 0.0 -1.0 -1.0 -4.0 -2.0 -4.0 -4.0 -3.0 -2.0 -2.0 0.0 -1.0 -2.0 -1.0 0.0 -2.0 0.0 0.0 -3.0 -2.0 0.0 -1.0 -4.0 -1.0 -4.0 0.0 -1.0 -3.0 -1.0 
-1.0 -1.0 -1.0 -3.0 0.0 122.0 -1.0 -3.0 0.0 -4.0 -2.0 -1.0 -1.0 -3.0 -4.0 -1.0 -4.0 -4.0 -3.0 0.0 -2.0 -3.0 -3.0 -4.0 -4.0 -3.0 -3.0 0.0 -1.0 -3.0 -2.0 -3.0 -1.0 -4.0 -1.0 -2.0 -2.0 -2.0 0.0 -2.0 -2.0 -2.0 -1.0 0.0 -1.0 -3.0 -4.0 -4.0 0.0 0.0 0.0 -4.0 -1.0 -1.0 -1.0 -4.0 -2.0 -1.0 -2.0 -1.0 0.0 -4.0 0.0 0.0 -2.0 
-3.0 -4.0 -4.0 0.0 0.0 -1.0 135.0 -2.0 -3.0 -2.0 -1.0 -4.0 -1.0 -1.0 -1.0 -2.0 -4.0 0.0 0.0 -3.0 -3.0 -4.0 -4.0 -4.0 -3.0 -2.0 -4.0 -3.0 -1.0 -3.0 0.0 -2.0 0.0 -2.0 -1.0 -1.0 -2.0 -1.0 -4.0 0.0 -3.0 -3.0 0.0 -4.0 -1.0 0.0 -4.0 -4.0 -2.0 -4.0 -3.0 -2.0 -2.0 -1.0 -3.0 0.0 0.0 0.0 -4.0 -4.0 -4.0 -1.0 -3.0 -1.0 -2.0 
-4.0 -2.0 -3.0 -2.0 -4.0 -2.0 0.0 131.0 -3.0 -3.0 0.0 -3.0 -2.0 -2.0 -3.0 -2.0 -4.0 -4.0 -2.0 -1.0 -3.0 -3.0 0.0 0.0 0.0 -3.0 -2.0 0.0 0.0 -1.0 -3.0 -2.0 -3.0 -4.0 0.0 -1.0 -1.0 -2.0 -4.0 -2.0 0.0 0.0 -3.0 -3.0 0.0 -2.0 -4.0 -3.0 -2.0 -4.0 -2.0 -1.0 -2.0 -3.0 -4.0 -1.0 0.0 0.0 -2.0 -2.0 -4.0 -4.0 0.0 -4.0 -1.0 
0.0 -4.0 -1.0 -2.0 -3.0 -3.0 -4.0 -4.0 146.0 -2.0 -4.0 -1.0 -4.0 -1.0 -2.0 -3.0 -3.0 -2.0 -3.0 -4.0 -4.0 -1.0 -2.0 -1.0 -4.0 -4.0 -4.0 0.0 -3.0 -1.0 -4.0 -3.0 0.0 0.0 0.0 -4.0 -1.0 -3.0 -2.0 -1.0 -1.0 -4.0 -1.0 -1.0 -4.0 -3.0 -2.0 -3.0 -4.0 -2.0 -2.0 -1.0 0.0 0.0 0.0 -3.0 0.0 -4.0 -2.0 -3.0 -4.0 -1.0 -4.0 -1.0 -4.0 
-2.0 -1.0 -2.0 -1.0 0.0 -3.0 -2.0 -1.0 -3.0 139.0 -3.0 0.0 -4.0 -2.0 -4.0 -2.0 -3.0 0.0 -4.0 -1.0 -4.0 -3.0 -2.0 -2.0 -1.0 0.0 0.0 -3.0 -4.0 -2.0 -4.0 -3.0 -3.0 -1.0 -3.0 -3.0 -2.0 -1.0 -4.0 -1.0 -2.0 -1.0 0.0 -2.0 -1.0 -4.0 -4.0 0.0 -4.0 -4.0 0.0 -2.0 -3.0 0.0 -1.0 -4.0 -4.0 -1.0 -3.0 -3.0 -1.0 -3.0 -4.0 -2.0 -2.0 
-3.0 -2.0 -4.0 -2.0 -1.0 -1.0 0.0 -2.0 -1.0 -3.0 126.0 -2.0 -1.0 -2.0 0.0 -3.0 0.0 0.0 0.0 0.0 -3.0 -1.0 -4.0 -1.0 -1.0 -4.0 0.0 -3.0 -3.0 -4.0 -1.0 -4.0 0.0 -3.0 -2.0 -3.0 -3.0 -4.0 -1.0 -2.0 0.0 -4.0 -4.0 0.0 -2.0 -1.0 -4.0 0.0 -1.0 -1.0 -4.0 -4.0 0.0 -3.0 -3.0 -1.0 -3.0 -3.0 -2.0 -1.0 -1.0 -3.0 -1.0 -2.0 -4.0 
0.0 -2.0 -1.0 -4.0 0.0 -2.0 0.0 -1.0 -4.0 -3.0 0.0 108.0 -2.0 -4.0 -2.0 -3.0 0.0 -4.0 -4.0 0.0 -4.0 0.0 -4.0 -2.0 -1.0 0.0 -2.0 0.0 0.0 0.0 -1.0 -4.0 0.0 -4.0 -1.0 -2.0 -3.0 -1.0 -4.0 -2.0 -2.0 0.0 -1.0 -3.0 -1.0 -1.0 -4.0 0.0 -4.0 -1.0 -2.0 -1.0 -3.0 -1.0 0.0 -1.0 -1.0 -1.0 -1.0 -3.0 -2.0 -1.0 -2.0 -1.0 0.0 
-1.0 -3.0 -3.0 -2.0 -2.0 -4.0 -3.0 -2.0 0.0 -2.0 -2.0 -1.0 161.0 -1.0 -4.0 0.0 -4.0 0.0 -4.0 0.0 -4.0 -3.0 -2.0 0.0 -1.0 0.0 -3.0 -4.0 -4.0 -4.0 -4.0 -1.0 -1.0 -1.0 0.0 -3.0 -3.0 -4.0 -3.0 -2.0 0.0 -4.0 -4.0 -2.0 -3.0 -2.0 -4.0 -3.0 -4.0 -3.0 -2.0 -3.0 -3.0 -2.0 -4.0 -4.0 -1.0 -4.0 -4.0 -2.0 -4.0 -3.0 -4.0 -4.0 -3.0 
0.0 -3.0 -1.0 -3.0 -3.0 -4.0 -3.0 -2.0 -1.0 -1.0 0.0 -1.0 -2.0 135.0 -3.0 -3.0 -2.0 -1.0 0.0 -3.0 -2.0 -4.0 -2.0 -3.0 -4.0 -4.0 -1.0 -4.0 -4.0 -1.0 -3.0 0.0 -4.0 -4.0 -2.0 0.0 -1.0 -3.0 0.0 -2.0 -1.0 -2.0 -4.0 -3.0 -1.0 -1.0 -1.0 -1.0 -3.0 0.0 -2.0 -1.0 0.0 -3.0 -4.0 -1.0 -4.0 -2.0 -4.0 -3.0 0.0 -4.0 -2.0 -2.0 -2.0 
-4.0 -1.0 -2.0 -1.0 -2.0 -3.0 -1.0 -3.0 -1.0 -4.0 0.0 -2.0 -2.0 -1.0 118.0 -1.0 -2.0 -4.0 -1.0 -4.0 -1.0 0.0 0.0 -1.0 -1.0 -1.0 -2.0 -2.0 -4.0 -1.0 -2.0 -1.0 0.0 -2.0 -4.0 -2.0 -1.0 -1.0 -4.0 -1.0 0.0 -2.0 0.0 -3.0 -2.0 0.0 -1.0 -4.0 -1.0 -1.0 -2.0 -3.0 -3.0 -3.0 -4.0 -3.0 -3.0 -2.0 -3.0 -1.0 -1.0 -1.0 0.0 -1.0 -4.0 
-4.0 -4.0 -1.0 -4.0 0.0 -4.0 -3.0 -3.0 -2.0 -4.0 -1.0 -2.0 -4.0 -4.0 -2.0 141.0 -4.0 -2.0 0.0 -3.0 -3.0 -1.0 -1.0 -4.0 -3.0 0.0 -1.0 -1.0 -2.0 -4.0 -4.0 -1.0 0.0 0.0 -1.0 -2.0 0.0 -4.0 0.0 -2.0 -4.0 -2.0 -3.0 -2.0 -3.0 -1.0 -3.0 0.0 0.0 -3.0 -4.0 -2.0 -2.0 -4.0 -3.0 0.0 -4.0 -3.0 -1.0 -3.0 -1.0 -1.0 -1.0 -4.0 -2.0 
0.0 -3.0 -1.0 -3.0 -1.0 -1.0 0.0 -4.0 -2.0 -4.0 -1.0 -4.0 -3.0 -1.0 -2.0 -4.0 128.0 -3.0 -2.0 -3.0 -1.0 0.0 -1.0 -3.0 0.0 -2.0 -2.0 -1.0 -1.0 -4.0 -1.0 -2.0 -2.0 -2.0 -4.0 0.0 0.0 -3.0 -3.0 -4.0 0.0 -3.0 -4.0 -2.0 -4.0 -2.0 -1.0 -2.0 -4.0 -4.0 -1.0 -1.0 0.0 -2.0 -1.0 -4.0 0.0 -3.0 -1.0 0.0 -4.0 0.0 -1.0 -4.0 -2.0 
-2.0 -1.0 0.0 -3.0 -2.0 0.0 0.0 0.0 -3.0 -3.0 -3.0 -4.0 -3.0 -2.0 -3.0 0.0 -1.0 115.0 -2.0 0.0 -3.0 -4.0 -1.0 -1.0 0.0 -3.0 -1.0 -2.0 -4.0 -2.0 0.0 -2.0 -2.0 -2.0 0.0 0.0 -1.0 -2.0 -2.0 -3.0 -2.0 -3.0 -2.0 -1.0 -4.0 -1.0 -1.0 -1.0 -4.0 -1.0 -2.0 0.0 -3.0 -2.0 0.0 -4.0 -1.0 -1.0 -4.0 -2.0 -1.0 -4.0 -4.0 0.0 0.0 
-3.0 -3.0 -2.0 -4.0 -3.0 0.0 -3.0 0.0 0.0 -2.0 -2.0 -4.0 0.0 -1.0 -1.0 -2.0 -2.0 -1.0 141.0 -4.0 -2.0 0.0 -3.0 -3.0 -3.0 -1.0 -3.0 0.0 -2.0 -2.0 -1.0 -3.0 -1.0 -4.0 -1.0 -3.0 -3.0 -1.0 -3.0 -4.0 -2.0 -2.0 -1.0 -3.0 0.0 -4.0 -3.0 -2.0 -3.0 -3.0 -1.0 -3.0 -3.0 -1.0 -3.0 0.0 -4.0 -3.0 -3.0 -4.0 -4.0 -4.0 -1.0 -3.0 -1.0 
-2.0 -4.0 -3.0 -2.0 -1.0 -3.0 -3.0 0.0 -2.0 -3.0 -2.0 -3.0 -2.0 -4.0 0.0 -4.0 0.0 0.0 0.0 132.0 -3.0 -2.0 -4.0 -4.0 0.0 -3.0 -1.0 -3.0 -3.0 -3.0 0.0 -1.0 0.0 -2.0 -2.0 -1.0 -4.0 -3.0 -2.0 -2.0 -1.0 -3.0 -1.0 -4.0 -1.0 0.0 -1.0 -3.0 -1.0 -1.0 -4.0 -3.0 -2.0 0.0 -2.0 -3.0 -2.0 -1.0 -3.0 -1.0 -3.0 -2.0 -3.0 -2.0 -4.0 
-3.0 -1.0 -3.0 -4.0 -2.0 0.0 -1.0 0.0 -1.0 -2.0 0.0 -3.0 -4.0 -1.0 -3.0 -1.0 -3.0 -2.0 0.0 0.0 109.0 -1.0 -2.0 -4.0 -3.0 0.0 -1.0 -3.0 -1.0 -1.0 -2.0 -3.0 0.0 -1.0 -3.0 -1.0 -1.0 -2.0 -1.0 -1.0 -3.0 -4.0 -3.0 -1.0 -1.0 -1.0 0.0 -4.0 0.0 0.0 0.0 -2.0 -2.0 -1.0 -4.0 -2.0 -2.0 0.0 -4.0 -3.0 -4.0 0.0 0.0 0.0 -3.0 
-2.0 0.0 -1.0 -3.0 -1.0 -1.0 -1.0 0.0 -4.0 0.0 0.0 -1.0 -1.0 -1.0 -3.0 0.0 -3.0 -3.0 -3.0 -3.0 -3.0 114.0 -2.0 -2.0 -4.0 -3.0 -1.0 -2.0 -2.0 -3.0 -4.0 -2.0 0.0 -1.0 -4.0 -2.0 -4.0 -4.0 -4.0 0.0 0.0 -1.0 -1.0 0.0 0.0 0.0 -2.0 -2.0 0.0 -4.0 -1.0 -3.0 0.0 -3.0 -3.0 0.0 -2.0 -4.0 -4.0 0.0 -2.0 -1.0 -2.0 -1.0 0.0 
-3.0 -1.0 -2.0 -2.0 -2.0 -3.0 -3.0 -2.0 -3.0 0.0 -1.0 0.0 -4.0 0.0 -3.0 -2.0 -1.0 -3.0 -3.0 -1.0 -4.0 -4.0 125.0 -1.0 0.0 -1.0 -4.0 -2.0 0.0 0.0 -4.0 -3.0 -4.0 -3.0 -3.0 -4.0 0.0 0.0 -4.0 -2.0 -4.0 0.0 0.0 -4.0 0.0 -2.0 0.0 -4.0 -3.0 -2.0 -3.0 0.0 0.0 -1.0 -1.0 -2.0 -1.0 -4.0 -4.0 0.0 -3.0 -2.0 -1.0 0.0 -2.0 
-1.0 -1.0 -2.0 -3.0 -3.0 -2.0 -4.0 -4.0 -3.0 -3.0 -4.0 -2.0 -4.0 -4.0 -3.0 -3.0 0.0 -4.0 0.0 0.0 -4.0 -4.0 0.0 143.0 -1.0 -1.0 0.0 -1.0 0.0 0.0 -3.0 -2.0 -3.0 -2.0 -2.0 -1.0 -1.0 -1.0 -1.0 -3.0 -4.0 -4.0 -2.0 -4.0 -3.0 -4.0 -4.0 -2.0 -4.0 -3.0 -3.0 -3.0 0.0 0.0 -2.0 -3.0 0.0 -1.0 0.0 -4.0 -4.0 -3.0 -1.0 -2.0 -3.0 
-3.0 -3.0 -2.0 -3.0 0.0 -4.0 -1.0 -2.0 -2.0 0.0 -2.0 -3.0 -1.0 0.0 -2.0 -2.0 -1.0 -1.0 -4.0 -4.0 0.0 -1.0 0.0 -4.0 152.0 -3.0 -1.0 -3.0 -3.0 -3.0 -4.0 -2.0 -2.0 -2.0 -4.0 -2.0 -3.0 -4.0 -3.0 -4.0 0.0 -4.0 0.0 -4.0 -4.0 -2.0 -4.0 -4.0 -1.0 -3.0 -3.0 -4.0 -1.0 -2.0 -3.0 0.0 -4.0 -3.0 -3.0 -4.0 -2.0 0.0 -1.0 -4.0 -4.0 
-2.0 -4.0 -2.0 -1.0 -3.0 -1.0 -2.0 -2.0 -3.0 -3.0 -2.0 -3.0 0.0 -4.0 -2.0 -2.0 -2.0 -3.0 -1.0 -4.0 -3.0 -1.0 -1.0 0.0 -3.0 139.0 -4.0 -4.0 -1.0 -2.0 -3.0 -2.0 -1.0 -1.0 0.0 -1.0 -4.0 -3.0 -4.0 0.0 0.0 -4.0 0.0 -3.0 -1.0 -3.0 -4.0 0.0 -3.0 0.0 -2.0 -2.0 -2.0 -3.0 -3.0 -1.0 -1.0 -4.0 -4.0 0.0 -4.0 0.0 -4.0 -3.0 -4.0 
-2.0 -4.0 0.0 -1.0 -4.0 -4.0 0.0 -4.0 0.0 -4.0 0.0 0.0 -4.0 -4.0 -3.0 -3.0 0.0 0.0 0.0 0.0 -2.0 -2.0 -1.0 -3.0 0.0 0.0 116.0 -2.0 -1.0 -1.0 0.0 0.0 -1.0 0.0 -2.0 -4.0 -1.0 -3.0 -2.0 -1.0 -4.0 -3.0 -3.0 0.0 -1.0 -3.0 -3.0 -1.0 -3.0 -3.0 0.0 -3.0 -3.0 -1.0 -3.0 -2.0 -3.0 -3.0 -1.0 -2.0 -2.0 -4.0 0.0 0.0 -2.0 
-4.0 -3.0 0.0 -2.0 -4.0 -4.0 -2.0 -1.0 -3.0 -2.0 0.0 -1.0 0.0 -1.0 0.0 -2.0 -2.0 -1.0 -1.0 -1.0 -1.0 -1.0 -3.0 -4.0 -4.0 -3.0 -4.0 131.0 -2.0 -1.0 -3.0 -3.0 -3.0 -2.0 -3.0 -2.0 -3.0 0.0 -3.0 -4.0 -1.0 -3.0 0.0 0.0 0.0 -3.0 -4.0 0.0 0.0 -3.0 -3.0 -4.0 -4.0 -2.0 -3.0 0.0 0.0 -2.0 -4.0 -2.0 -1.0 -3.0 -1.0 -3.0 -2.0 
-4.0 -4.0 -1.0 -1.0 -2.0 -1.0 -3.0 -4.0 -4.0 -1.0 -1.0 -3.0 -1.0 0.0 0.0 0.0 -2.0 -1.0 -2.0 0.0 -2.0 -2.0 0.0 -2.0 -1.0 0.0 -1.0 -3.0 110.0 -4.0 -1.0 -1.0 -1.0 0.0 -4.0 -3.0 0.0 0.0 -2.0 0.0 0.0 -2.0 -4.0 -3.0 -1.0 -1.0 -1.0 -3.0 -2.0 -2.0 -2.0 -3.0 -3.0 -1.0 -3.0 0.0 -4.0 -2.0 -1.0 -2.0 -2.0 -2.0 -1.0 -1.0 -2.0 
-2.0 0.0 -1.0 -3.0 -4.0 -2.0 -4.0 -1.0 -3.0 0.0 -1.0 -1.0 -4.0 -2.0 -3.0 -2.0 -1.0 -1.0 0.0 -3.0 -3.0 -4.0 -4.0 0.0 -4.0 -2.0 -2.0 -3.0 0.0 123.0 -4.0 -1.0 -2.0 -4.0 -1.0 -1.0 -3.0 -1.0 -4.0 -3.0 0.0 -1.0 -4.0 0.0 0.0 -1.0 -1.0 -2.0 -2.0 0.0 -2.0 -1.0 -3.0 -4.0 -2.0 -2.0 -3.0 -1.0 0.0 -2.0 -4.0 -2.0 -1.0 -1.0 0.0 
-3.0 -1.0 -1.0 -3.0 -2.0 -2.0 -1.0 0.0 -2.0 -4.0 -1.0 -2.0 -1.0 -3.0 -2.0 -2.0 -3.0 -1.0 -3.0 -2.0 0.0 -1.0 -2.0 -1.0 -2.0 -4.0 -4.0 -2.0 -2.0 -2.0 135.0 0.0 -1.0 -4.0 0.0 -4.0 -3.0 -1.0 -1.0 0.0 -3.0 -3.0 -1.0 -4.0 -3.0 -3.0 -3.0 0.0 -1.0 -4.0 0.0 -4.0 -4.0 -3.0 -1.0 -2.0 -4.0 -1.0 0.0 -4.0 0.0 -4.0 -3.0 -3.0 -4.0 
-3.0 -4.0 -1.0 -4.0 0.0 -1.0 0.0 -2.0 -2.0 -4.0 -2.0 0.0 -3.0 0.0 0.0 -3.0 -3.0 -4.0 -2.0 -2.0 -4.0 -3.0 0.0 -4.0 -1.0 -3.0 -1.0 -1.0 -3.0 -4.0 -4.0 127.0 -2.0 0.0 -1.0 -1.0 -2.0 -1.0 -1.0 -4.0 -2.0 0.0 0.0 -1.0 -3.0 -3.0 0.0 -2.0 -4.0 0.0 0.0 -3.0 0.0 -3.0 -2.0 -2.0 -1.0 -3.0 -1.0 -2.0 -4.0 -4.0 -3.0 -4.0 0.0 
-1.0 -1.0 -4.0 -3.0 -2.0 -4.0 -2.0 -2.0 -4.0 0.0 -1.0 0.0 -2.0 -4.0 -2.0 -4.0 -3.0 -4.0 -1.0 0.0 -2.0 -1.0 -1.0 -4.0 -3.0 -2.0 -3.0 0.0 0.0 -2.0 -3.0 -2.0 129.0 -2.0 0.0 -4.0 -4.0 -3.0 0.0 -3.0 -1.0 -3.0 0.0 -1.0 -1.0 -2.0 -1.0 0.0 0.0 -1.0 0.0 -4.0 -3.0 -3.0 0.0 -1.0 -4.0 -4.0 0.0 -4.0 -2.0 -4.0 -3.0 0.0 -4.0 
-1.0 -1.0 0.0 -1.0 -2.0 0.0 -1.0 -2.0 -3.0 -3.0 -4.0 -1.0 -2.0 -1.0 -3.0 0.0 -2.0 -3.0 -4.0 -1.0 -4.0 -4.0 -1.0 -1.0 -2.0 -2.0 -2.0 0.0 -3.0 -1.0 -1.0 0.0 0.0 111.0 0.0 -4.0 -1.0 -4.0 -2.0 -2.0 -4.0 0.0 0.0 -1.0 -2.0 0.0 -1.0 -3.0 -1.0 0.0 -2.0 -4.0 -4.0 0.0 -2.0 -4.0 -1.0 -4.0 -2.0 -1.0 -1.0 -4.0 0.0 0.0 -1.0 
0.0 -4.0 -4.0 -1.0 -3.0 -2.0 -2.0 0.0 -3.0 -1.0 -4.0 -1.0 0.0 -1.0 0.0 -4.0 -1.0 -2.0 0.0 -4.0 -3.0 0.0 -4.0 -4.0 -1.0 -2.0 -3.0 -4.0 -4.0 -1.0 -4.0 0.0 -3.0 -1.0 129.0 -1.0 0.0 0.0 -4.0 -2.0 -1.0 0.0 0.0 -2.0 -3.0 -3.0 -3.0 0.0 -4.0 -3.0 -2.0 -2.0 -1.0 -2.0 -1.0 -1.0 -3.0 -3.0 -4.0 -2.0 0.0 -4.0 -1.0 -4.0 -2.0 
-2.0 0.0 -1.0 -2.0 0.0 0.0 -1.0 -1.0 -1.0 -3.0 -4.0 -1.0 -3.0 -3.0 -2.0 -3.0 -3.0 -1.0 -2.0 -1.0 -2.0 -1.0 0.0 -3.0 -4.0 -4.0 -2.0 -3.0 -1.0 -4.0 -1.0 -1.0 -4.0 -1.0 -2.0 120.0 -3.0 0.0 -4.0 -4.0 0.0 -1.0 -1.0 -2.0 -4.0 -4.0 -1.0 0.0 -3.0 -1.0 0.0 0.0 0.0 0.0 -3.0 -2.0 0.0 -3.0 0.0 -2.0 -4.0 -2.0 -2.0 -3.0 -4.0 
0.0 -2.0 -3.0 0.0 -1.0 -4.0 -2.0 0.0 -2.0 -3.0 -4.0 0.0 -3.0 0.0 0.0 -4.0 -2.0 -4.0 -4.0 -3.0 0.0 -1.0 -1.0 -3.0 -2.0 0.0 -4.0 -4.0 -4.0 -4.0 -4.0 -3.0 -1.0 -3.0 -2.0 -2.0 138.0 -2.0 -2.0 -4.0 0.0 0.0 0.0 -4.0 -3.0 -4.0 0.0 -4.0 -2.0 -4.0 -4.0 -2.0 -1.0 -2.0 -2.0 -1.0 -2.0 -2.0 -3.0 -3.0 -1.0 -4.0 -1.0 0.0 -2.0 
-3.0 -2.0 -1.0 -2.0 0.0 -4.0 -2.0 -2.0 -1.0 -3.0 -1.0 -1.0 -2.0 0.0 -3.0 -3.0 0.0 -1.0 -2.0 0.0 0.0 -4.0 -4.0 -1.0 0.0 -1.0 -2.0 -4.0 -3.0 -3.0 -1.0 -3.0 -2.0 -3.0 -2.0 -2.0 -3.0 123.0 -2.0 -2.0 -4.0 -2.0 0.0 -3.0 -2.0 -1.0 -4.0 0.0 -1.0 0.0 -3.0 -4.0 -3.0 -3.0 -1.0 -2.0 -1.0 -1.0 -1.0 -2.0 -3.0 -3.0 0.0 -4.0 0.0 
-2.0 -4.0 -4.0 -4.0 0.0 -4.0 -4.0 -1.0 -4.0 -3.0 -4.0 0.0 -1.0 0.0 -2.0 -1.0 -1.0 0.0 0.0 0.0 0.0 -1.0 -2.0 -3.0 -1.0 0.0 -4.0 -1.0 -2.0 -2.0 -4.0 -3.0 -1.0 -3.0 -4.0 -1.0 -3.0 0.0 119.0 -4.0 -3.0 0.0 0.0 -2.0 0.0 -3.0 -2.0 -1.0 -1.0 -4.0 -1.0 -3.0 -4.0 -3.0 0.0 -2.0 -2.0 -2.0 0.0 -4.0 0.0 0.0 0.0 -2.0 -2.0 
-4.0 -3.0 0.0 -1.0 0.0 0.0 -3.0 -2.0 -4.0 -2.0 -3.0 0.0 -3.0 0.0 -2.0 0.0 0.0 0.0 0.0 0.0 -2.0 -4.0 -3.0 0.0 0.0 -1.0 -4.0 -1.0 -2.0 0.0 0.0 -2.0 -1.0 -3.0 -4.0 -3.0 -3.0 -2.0 -2.0 113.0 -1.0 -3.0 -1.0 -4.0 -2.0 0.0 -2.0 -4.0 -1.0 -3.0 -1.0 -2.0 0.0 -4.0 -4.0 0.0 -1.0 -1.0 -3.0 -2.0 -2.0 -1.0 -3.0 -3.0 -1.0 
0.0 0.0 -1.0 -1.0 -3.0 -3.0 -3.0 -4.0 -3.0 -2.0 -4.0 0.0 0.0 -3.0 -2.0 -3.0 -2.0 -4.0 -2.0 -1.0 -4.0 -1.0 -4.0 0.0 -2.0 -1.0 -1.0 -3.0 -3.0 -3.0 -3.0 -4.0 -4.0 -3.0 -4.0 -2.0 -1.0 -2.0 -3.0 -4.0 145.0 -4.0 -1.0 -3.0 0.0 -4.0 -4.0 -2.0 -2.0 -2.0 -4.0 0.0 -4.0 -1.0 -3.0 -3.0 0.0 -3.0 -1.0 -4.0 -1.0 0.0 -1.0 -3.0 -2.0 
-4.0 -1.0 -2.0 -3.0 -1.0 0.0 -1.0 -3.0 -2.0 -3.0 0.0 -4.0 -1.0 -1.0 -4.0 -4.0 0.0 -3.0 -2.0 -4.0 -4.0 -3.0 -1.0 -1.0 -2.0 -4.0 -2.0 -2.0 0.0 -2.0 -2.0 -2.0 -1.0 -4.0 0.0 -4.0 0.0 -4.0 0.0 -2.0 0.0 125.0 -3.0 -2.0 -3.0 0.0 -1.0 -4.0 0.0 0.0 0.0 -4.0 -3.0 -2.0 -4.0 -2.0 0.0 0.0 -3.0 -3.0 -2.0 -1.0 -3.0 0.0 -2.0 
-3.0 -1.0 -3.0 -3.0 -1.0 0.0 -2.0 -2.0 -2.0 -4.0 -1.0 -1.0 -1.0 -4.0 0.0 -3.0 0.0 -2.0 -2.0 0.0 -4.0 -1.0 -4.0 0.0 -2.0 0.0 -4.0 -2.0 -2.0 -4.0 -2.0 0.0 -2.0 -3.0 -4.0 -2.0 0.0 0.0 -4.0 -2.0 -3.0 -4.0 137.0 -2.0 -2.0 -4.0 0.0 -2.0 -2.0 -4.0 -4.0 -2.0 -3.0 -2.0 -4.0 -2.0 -2.0 -2.0 -3.0 0.0 -3.0 -2.0 -3.0 -1.0 -4.0 
-2.0 -1.0 -3.0 -4.0 -1.0 0.0 -2.0 -2.0 -3.0 -1.0 -2.0 -2.0 0.0 -3.0 -2.0 -2.0 -1.0 0.0 -2.0 0.0 -4.0 -4.0 -1.0 -2.0 -2.0 -3.0 -3.0 -1.0 -3.0 -1.0 0.0 -2.0 -1.0 -2.0 0.0 -3.0 -4.0 -1.0 -4.0 -2.0 0.0 0.0 -4.0 111.0 0.0 0.0 0.0 -3.0 0.0 0.0 0.0 -1.0 -3.0 -1.0 -1.0 0.0 -1.0 -2.0 -2.0 -4.0 -3.0 -1.0 -4.0 -4.0 -1.0 
-3.0 -1.0 -3.0 -3.0 -1.0 -1.0 -3.0 -4.0 0.0 0.0 0.0 -2.0 -4.0 -4.0 -1.0 -3.0 -4.0 -4.0 -3.0 0.0 -3.0 -2.0 -1.0 0.0 0.0 -1.0 -2.0 -2.0 -1.0 -2.0 -2.0 -2.0 0.0 -4.0 -3.0 0.0 -1.0 -3.0 -2.0 -2.0 -1.0 -2.0 -3.0 0.0 117.0 -2.0 -2.0 -3.0 -4.0 -4.0 -1.0 0.0 -1.0 0.0 -4.0 0.0 -1.0 -4.0 0.0 -2.0 -1.0 -2.0 -2.0 -1.0 0.0 
-3.0 -1.0 0.0 0.0 -4.0 -2.0 -4.0 -3.0 0.0 -2.0 -1.0 -3.0 -3.0 -1.0 0.0 -4.0 -3.0 -3.0 -1.0 0.0 -1.0 -1.0 -3.0 -3.0 -2.0 -1.0 -2.0 0.0 -4.0 -3.0 -3.0 -3.0 -2.0 -2.0 -3.0 0.0 -3.0 0.0 -3.0 -1.0 -1.0 -1.0 -3.0 -4.0 -1.0 129.0 -4.0 -4.0 -1.0 -3.0 -1.0 -3.0 -4.0 -2.0 -2.0 -3.0 -4.0 -4.0 0.0 0.0 -2.0 -1.0 -1.0 -1.0 -1.0 
-3.0 -2.0 -3.0 -2.0 -1.0 -3.0 -4.0 -2.0 -1.0 -4.0 -2.0 -4.0 -2.0 0.0 -3.0 -1.0 -4.0 -2.0 -4.0 -2.0 -1.0 -3.0 0.0 -1.0 0.0 -1.0 0.0 -1.0 -3.0 -4.0 -3.0 0.0 0.0 0.0 -3.0 -2.0 0.0 -1.0 -3.0 -4.0 -4.0 -2.0 -3.0 -3.0 -1.0 -2.0 128.0 -1.0 -1.0 0.0 -2.0 -4.0 -2.0 -2.0 -2.0 -3.0 -3.0 -2.0 -1.0 -3.0 -1.0 -2.0 0.0 -3.0 -2.0 
-2.0 -1.0 -1.0 -1.0 0.0 -2.0 -2.0 -3.0 -3.0 0.0 -3.0 -3.0 -3.0 -4.0 -2.0 -2.0 -3.0 -4.0 -1.0 -1.0 -1.0 -4.0 -3.0 -3.0 0.0 -4.0 -3.0 -4.0 0.0 -2.0 -1.0 0.0 -2.0 -4.0 -1.0 -2.0 -4.0 -2.0 0.0 -3.0 -4.0 0.0 -3.0 -2.0 -4.0 -1.0 -4.0 143.0 -4.0 -2.0 -3.0 -2.0 -4.0 -2.0 -4.0 -4.0 -3.0 -1.0 -1.0 0.0 -1.0 -3.0 -2.0 -2.0 -3.0 
0.0 0.0 -4.0 0.0 -4.0 -3.0 -3.0 -3.0 0.0 0.0 -3.0 -1.0 -4.0 0.0 0.0 -1.0 -2.0 -2.0 0.0 -1.0 -4.0 -3.0 -1.0 -3.0 -3.0 -4.0 -4.0 0.0 -1.0 -3.0 -2.0 -2.0 -2.0 -1.0 -3.0 -4.0 -4.0 0.0 -3.0 0.0 -4.0 0.0 -3.0 -1.0 -4.0 -1.0 0.0 -1.0 123.0 -1.0 -1.0 0.0 -1.0 -2.0 -4.0 -3.0 -4.0 -1.0 0.0 -3.0 -2.0 -4.0 -1.0 -1.0 -3.0 
-2.0 -4.0 -2.0 -4.0 -1.0 -3.0 -3.0 0.0 -2.0 0.0 -1.0 -2.0 -4.0 -3.0 0.0 -2.0 -1.0 -2.0 -4.0 -3.0 -3.0 0.0 -2.0 -2.0 -1.0 -2.0 -1.0 0.0 -3.0 0.0 -2.0 -4.0 0.0 -3.0 -2.0 -3.0 -4.0 -3.0 -1.0 -3.0 -4.0 -2.0 -3.0 -1.0 -4.0 -3.0 0.0 -4.0 0.0 125.0 -1.0 -3.0 0.0 0.0 0.0 -1.0 0.0 -4.0 -4.0 -1.0 0.0 -1.0 -3.0 -3.0 -1.0 
-3.0 -3.0 -2.0 -3.0 -2.0 -2.0 -4.0 -3.0 -4.0 -2.0 0.0 0.0 0.0 -4.0 -1.0 0.0 -3.0 0.0 -3.0 -1.0 -3.0 -1.0 -1.0 0.0 -1.0 -2.0 0.0 -2.0 0.0 -2.0 0.0 -3.0 -1.0 -4.0 0.0 -4.0 -1.0 0.0 0.0 0.0 0.0 -1.0 -2.0 0.0 -2.0 0.0 -3.0 -4.0 -3.0 -4.0 116.0 -3.0 -3.0 -3.0 -3.0 -1.0 -1.0 -4.0 -2.0 -4.0 -2.0 -3.0 0.0 -1.0 -2.0 
-3.0 -4.0 0.0 -4.0 -1.0 -4.0 0.0 -4.0 -2.0 -1.0 -4.0 -3.0 -4.0 -4.0 -2.0 -1.0 0.0 -2.0 -1.0 -3.0 -3.0 -3.0 -4.0 -4.0 -1.0 -1.0 -2.0 -1.0 -3.0 -3.0 0.0 -3.0 0.0 0.0 0.0 -1.0 -1.0 -3.0 -3.0 0.0 -3.0 -3.0 -2.0 -3.0 -2.0 -3.0 0.0 -3.0 0.0 -4.0 0.0 133.0 -3.0 0.0 0.0 -1.0 -4.0 -4.0 -4.0 -1.0 -3.0 -3.0 -2.0 -2.0 0.0 
-2.0 -4.0 -3.0 -1.0 -2.0 -3.0 0.0 0.0 -4.0 -4.0 -2.0 -4.0 -4.0 -3.0 -3.0 -1.0 -1.0 -4.0 -3.0 -2.0 0.0 -4.0 -3.0 -2.0 -4.0 -1.0 -4.0 0.0 -4.0 -3.0 -2.0 0.0 -3.0 -2.0 0.0 -3.0 0.0 -2.0 -2.0 -3.0 -1.0 -4.0 -1.0 0.0 -1.0 -2.0 -1.0 -4.0 -4.0 -2.0 0.0 0.0 134.0 -3.0 -4.0 -2.0 -3.0 -1.0 0.0 -2.0 -3.0 -1.0 -3.0 0.0 0.0 
-2.0 -2.0 -3.0 0.0 -4.0 -3.0 -2.0 -3.0 -1.0 -2.0 -1.0 0.0 -4.0 -2.0 -3.0 -3.0 -1.0 0.0 -3.0 -3.0 -2.0 -3.0 -2.0 -1.0 -3.0 0.0 -3.0 -2.0 0.0 -1.0 0.0 -4.0 -1.0 -1.0 -3.0 0.0 -2.0 0.0 -1.0 -4.0 -1.0 0.0 -1.0 -3.0 0.0 -2.0 0.0 -2.0 -2.0 -2.0 -2.0 -2.0 -2.0 116.0 -2.0 -3.0 -1.0 -3.0 -4.0 -1.0 -3.0 0.0 -3.0 -1.0 -1.0 
-3.0 0.0 0.0 -2.0 0.0 0.0 -3.0 -3.0 -4.0 -2.0 -2.0 -2.0 -2.0 -2.0 -1.0 -4.0 -4.0 -1.0 -4.0 -1.0 -2.0 0.0 0.0 0.0 -1.0 -3.0 -3.0 -2.0 -1.0 -1.0 -4.0 -3.0 -1.0 -1.0 0.0 -3.0 0.0 -1.0 -4.0 -2.0 -3.0 -2.0 -4.0 0.0 -2.0 -2.0 -2.0 -2.0 -1.0 -4.0 -2.0 -2.0 -4.0 -2.0 124.0 -2.0 0.0 0.0 -3.0 0.0 -3.0 -1.0 -4.0 -4.0 -3.0 
0.0 -1.0 -3.0 -2.0 0.0 -3.0 -4.0 0.0 -1.0 -1.0 -1.0 -2.0 -3.0 -4.0 0.0 -3.0 -4.0 -2.0 -3.0 -2.0 0.0 -2.0 -1.0 -4.0 -2.0 -2.0 0.0 -4.0 -3.0 -1.0 -1.0 -2.0 -4.0 0.0 -1.0 -1.0 -4.0 -3.0 -3.0 -3.0 -4.0 -1.0 -3.0 -4.0 0.0 -2.0 -3.0 0.0 0.0 0.0 -4.0 -2.0 -2.0 -2.0 -2.0 122.0 0.0 -1.0 -2.0 -2.0 -2.0 -1.0 -3.0 -2.0 0.0 
-2.0 -1.0 -1.0 -1.0 -3.0 -1.0 -4.0 -1.0 -2.0 -1.0 -3.0 -2.0 -4.0 -3.0 0.0 -2.0 0.0 -2.0 -4.0 -4.0 -4.0 0.0 -3.0 -2.0 -3.0 -4.0 0.0 0.0 -2.0 -2.0 -3.0 0.0 -4.0 -3.0 -2.0 0.0 -1.0 -3.0 -4.0 0.0 -3.0 -3.0 -3.0 0.0 -2.0 -1.0 -3.0 -3.0 0.0 -1.0 0.0 -1.0 0.0 -4.0 -4.0 -2.0 131.0 -4.0 -4.0 0.0 -4.0 -2.0 -1.0 -1.0 -4.0 
-4.0 0.0 -1.0 -4.0 -1.0 -1.0 -3.0 0.0 -1.0 -1.0 -3.0 -4.0 0.0 -3.0 -4.0 -1.0 -1.0 -4.0 0.0 0.0 -3.0 -2.0 -3.0 0.0 -1.0 -2.0 0.0 -2.0 0.0 -1.0 -2.0 -1.0 -2.0 -1.0 0.0 -4.0 0.0 -1.0 0.0 -2.0 -2.0 -4.0 -4.0 0.0 -4.0 0.0 -1.0 -4.0 -3.0 -3.0 -1.0 0.0 -4.0 0.0 -2.0 -1.0 -1.0 110.0 -4.0 0.0 -3.0 -2.0 -2.0 -1.0 -1.0 
-3.0 -1.0 -4.0 -1.0 -4.0 0.0 -2.0 0.0 -1.0 -1.0 -2.0 -2.0 -1.0 0.0 -3.0 -4.0 -4.0 -3.0 -1.0 -4.0 0.0 -1.0 -2.0 -3.0 0.0 -1.0 -4.0 -2.0 -1.0 -1.0 -1.0 -4.0 -3.0 -3.0 -1.0 -1.0 -2.0 -3.0 0.0 -1.0 -4.0 -4.0 -3.0 0.0 0.0 -1.0 0.0 0.0 -3.0 -3.0 -2.0 -1.0 -2.0 0.0 -2.0 0.0 -4.0 -1.0 115.0 -3.0 -1.0 0.0 0.0 -3.0 -3.0 
-4.0 -3.0 -2.0 -3.0 0.0 -4.0 -1.0 -4.0 -4.0 0.0 0.0 0.0 -3.0 -4.0 0.0 0.0 0.0 -3.0 -1.0 -2.0 -2.0 -2.0 -3.0 -3.0 0.0 -2.0 -1.0 -2.0 -4.0 0.0 -3.0 -1.0 -3.0 -1.0 -4.0 0.0 -2.0 -3.0 -2.0 -4.0 -4.0 -4.0 -1.0 -3.0 -4.0 -3.0 -3.0 -2.0 -2.0 -3.0 -3.0 -1.0 -1.0 -4.0 -3.0 -2.0 0.0 -1.0 -3.0 135.0 -3.0 0.0 -2.0 0.0 -3.0 
-2.0 -4.0 -1.0 -3.0 -3.0 -3.0 -1.0 -3.0 -4.0 -4.0 0.0 -4.0 0.0 -3.0 -3.0 -3.0 -2.0 0.0 -4.0 -2.0 -2.0 -3.0 -3.0 -1.0 -1.0 -2.0 -3.0 -4.0 -2.0 -1.0 -3.0 -4.0 -4.0 0.0 -3.0 -1.0 -1.0 -3.0 -3.0 -2.0 -2.0 0.0 -2.0 -3.0 -2.0 -4.0 -1.0 -3.0 -4.0 0.0 0.0 -4.0 -3.0 0.0 -2.0 -4.0 -3.0 -1.0 -1.0 -3.0 150.0 -3.0 -4.0 -3.0 -3.0 
-4.0 -3.0 -2.0 -2.0 -2.0 -4.0 -2.0 -4.0 0.0 -4.0 -1.0 -3.0 0.0 -1.0 -1.0 0.0 -3.0 -2.0 -2.0 -3.0 -4.0 -2.0 -1.0 -4.0 -4.0 -3.0 -3.0 0.0 -3.0 0.0 -3.0 -3.0 -3.0 -4.0 -4.0 -2.0 -2.0 -1.0 -2.0 -2.0 -4.0 -1.0 -3.0 -3.0 -3.0 -3.0 -4.0 -1.0 -2.0 -2.0 -1.0 -1.0 0.0 0.0 -3.0 -2.0 -4.0 -1.0 -1.0 -2.0 -1.0 141.0 0.0 -4.0 -2.0 
-1.0 -1.0 -2.0 -2.0 0.0 -3.0 -3.0 0.0 -4.0 -2.0 -2.0 -3.0 -1.0 -2.0 -1.0 -4.0 -4.0 -1.0 -4.0 -1.0 -1.0 -2.0 -1.0 -2.0 -2.0 -4.0 -3.0 -1.0 0.0 0.0 -2.0 -4.0 -1.0 -3.0 -2.0 -3.0 0.0 -2.0 -4.0 -2.0 -1.0 -1.0 -2.0 -3.0 -1.0 -4.0 -4.0 -2.0 0.0 -1.0 -1.0 -2.0 0.0 0.0 -2.0 -1.0 -4.0 -1.0 -4.0 -3.0 -3.0 0.0 124.0 -1.0 -3.0 
0.0 -3.0 -2.0 -3.0 -3.0 -3.0 -3.0 -2.0 -1.0 0.0 -1.0 0.0 -3.0 -2.0 -3.0 0.0 -2.0 -1.0 -2.0 -3.0 0.0 -1.0 0.0 0.0 -1.0 -3.0 -4.0 -2.0 -1.0 -1.0 -3.0 0.0 -4.0 0.0 -2.0 -3.0 -3.0 -2.0 -1.0 -1.0 -2.0 -1.0 -3.0 -1.0 0.0 -1.0 -4.0 -1.0 -1.0 -3.0 -4.0 0.0 -4.0 -2.0 -3.0 -4.0 -1.0 -4.0 -2.0 -4.0 -1.0 0.0 -4.0 123.0 -4.0 
0.0 -4.0 -4.0 -2.0 -2.0 -1.0 -3.0 -4.0 -1.0 0.0 -3.0 -1.0 -3.0 0.0 -1.0 0.0 -2.0 -2.0 0.0 -2.0 -3.0 -1.0 -4.0 -3.0 -4.0 -3.0 -1.0 -4.0 -1.0 -4.0 -4.0 0.0 -3.0 0.0 -4.0 -1.0 0.0 -3.0 -2.0 -2.0 -3.0 -3.0 -3.0 0.0 0.0 0.0 -2.0 -4.0 0.0 -2.0 -4.0 -2.0 -3.0 -1.0 -3.0 -4.0 0.0 -3.0 -2.0 -1.0 0.0 -4.0 -2.0 -4.0 132.0 

-4103.0 -4003.0 -4956.0 -3561.0 -3179.0 -3128.0 -3551.0 -3231.0 -3362.0 -3413.0 -3041.0 -2144.0 -3795.0 -2614.0 -2218.0 -2191.0 -2076.0 -1835.0 -2294.0 -1728.0 -1283.0 -1290.0 -1119.0 -1233.0 -1576.0 -1033.0 -769.0 -708.0 -436.0 -180.0 -564.0 -117.0 50.0 103.0 185.0 260.0 470.0 565.0 975.0 586.0 1127.0 1321.0 1109.0 1301.0 1664.0 1668.0 1964.0 2001.0 1919.0 2337.0 2068.0 2791.0 3107.0 2613.0 2574.0 2905.0 3122.0 2801.0 3186.0 3663.0 4296.0 4372.0 3797.0 3568.0 4223.0 