222.99886 -2.0 0.0 -2.0 -1.0 -4.0 0.0 -1.0 -3.0 -1.0 -4.0 -4.0 0.0 -2.0 -1.0 -3.0 0.0 -1.0 -1.0 -2.0 -3.0 -4.0 -4.0 -1.0 -4.0 -2.0 -2.0 -1.0 -2.0 0.0 -4.0 -3.0 -2.0 -3.0 -1.0 -3.0 0.0 -1.0 -2.0 -1.0 -1.0 -2.0 0.0 -2.0 -3.0 -1.0 -4.0 -3.0 -4.0 -2.0 -4.0 -4.0 0.0 -4.0 -1.0 -1.0 -1.0 -2.0 -4.0 -2.0 -4.0 -1.0 -3.0 -4.0 -1.0 -2.0 -1.0 0.0 -3.0 -3.0 0.0 -1.0 -1.0 -2.0 0.0 -2.0 -1.0 -3.0 -1.0 -3.0 -1.0 -3.0 -2.0 -2.0 0.0 -4.0 0.0 -2.0 -3.0 -1.0 -3.0 -3.0 -1.0 -1.0 -3.0 -1.0 -4.0 -3.0 -2.0 -1.0 0.0 -1.0 -3.0 -3.0 -2.0 -3.0 -3.0 0.0 -3.0 -4.0 -1.0 -1.0 0.0 -3.0 0.0 
-2.0 213.0 -4.0 -2.0 -2.0 -2.0 0.0 0.0 0.0 -1.0 0.0 -1.0 -2.0 -3.0 -2.0 0.0 0.0 0.0 -4.0 0.0 -1.0 -1.0 0.0 0.0 0.0 -4.0 -3.0 -2.0 -4.0 -1.0 0.0 -3.0 -2.0 -1.0 0.0 -4.0 -4.0 0.0 0.0 -2.0 0.0 -3.0 -3.0 -3.0 -1.0 -3.0 -2.0 -2.0 -3.0 -1.0 -4.0 -4.0 -3.0 -2.0 0.0 -2.0 -4.0 0.0 -1.0 -2.0 0.0 0.0 -3.0 -2.0 0.0 -2.0 0.0 -3.0 -2.0 -3.0 -1.0 -3.0 0.0 -4.0 -4.0 -1.0 -1.0 -4.0 -2.0 -3.0 -4.0 -2.0 0.0 -2.0 -3.0 -1.0 -4.0 -4.0 -3.0 -3.0 -1.0 -4.0 0.0 0.0 -4.0 -3.0 0.0 -4.0 -2.0 -3.0 -2.0 0.0 -4.0 -2.0 -1.0 -2.0 -2.0 -2.0 -4.0 0.0 -4.0 -2.0 -1.0 -2.0 0.0 
-4.0 -4.0 232.0 -4.0 0.0 -3.0 -1.0 -3.0 -3.0 -1.0 -2.0 -1.0 -3.0 -2.0 0.0 -4.0 0.0 -2.0 -1.0 -4.0 0.0 -3.0 -4.0 0.0 -1.0 -1.0 -3.0 -2.0 -2.0 0.0 -1.0 -1.0 0.0 -1.0 -4.0 -4.0 -2.0 -1.0 -1.0 -4.0 -4.0 0.0 -2.0 -1.0 0.0 -1.0 -3.0 0.0 -2.0 -2.0 -1.0 -4.0 -1.0 -2.0 -2.0 -2.0 0.0 0.0 -4.0 -1.0 0.0 0.0 -2.0 -4.0 -4.0 -3.0 -4.0 -4.0 -1.0 -2.0 0.0 -3.0 -2.0 -3.0 -3.0 -4.0 -1.0 -4.0 -4.0 -4.0 -1.0 -1.0 -4.0 -3.0 -2.0 -2.0 -2.0 0.0 0.0 -3.0 -2.0 -2.0 -1.0 0.0 -1.0 -4.0 0.0 -3.0 -4.0 -4.0 -4.0 -4.0 -1.0 -3.0 -3.0 -1.0 -1.0 -4.0 0.0 0.0 0.0 -4.0 -1.0 -3.0 -3.0 
-2.0 -2.0 -3.0 204.0 -4.0 -2.0 -4.0 -4.0 -1.0 0.0 -2.0 -2.0 -1.0 0.0 0.0 -3.0 -4.0 -1.0 0.0 -2.0 0.0 -1.0 -1.0 -1.0 -2.0 -3.0 -1.0 0.0 -1.0 -3.0 0.0 -2.0 -3.0 -3.0 -3.0 -3.0 0.0 0.0 -1.0 -3.0 0.0 -1.0 -1.0 -4.0 -4.0 -4.0 0.0 -1.0 -1.0 -4.0 -1.0 -3.0 -4.0 -1.0 -3.0 -2.0 -2.0 -2.0 -4.0 -1.0 -2.0 0.0 0.0 0.0 0.0 -4.0 -4.0 -2.0 -3.0 -1.0 -2.0 -4.0 -1.0 0.0 -1.0 -3.0 -3.0 0.0 -3.0 -1.0 0.0 -2.0 -1.0 -3.0 0.0 -3.0 0.0 -1.0 0.0 -1.0 -4.0 -2.0 -2.0 -3.0 0.0 -3.0 0.0 0.0 -3.0 -2.0 -4.0 -2.0 -4.0 0.0 -1.0 -4.0 -3.0 -3.0 -1.0 -1.0 -2.0 -1.0 0.0 -1.0 -2.0 
-3.0 -1.0 -3.0 -3.0 228.0 0.0 -1.0 0.0 -3.0 -2.0 -4.0 -1.0 0.0 -4.0 -3.0 -2.0 -2.0 0.0 -3.0 -2.0 -4.0 -2.0 -4.0 -4.0 -1.0 -3.0 -1.0 0.0 -3.0 -4.0 -4.0 -4.0 -2.0 0.0 -3.0 -2.0 -4.0 -1.0 -4.0 0.0 -4.0 -4.0 -3.0 0.0 -2.0 -1.0 -1.0 -2.0 0.0 -1.0 -2.0 -4.0 -2.0 -1.0 0.0 -3.0 -2.0 -4.0 0.0 -4.0 -4.0 -2.0 -3.0 -4.0 0.0 -1.0 -2.0 -4.0 -1.0 -3.0 -1.0 0.0 -2.0 -3.0 -1.0 -1.0 -4.0 -3.0 -1.0 0.0 -4.0 -1.0 -3.0 -3.0 0.0 -3.0 -1.0 0.0 -3.0 -4.0 0.0 -2.0 0.0 -1.0 -2.0 0.0 -4.0 -2.0 0.0 0.0 0.0 0.0 -3.0 -3.0 -3.0 -1.0 -2.0 -4.0 0.0 -4.0 -3.0 -1.0 0.0 -4.0 0.0 
-3.0 -4.0 -3.0 0.0 -1.0 247.0 -2.0 -2.0 -4.0 0.0 -3.0 -4.0 -4.0 -2.0 -2.0 -3.0 -1.0 -3.0 -4.0 -1.0 -2.0 0.0 -1.0 0.0 -2.0 -1.0 0.0 -4.0 -3.0 -4.0 -2.0 -4.0 0.0 -2.0 -3.0 -1.0 -2.0 -2.0 -4.0 -4.0 -1.0 0.0 -4.0 0.0 -1.0 -1.0 -2.0 -2.0 -2.0 -2.0 -4.0 -3.0 -3.0 -2.0 0.0 -4.0 -3.0 -2.0 -2.0 -2.0 -2.0 0.0 -1.0 -3.0 0.0 -4.0 -2.0 -1.0 -4.0 -4.0 -4.0 -2.0 -4.0 -3.0 -4.0 -4.0 -4.0 -1.0 -4.0 -1.0 -1.0 -1.0 -4.0 0.0 -3.0 -4.0 -3.0 -1.0 -3.0 0.0 0.0 -3.0 -3.0 -1.0 -4.0 -1.0 0.0 -3.0 -2.0 -2.0 -1.0 -3.0 -4.0 -2.0 0.0 0.0 -3.0 -4.0 -3.0 0.0 -4.0 -1.0 -3.0 -1.0 0.0 
0.0 0.0 0.0 -2.0 -1.0 -4.0 226.0 0.0 -3.0 -1.0 -1.0 -4.0 -1.0 -2.0 -2.0 -2.0 0.0 -4.0 0.0 -1.0 0.0 -2.0 0.0 -3.0 -2.0 -4.0 -3.0 -2.0 -3.0 -2.0 -1.0 0.0 -1.0 0.0 -1.0 0.0 -1.0 -3.0 -2.0 -3.0 -3.0 -3.0 -1.0 -3.0 -2.0 -4.0 0.0 0.0 -1.0 -1.0 -4.0 -2.0 0.0 0.0 -3.0 -4.0 -4.0 -3.0 -4.0 -2.0 -4.0 -2.0 -1.0 -2.0 -1.0 -2.0 0.0 -1.0 0.0 -4.0 -4.0 -4.0 -3.0 -3.0 -1.0 -3.0 -4.0 -2.0 -1.0 -4.0 -4.0 -2.0 -4.0 -4.0 -1.0 -3.0 -2.0 -4.0 -3.0 -3.0 -1.0 -1.0 0.0 -4.0 0.0 -1.0 -4.0 -1.0 -4.0 0.0 -3.0 -2.0 -3.0 -2.0 -2.0 0.0 0.0 -1.0 0.0 -1.0 -3.0 0.0 -4.0 -4.0 -4.0 
-2.0 -3.0 -3.0 -1.0 0.0 -4.0 0.0 216.0 -2.0 -4.0 0.0 -2.0 -2.0 -2.0 0.0 -4.0 -1.0 -2.0 0.0 -4.0 0.0 -4.0 -2.0 -3.0 0.0 -4.0 0.0 -2.0 0.0 -2.0 -1.0 -2.0 -2.0 -2.0 -1.0 0.0 -4.0 -1.0 -1.0 -2.0 0.0 -2.0 -4.0 -4.0 -2.0 0.0 -2.0 -2.0 -1.0 -4.0 -4.0 -2.0 -1.0 0.0 0.0 -3.0 -2.0 -2.0 -2.0 -4.0 -3.0 -4.0 -1.0 -3.0 -2.0 -2.0 0.0 -2.0 0.0 -1.0 -4.0 0.0 -3.0 0.0 -4.0 0.0 -3.0 -4.0 -3.0 -4.0 -2.0 -3.0 -2.0 0.0 -3.0 -4.0 -4.0 -3.0 0.0 -3.0 -2.0 0.0 0.0 -3.0 -4.0 -2.0 -4.0 -2.0 -1.0 -3.0 -1.0 0.0 0.0 -1.0 0.0 -1.0 -1.0 -2.0 0.0 0.0 -1.0 -2.0 -4.0 -3.0 -2.0 
-1.0 -1.0 0.0 -2.0 -4.0 -2.0 -2.0 -1.0 229.0 -1.0 -2.0 -2.0 0.0 -3.0 -2.0 -2.0 -4.0 -1.0 -2.0 -3.0 -2.0 0.0 -3.0 -3.0 -3.0 -4.0 -4.0 -3.0 -4.0 0.0 -3.0 0.0 -3.0 -1.0 0.0 0.0 -2.0 -3.0 0.0 -1.0 -2.0 -4.0 0.0 -1.0 -1.0 -2.0 -4.0 0.0 -4.0 -2.0 -2.0 -4.0 -1.0 -4.0 -3.0 -4.0 -3.0 0.0 -4.0 -1.0 -3.0 -2.0 -3.0 0.0 -4.0 -1.0 -2.0 -1.0 0.0 -3.0 -1.0 -1.0 -1.0 -3.0 -1.0 -1.0 -3.0 -3.0 -1.0 -2.0 -2.0 -1.0 0.0 -1.0 -1.0 -4.0 -3.0 -4.0 -2.0 -1.0 -2.0 -2.0 -4.0 -3.0 -2.0 -3.0 -3.0 -1.0 -4.0 -3.0 -2.0 -2.0 0.0 -3.0 -2.0 -4.0 -1.0 -2.0 -4.0 -2.0 0.0 0.0 -1.0 -3.0 -1.0 
0.0 -1.0 -3.0 -1.0 -1.0 -4.0 0.0 0.0 -4.0 240.0 -3.0 -2.0 -4.0 -2.0 -4.0 -4.0 -2.0 -1.0 -4.0 -4.0 -2.0 -3.0 0.0 -3.0 -3.0 -2.0 -2.0 -4.0 0.0 -4.0 0.0 -3.0 -4.0 -4.0 -4.0 0.0 0.0 -1.0 -2.0 -2.0 -4.0 -3.0 0.0 0.0 -2.0 -3.0 -3.0 -3.0 -4.0 -4.0 -2.0 -1.0 -4.0 -3.0 -4.0 0.0 0.0 -3.0 -2.0 -2.0 -4.0 0.0 -4.0 -3.0 0.0 -1.0 0.0 0.0 0.0 -2.0 -2.0 -4.0 -1.0 -1.0 -3.0 -3.0 -4.0 -3.0 -1.0 0.0 0.0 -2.0 -2.0 -4.0 -1.0 -4.0 -3.0 -1.0 -3.0 -4.0 -2.0 -1.0 -4.0 0.0 -1.0 -4.0 -1.0 -1.0 0.0 -3.0 0.0 -2.0 -2.0 -2.0 -2.0 -1.0 -1.0 -2.0 -1.0 -2.0 -4.0 -4.0 -1.0 -2.0 -3.0 
-1.0 -4.0 -3.0 -4.0 0.0 -3.0 0.0 -1.0 -2.0 -1.0 207.0 -4.0 -4.0 0.0 -4.0 -2.0 -4.0 0.0 -1.0 -1.0 -1.0 -3.0 -1.0 0.0 -1.0 -4.0 -3.0 0.0 -1.0 -2.0 -3.0 -4.0 -4.0 -4.0 -4.0 -4.0 -3.0 0.0 -2.0 -3.0 -4.0 -2.0 0.0 0.0 -4.0 -1.0 -4.0 0.0 -3.0 -1.0 -1.0 -1.0 -1.0 -3.0 -1.0 -1.0 0.0 -1.0 -2.0 -1.0 -1.0 -3.0 0.0 -1.0 -2.0 -3.0 -1.0 -2.0 -2.0 -1.0 0.0 -1.0 -4.0 0.0 -2.0 -4.0 -4.0 -2.0 -3.0 -4.0 -2.0 -1.0 -3.0 -4.0 -4.0 0.0 -1.0 -3.0 -3.0 -1.0 -1.0 0.0 -4.0 0.0 -1.0 -2.0 -1.0 0.0 -2.0 -2.0 0.0 0.0 0.0 0.0 -1.0 0.0 -4.0 0.0 -2.0 0.0 -3.0 0.0 -2.0 0.0 -3.0 
-4.0 -4.0 -4.0 -4.0 0.0 -4.0 0.0 -4.0 -4.0 -2.0 -2.0 230.0 -2.0 -3.0 -4.0 0.0 -2.0 -2.0 -2.0 -3.0 -2.0 -1.0 -3.0 -2.0 0.0 -3.0 -2.0 0.0 0.0 -2.0 -4.0 -3.0 -1.0 0.0 -3.0 -1.0 -1.0 -4.0 -2.0 -4.0 -2.0 -2.0 -4.0 -4.0 -1.0 -2.0 -4.0 -4.0 -4.0 -4.0 0.0 -4.0 0.0 -1.0 -2.0 -2.0 -3.0 -1.0 -1.0 -2.0 0.0 -3.0 -2.0 0.0 -3.0 -2.0 0.0 0.0 -3.0 -1.0 0.0 -3.0 -1.0 -3.0 -4.0 -4.0 -3.0 -3.0 -3.0 -4.0 0.0 -3.0 -2.0 -1.0 -1.0 -2.0 -1.0 0.0 -2.0 -2.0 -1.0 0.0 -1.0 -2.0 -2.0 -2.0 0.0 -1.0 -3.0 -1.0 -1.0 -2.0 -2.0 0.0 -2.0 -1.0 0.0 -1.0 -3.0 -2.0 -4.0 -1.0 -3.0 -1.0 -3.0 
-2.0 0.0 -4.0 -2.0 -2.0 -3.0 -3.0 -4.0 -1.0 -1.0 -1.0 -2.0 254.0 -3.0 -1.0 0.0 -3.0 0.0 -3.0 0.0 -4.0 -4.0 -3.0 -4.0 -4.0 -4.0 -1.0 -3.0 -3.0 -4.0 -4.0 -4.0 -4.0 0.0 -3.0 -1.0 -4.0 -2.0 0.0 -1.0 -4.0 -1.0 -2.0 -4.0 -1.0 -2.0 -1.0 -1.0 0.0 -1.0 -2.0 -2.0 -4.0 0.0 -4.0 -2.0 -2.0 -4.0 -4.0 -3.0 -4.0 -1.0 -3.0 -4.0 -3.0 0.0 -1.0 -4.0 -3.0 -1.0 -4.0 -2.0 -3.0 0.0 -3.0 -3.0 -2.0 -3.0 -3.0 0.0 -3.0 -1.0 -2.0 -4.0 0.0 -2.0 -3.0 -3.0 -1.0 -4.0 -1.0 -3.0 0.0 -2.0 -1.0 -2.0 -3.0 -4.0 -1.0 0.0 -4.0 -2.0 -2.0 -1.0 -2.0 -4.0 -2.0 -4.0 -1.0 -2.0 -2.0 0.0 -2.0 -1.0 -2.0 
-3.0 -2.0 -1.0 -3.0 0.0 -2.0 -3.0 0.0 -3.0 -2.0 -4.0 -2.0 -4.0 233.0 0.0 0.0 0.0 -3.0 -3.0 -4.0 0.0 -1.0 -1.0 -4.0 -4.0 -4.0 -2.0 -2.0 -1.0 0.0 -2.0 -3.0 0.0 -1.0 0.0 -1.0 -2.0 -3.0 -3.0 0.0 -3.0 -4.0 -4.0 -4.0 0.0 -2.0 0.0 -3.0 -4.0 -4.0 0.0 -2.0 -3.0 -1.0 -3.0 0.0 -1.0 0.0 -1.0 -2.0 -3.0 -4.0 -2.0 0.0 -4.0 0.0 -4.0 -3.0 -2.0 -4.0 -3.0 0.0 -1.0 -3.0 -4.0 0.0 0.0 -4.0 -4.0 -2.0 -2.0 -3.0 -1.0 -4.0 0.0 -1.0 -3.0 -4.0 -3.0 -4.0 -2.0 -2.0 0.0 -4.0 -4.0 0.0 -2.0 -3.0 0.0 -2.0 -2.0 -4.0 -4.0 -2.0 -3.0 0.0 -2.0 0.0 -2.0 -1.0 -3.0 -1.0 -3.0 0.0 -1.0 
-1.0 -4.0 -2.0 -2.0 -4.0 -1.0 -1.0 -3.0 -3.0 -2.0 -3.0 0.0 0.0 -2.0 224.0 0.0 -3.0 0.0 -1.0 -1.0 -2.0 -2.0 -3.0 -1.0 -2.0 -2.0 -3.0 -2.0 -1.0 -3.0 -4.0 -2.0 -3.0 -3.0 0.0 0.0 -4.0 -1.0 -1.0 -1.0 -1.0 0.0 -2.0 -3.0 -1.0 -1.0 0.0 -4.0 -3.0 -2.0 0.0 -3.0 -2.0 -4.0 -4.0 -1.0 0.0 0.0 -1.0 -4.0 -3.0 -1.0 -4.0 -4.0 -4.0 -2.0 0.0 -2.0 0.0 0.0 0.0 -2.0 -4.0 -4.0 0.0 -4.0 -4.0 -4.0 -2.0 -4.0 -1.0 0.0 0.0 -2.0 -2.0 -1.0 -1.0 -1.0 -3.0 -2.0 0.0 -4.0 -2.0 -1.0 -2.0 -3.0 -1.0 -3.0 0.0 -2.0 -1.0 -4.0 -4.0 -3.0 -4.0 -1.0 -4.0 -2.0 -1.0 -3.0 0.0 0.0 -2.0 -3.0 -4.0 
-1.0 -2.0 -4.0 -4.0 -4.0 -3.0 -3.0 -1.0 -2.0 -3.0 -4.0 -4.0 -1.0 0.0 -4.0 237.0 -1.0 0.0 -4.0 0.0 -4.0 -3.0 -1.0 -3.0 -3.0 -3.0 -3.0 -1.0 -3.0 -1.0 -2.0 -1.0 -4.0 -2.0 0.0 -3.0 0.0 -4.0 -1.0 -2.0 0.0 -3.0 -4.0 -4.0 -1.0 0.0 -3.0 0.0 -2.0 -2.0 -1.0 -4.0 0.0 -4.0 0.0 -2.0 -3.0 -3.0 0.0 -4.0 -3.0 -4.0 -2.0 -2.0 -3.0 -4.0 -3.0 -2.0 -2.0 -4.0 0.0 -3.0 -2.0 -3.0 -1.0 0.0 -2.0 -1.0 -3.0 -1.0 -3.0 -3.0 -1.0 -2.0 -4.0 -2.0 -3.0 -2.0 0.0 -4.0 -3.0 -2.0 -4.0 -2.0 -1.0 -1.0 -3.0 -2.0 0.0 -1.0 -1.0 -3.0 0.0 0.0 0.0 -3.0 -2.0 -2.0 -1.0 0.0 -1.0 0.0 -4.0 -1.0 -2.0 
0.0 -3.0 -2.0 -4.0 0.0 -3.0 -4.0 0.0 -2.0 -1.0 -3.0 -2.0 -1.0 -1.0 -1.0 -3.0 224.0 -3.0 -4.0 -4.0 -3.0 -4.0 0.0 -2.0 0.0 -2.0 -1.0 0.0 -1.0 -3.0 -2.0 0.0 -2.0 -2.0 -3.0 0.0 -4.0 -2.0 -2.0 -1.0 -3.0 -3.0 -1.0 -1.0 -3.0 -3.0 -2.0 -1.0 -4.0 -3.0 -1.0 0.0 -1.0 -2.0 -2.0 -2.0 -4.0 0.0 -1.0 -3.0 -2.0 -4.0 -2.0 -4.0 0.0 0.0 0.0 -1.0 -4.0 -2.0 -2.0 0.0 0.0 -2.0 -2.0 -2.0 -2.0 -1.0 -3.0 -3.0 -2.0 0.0 0.0 -4.0 -4.0 -3.0 0.0 -4.0 -3.0 -4.0 -3.0 0.0 -1.0 0.0 -2.0 -4.0 -4.0 -3.0 -2.0 -4.0 -2.0 0.0 -3.0 0.0 -3.0 0.0 -4.0 -2.0 -4.0 -4.0 0.0 -2.0 0.0 -2.0 0.0 
-4.0 -2.0 -1.0 -4.0 -3.0 -3.0 -1.0 0.0 -3.0 0.0 -1.0 -2.0 0.0 -3.0 -3.0 -3.0 0.0 214.0 -1.0 -4.0 -1.0 -3.0 -2.0 -1.0 -3.0 0.0 -3.0 -1.0 -1.0 -2.0 -3.0 -1.0 -2.0 -3.0 0.0 -1.0 -3.0 0.0 -3.0 -3.0 -3.0 -3.0 -1.0 -4.0 0.0 -1.0 -4.0 0.0 0.0 -3.0 -4.0 -1.0 -1.0 -1.0 0.0 -4.0 -4.0 -2.0 0.0 -3.0 -4.0 -2.0 0.0 -1.0 0.0 -1.0 -4.0 -1.0 -1.0 -3.0 0.0 -3.0 -1.0 -4.0 -3.0 -3.0 -1.0 0.0 -3.0 -2.0 -2.0 -2.0 0.0 -1.0 -1.0 -1.0 -3.0 0.0 -3.0 -4.0 -2.0 -3.0 -4.0 -1.0 -1.0 -2.0 -2.0 -1.0 -4.0 -2.0 -1.0 -2.0 0.0 -1.0 -4.0 0.0 -2.0 -3.0 -1.0 0.0 -2.0 -3.0 0.0 -2.0 -4.0 
0.0 -4.0 -3.0 -3.0 0.0 -4.0 -2.0 -2.0 -2.0 -3.0 -3.0 -3.0 -1.0 0.0 -2.0 -1.0 -2.0 0.0 222.0 -2.0 -1.0 -2.0 -2.0 -2.0 -3.0 0.0 0.0 -3.0 0.0 -1.0 -4.0 0.0 0.0 -4.0 -1.0 -2.0 -2.0 -1.0 -3.0 -3.0 -4.0 -2.0 0.0 -1.0 0.0 -3.0 0.0 -4.0 -2.0 0.0 -3.0 -4.0 -4.0 -3.0 -3.0 -3.0 -3.0 -4.0 -4.0 -1.0 -2.0 -1.0 -1.0 -2.0 -3.0 -3.0 -1.0 -1.0 -1.0 -4.0 0.0 -2.0 -2.0 -1.0 -1.0 0.0 0.0 -4.0 -2.0 -1.0 -1.0 0.0 -2.0 -3.0 -1.0 -3.0 -3.0 -1.0 -3.0 -4.0 -1.0 -4.0 -2.0 -1.0 -2.0 -3.0 0.0 -2.0 -4.0 -1.0 -1.0 -3.0 -3.0 -2.0 -2.0 -1.0 0.0 -4.0 -1.0 -4.0 -1.0 0.0 -3.0 -3.0 -2.0 
-1.0 -3.0 -2.0 -3.0 0.0 -3.0 0.0 0.0 -1.0 -3.0 -3.0 -2.0 0.0 -2.0 -4.0 -4.0 -3.0 -3.0 0.0 216.0 0.0 -1.0 -4.0 -3.0 0.0 0.0 -4.0 -1.0 -1.0 -3.0 -2.0 -4.0 -1.0 -2.0 0.0 -2.0 -2.0 -2.0 -2.0 0.0 0.0 -2.0 -1.0 -1.0 0.0 0.0 0.0 0.0 -2.0 -1.0 -3.0 -3.0 -4.0 -1.0 -3.0 -3.0 -2.0 -1.0 0.0 -1.0 -2.0 -2.0 -3.0 -2.0 -3.0 -2.0 -2.0 -1.0 -4.0 -4.0 -3.0 0.0 -3.0 -4.0 0.0 -4.0 -3.0 -1.0 -3.0 -1.0 -4.0 -4.0 0.0 -2.0 -4.0 -2.0 -4.0 -4.0 0.0 -2.0 -1.0 -4.0 -3.0 -4.0 -2.0 -1.0 -1.0 -2.0 -2.0 -4.0 -3.0 -4.0 -1.0 -3.0 0.0 0.0 -1.0 -2.0 0.0 -1.0 -1.0 -1.0 -1.0 0.0 -2.0 
0.0 0.0 -1.0 -4.0 -2.0 -2.0 0.0 -4.0 -1.0 -3.0 -2.0 0.0 0.0 0.0 -2.0 -1.0 -4.0 -4.0 -1.0 -2.0 228.0 0.0 -1.0 -3.0 0.0 -3.0 -3.0 -4.0 -2.0 -2.0 -2.0 -3.0 0.0 -4.0 -4.0 0.0 0.0 0.0 -3.0 -1.0 -3.0 0.0 -3.0 -4.0 -3.0 -3.0 -3.0 -2.0 -2.0 0.0 -1.0 0.0 -3.0 -3.0 -3.0 -3.0 -4.0 -2.0 0.0 -4.0 -1.0 0.0 0.0 -3.0 -3.0 -4.0 -4.0 -2.0 -4.0 -1.0 0.0 -3.0 0.0 -2.0 -1.0 -4.0 0.0 -3.0 -4.0 -4.0 -1.0 -3.0 -1.0 -4.0 -3.0 -3.0 0.0 -3.0 -3.0 -1.0 -3.0 0.0 -1.0 -1.0 -4.0 -2.0 -2.0 -2.0 -4.0 -2.0 0.0 -1.0 -2.0 -4.0 -2.0 0.0 0.0 -4.0 -2.0 -4.0 -2.0 -4.0 -2.0 0.0 -1.0 
0.0 0.0 -3.0 0.0 0.0 -1.0 -4.0 -3.0 -2.0 -3.0 -4.0 -2.0 -2.0 0.0 -3.0 -4.0 -4.0 0.0 0.0 -2.0 -2.0 236.0 -1.0 -1.0 0.0 -3.0 0.0 -2.0 -2.0 -2.0 -4.0 -4.0 -2.0 0.0 -1.0 -4.0 -3.0 -2.0 -2.0 -1.0 -3.0 -4.0 -2.0 -4.0 -4.0 -4.0 0.0 -4.0 0.0 -3.0 -2.0 -4.0 0.0 -4.0 -1.0 -3.0 -3.0 -4.0 -2.0 -4.0 -2.0 -3.0 -4.0 0.0 0.0 0.0 -4.0 -3.0 -3.0 -4.0 -4.0 -3.0 -1.0 -2.0 -1.0 -2.0 -4.0 -3.0 0.0 0.0 -1.0 0.0 -4.0 0.0 -2.0 0.0 -3.0 -4.0 -4.0 0.0 -1.0 -1.0 -3.0 0.0 -2.0 0.0 0.0 -4.0 -4.0 -4.0 0.0 -4.0 -3.0 0.0 -3.0 -3.0 0.0 -2.0 0.0 -2.0 0.0 -3.0 -4.0 -4.0 0.0 
-1.0 -1.0 -4.0 -2.0 -4.0 -2.0 -2.0 -4.0 -2.0 0.0 0.0 0.0 0.0 -4.0 0.0 -1.0 -1.0 0.0 0.0 0.0 -3.0 0.0 243.0 -3.0 0.0 -2.0 0.0 -3.0 -4.0 -3.0 -4.0 -2.0 -1.0 0.0 -4.0 -2.0 -1.0 -2.0 -3.0 -4.0 -3.0 -4.0 -1.0 -4.0 -2.0 -2.0 -3.0 -4.0 -1.0 0.0 -2.0 0.0 -3.0 -1.0 -3.0 -4.0 -1.0 -3.0 -1.0 -3.0 0.0 -3.0 -2.0 -1.0 -2.0 -4.0 -3.0 -3.0 -4.0 0.0 0.0 -1.0 -4.0 -3.0 -4.0 -4.0 -4.0 -4.0 0.0 -4.0 -4.0 -1.0 -1.0 -1.0 -2.0 -4.0 -4.0 -2.0 -1.0 -1.0 0.0 -3.0 -4.0 -2.0 0.0 -3.0 -2.0 0.0 -4.0 -2.0 -2.0 -4.0 -1.0 0.0 -3.0 -1.0 -2.0 -4.0 -3.0 -3.0 -4.0 -4.0 -3.0 0.0 -4.0 
0.0 0.0 -1.0 0.0 -1.0 -4.0 0.0 -1.0 0.0 -2.0 -3.0 -4.0 -3.0 -4.0 -1.0 -1.0 -1.0 -1.0 -3.0 -1.0 -4.0 -2.0 -4.0 221.0 -4.0 -3.0 -3.0 0.0 -3.0 -2.0 0.0 -1.0 -4.0 -2.0 -1.0 -3.0 -2.0 -2.0 -2.0 -1.0 0.0 -2.0 0.0 -1.0 -4.0 -2.0 0.0 -2.0 -1.0 0.0 -1.0 -1.0 -2.0 -4.0 -4.0 -4.0 -4.0 -4.0 -3.0 -3.0 -3.0 -1.0 -4.0 -3.0 0.0 -2.0 -3.0 -1.0 -3.0 -4.0 -1.0 -3.0 -1.0 -2.0 -2.0 -1.0 -4.0 -2.0 -2.0 -1.0 0.0 -3.0 -2.0 0.0 -4.0 -4.0 -1.0 -4.0 -1.0 -1.0 0.0 -2.0 -4.0 0.0 -2.0 -3.0 0.0 -2.0 -1.0 0.0 -4.0 0.0 -3.0 -2.0 0.0 -3.0 -3.0 -1.0 0.0 -1.0 -4.0 -2.0 -4.0 -1.0 0.0 
-2.0 -4.0 -1.0 -1.0 0.0 -4.0 -3.0 -1.0 -2.0 -2.0 -1.0 -4.0 -2.0 -4.0 -2.0 -2.0 -2.0 -2.0 -2.0 0.0 -2.0 0.0 -2.0 -2.0 236.0 -3.0 -2.0 -4.0 -2.0 -3.0 -1.0 -1.0 -3.0 -2.0 -1.0 0.0 -2.0 -2.0 -4.0 -4.0 -2.0 -1.0 -3.0 -3.0 -3.0 -2.0 -3.0 -4.0 0.0 -3.0 -3.0 -2.0 -4.0 -2.0 -4.0 -4.0 -2.0 -1.0 -2.0 -1.0 -2.0 -2.0 -4.0 -1.0 0.0 -3.0 -4.0 -2.0 0.0 -3.0 -1.0 -2.0 0.0 -3.0 -1.0 0.0 0.0 -2.0 -3.0 -1.0 -2.0 0.0 -4.0 0.0 -1.0 -4.0 -2.0 -4.0 -2.0 -1.0 -3.0 -1.0 -3.0 -2.0 -3.0 -1.0 -1.0 -3.0 -2.0 -2.0 -1.0 -3.0 -1.0 -4.0 0.0 -4.0 -1.0 -4.0 -3.0 -2.0 0.0 -4.0 0.0 -3.0 -1.0 
-1.0 -3.0 -2.0 0.0 -1.0 -3.0 -3.0 -1.0 -2.0 -4.0 -2.0 -1.0 -2.0 -2.0 -2.0 -4.0 -2.0 0.0 -4.0 -1.0 -3.0 -2.0 -2.0 0.0 -3.0 233.0 -3.0 -2.0 0.0 -4.0 0.0 -1.0 -2.0 0.0 -1.0 -3.0 -3.0 -2.0 -1.0 -2.0 -2.0 -4.0 -1.0 -4.0 -3.0 -3.0 -3.0 0.0 -3.0 -1.0 -3.0 -4.0 -3.0 0.0 0.0 -4.0 -3.0 -2.0 -3.0 -2.0 0.0 0.0 -4.0 -4.0 -2.0 -4.0 -4.0 -2.0 -1.0 -3.0 -4.0 0.0 -1.0 -2.0 0.0 -3.0 -1.0 -3.0 -3.0 -2.0 -3.0 -2.0 -1.0 -4.0 -3.0 -1.0 -3.0 0.0 -2.0 0.0 -1.0 -2.0 -1.0 0.0 -4.0 -3.0 -1.0 -2.0 -2.0 -2.0 -4.0 0.0 -4.0 -1.0 -2.0 -2.0 -4.0 -1.0 0.0 -2.0 -4.0 -3.0 -1.0 -1.0 -2.0 
-2.0 -2.0 -4.0 -1.0 0.0 -4.0 -3.0 -4.0 -2.0 -4.0 -3.0 -2.0 0.0 -1.0 -4.0 -3.0 -4.0 -1.0 0.0 -2.0 -3.0 -3.0 -1.0 -4.0 -4.0 -2.0 226.0 -1.0 -3.0 -2.0 -1.0 0.0 -4.0 -1.0 -1.0 -3.0 -2.0 -3.0 -2.0 -2.0 -4.0 0.0 0.0 -4.0 -1.0 -1.0 -2.0 0.0 -4.0 -3.0 -4.0 -3.0 0.0 -3.0 -4.0 0.0 -4.0 0.0 -2.0 -1.0 -1.0 -1.0 -2.0 -1.0 -2.0 -2.0 -2.0 0.0 -3.0 -4.0 -2.0 -1.0 -3.0 0.0 -4.0 -3.0 -3.0 0.0 -4.0 -2.0 -4.0 -2.0 -3.0 -1.0 0.0 -3.0 0.0 -1.0 -4.0 -1.0 0.0 -4.0 0.0 -2.0 -2.0 -4.0 0.0 0.0 -1.0 0.0 -4.0 0.0 0.0 -3.0 0.0 -3.0 -3.0 0.0 -2.0 -3.0 -1.0 -3.0 -1.0 -2.0 -1.0 
-1.0 -4.0 -2.0 0.0 -4.0 -2.0 -3.0 -3.0 0.0 -4.0 0.0 -4.0 -4.0 0.0 0.0 -4.0 0.0 -2.0 -1.0 -2.0 -2.0 0.0 -2.0 -1.0 0.0 -2.0 -4.0 210.0 -2.0 0.0 -3.0 -1.0 -4.0 -1.0 0.0 -1.0 -4.0 -2.0 -1.0 -2.0 -3.0 -2.0 -4.0 0.0 -3.0 0.0 -4.0 -1.0 -3.0 -3.0 -3.0 -4.0 -3.0 -3.0 -1.0 -3.0 -1.0 0.0 0.0 -3.0 -4.0 -1.0 0.0 -1.0 -1.0 -2.0 -1.0 -2.0 0.0 -3.0 -4.0 -1.0 -1.0 0.0 -1.0 -3.0 0.0 -1.0 -4.0 -2.0 -3.0 -4.0 -1.0 -4.0 0.0 -4.0 -3.0 -2.0 0.0 0.0 -1.0 -3.0 -3.0 -1.0 -1.0 0.0 -3.0 0.0 -1.0 -3.0 -3.0 -3.0 0.0 -1.0 0.0 -3.0 0.0 -3.0 -1.0 -2.0 0.0 -4.0 -3.0 -2.0 0.0 
0.0 -2.0 -4.0 -4.0 -2.0 -3.0 -1.0 -4.0 -1.0 -4.0 -3.0 -4.0 -2.0 -2.0 -3.0 -2.0 -2.0 -3.0 -4.0 0.0 0.0 0.0 -4.0 0.0 -4.0 0.0 0.0 -4.0 234.0 -2.0 -3.0 -4.0 0.0 0.0 -2.0 -2.0 -2.0 -4.0 -4.0 -3.0 -2.0 -3.0 0.0 -1.0 -1.0 0.0 0.0 -1.0 0.0 -2.0 -3.0 0.0 0.0 -4.0 -3.0 -2.0 -4.0 0.0 -1.0 -4.0 -1.0 -3.0 0.0 0.0 -4.0 -2.0 0.0 -2.0 -4.0 -2.0 0.0 -1.0 -2.0 -4.0 -3.0 -1.0 -1.0 -3.0 -4.0 -3.0 -4.0 -1.0 -1.0 -4.0 -1.0 0.0 -2.0 -1.0 -4.0 -3.0 -4.0 -4.0 -4.0 0.0 0.0 -1.0 -4.0 -2.0 -2.0 -1.0 -3.0 -2.0 -1.0 -2.0 -1.0 0.0 -2.0 -1.0 -2.0 -3.0 -2.0 -3.0 -4.0 -2.0 -4.0 
-4.0 -4.0 -2.0 -1.0 -2.0 -2.0 -3.0 -3.0 -1.0 0.0 -3.0 0.0 0.0 -4.0 0.0 0.0 -1.0 0.0 -1.0 0.0 0.0 0.0 -2.0 -2.0 -1.0 -1.0 0.0 0.0 -4.0 194.0 -4.0 0.0 -1.0 -3.0 -1.0 -1.0 -2.0 -4.0 0.0 -1.0 -4.0 -4.0 0.0 0.0 -1.0 -4.0 -3.0 0.0 -2.0 -3.0 0.0 0.0 -4.0 -3.0 -2.0 -2.0 -3.0 -1.0 -2.0 -4.0 -2.0 -2.0 0.0 -1.0 -3.0 0.0 -1.0 -3.0 0.0 0.0 -3.0 -2.0 -3.0 -2.0 -1.0 -2.0 -1.0 0.0 0.0 -3.0 -2.0 -2.0 -1.0 -2.0 -2.0 -1.0 -3.0 0.0 0.0 -4.0 -1.0 -2.0 -2.0 -2.0 -4.0 -1.0 -1.0 0.0 -2.0 -2.0 -1.0 -2.0 0.0 -3.0 -2.0 0.0 -4.0 -3.0 -4.0 -3.0 0.0 -1.0 -3.0 -2.0 -3.0 
0.0 -4.0 -3.0 -2.0 -4.0 -4.0 0.0 -3.0 -4.0 -3.0 -1.0 -3.0 -4.0 0.0 -3.0 -2.0 0.0 -2.0 0.0 0.0 0.0 0.0 0.0 -1.0 -1.0 -4.0 0.0 -3.0 -1.0 -4.0 188.0 -1.0 -3.0 -1.0 0.0 -1.0 -4.0 -1.0 -1.0 0.0 -1.0 -2.0 -2.0 -4.0 0.0 -3.0 -2.0 -1.0 -4.0 -3.0 -3.0 0.0 -1.0 0.0 0.0 -2.0 -2.0 -1.0 -3.0 -3.0 0.0 0.0 -1.0 0.0 -2.0 0.0 0.0 -1.0 -4.0 -1.0 -1.0 -4.0 -2.0 -2.0 -2.0 -1.0 0.0 -3.0 0.0 -1.0 -4.0 0.0 -1.0 -4.0 0.0 0.0 -2.0 -2.0 -3.0 0.0 0.0 -2.0 -3.0 -4.0 0.0 -1.0 -4.0 0.0 -3.0 0.0 -1.0 0.0 0.0 -3.0 -4.0 -3.0 0.0 -4.0 0.0 -2.0 -4.0 0.0 -3.0 -1.0 0.0 
-1.0 -4.0 0.0 -3.0 -1.0 0.0 -1.0 -2.0 -1.0 -2.0 0.0 -1.0 0.0 0.0 -2.0 -3.0 -3.0 -3.0 -3.0 -4.0 0.0 0.0 0.0 -2.0 0.0 -3.0 0.0 0.0 -2.0 -3.0 0.0 220.0 -4.0 -3.0 -3.0 -4.0 0.0 -4.0 0.0 0.0 -2.0 -2.0 -1.0 -2.0 -1.0 -4.0 -1.0 -4.0 -2.0 -3.0 0.0 -2.0 -3.0 -3.0 -1.0 0.0 -4.0 0.0 -4.0 -4.0 -4.0 -2.0 -1.0 -3.0 -4.0 0.0 0.0 -1.0 0.0 -2.0 -3.0 -3.0 0.0 0.0 -4.0 -4.0 0.0 -1.0 -1.0 -3.0 -2.0 -4.0 -4.0 0.0 0.0 -1.0 -2.0 -3.0 -3.0 -4.0 -4.0 -1.0 -4.0 0.0 -3.0 -3.0 -3.0 -4.0 -4.0 -1.0 -1.0 -3.0 -2.0 -4.0 -3.0 -1.0 0.0 -1.0 -3.0 -1.0 -1.0 -2.0 -4.0 -3.0 0.0 
-1.0 -1.0 -2.0 -3.0 -4.0 -3.0 -1.0 -1.0 -2.0 -4.0 0.0 -2.0 -3.0 -1.0 -2.0 -3.0 0.0 -1.0 -3.0 -1.0 -4.0 -1.0 -2.0 -3.0 -2.0 -4.0 -3.0 -3.0 0.0 -2.0 0.0 -3.0 225.0 -2.0 -2.0 0.0 -2.0 0.0 0.0 -2.0 0.0 0.0 -2.0 -1.0 -3.0 -4.0 -3.0 -4.0 -4.0 -1.0 0.0 -3.0 -1.0 -3.0 -3.0 0.0 -3.0 -3.0 -4.0 -3.0 -3.0 -2.0 0.0 -1.0 0.0 0.0 -3.0 -2.0 -2.0 -2.0 -4.0 -2.0 -3.0 -4.0 -3.0 0.0 -3.0 0.0 -3.0 0.0 -2.0 0.0 -1.0 -3.0 0.0 -3.0 -4.0 -1.0 -3.0 -4.0 -2.0 0.0 -4.0 0.0 -2.0 -4.0 -1.0 -1.0 -2.0 -2.0 -3.0 0.0 -4.0 -1.0 -2.0 -1.0 -2.0 0.0 -3.0 -4.0 -3.0 -4.0 0.0 -2.0 -2.0 
-2.0 -4.0 -3.0 -3.0 -3.0 0.0 -3.0 -4.0 0.0 -4.0 -4.0 -2.0 -4.0 0.0 -1.0 -1.0 -4.0 -4.0 -1.0 -1.0 -2.0 0.0 -2.0 -1.0 -1.0 0.0 -4.0 0.0 -1.0 -2.0 -1.0 -2.0 0.0 226.0 -2.0 -3.0 -2.0 -1.0 -4.0 0.0 -1.0 -4.0 -4.0 -4.0 -1.0 -2.0 -4.0 0.0 -2.0 -2.0 -2.0 -3.0 -3.0 0.0 0.0 -3.0 0.0 -2.0 -2.0 0.0 -3.0 -4.0 -1.0 -2.0 -1.0 -2.0 -3.0 -4.0 -4.0 0.0 -2.0 -4.0 -4.0 0.0 0.0 0.0 -2.0 -3.0 -1.0 -3.0 0.0 0.0 -4.0 -2.0 -4.0 -1.0 -4.0 -4.0 -2.0 0.0 -2.0 0.0 -3.0 0.0 -4.0 -2.0 -4.0 -2.0 -1.0 -2.0 -4.0 0.0 -4.0 0.0 0.0 -1.0 -2.0 -2.0 -2.0 -4.0 -4.0 -2.0 -1.0 -1.0 0.0 
-3.0 -4.0 0.0 0.0 -1.0 -2.0 -3.0 -2.0 -1.0 -1.0 -2.0 0.0 -1.0 -1.0 -1.0 0.0 0.0 -1.0 -1.0 0.0 -1.0 -4.0 -2.0 -1.0 -1.0 -2.0 0.0 -1.0 -4.0 -4.0 -3.0 -1.0 0.0 -2.0 182.0 -4.0 0.0 -4.0 -3.0 -1.0 0.0 0.0 0.0 -2.0 -1.0 -1.0 -1.0 -3.0 0.0 -1.0 -3.0 -3.0 -4.0 -3.0 0.0 0.0 -3.0 -2.0 0.0 -4.0 -2.0 -3.0 -1.0 0.0 -4.0 -1.0 -1.0 -2.0 0.0 -4.0 -3.0 0.0 0.0 -3.0 -2.0 0.0 -2.0 -3.0 -3.0 0.0 -4.0 0.0 0.0 0.0 -3.0 -3.0 0.0 0.0 0.0 -2.0 -2.0 -1.0 -2.0 -3.0 -3.0 0.0 -1.0 -4.0 0.0 -4.0 0.0 -2.0 0.0 0.0 -3.0 -4.0 0.0 0.0 0.0 -2.0 -4.0 -4.0 -1.0 -2.0 -1.0 
-4.0 -3.0 0.0 0.0 -1.0 0.0 0.0 0.0 0.0 -2.0 -4.0 -2.0 -1.0 0.0 0.0 -2.0 -4.0 0.0 -4.0 -3.0 0.0 -2.0 -2.0 -3.0 -1.0 -3.0 -3.0 0.0 -1.0 -1.0 0.0 -2.0 -4.0 -4.0 0.0 207.0 0.0 -2.0 -2.0 0.0 0.0 -1.0 -4.0 -3.0 -4.0 0.0 -2.0 -2.0 -3.0 0.0 -2.0 0.0 0.0 -1.0 -2.0 0.0 -1.0 -4.0 -3.0 -2.0 -2.0 -3.0 0.0 -2.0 0.0 -1.0 -1.0 0.0 -3.0 -3.0 0.0 0.0 -1.0 -3.0 -4.0 -3.0 -2.0 -4.0 -3.0 -4.0 0.0 0.0 -3.0 -2.0 -1.0 -3.0 0.0 0.0 -3.0 -2.0 0.0 -3.0 -2.0 -2.0 -4.0 -4.0 -3.0 -4.0 -3.0 -2.0 -3.0 0.0 -4.0 -1.0 -3.0 0.0 -3.0 -4.0 -2.0 -4.0 -3.0 -3.0 -1.0 -1.0 -1.0 
-2.0 -2.0 -3.0 0.0 -4.0 -2.0 -4.0 -2.0 -3.0 0.0 -1.0 -1.0 -3.0 -2.0 -3.0 -2.0 -3.0 -4.0 -2.0 0.0 -2.0 -3.0 -4.0 -1.0 -2.0 -2.0 -2.0 -3.0 -2.0 0.0 -2.0 0.0 -4.0 -1.0 0.0 -3.0 212.0 0.0 0.0 0.0 -3.0 -2.0 -4.0 -3.0 -1.0 0.0 -2.0 -1.0 -2.0 -2.0 -1.0 0.0 -4.0 0.0 -1.0 -3.0 -3.0 -2.0 0.0 0.0 -4.0 -4.0 -3.0 -1.0 -4.0 -4.0 -2.0 -1.0 -2.0 0.0 -2.0 -3.0 -4.0 -1.0 0.0 -1.0 -1.0 -1.0 -3.0 -2.0 -2.0 -1.0 0.0 -1.0 -1.0 -2.0 -4.0 -2.0 -3.0 -1.0 -4.0 0.0 0.0 -1.0 -3.0 -2.0 -2.0 0.0 -1.0 -1.0 -3.0 -4.0 -1.0 -3.0 -1.0 -4.0 -4.0 -1.0 0.0 -1.0 -3.0 -2.0 -1.0 -1.0 -1.0 
-4.0 -1.0 -2.0 -1.0 0.0 -1.0 -2.0 -3.0 -2.0 -3.0 -1.0 -2.0 -4.0 -3.0 -4.0 -1.0 -3.0 0.0 -2.0 -2.0 0.0 -1.0 -3.0 -2.0 -1.0 -1.0 0.0 -4.0 -2.0 -4.0 -2.0 -4.0 -3.0 -3.0 -4.0 -1.0 -3.0 218.0 -3.0 0.0 -4.0 -1.0 -4.0 -4.0 -2.0 -2.0 -2.0 0.0 0.0 -2.0 -1.0 -3.0 -1.0 0.0 -2.0 -2.0 0.0 0.0 -1.0 0.0 -3.0 -4.0 -2.0 -2.0 -2.0 -3.0 -2.0 -3.0 -4.0 -2.0 0.0 -1.0 0.0 -4.0 -4.0 0.0 -2.0 -2.0 0.0 0.0 -3.0 -4.0 -1.0 -4.0 -2.0 0.0 -3.0 -1.0 0.0 0.0 -1.0 -1.0 -4.0 -4.0 0.0 -4.0 -3.0 -3.0 -3.0 -4.0 -2.0 0.0 -4.0 -1.0 -1.0 0.0 -2.0 -1.0 -1.0 0.0 -1.0 0.0 -2.0 -2.0 -3.0 
-2.0 0.0 -1.0 -4.0 -3.0 -1.0 -3.0 0.0 -1.0 -4.0 0.0 0.0 -1.0 -4.0 -4.0 -3.0 -3.0 -3.0 -2.0 -2.0 -3.0 -3.0 0.0 -3.0 -1.0 -3.0 -1.0 0.0 -3.0 -2.0 -4.0 -4.0 -2.0 -1.0 0.0 -3.0 -4.0 -4.0 234.0 -2.0 -1.0 -4.0 -4.0 -3.0 -3.0 -1.0 -2.0 -2.0 -2.0 -3.0 -2.0 -4.0 -1.0 -3.0 -3.0 -4.0 -3.0 0.0 -4.0 -4.0 0.0 -4.0 -1.0 0.0 -4.0 -4.0 0.0 0.0 -1.0 0.0 0.0 -2.0 -1.0 0.0 -4.0 0.0 -1.0 -4.0 -1.0 -1.0 0.0 -4.0 -1.0 -2.0 -3.0 -3.0 0.0 -1.0 -4.0 -4.0 0.0 -3.0 -2.0 0.0 -2.0 -4.0 -3.0 -1.0 0.0 -4.0 0.0 0.0 -1.0 -2.0 -1.0 0.0 -1.0 -4.0 -4.0 -4.0 -2.0 -1.0 -4.0 -2.0 -2.0 
0.0 0.0 -2.0 -3.0 -2.0 -4.0 -4.0 -2.0 -1.0 -1.0 -1.0 -1.0 -2.0 -2.0 -4.0 -2.0 -4.0 -4.0 0.0 -4.0 0.0 -1.0 0.0 0.0 -1.0 -1.0 -4.0 -4.0 0.0 -4.0 -2.0 -2.0 -3.0 -4.0 -4.0 -4.0 -2.0 -2.0 -3.0 218.0 -4.0 -2.0 -4.0 -1.0 0.0 -1.0 0.0 -2.0 -2.0 -3.0 -4.0 -2.0 0.0 -2.0 -1.0 -4.0 -3.0 0.0 -4.0 -2.0 -3.0 -3.0 0.0 -3.0 -2.0 -2.0 -3.0 -2.0 -3.0 0.0 -1.0 -2.0 -4.0 0.0 -4.0 0.0 0.0 -1.0 -4.0 -2.0 -2.0 0.0 -1.0 0.0 -1.0 -1.0 -3.0 -1.0 -4.0 -4.0 0.0 -4.0 -3.0 0.0 0.0 -4.0 -2.0 -2.0 -1.0 0.0 -3.0 -2.0 -4.0 -2.0 -4.0 0.0 -3.0 0.0 0.0 -1.0 0.0 0.0 -1.0 0.0 -1.0 
-1.0 -3.0 -4.0 -4.0 -4.0 -3.0 0.0 0.0 0.0 -3.0 -4.0 -2.0 -2.0 -4.0 0.0 -3.0 -1.0 -1.0 -2.0 -2.0 -1.0 -1.0 -1.0 0.0 -1.0 0.0 0.0 -2.0 -2.0 -2.0 0.0 -4.0 0.0 -1.0 -4.0 -3.0 -1.0 -1.0 -3.0 -1.0 242.0 -3.0 -4.0 -2.0 -2.0 -4.0 -4.0 0.0 0.0 -4.0 0.0 -2.0 -2.0 -4.0 -1.0 -2.0 -1.0 -1.0 -3.0 0.0 -1.0 -1.0 -2.0 -3.0 -4.0 -4.0 -4.0 -4.0 -2.0 0.0 0.0 -4.0 -3.0 0.0 -4.0 0.0 -4.0 -2.0 -2.0 -2.0 -4.0 -3.0 -3.0 -3.0 -4.0 0.0 -3.0 -4.0 -4.0 0.0 -2.0 -2.0 -1.0 -1.0 -4.0 -4.0 -1.0 -4.0 0.0 0.0 -4.0 -4.0 -3.0 -4.0 -2.0 -1.0 -4.0 -2.0 0.0 -4.0 -3.0 -3.0 -4.0 -1.0 0.0 
-1.0 -3.0 -2.0 -2.0 0.0 0.0 -2.0 0.0 -2.0 -2.0 -2.0 -2.0 -1.0 -1.0 -2.0 -1.0 0.0 -1.0 -3.0 0.0 -4.0 -3.0 -1.0 -1.0 -2.0 -1.0 -4.0 0.0 -4.0 -4.0 -1.0 -1.0 -4.0 -2.0 0.0 -1.0 -3.0 -1.0 0.0 0.0 -1.0 208.0 -4.0 0.0 -2.0 -4.0 0.0 0.0 -4.0 -2.0 -4.0 -1.0 -4.0 -2.0 -4.0 -3.0 0.0 -2.0 -4.0 -2.0 0.0 -4.0 -2.0 -3.0 -3.0 -3.0 -3.0 -2.0 -3.0 -2.0 -1.0 -3.0 0.0 0.0 -1.0 0.0 -4.0 0.0 0.0 -3.0 -2.0 -3.0 -4.0 -1.0 -3.0 -2.0 -1.0 -4.0 -1.0 -3.0 -2.0 -3.0 -1.0 -1.0 -1.0 0.0 0.0 -4.0 0.0 -4.0 -4.0 -4.0 0.0 -2.0 0.0 -4.0 -2.0 -3.0 0.0 -2.0 0.0 -1.0 -1.0 0.0 -1.0 
-3.0 -4.0 -4.0 -2.0 -3.0 -3.0 -2.0 -4.0 -3.0 0.0 0.0 -3.0 -2.0 -4.0 -4.0 -4.0 -4.0 -1.0 -3.0 -3.0 0.0 -1.0 0.0 -2.0 -2.0 0.0 0.0 -4.0 0.0 -3.0 0.0 -4.0 -1.0 -1.0 -4.0 0.0 0.0 -2.0 0.0 -2.0 -3.0 -2.0 219.0 -2.0 -4.0 0.0 -2.0 0.0 -4.0 -4.0 -4.0 -3.0 0.0 -2.0 -1.0 -4.0 -2.0 -2.0 -3.0 -1.0 -2.0 -3.0 -1.0 -2.0 -4.0 0.0 -2.0 -4.0 -3.0 -4.0 0.0 -1.0 -1.0 0.0 -2.0 -3.0 0.0 -1.0 -1.0 -1.0 -3.0 -1.0 0.0 0.0 0.0 0.0 -3.0 0.0 -2.0 -2.0 -3.0 -1.0 -3.0 -4.0 -1.0 0.0 -4.0 0.0 -1.0 -2.0 -1.0 -1.0 -1.0 -3.0 -3.0 0.0 -3.0 -4.0 -1.0 -4.0 0.0 -4.0 -1.0 -2.0 -1.0 
-2.0 0.0 -2.0 -1.0 0.0 -4.0 -4.0 -2.0 0.0 -2.0 0.0 -1.0 -2.0 -2.0 -1.0 0.0 0.0 -1.0 -3.0 -4.0 -4.0 -1.0 -2.0 -4.0 -3.0 -2.0 -3.0 -1.0 -4.0 0.0 -2.0 -2.0 0.0 -4.0 0.0 0.0 -1.0 0.0 -1.0 -2.0 0.0 -3.0 0.0 198.0 -4.0 -2.0 -1.0 -3.0 -4.0 -2.0 -1.0 -4.0 0.0 -1.0 -1.0 -2.0 -3.0 0.0 -1.0 -2.0 0.0 -4.0 0.0 -2.0 0.0 -1.0 0.0 0.0 -4.0 -1.0 0.0 -1.0 -3.0 0.0 -3.0 0.0 -3.0 -4.0 -3.0 -1.0 -2.0 -2.0 -1.0 -3.0 -2.0 -1.0 0.0 -1.0 -4.0 0.0 -2.0 -1.0 -1.0 -3.0 -1.0 -1.0 -4.0 -2.0 -3.0 0.0 -4.0 -3.0 -2.0 0.0 -4.0 -3.0 -3.0 -1.0 -1.0 -3.0 -1.0 0.0 -4.0 -2.0 -2.0 
0.0 -2.0 -3.0 0.0 -3.0 -4.0 -1.0 -4.0 0.0 -4.0 -2.0 0.0 0.0 -2.0 -1.0 -4.0 -3.0 -3.0 -2.0 -4.0 -2.0 -3.0 0.0 -2.0 -2.0 -4.0 -1.0 -1.0 -3.0 -3.0 -2.0 -1.0 0.0 -1.0 -1.0 -4.0 -2.0 -2.0 0.0 -4.0 -1.0 0.0 -1.0 -2.0 228.0 -1.0 -3.0 0.0 -2.0 -3.0 0.0 -4.0 -3.0 -2.0 -3.0 0.0 -3.0 -3.0 -4.0 -2.0 0.0 -1.0 -4.0 0.0 -2.0 -4.0 -2.0 -4.0 0.0 -2.0 0.0 -4.0 -1.0 -2.0 0.0 -4.0 -4.0 -1.0 0.0 0.0 -4.0 -2.0 -4.0 -1.0 -4.0 0.0 -4.0 0.0 -2.0 0.0 -3.0 -4.0 -1.0 0.0 0.0 -4.0 -3.0 0.0 -3.0 -2.0 -3.0 -4.0 0.0 -2.0 -1.0 -1.0 -3.0 -4.0 -2.0 -2.0 -4.0 -1.0 -3.0 -3.0 -2.0 
-3.0 -2.0 -4.0 -2.0 -1.0 -3.0 -1.0 -3.0 0.0 -1.0 -4.0 -3.0 -1.0 -2.0 -1.0 -2.0 -2.0 0.0 -4.0 -3.0 -3.0 -2.0 -2.0 0.0 0.0 -3.0 -4.0 0.0 0.0 -2.0 -2.0 -3.0 -1.0 -2.0 -1.0 -3.0 -2.0 -2.0 -4.0 0.0 -2.0 -2.0 -3.0 -2.0 -4.0 214.0 0.0 -4.0 -2.0 -3.0 -1.0 -2.0 -1.0 0.0 -2.0 -3.0 -2.0 -4.0 -3.0 -3.0 -2.0 -4.0 -2.0 -4.0 -1.0 -3.0 -3.0 0.0 -1.0 -3.0 -3.0 0.0 0.0 0.0 0.0 0.0 -4.0 -2.0 -2.0 -1.0 -1.0 -1.0 -1.0 -4.0 -4.0 -2.0 0.0 0.0 -1.0 0.0 -2.0 -1.0 -1.0 0.0 0.0 -4.0 -3.0 0.0 -4.0 -1.0 0.0 -4.0 -4.0 -2.0 -2.0 -1.0 -1.0 0.0 -2.0 -2.0 -4.0 -2.0 -3.0 -1.0 0.0 
-1.0 -4.0 -4.0 -4.0 -4.0 -4.0 -2.0 -2.0 -1.0 -1.0 -2.0 0.0 -4.0 0.0 -2.0 -3.0 -2.0 -1.0 -1.0 -1.0 -1.0 -1.0 0.0 -3.0 -1.0 -4.0 -2.0 -2.0 0.0 0.0 -3.0 0.0 -1.0 -4.0 -1.0 -2.0 0.0 -2.0 -4.0 0.0 -1.0 -2.0 -3.0 -2.0 -1.0 -1.0 230.0 -2.0 -3.0 -1.0 -1.0 -1.0 -1.0 0.0 -1.0 -1.0 -4.0 0.0 -4.0 -4.0 -4.0 0.0 -3.0 0.0 -3.0 -4.0 -2.0 -1.0 -1.0 -4.0 -2.0 -4.0 -3.0 -4.0 0.0 -2.0 -3.0 -3.0 -3.0 -2.0 -2.0 -1.0 -2.0 -3.0 -2.0 -2.0 -4.0 -1.0 -4.0 -2.0 -3.0 0.0 0.0 -4.0 -2.0 0.0 -4.0 -3.0 -2.0 -1.0 -1.0 -3.0 -2.0 -2.0 -4.0 0.0 0.0 -2.0 -4.0 -4.0 -3.0 -4.0 -2.0 -1.0 -1.0 
-1.0 -1.0 -4.0 -4.0 -3.0 -3.0 -2.0 0.0 -1.0 -4.0 -1.0 0.0 0.0 0.0 -2.0 -4.0 -4.0 -4.0 -3.0 -3.0 -1.0 -4.0 -3.0 -2.0 -4.0 -2.0 0.0 -4.0 -4.0 -2.0 -1.0 -2.0 -1.0 0.0 -2.0 -3.0 -2.0 0.0 -1.0 -4.0 -3.0 -4.0 -1.0 -2.0 0.0 0.0 0.0 237.0 -4.0 -3.0 0.0 -1.0 0.0 0.0 0.0 -4.0 -1.0 -1.0 -3.0 0.0 -1.0 0.0 -3.0 -2.0 0.0 -2.0 -4.0 0.0 -4.0 -3.0 -2.0 -3.0 -4.0 -3.0 -3.0 -4.0 -3.0 -4.0 -3.0 -1.0 -1.0 -4.0 -1.0 -3.0 -1.0 -2.0 -3.0 0.0 -1.0 -4.0 -2.0 -3.0 0.0 -1.0 -2.0 -1.0 -3.0 -4.0 -1.0 -4.0 -3.0 -3.0 -4.0 -4.0 0.0 -1.0 -4.0 -2.0 0.0 -4.0 -2.0 -1.0 -2.0 -1.0 -3.0 
-2.0 -3.0 0.0 -1.0 -3.0 0.0 -1.0 0.0 -4.0 -2.0 -3.0 -4.0 0.0 -1.0 -3.0 -1.0 0.0 0.0 -4.0 0.0 -4.0 -1.0 -4.0 -3.0 0.0 0.0 -4.0 0.0 -4.0 -3.0 -1.0 -3.0 -3.0 -3.0 0.0 0.0 -2.0 0.0 -3.0 0.0 -4.0 -4.0 0.0 -1.0 -4.0 -3.0 -1.0 0.0 200.0 -1.0 -2.0 -2.0 -4.0 -1.0 -2.0 -1.0 -3.0 0.0 -1.0 0.0 0.0 -3.0 0.0 -1.0 0.0 0.0 -2.0 -1.0 -2.0 -1.0 -4.0 -3.0 -4.0 -1.0 -2.0 0.0 0.0 -2.0 -2.0 -1.0 0.0 0.0 -3.0 -4.0 -3.0 -3.0 -1.0 -2.0 -4.0 0.0 -1.0 0.0 -2.0 0.0 -4.0 -3.0 -1.0 -2.0 -3.0 0.0 -3.0 -2.0 -3.0 -2.0 -4.0 -4.0 -3.0 -2.0 -3.0 0.0 0.0 0.0 -4.0 0.0 -1.0 
-2.0 -2.0 0.0 -3.0 -4.0 -3.0 -2.0 -4.0 -3.0 -1.0 -3.0 -3.0 -1.0 -4.0 0.0 -2.0 0.0 -2.0 -4.0 0.0 -3.0 0.0 0.0 -2.0 -4.0 -3.0 -3.0 0.0 -3.0 -4.0 -3.0 -4.0 -1.0 -4.0 -1.0 -2.0 0.0 -4.0 0.0 -1.0 0.0 -3.0 -1.0 -1.0 -4.0 0.0 -2.0 -4.0 0.0 233.0 -1.0 -1.0 -3.0 -1.0 -2.0 -4.0 -2.0 0.0 -1.0 -1.0 -4.0 -4.0 -3.0 0.0 -1.0 -3.0 -2.0 -4.0 0.0 -2.0 -3.0 -3.0 0.0 -4.0 -2.0 -3.0 -2.0 0.0 -2.0 -1.0 0.0 -3.0 -2.0 -3.0 -3.0 -1.0 -3.0 0.0 -4.0 -4.0 -1.0 -3.0 -2.0 0.0 0.0 -3.0 -3.0 -1.0 -1.0 -2.0 -3.0 0.0 -3.0 -1.0 -4.0 -3.0 -2.0 -1.0 -4.0 -4.0 -2.0 -2.0 0.0 -4.0 -2.0 
-1.0 -2.0 -3.0 -4.0 -2.0 -1.0 -2.0 -4.0 -2.0 -4.0 -4.0 0.0 -2.0 -2.0 0.0 -4.0 0.0 -4.0 0.0 0.0 -3.0 -3.0 -4.0 -2.0 -3.0 -2.0 0.0 -2.0 0.0 0.0 -4.0 -3.0 0.0 -2.0 -2.0 0.0 0.0 -3.0 -3.0 -2.0 0.0 -4.0 0.0 0.0 0.0 -1.0 0.0 -4.0 -3.0 -1.0 215.0 -1.0 0.0 -2.0 0.0 0.0 -3.0 -1.0 0.0 -3.0 -3.0 -4.0 -3.0 -1.0 -2.0 -3.0 -2.0 -2.0 -3.0 0.0 -1.0 -2.0 -1.0 -4.0 0.0 -1.0 -1.0 -1.0 -4.0 -4.0 -1.0 0.0 -3.0 -2.0 0.0 -4.0 -1.0 0.0 -3.0 -3.0 0.0 -4.0 -4.0 -1.0 -4.0 -3.0 -2.0 -4.0 -3.0 -3.0 -4.0 -3.0 -3.0 0.0 0.0 -4.0 0.0 -1.0 -4.0 -3.0 0.0 -3.0 0.0 -1.0 0.0 
-3.0 -2.0 -1.0 -2.0 -4.0 -3.0 -2.0 -1.0 -2.0 -3.0 -3.0 -3.0 0.0 -1.0 -2.0 -2.0 -2.0 -1.0 0.0 0.0 -3.0 -1.0 -4.0 -3.0 -3.0 -1.0 -1.0 -2.0 -1.0 -3.0 -2.0 -4.0 -3.0 0.0 -4.0 -1.0 -2.0 -3.0 -1.0 0.0 0.0 0.0 -3.0 0.0 0.0 -3.0 -2.0 -1.0 -4.0 -1.0 -4.0 221.0 -1.0 -2.0 -1.0 -4.0 -3.0 -4.0 -4.0 0.0 -4.0 -1.0 -4.0 -1.0 -1.0 -1.0 -3.0 -1.0 -2.0 -2.0 -4.0 -3.0 -1.0 -4.0 -1.0 -4.0 -1.0 0.0 0.0 -2.0 -1.0 -4.0 -1.0 -3.0 -4.0 -3.0 -1.0 0.0 -1.0 -4.0 0.0 -1.0 0.0 -2.0 -1.0 -4.0 -1.0 -1.0 0.0 -3.0 0.0 -2.0 -1.0 -2.0 -2.0 -4.0 -3.0 -4.0 -1.0 -1.0 -4.0 -4.0 -1.0 0.0 -1.0 
0.0 0.0 -2.0 0.0 -4.0 -3.0 0.0 -2.0 0.0 0.0 0.0 0.0 -4.0 -3.0 -1.0 0.0 0.0 -3.0 -4.0 0.0 0.0 -3.0 -4.0 -2.0 -3.0 -1.0 0.0 -1.0 0.0 -1.0 0.0 -4.0 -1.0 -2.0 0.0 -1.0 0.0 -2.0 -3.0 -2.0 -4.0 -2.0 -3.0 -3.0 -1.0 -3.0 0.0 -4.0 -2.0 -2.0 -4.0 0.0 202.0 -2.0 -1.0 -4.0 0.0 0.0 -1.0 -1.0 -3.0 -4.0 -3.0 0.0 -4.0 -3.0 -3.0 -2.0 -3.0 -3.0 -4.0 -3.0 -2.0 -4.0 -1.0 -1.0 -3.0 0.0 -4.0 0.0 -3.0 0.0 -1.0 -1.0 -4.0 -3.0 -3.0 -1.0 -3.0 -3.0 0.0 0.0 -2.0 0.0 -3.0 -3.0 -4.0 0.0 0.0 0.0 -2.0 -4.0 -1.0 -1.0 -1.0 -2.0 -1.0 -3.0 0.0 -3.0 -4.0 -1.0 0.0 -1.0 -1.0 
-4.0 -4.0 -4.0 0.0 0.0 -1.0 0.0 -3.0 -3.0 0.0 -3.0 -2.0 -1.0 0.0 -1.0 0.0 -4.0 -2.0 -1.0 -3.0 -3.0 -2.0 0.0 0.0 -2.0 -1.0 0.0 -1.0 -1.0 -3.0 -4.0 -1.0 -2.0 -3.0 0.0 -2.0 -4.0 0.0 0.0 -2.0 -3.0 -1.0 -1.0 -1.0 -1.0 0.0 -3.0 -1.0 0.0 -3.0 -2.0 -3.0 0.0 218.0 -2.0 -2.0 -1.0 -4.0 -2.0 -3.0 -1.0 -4.0 -4.0 -1.0 -4.0 -3.0 -3.0 -1.0 -2.0 -3.0 -1.0 -1.0 -1.0 -4.0 -1.0 -3.0 -2.0 -1.0 0.0 -4.0 -1.0 -4.0 -4.0 -4.0 -4.0 -3.0 0.0 -2.0 -4.0 -2.0 -1.0 -1.0 -4.0 -1.0 -2.0 -1.0 -4.0 -1.0 -2.0 0.0 -1.0 -1.0 0.0 -4.0 -2.0 0.0 0.0 -2.0 -4.0 -2.0 -3.0 -4.0 0.0 -2.0 -4.0 
-1.0 0.0 0.0 -3.0 -2.0 -3.0 -1.0 0.0 0.0 0.0 -2.0 -3.0 -3.0 -2.0 -3.0 -4.0 -2.0 -2.0 0.0 -4.0 -4.0 -3.0 -2.0 0.0 -3.0 -3.0 0.0 -1.0 -3.0 -1.0 -4.0 0.0 -3.0 0.0 -2.0 -4.0 -3.0 0.0 -2.0 0.0 -4.0 0.0 -4.0 -1.0 -1.0 -2.0 0.0 -2.0 0.0 -1.0 0.0 -3.0 -4.0 -2.0 218.0 -2.0 0.0 -1.0 -1.0 -1.0 -3.0 -2.0 0.0 -2.0 -4.0 -1.0 -3.0 0.0 -4.0 -3.0 0.0 0.0 -3.0 -3.0 0.0 -3.0 -2.0 -4.0 -1.0 -3.0 -1.0 -4.0 -3.0 0.0 -1.0 -4.0 -4.0 0.0 -3.0 -4.0 -4.0 0.0 0.0 -1.0 -3.0 -2.0 0.0 -4.0 -3.0 -1.0 -1.0 0.0 -2.0 -4.0 -4.0 -4.0 -1.0 0.0 -1.0 0.0 -3.0 -4.0 -3.0 -3.0 -3.0 
0.0 0.0 -1.0 -4.0 0.0 -2.0 -3.0 -4.0 0.0 -2.0 -2.0 0.0 -4.0 -3.0 -4.0 -1.0 0.0 -2.0 -2.0 -3.0 -1.0 -1.0 -1.0 0.0 0.0 0.0 -3.0 -4.0 0.0 -4.0 -1.0 0.0 -1.0 0.0 -2.0 -2.0 -2.0 -2.0 -1.0 -2.0 -1.0 -1.0 -4.0 -4.0 -2.0 -1.0 -2.0 -3.0 0.0 -3.0 -2.0 0.0 -1.0 -1.0 -2.0 197.0 -1.0 -3.0 -4.0 -4.0 0.0 -3.0 -1.0 -2.0 -1.0 -4.0 -4.0 -3.0 -2.0 0.0 -3.0 -2.0 0.0 -2.0 -3.0 0.0 -2.0 -3.0 -1.0 -2.0 -2.0 0.0 -2.0 -2.0 0.0 -4.0 0.0 -2.0 -2.0 -4.0 -2.0 0.0 -1.0 0.0 0.0 -4.0 -2.0 0.0 -2.0 -3.0 -1.0 -2.0 -3.0 0.0 -1.0 0.0 -4.0 -1.0 -3.0 -1.0 -1.0 -3.0 0.0 -2.0 -2.0 
0.0 -4.0 -4.0 -2.0 -1.0 -2.0 -4.0 -4.0 -1.0 -2.0 -4.0 -1.0 -4.0 -1.0 -3.0 -1.0 -1.0 -2.0 0.0 -1.0 -1.0 0.0 -3.0 -4.0 -2.0 -1.0 -4.0 -4.0 -4.0 -1.0 -1.0 0.0 -1.0 -4.0 0.0 -4.0 0.0 -1.0 0.0 -4.0 -3.0 -4.0 -4.0 -2.0 -2.0 0.0 0.0 0.0 -1.0 -3.0 -3.0 -1.0 -3.0 -4.0 0.0 -2.0 233.0 0.0 -4.0 -1.0 -4.0 -3.0 -1.0 0.0 0.0 -4.0 -4.0 -2.0 -3.0 -1.0 0.0 0.0 -4.0 -2.0 -3.0 -1.0 -4.0 -4.0 -2.0 -3.0 -4.0 -1.0 -4.0 0.0 -1.0 -2.0 -4.0 -3.0 -3.0 -4.0 -1.0 -3.0 0.0 0.0 -3.0 -1.0 -2.0 -3.0 -1.0 -2.0 -1.0 -4.0 0.0 -1.0 -3.0 -1.0 -2.0 -1.0 -1.0 -4.0 -1.0 -2.0 -1.0 -4.0 -2.0 
-3.0 -1.0 -4.0 -3.0 -4.0 -1.0 -4.0 -3.0 -1.0 0.0 -3.0 -3.0 -2.0 -2.0 -3.0 -4.0 -4.0 -2.0 -1.0 -3.0 0.0 -3.0 -2.0 -4.0 -1.0 -2.0 0.0 -3.0 -4.0 -2.0 -2.0 -4.0 0.0 -3.0 -1.0 0.0 -1.0 -2.0 -2.0 -1.0 -4.0 -3.0 -4.0 -3.0 -2.0 -1.0 0.0 -4.0 -3.0 -2.0 0.0 -3.0 -1.0 -1.0 -2.0 -1.0 -1.0 238.0 0.0 -4.0 -1.0 -3.0 0.0 -3.0 -1.0 -2.0 -1.0 -2.0 -4.0 -2.0 -3.0 -4.0 -2.0 0.0 0.0 -3.0 -4.0 0.0 -1.0 0.0 -2.0 0.0 -3.0 -3.0 -3.0 -4.0 -2.0 -3.0 -4.0 -4.0 -3.0 -2.0 -4.0 -4.0 -3.0 -1.0 -3.0 -1.0 -3.0 -4.0 -3.0 0.0 -3.0 -2.0 0.0 -2.0 -3.0 0.0 -2.0 0.0 -1.0 0.0 -1.0 -1.0 -1.0 
-4.0 -3.0 -1.0 0.0 -2.0 -2.0 -4.0 0.0 -4.0 -4.0 -2.0 -4.0 -2.0 -2.0 -4.0 0.0 -1.0 -4.0 -3.0 -4.0 -4.0 -3.0 -2.0 -1.0 -3.0 -3.0 -2.0 -4.0 -3.0 0.0 -4.0 -1.0 -1.0 -3.0 -2.0 -1.0 -1.0 -1.0 -1.0 -2.0 0.0 -1.0 -3.0 -1.0 -2.0 -2.0 -4.0 -4.0 -2.0 -2.0 -3.0 -3.0 -1.0 0.0 -3.0 -3.0 -3.0 -2.0 235.0 -2.0 -2.0 -3.0 -3.0 -2.0 -4.0 0.0 -1.0 0.0 -4.0 0.0 0.0 -1.0 -2.0 -3.0 -3.0 -1.0 -4.0 -2.0 -3.0 0.0 0.0 -4.0 -1.0 -4.0 0.0 -2.0 -3.0 0.0 0.0 -1.0 -3.0 -1.0 -2.0 -4.0 -2.0 0.0 -3.0 -2.0 -1.0 0.0 0.0 -3.0 -3.0 0.0 -2.0 -4.0 -3.0 -2.0 -3.0 0.0 -3.0 -3.0 -2.0 -2.0 -1.0 
-2.0 -4.0 -3.0 -4.0 -3.0 -2.0 -2.0 -4.0 -3.0 -1.0 -4.0 -2.0 -1.0 -1.0 -4.0 -1.0 -2.0 -1.0 -4.0 -4.0 -3.0 -1.0 0.0 -3.0 -2.0 -1.0 0.0 0.0 -4.0 -2.0 0.0 -1.0 -4.0 -1.0 -2.0 -2.0 -3.0 0.0 -1.0 -2.0 -1.0 -4.0 -3.0 -4.0 -1.0 -1.0 -3.0 -2.0 -2.0 -2.0 -3.0 -4.0 -4.0 -2.0 -1.0 -1.0 -4.0 -2.0 0.0 237.0 0.0 -3.0 -2.0 -2.0 -2.0 -1.0 0.0 -1.0 -1.0 -4.0 -4.0 -4.0 -2.0 -2.0 -4.0 -2.0 -1.0 -3.0 -4.0 -3.0 -1.0 -1.0 0.0 -3.0 -1.0 -4.0 -4.0 -1.0 -3.0 -1.0 -1.0 -1.0 -3.0 0.0 -1.0 -4.0 -3.0 -3.0 -2.0 -3.0 -1.0 0.0 -1.0 -1.0 -3.0 -1.0 -2.0 0.0 -2.0 -3.0 -1.0 -2.0 -3.0 -2.0 -2.0 
-1.0 -4.0 0.0 -2.0 -2.0 0.0 -2.0 -3.0 0.0 0.0 -2.0 -3.0 -2.0 -4.0 -2.0 -4.0 -4.0 -4.0 -4.0 -4.0 0.0 -3.0 -4.0 -1.0 -3.0 0.0 -4.0 -4.0 -4.0 -2.0 -2.0 0.0 -2.0 0.0 -3.0 -3.0 0.0 -4.0 -2.0 -4.0 -4.0 -1.0 -2.0 -2.0 -1.0 -4.0 0.0 -2.0 -3.0 0.0 -2.0 -2.0 0.0 -2.0 0.0 0.0 -1.0 0.0 -4.0 -1.0 247.0 -4.0 -4.0 -1.0 -2.0 -3.0 0.0 -4.0 -3.0 -2.0 -2.0 -4.0 -4.0 -4.0 -4.0 0.0 0.0 0.0 -4.0 -4.0 -3.0 -2.0 0.0 -3.0 -4.0 -1.0 -4.0 -4.0 -4.0 -1.0 0.0 -1.0 -2.0 -1.0 -3.0 -4.0 -1.0 -1.0 -1.0 -2.0 -4.0 -3.0 -1.0 -2.0 -3.0 0.0 0.0 -4.0 -4.0 -2.0 0.0 -2.0 -4.0 0.0 -4.0 
-4.0 -3.0 -3.0 0.0 0.0 -3.0 0.0 0.0 0.0 -3.0 -3.0 -4.0 0.0 0.0 -3.0 -4.0 -3.0 -2.0 -3.0 -1.0 0.0 -2.0 -3.0 -1.0 -3.0 -3.0 -2.0 -3.0 0.0 -4.0 0.0 -4.0 0.0 -3.0 -3.0 -3.0 -2.0 0.0 -3.0 -2.0 -3.0 -1.0 -2.0 0.0 0.0 -3.0 0.0 -3.0 -2.0 0.0 -2.0 -1.0 -2.0 -3.0 -4.0 -3.0 0.0 -3.0 -3.0 -3.0 -2.0 230.0 -3.0 0.0 -2.0 -1.0 -2.0 -4.0 -2.0 -3.0 -3.0 0.0 -3.0 -2.0 0.0 -4.0 -2.0 -2.0 -2.0 -4.0 -4.0 -2.0 -3.0 -4.0 0.0 -2.0 -3.0 -4.0 -2.0 0.0 -4.0 -1.0 0.0 -4.0 -4.0 -4.0 -4.0 0.0 -4.0 -1.0 0.0 -1.0 -2.0 -1.0 0.0 -3.0 -2.0 -3.0 -2.0 0.0 0.0 -3.0 0.0 -3.0 -1.0 
-1.0 -1.0 -1.0 0.0 0.0 -1.0 0.0 -1.0 -4.0 -2.0 -4.0 0.0 -2.0 -4.0 -4.0 -3.0 -2.0 -1.0 -1.0 -4.0 -1.0 -2.0 -2.0 -3.0 -3.0 -3.0 -2.0 -2.0 -3.0 0.0 -3.0 -3.0 -3.0 -2.0 -4.0 0.0 -2.0 -3.0 0.0 -3.0 0.0 -2.0 -2.0 -1.0 -4.0 0.0 -3.0 -4.0 0.0 -1.0 -2.0 -4.0 -4.0 0.0 0.0 -1.0 -1.0 -4.0 -1.0 -2.0 -4.0 0.0 225.0 -2.0 -2.0 0.0 -1.0 -4.0 -4.0 -2.0 -4.0 -3.0 -2.0 -2.0 -2.0 -1.0 -1.0 -3.0 0.0 0.0 -4.0 -4.0 -3.0 -4.0 -1.0 -3.0 0.0 -2.0 0.0 -2.0 0.0 0.0 -2.0 -2.0 0.0 -4.0 -4.0 -1.0 -4.0 0.0 -4.0 -4.0 -2.0 -1.0 -3.0 -1.0 -2.0 -2.0 -2.0 -3.0 -3.0 0.0 -1.0 -2.0 -2.0 
-1.0 -3.0 -3.0 0.0 -3.0 -3.0 0.0 -4.0 0.0 0.0 -1.0 -3.0 -3.0 -3.0 -3.0 -4.0 0.0 -3.0 -1.0 -3.0 -2.0 -1.0 -1.0 0.0 -3.0 0.0 -2.0 0.0 -4.0 -2.0 -3.0 -2.0 -3.0 0.0 -4.0 -1.0 -3.0 0.0 -2.0 -3.0 0.0 -4.0 0.0 -1.0 0.0 0.0 -1.0 0.0 -4.0 -1.0 -1.0 -4.0 -3.0 -2.0 -3.0 -3.0 -4.0 -4.0 -4.0 -4.0 -1.0 -2.0 0.0 239.0 -4.0 0.0 0.0 0.0 -4.0 -4.0 -1.0 -3.0 -2.0 -1.0 -3.0 -3.0 -4.0 -2.0 -1.0 0.0 -3.0 -2.0 0.0 -3.0 0.0 -1.0 -4.0 -3.0 -3.0 -4.0 -4.0 0.0 -4.0 -1.0 -4.0 -2.0 -1.0 -3.0 -4.0 -2.0 -1.0 -3.0 -3.0 -4.0 -1.0 -4.0 0.0 -3.0 0.0 -3.0 -3.0 -4.0 -2.0 -3.0 -2.0 
-4.0 -3.0 -4.0 -1.0 -3.0 -4.0 0.0 -2.0 0.0 -2.0 -4.0 -3.0 -3.0 -2.0 -4.0 -4.0 -2.0 -3.0 0.0 0.0 -4.0 -3.0 -1.0 -2.0 -3.0 0.0 -3.0 0.0 -4.0 0.0 -2.0 -3.0 -1.0 0.0 -1.0 -2.0 -3.0 -4.0 0.0 -2.0 -4.0 -4.0 -4.0 0.0 -1.0 -1.0 -4.0 -4.0 -1.0 -3.0 -1.0 -4.0 -3.0 -1.0 -3.0 -4.0 -3.0 -2.0 -4.0 0.0 -2.0 -1.0 -4.0 0.0 242.0 -1.0 -2.0 -1.0 -4.0 -1.0 -1.0 0.0 0.0 -1.0 -3.0 -2.0 0.0 -1.0 -3.0 -4.0 0.0 -2.0 -1.0 -3.0 -4.0 -1.0 -1.0 -2.0 0.0 -3.0 0.0 -3.0 -4.0 -4.0 -1.0 -3.0 -4.0 -3.0 -2.0 -1.0 -1.0 -2.0 -1.0 -2.0 -4.0 -1.0 -2.0 -3.0 -1.0 -2.0 -4.0 -2.0 -4.0 0.0 -3.0 
0.0 -4.0 -1.0 -3.0 -3.0 -2.0 -4.0 -4.0 -1.0 0.0 -2.0 -1.0 0.0 -3.0 -3.0 -2.0 -1.0 0.0 -2.0 -4.0 -3.0 -3.0 0.0 -1.0 0.0 -3.0 -3.0 -1.0 -1.0 -1.0 -3.0 -3.0 -3.0 -2.0 -1.0 -3.0 -2.0 -4.0 -1.0 -1.0 -3.0 -2.0 0.0 -1.0 -4.0 -4.0 -2.0 -1.0 -2.0 -3.0 -2.0 -3.0 -4.0 -2.0 -1.0 -1.0 0.0 -1.0 -2.0 -2.0 -3.0 -3.0 -1.0 -3.0 -2.0 239.0 -4.0 -1.0 -1.0 -3.0 -2.0 0.0 -2.0 -2.0 -4.0 -4.0 -2.0 -4.0 -3.0 -4.0 -3.0 0.0 -1.0 -4.0 -1.0 -4.0 -2.0 0.0 -4.0 -4.0 -1.0 0.0 -3.0 0.0 -3.0 0.0 -4.0 -3.0 -3.0 0.0 -3.0 -1.0 -2.0 -3.0 0.0 -1.0 -4.0 -1.0 -1.0 -2.0 -3.0 -3.0 -4.0 0.0 -4.0 
0.0 -4.0 0.0 0.0 -4.0 0.0 -1.0 -4.0 -4.0 -4.0 -1.0 -2.0 -1.0 -3.0 0.0 -2.0 -1.0 -2.0 -4.0 -1.0 0.0 -2.0 -2.0 -3.0 -2.0 -4.0 0.0 -4.0 -3.0 -4.0 -2.0 -1.0 -4.0 -3.0 0.0 -4.0 -2.0 -1.0 0.0 -3.0 -1.0 -3.0 -3.0 0.0 -4.0 -4.0 -3.0 -4.0 -2.0 -1.0 -2.0 -4.0 0.0 -2.0 -1.0 -2.0 -4.0 -4.0 -3.0 -4.0 -2.0 0.0 -4.0 -1.0 -1.0 -2.0 237.0 -2.0 -1.0 0.0 -4.0 -4.0 -3.0 -1.0 0.0 0.0 -2.0 -1.0 -1.0 0.0 -4.0 -1.0 -2.0 -1.0 0.0 -3.0 -4.0 -1.0 -1.0 -2.0 0.0 -4.0 -1.0 -2.0 -1.0 -3.0 -4.0 -1.0 -4.0 -1.0 -4.0 -2.0 -4.0 -2.0 -3.0 -2.0 -3.0 -4.0 -3.0 0.0 -1.0 -1.0 -1.0 -2.0 -3.0 
-2.0 0.0 -3.0 -2.0 -4.0 0.0 0.0 -2.0 -4.0 -3.0 -4.0 -3.0 -3.0 0.0 -2.0 -2.0 -1.0 -2.0 -4.0 -2.0 -1.0 -2.0 -4.0 0.0 -1.0 -3.0 -4.0 -4.0 -3.0 0.0 -3.0 -1.0 -1.0 0.0 -4.0 -3.0 0.0 0.0 -1.0 -3.0 -3.0 -1.0 -3.0 0.0 -4.0 -3.0 -2.0 -2.0 -1.0 -2.0 -1.0 -1.0 -2.0 -2.0 -4.0 -4.0 -3.0 -3.0 0.0 -3.0 -1.0 -3.0 -2.0 -4.0 -4.0 -1.0 -4.0 224.0 0.0 -4.0 -1.0 -1.0 -2.0 -2.0 -2.0 0.0 -3.0 0.0 -3.0 0.0 -4.0 -4.0 -1.0 0.0 0.0 0.0 -4.0 -3.0 -1.0 0.0 -3.0 0.0 -2.0 -4.0 -3.0 -2.0 -3.0 -1.0 -3.0 -1.0 -2.0 -3.0 0.0 -1.0 -2.0 0.0 0.0 -4.0 -3.0 0.0 -1.0 0.0 -2.0 -1.0 -4.0 
-1.0 -1.0 -2.0 -1.0 -3.0 -1.0 -4.0 -1.0 -1.0 -1.0 0.0 -4.0 -4.0 -4.0 -3.0 -1.0 -2.0 -2.0 -2.0 -2.0 -2.0 -2.0 -3.0 -4.0 0.0 -1.0 -4.0 -3.0 -1.0 -1.0 -3.0 0.0 -1.0 0.0 -1.0 -4.0 -3.0 0.0 -3.0 -3.0 -4.0 -1.0 -3.0 0.0 -4.0 -1.0 -1.0 -3.0 -3.0 -1.0 -1.0 -4.0 0.0 -2.0 -4.0 -2.0 0.0 0.0 -3.0 -4.0 0.0 -2.0 0.0 -4.0 -3.0 -1.0 -1.0 -2.0 231.0 -1.0 0.0 -4.0 -3.0 -2.0 0.0 -2.0 -1.0 -2.0 -3.0 -2.0 0.0 -3.0 -2.0 -3.0 -3.0 -3.0 -2.0 -2.0 -2.0 -1.0 -2.0 -1.0 -4.0 -2.0 -3.0 -4.0 -4.0 -2.0 -1.0 0.0 -4.0 -1.0 -4.0 -3.0 -2.0 -4.0 -1.0 -2.0 -2.0 -1.0 -4.0 -2.0 -1.0 -1.0 -2.0 
-4.0 -2.0 -4.0 0.0 -3.0 -2.0 -1.0 -4.0 -4.0 -2.0 -2.0 -4.0 -3.0 -1.0 -4.0 -1.0 -2.0 -3.0 0.0 -1.0 -2.0 -4.0 -4.0 -4.0 -4.0 0.0 -1.0 -1.0 -3.0 -2.0 -4.0 0.0 -3.0 -4.0 -2.0 0.0 -3.0 -2.0 -2.0 0.0 -4.0 -1.0 -2.0 0.0 -3.0 0.0 -1.0 -3.0 -2.0 -3.0 0.0 -4.0 -1.0 -1.0 -1.0 0.0 -3.0 -3.0 -2.0 -1.0 -1.0 -3.0 0.0 -3.0 0.0 -2.0 -4.0 -3.0 -4.0 227.0 -4.0 -1.0 -3.0 -4.0 -1.0 -3.0 -2.0 -4.0 -3.0 -1.0 -3.0 -4.0 -3.0 -1.0 -3.0 -2.0 -3.0 0.0 -2.0 -4.0 0.0 -1.0 -2.0 -1.0 -1.0 0.0 -1.0 -1.0 -1.0 0.0 -1.0 0.0 -3.0 -1.0 -4.0 -1.0 -1.0 0.0 -2.0 0.0 -2.0 0.0 -1.0 -1.0 -4.0 
-3.0 -2.0 -3.0 0.0 -1.0 -1.0 -3.0 0.0 -2.0 -3.0 -4.0 -4.0 -3.0 -2.0 -2.0 -4.0 -1.0 -4.0 -4.0 -3.0 -3.0 0.0 0.0 -2.0 -4.0 -2.0 -4.0 0.0 -3.0 -1.0 0.0 0.0 0.0 -3.0 0.0 -4.0 0.0 0.0 0.0 -2.0 -2.0 -1.0 -3.0 -2.0 -4.0 -4.0 -1.0 -3.0 0.0 -1.0 -4.0 -3.0 -2.0 -3.0 0.0 -3.0 -4.0 -1.0 -1.0 -2.0 -4.0 -4.0 -1.0 -4.0 -3.0 -3.0 0.0 -3.0 -2.0 -2.0 240.0 -2.0 -2.0 -4.0 -3.0 -3.0 0.0 -3.0 -2.0 -1.0 -4.0 -3.0 0.0 -3.0 -4.0 -1.0 -3.0 -4.0 -4.0 0.0 0.0 0.0 0.0 -3.0 -1.0 -3.0 -3.0 -4.0 -1.0 0.0 -4.0 -3.0 -3.0 -3.0 0.0 -4.0 -1.0 -3.0 0.0 -2.0 -1.0 -3.0 -2.0 -3.0 0.0 
0.0 -3.0 -1.0 0.0 0.0 -1.0 -1.0 0.0 0.0 -1.0 -4.0 -4.0 -3.0 -2.0 -2.0 0.0 -4.0 -1.0 -3.0 -4.0 -2.0 -1.0 -1.0 -1.0 -1.0 -3.0 -3.0 0.0 -4.0 -1.0 0.0 -3.0 0.0 -2.0 -3.0 -1.0 0.0 -3.0 0.0 -4.0 -4.0 -4.0 -2.0 0.0 -2.0 -4.0 -2.0 -4.0 0.0 0.0 0.0 -2.0 0.0 -2.0 -4.0 0.0 -2.0 -1.0 -4.0 -3.0 -3.0 -2.0 0.0 -2.0 -4.0 -3.0 -1.0 0.0 -2.0 -1.0 -2.0 193.0 -3.0 0.0 0.0 0.0 0.0 -2.0 -4.0 -1.0 -1.0 0.0 -4.0 -1.0 -1.0 -1.0 -1.0 -1.0 -1.0 -2.0 0.0 -1.0 -1.0 0.0 -4.0 -1.0 -2.0 -3.0 -2.0 -2.0 -4.0 -3.0 -2.0 -2.0 -1.0 -1.0 0.0 -4.0 0.0 -3.0 -1.0 -3.0 0.0 -1.0 -2.0 
0.0 -2.0 -2.0 0.0 0.0 -1.0 -2.0 -3.0 -4.0 -1.0 0.0 0.0 0.0 -2.0 -1.0 -3.0 -2.0 -1.0 -3.0 -3.0 -3.0 -2.0 -3.0 -4.0 -2.0 -3.0 -4.0 -1.0 0.0 -4.0 0.0 -1.0 0.0 0.0 -1.0 -4.0 -3.0 -3.0 -4.0 0.0 -4.0 -1.0 -4.0 0.0 -1.0 -3.0 -3.0 -1.0 0.0 -4.0 -1.0 -2.0 -3.0 -2.0 -4.0 -4.0 -4.0 -3.0 -1.0 -1.0 -4.0 -4.0 -2.0 -1.0 -4.0 0.0 -1.0 -2.0 0.0 -3.0 -4.0 -3.0 227.0 0.0 -3.0 -1.0 -4.0 -2.0 -2.0 -3.0 0.0 -3.0 -3.0 -2.0 -1.0 -1.0 0.0 -2.0 -1.0 -4.0 -3.0 -4.0 0.0 -2.0 0.0 0.0 -2.0 -2.0 -2.0 -2.0 0.0 -3.0 -2.0 -4.0 -1.0 -2.0 -4.0 -2.0 -1.0 -4.0 -2.0 0.0 0.0 -3.0 -4.0 
-1.0 -3.0 -2.0 -1.0 -3.0 -4.0 -4.0 -3.0 -4.0 -1.0 -2.0 -2.0 -2.0 -4.0 -4.0 -2.0 -4.0 -2.0 -2.0 -1.0 -3.0 0.0 -4.0 0.0 -2.0 -2.0 -2.0 0.0 0.0 -3.0 -3.0 -4.0 -1.0 -3.0 0.0 -4.0 0.0 -1.0 0.0 -3.0 0.0 -3.0 -1.0 -2.0 -3.0 0.0 -4.0 0.0 0.0 -4.0 -3.0 0.0 -4.0 0.0 -4.0 -1.0 -2.0 -3.0 -2.0 -1.0 -4.0 -3.0 -3.0 -4.0 -2.0 -2.0 -3.0 -1.0 0.0 0.0 -2.0 -3.0 -3.0 228.0 -1.0 0.0 -4.0 -4.0 -4.0 -4.0 -4.0 -1.0 -1.0 0.0 -1.0 -2.0 -4.0 0.0 0.0 -2.0 -2.0 -1.0 -4.0 0.0 -3.0 -1.0 -3.0 -2.0 -2.0 -1.0 0.0 -3.0 -4.0 0.0 0.0 -2.0 -2.0 0.0 -2.0 -3.0 -1.0 -2.0 -4.0 0.0 -1.0 
-4.0 -2.0 -1.0 -1.0 -2.0 -2.0 -4.0 -2.0 -4.0 -2.0 -2.0 -3.0 -4.0 -4.0 -4.0 -3.0 -4.0 -1.0 -2.0 -1.0 -1.0 -2.0 -4.0 -3.0 -4.0 -4.0 -1.0 -2.0 -1.0 -4.0 -3.0 -2.0 -4.0 0.0 -4.0 0.0 0.0 -1.0 -4.0 -1.0 -1.0 -3.0 -1.0 -4.0 -1.0 -4.0 -4.0 -3.0 -4.0 -4.0 -1.0 -3.0 0.0 -4.0 -4.0 -4.0 -3.0 -3.0 -3.0 -3.0 -1.0 -1.0 0.0 -3.0 -2.0 -2.0 -3.0 -2.0 -4.0 -1.0 -3.0 -4.0 -3.0 0.0 261.0 -2.0 -2.0 -3.0 -4.0 0.0 0.0 0.0 -1.0 -3.0 -1.0 -4.0 -4.0 0.0 0.0 -1.0 -2.0 -3.0 -3.0 0.0 -2.0 -2.0 -2.0 -2.0 -1.0 -3.0 -4.0 -4.0 0.0 -3.0 -2.0 -3.0 -4.0 -4.0 0.0 0.0 0.0 -2.0 -1.0 -2.0 -4.0 
-3.0 -2.0 -4.0 -2.0 -3.0 -2.0 0.0 -2.0 -4.0 -2.0 -3.0 -1.0 0.0 -2.0 -4.0 -3.0 -2.0 -2.0 0.0 -2.0 -4.0 0.0 -3.0 0.0 -4.0 0.0 0.0 -3.0 -2.0 -2.0 -4.0 -4.0 -1.0 -4.0 0.0 0.0 -2.0 -1.0 -4.0 -3.0 -3.0 -1.0 -3.0 -4.0 -3.0 -4.0 0.0 -4.0 -3.0 -2.0 -2.0 -4.0 0.0 0.0 -2.0 -1.0 -4.0 0.0 -2.0 -4.0 0.0 -2.0 0.0 -2.0 -2.0 -1.0 -3.0 -1.0 -2.0 -4.0 -4.0 -3.0 -1.0 -3.0 -1.0 245.0 -4.0 -2.0 -3.0 -2.0 -1.0 0.0 -3.0 -3.0 0.0 -2.0 -3.0 -2.0 -3.0 -4.0 -2.0 -3.0 -4.0 -2.0 -1.0 0.0 -3.0 -4.0 -4.0 -1.0 -2.0 -2.0 -1.0 0.0 -3.0 0.0 -3.0 -3.0 -3.0 -4.0 -2.0 -1.0 -2.0 -2.0 -2.0 
0.0 -2.0 -4.0 -3.0 -4.0 -2.0 -3.0 -2.0 -4.0 0.0 -2.0 -3.0 -1.0 -3.0 0.0 -2.0 -4.0 0.0 -1.0 -1.0 0.0 -4.0 0.0 -2.0 -4.0 -4.0 -1.0 -1.0 -4.0 -1.0 -1.0 -3.0 -1.0 -2.0 -1.0 -2.0 -3.0 -3.0 0.0 0.0 -3.0 0.0 0.0 -4.0 -4.0 -3.0 -1.0 -3.0 -2.0 -1.0 -1.0 -1.0 -2.0 -4.0 -3.0 0.0 -1.0 -3.0 -4.0 -4.0 -1.0 -2.0 0.0 -4.0 -2.0 0.0 0.0 -2.0 0.0 -4.0 0.0 -3.0 -4.0 -4.0 -4.0 -2.0 232.0 -2.0 -2.0 0.0 -3.0 -4.0 -1.0 -3.0 -2.0 -4.0 -2.0 -1.0 0.0 -3.0 0.0 -1.0 -4.0 0.0 -3.0 -1.0 -4.0 0.0 -1.0 -4.0 -3.0 -3.0 -2.0 0.0 -1.0 -3.0 -1.0 -1.0 -3.0 -3.0 0.0 -2.0 -4.0 -4.0 -3.0 
-1.0 -1.0 -4.0 -3.0 -4.0 -2.0 -1.0 -2.0 -1.0 -1.0 -2.0 -4.0 -1.0 -3.0 -4.0 -1.0 -1.0 -2.0 -1.0 0.0 -2.0 -1.0 0.0 -3.0 -4.0 -2.0 -3.0 -1.0 -2.0 -3.0 -4.0 0.0 -2.0 -4.0 -3.0 0.0 -4.0 -4.0 0.0 -2.0 -2.0 0.0 -3.0 -4.0 -4.0 -4.0 -1.0 0.0 -3.0 0.0 -1.0 0.0 -3.0 0.0 -2.0 0.0 -3.0 -1.0 -2.0 -2.0 -1.0 0.0 -1.0 -2.0 -4.0 -1.0 -2.0 -2.0 -1.0 -1.0 -4.0 -4.0 -4.0 -1.0 -4.0 -1.0 -4.0 246.0 -3.0 -3.0 -4.0 0.0 -3.0 0.0 -2.0 -2.0 -2.0 -3.0 -4.0 -2.0 -4.0 -3.0 -1.0 -2.0 -2.0 0.0 -4.0 -3.0 -4.0 0.0 -3.0 -4.0 -4.0 0.0 0.0 -4.0 -2.0 0.0 0.0 -4.0 -3.0 -4.0 -4.0 -4.0 -4.0 
-4.0 -2.0 -2.0 -1.0 -1.0 -1.0 0.0 -3.0 -4.0 -3.0 -2.0 -3.0 -4.0 -3.0 -3.0 -1.0 -4.0 -4.0 -1.0 -4.0 -3.0 0.0 -3.0 0.0 -1.0 0.0 -3.0 -4.0 -2.0 -3.0 0.0 -2.0 0.0 -2.0 -3.0 0.0 0.0 -4.0 -4.0 -1.0 0.0 -1.0 -2.0 -3.0 -2.0 0.0 -2.0 -1.0 -2.0 -1.0 0.0 -3.0 -3.0 -2.0 -3.0 -1.0 0.0 0.0 -3.0 -2.0 -1.0 -1.0 -1.0 0.0 -4.0 -2.0 0.0 -3.0 0.0 -3.0 0.0 -4.0 0.0 -2.0 -3.0 -2.0 -3.0 -2.0 212.0 0.0 -3.0 -2.0 0.0 -2.0 -1.0 -1.0 0.0 -2.0 -3.0 -2.0 0.0 -4.0 -4.0 -1.0 -2.0 0.0 -4.0 -2.0 -2.0 -4.0 -1.0 -1.0 -1.0 -2.0 0.0 -4.0 -4.0 -3.0 -1.0 -1.0 -3.0 0.0 0.0 -1.0 -4.0 
-3.0 -1.0 -3.0 -3.0 -2.0 -4.0 -2.0 -4.0 -2.0 -1.0 -4.0 -1.0 -2.0 -1.0 -1.0 -4.0 0.0 0.0 0.0 -3.0 -2.0 -3.0 0.0 -2.0 -1.0 0.0 0.0 -1.0 -1.0 -2.0 -4.0 -1.0 -3.0 0.0 -2.0 0.0 -4.0 -4.0 -3.0 -3.0 -2.0 -4.0 -1.0 -2.0 -3.0 0.0 -3.0 -3.0 -1.0 0.0 -4.0 -1.0 -3.0 -2.0 -2.0 -4.0 -1.0 -2.0 -4.0 -2.0 -2.0 -3.0 -3.0 -3.0 -4.0 0.0 0.0 -4.0 -4.0 0.0 -2.0 0.0 -2.0 0.0 -3.0 -2.0 0.0 0.0 -3.0 226.0 -3.0 -1.0 -3.0 -3.0 0.0 -1.0 -2.0 -3.0 -4.0 0.0 -2.0 -3.0 -3.0 0.0 -2.0 -2.0 -3.0 -1.0 -2.0 -2.0 -1.0 -1.0 -1.0 -1.0 -4.0 -2.0 -4.0 -1.0 -3.0 -1.0 -2.0 -2.0 -1.0 -4.0 -2.0 
-4.0 -3.0 -3.0 -3.0 -4.0 -2.0 0.0 0.0 -2.0 -4.0 -3.0 -2.0 -3.0 -1.0 0.0 -2.0 -2.0 -4.0 -1.0 -3.0 0.0 -2.0 0.0 -3.0 0.0 -4.0 -2.0 0.0 0.0 -3.0 -2.0 -4.0 -2.0 -2.0 -4.0 -2.0 -2.0 -1.0 -3.0 -1.0 -1.0 -1.0 -4.0 0.0 -3.0 -1.0 -3.0 -2.0 0.0 -4.0 -1.0 -2.0 -1.0 -3.0 -2.0 -4.0 -4.0 -2.0 -2.0 -1.0 -4.0 0.0 -4.0 -2.0 -2.0 -1.0 -3.0 -1.0 -4.0 -4.0 0.0 -4.0 -1.0 -1.0 -2.0 0.0 -2.0 -4.0 -4.0 -4.0 234.0 -1.0 -1.0 -4.0 -2.0 0.0 0.0 0.0 -2.0 -4.0 0.0 -4.0 -2.0 -1.0 -2.0 -4.0 -3.0 -2.0 -4.0 -2.0 0.0 0.0 -4.0 0.0 0.0 -2.0 0.0 -3.0 -3.0 -1.0 -1.0 -4.0 -4.0 -2.0 -1.0 
0.0 -3.0 -3.0 -3.0 0.0 -2.0 -4.0 -4.0 -2.0 -3.0 -3.0 -1.0 -4.0 0.0 -1.0 0.0 -3.0 -4.0 -3.0 0.0 -3.0 -2.0 -4.0 -1.0 -4.0 -3.0 -3.0 0.0 -4.0 -3.0 -4.0 -2.0 -1.0 -3.0 -1.0 -1.0 -3.0 0.0 -3.0 0.0 -4.0 -1.0 -1.0 -2.0 -4.0 -4.0 0.0 -1.0 0.0 -2.0 -2.0 -2.0 0.0 -4.0 -3.0 -2.0 0.0 -1.0 -3.0 -4.0 0.0 -2.0 -2.0 -4.0 -4.0 -1.0 -1.0 -1.0 0.0 -3.0 0.0 -3.0 -4.0 -4.0 -4.0 -1.0 0.0 0.0 -2.0 0.0 -2.0 233.0 -4.0 -4.0 -1.0 -3.0 -2.0 -2.0 -3.0 -1.0 0.0 0.0 -3.0 -1.0 -1.0 -1.0 -2.0 -4.0 -3.0 0.0 0.0 -4.0 -4.0 -1.0 -2.0 -1.0 -4.0 -3.0 -3.0 -3.0 -2.0 0.0 -3.0 0.0 -2.0 
-1.0 -2.0 -3.0 -2.0 -1.0 -3.0 -4.0 -3.0 0.0 -2.0 0.0 -1.0 -4.0 0.0 -4.0 0.0 -2.0 -2.0 0.0 -2.0 -3.0 -3.0 -3.0 -2.0 -4.0 0.0 -3.0 -3.0 -4.0 -4.0 0.0 0.0 -1.0 -2.0 -2.0 0.0 -2.0 -1.0 -2.0 0.0 -1.0 -4.0 -4.0 -4.0 -3.0 -3.0 -1.0 -2.0 -2.0 -1.0 0.0 -3.0 -3.0 -1.0 -4.0 -3.0 -2.0 0.0 0.0 -2.0 -4.0 -1.0 -2.0 -2.0 0.0 0.0 0.0 -2.0 -1.0 -4.0 -3.0 -2.0 -4.0 -3.0 0.0 -4.0 -1.0 -1.0 -1.0 0.0 0.0 -1.0 222.0 0.0 -3.0 -2.0 -3.0 -3.0 -1.0 -2.0 0.0 -3.0 0.0 -4.0 -4.0 -1.0 0.0 -2.0 -3.0 -4.0 0.0 -4.0 -3.0 -2.0 0.0 -2.0 -3.0 -3.0 -4.0 -2.0 -3.0 -2.0 -2.0 -2.0 -1.0 
-1.0 -2.0 -2.0 -4.0 0.0 0.0 -3.0 -2.0 -3.0 0.0 -1.0 -1.0 -2.0 -2.0 -2.0 0.0 0.0 -3.0 -1.0 -4.0 -2.0 -3.0 0.0 0.0 -1.0 0.0 -1.0 0.0 -2.0 -2.0 0.0 -4.0 -1.0 -3.0 -1.0 -1.0 0.0 -2.0 -4.0 -2.0 -3.0 -4.0 -4.0 -2.0 -4.0 -3.0 0.0 -2.0 -3.0 -3.0 -4.0 -4.0 0.0 0.0 -2.0 0.0 -4.0 -1.0 0.0 -4.0 -4.0 -2.0 -1.0 -3.0 -2.0 -1.0 0.0 -4.0 0.0 -4.0 -1.0 -1.0 -2.0 -3.0 -1.0 -2.0 -1.0 -1.0 -4.0 -4.0 -1.0 -4.0 -3.0 232.0 0.0 -4.0 -1.0 -4.0 -2.0 -2.0 -2.0 -4.0 -3.0 -4.0 0.0 -3.0 -2.0 -1.0 -3.0 -2.0 -3.0 -1.0 -1.0 -2.0 -3.0 -2.0 -3.0 -3.0 -1.0 -3.0 -3.0 -4.0 -4.0 -1.0 -3.0 
-2.0 -1.0 -4.0 -4.0 0.0 -3.0 0.0 0.0 -3.0 -3.0 0.0 -4.0 -3.0 -1.0 -4.0 0.0 -4.0 -4.0 0.0 -4.0 0.0 -2.0 -3.0 -1.0 0.0 -3.0 -4.0 -1.0 0.0 -4.0 -2.0 -2.0 -3.0 -4.0 -3.0 -4.0 -1.0 0.0 -4.0 -2.0 -1.0 -3.0 -1.0 -4.0 -1.0 -1.0 -3.0 -1.0 -1.0 -2.0 0.0 -4.0 -4.0 -2.0 -1.0 -4.0 -4.0 -3.0 -4.0 -4.0 -4.0 -1.0 -3.0 0.0 -1.0 -3.0 -2.0 -1.0 0.0 0.0 0.0 -3.0 -3.0 -4.0 -4.0 -1.0 -2.0 -2.0 -2.0 -2.0 -3.0 -4.0 -3.0 -4.0 245.0 -3.0 0.0 -3.0 -4.0 -4.0 -4.0 -1.0 -4.0 -3.0 -1.0 -2.0 -1.0 -2.0 0.0 -1.0 -3.0 -4.0 -3.0 0.0 -3.0 -2.0 -2.0 0.0 -3.0 -2.0 -1.0 0.0 0.0 -1.0 -1.0 
-1.0 -4.0 -3.0 -3.0 -3.0 -3.0 0.0 -3.0 -2.0 -4.0 0.0 -1.0 -1.0 -1.0 -1.0 -2.0 -4.0 -4.0 -4.0 -3.0 -4.0 -1.0 -3.0 -1.0 -2.0 -4.0 0.0 -1.0 -3.0 -2.0 -3.0 -1.0 0.0 0.0 -2.0 -4.0 0.0 -2.0 -1.0 -1.0 -3.0 -4.0 -1.0 -4.0 -2.0 -4.0 0.0 -1.0 -3.0 -3.0 -2.0 -1.0 -1.0 -1.0 0.0 -2.0 -1.0 -4.0 -1.0 0.0 0.0 -3.0 -3.0 -1.0 -2.0 -2.0 -2.0 0.0 -1.0 -1.0 -1.0 -1.0 -4.0 -4.0 -1.0 0.0 -3.0 -3.0 -2.0 -2.0 -2.0 -3.0 0.0 -4.0 -2.0 228.0 0.0 -3.0 -2.0 -3.0 -2.0 -4.0 -1.0 -4.0 -3.0 -2.0 0.0 -3.0 -1.0 0.0 0.0 -2.0 -4.0 -1.0 -1.0 -3.0 -4.0 -3.0 -2.0 0.0 -1.0 -3.0 -4.0 -3.0 -2.0 
-3.0 -2.0 -4.0 -2.0 -2.0 -4.0 -2.0 -3.0 0.0 -1.0 -1.0 -4.0 -4.0 0.0 -4.0 -2.0 -3.0 -4.0 -1.0 -4.0 0.0 -4.0 -4.0 -2.0 0.0 -4.0 -1.0 -1.0 -4.0 0.0 -3.0 -3.0 -1.0 -3.0 0.0 -2.0 -3.0 -1.0 -3.0 -2.0 -2.0 -3.0 0.0 -4.0 -1.0 -1.0 -2.0 -3.0 0.0 -4.0 -3.0 -2.0 -4.0 -1.0 0.0 -2.0 -4.0 -2.0 -1.0 -1.0 -2.0 -1.0 -4.0 -1.0 -4.0 -2.0 -1.0 0.0 -3.0 0.0 0.0 -1.0 -3.0 -1.0 0.0 -1.0 0.0 0.0 -1.0 -1.0 -2.0 -1.0 -4.0 0.0 -2.0 0.0 218.0 -4.0 -1.0 0.0 -4.0 -2.0 0.0 0.0 -3.0 -4.0 0.0 -2.0 0.0 0.0 0.0 -3.0 -3.0 0.0 -3.0 -4.0 -4.0 -1.0 -1.0 0.0 -4.0 -3.0 -2.0 -1.0 -3.0 
-2.0 -4.0 -4.0 0.0 -4.0 -1.0 0.0 -1.0 -2.0 -4.0 0.0 -1.0 -1.0 0.0 -4.0 -1.0 0.0 -3.0 -2.0 -1.0 -4.0 0.0 -3.0 0.0 -4.0 0.0 -2.0 -4.0 -3.0 -3.0 -4.0 0.0 -3.0 -4.0 -3.0 -2.0 -4.0 -1.0 -1.0 -4.0 -1.0 0.0 -4.0 -2.0 -4.0 0.0 -3.0 -3.0 -3.0 0.0 -1.0 -1.0 -3.0 -3.0 -2.0 -3.0 -1.0 -3.0 -3.0 -3.0 -1.0 -3.0 -1.0 0.0 -3.0 -3.0 -1.0 -2.0 -1.0 0.0 -3.0 -2.0 -1.0 -2.0 -2.0 0.0 -2.0 -1.0 0.0 -3.0 0.0 0.0 0.0 -2.0 -2.0 -2.0 -1.0 209.0 -3.0 -3.0 0.0 -3.0 -1.0 -3.0 0.0 -2.0 -1.0 -2.0 -4.0 -2.0 -1.0 0.0 0.0 0.0 -1.0 -2.0 0.0 -1.0 -4.0 -2.0 -2.0 -2.0 -1.0 -4.0 0.0 
-1.0 -4.0 -3.0 -3.0 -2.0 -2.0 -1.0 -4.0 0.0 -3.0 -4.0 -4.0 -3.0 -1.0 -3.0 -3.0 -2.0 -1.0 -1.0 -2.0 -4.0 0.0 -4.0 -3.0 -1.0 0.0 -2.0 0.0 -1.0 -4.0 -1.0 -3.0 -4.0 0.0 -1.0 -4.0 0.0 0.0 0.0 0.0 -2.0 0.0 -4.0 -4.0 -4.0 -4.0 -4.0 0.0 0.0 -4.0 -2.0 -1.0 -3.0 -4.0 0.0 -3.0 -3.0 -4.0 -4.0 -2.0 -1.0 -4.0 -4.0 -1.0 0.0 -3.0 -4.0 0.0 -2.0 -2.0 -1.0 -3.0 -4.0 -1.0 -1.0 -1.0 0.0 -4.0 -2.0 0.0 -2.0 -3.0 -4.0 -3.0 0.0 0.0 0.0 -3.0 230.0 -2.0 0.0 -2.0 0.0 0.0 -1.0 -2.0 -1.0 -2.0 -3.0 -3.0 -3.0 -4.0 -1.0 -3.0 -2.0 -4.0 -1.0 0.0 0.0 -4.0 -2.0 -4.0 -2.0 0.0 0.0 
0.0 -2.0 -1.0 -3.0 -2.0 -3.0 -2.0 -3.0 0.0 0.0 -3.0 -3.0 -3.0 -1.0 -3.0 0.0 -1.0 -4.0 -1.0 -2.0 -1.0 -2.0 0.0 -1.0 0.0 0.0 -1.0 -2.0 -4.0 -4.0 -3.0 -4.0 -1.0 0.0 0.0 0.0 -1.0 0.0 -3.0 -2.0 -3.0 -4.0 -4.0 -3.0 -1.0 -3.0 -1.0 -2.0 -2.0 -2.0 0.0 -3.0 -4.0 0.0 -2.0 -4.0 -1.0 -4.0 -4.0 -3.0 -3.0 -3.0 -2.0 0.0 -4.0 -1.0 -2.0 0.0 -3.0 -2.0 -1.0 -3.0 0.0 -2.0 -1.0 -3.0 -2.0 -1.0 -1.0 0.0 -4.0 -4.0 0.0 -4.0 -4.0 -3.0 0.0 -2.0 -4.0 229.0 -2.0 0.0 -3.0 -1.0 -2.0 -2.0 -3.0 -2.0 -1.0 -3.0 -3.0 -1.0 -2.0 -4.0 -4.0 0.0 0.0 -3.0 -2.0 -1.0 -1.0 -4.0 -4.0 -4.0 -2.0 
0.0 -1.0 -4.0 -4.0 0.0 -4.0 -2.0 -4.0 -4.0 -1.0 -2.0 -2.0 0.0 -2.0 -2.0 -4.0 -1.0 -2.0 -3.0 -4.0 -2.0 0.0 -3.0 -1.0 -3.0 -1.0 -1.0 -4.0 -4.0 -2.0 -2.0 -4.0 -4.0 -2.0 -4.0 -1.0 -4.0 -1.0 0.0 -1.0 -2.0 -2.0 0.0 -1.0 -1.0 -1.0 0.0 -1.0 -4.0 -1.0 -4.0 -1.0 0.0 -4.0 0.0 -2.0 -3.0 -4.0 -2.0 -2.0 -4.0 -3.0 -2.0 -2.0 -2.0 -3.0 0.0 -4.0 0.0 -1.0 0.0 0.0 0.0 -2.0 -2.0 -4.0 -1.0 -1.0 -2.0 0.0 -1.0 0.0 0.0 -3.0 -1.0 -1.0 -2.0 -2.0 -3.0 -4.0 223.0 -2.0 0.0 -4.0 -4.0 -4.0 -2.0 -1.0 -1.0 -1.0 -4.0 0.0 -2.0 0.0 0.0 -1.0 -1.0 -2.0 -4.0 -3.0 -1.0 -4.0 -3.0 0.0 -4.0 
0.0 -4.0 -1.0 -2.0 -1.0 -4.0 -3.0 0.0 -3.0 -2.0 -1.0 -2.0 -4.0 -2.0 -2.0 -1.0 0.0 -1.0 -3.0 -3.0 0.0 -3.0 -2.0 -3.0 -1.0 -1.0 -1.0 0.0 -2.0 -2.0 -1.0 -2.0 0.0 -1.0 -3.0 -2.0 -1.0 -4.0 -1.0 -3.0 -2.0 -1.0 -2.0 -3.0 -4.0 0.0 -1.0 0.0 0.0 -3.0 0.0 -4.0 0.0 -3.0 0.0 -2.0 -2.0 -3.0 -2.0 -1.0 -4.0 -4.0 0.0 0.0 -2.0 0.0 0.0 -2.0 -4.0 0.0 -4.0 -3.0 -1.0 0.0 -1.0 -2.0 -1.0 -1.0 -4.0 -1.0 -1.0 0.0 -1.0 -1.0 -1.0 0.0 -3.0 -4.0 0.0 -2.0 0.0 202.0 -4.0 -1.0 -2.0 -1.0 -3.0 -3.0 -2.0 -3.0 -1.0 0.0 -1.0 0.0 -1.0 -4.0 -3.0 -3.0 -4.0 -2.0 -3.0 0.0 -4.0 -1.0 -4.0 
-1.0 -4.0 -1.0 0.0 -4.0 -4.0 -2.0 -4.0 -3.0 -1.0 -2.0 -2.0 -3.0 -1.0 -2.0 -1.0 -1.0 -4.0 0.0 0.0 -1.0 -3.0 -2.0 -4.0 -1.0 -4.0 -2.0 -4.0 -3.0 -1.0 -1.0 -1.0 -4.0 -3.0 -4.0 -2.0 -1.0 -4.0 -2.0 -4.0 -2.0 -2.0 0.0 -1.0 -1.0 -2.0 -3.0 -3.0 0.0 -2.0 -4.0 -1.0 -3.0 -2.0 -4.0 0.0 -3.0 -3.0 -1.0 -2.0 -2.0 -3.0 -2.0 -3.0 -3.0 -3.0 0.0 -1.0 -1.0 -3.0 -4.0 0.0 -3.0 -2.0 0.0 -2.0 -2.0 -3.0 -4.0 -1.0 0.0 -2.0 -3.0 0.0 -2.0 -1.0 -3.0 0.0 -1.0 -2.0 -1.0 -4.0 242.0 -4.0 -4.0 0.0 -2.0 -2.0 0.0 -3.0 -2.0 0.0 -4.0 -3.0 0.0 -3.0 -3.0 -3.0 -1.0 -4.0 -2.0 -4.0 -3.0 -4.0 0.0 
-4.0 -2.0 -2.0 -2.0 -1.0 -4.0 -1.0 -3.0 0.0 0.0 -4.0 -4.0 -1.0 -1.0 0.0 -1.0 -2.0 -3.0 -1.0 0.0 -4.0 -1.0 -1.0 -1.0 -1.0 -1.0 -4.0 -1.0 -3.0 -1.0 -2.0 -3.0 -3.0 -2.0 -4.0 0.0 -3.0 -1.0 -3.0 -2.0 -3.0 -1.0 -4.0 -1.0 0.0 0.0 0.0 -1.0 -4.0 -4.0 -2.0 0.0 -3.0 -1.0 -1.0 -4.0 -3.0 -2.0 -3.0 -1.0 0.0 -4.0 0.0 -2.0 -1.0 -4.0 0.0 -4.0 -1.0 0.0 -4.0 0.0 -4.0 0.0 -2.0 -1.0 0.0 -3.0 -3.0 -4.0 -1.0 -2.0 0.0 -3.0 -3.0 -1.0 0.0 -4.0 -4.0 -4.0 -2.0 0.0 -3.0 204.0 -1.0 -2.0 -1.0 0.0 -2.0 -1.0 -4.0 0.0 0.0 -1.0 -1.0 -4.0 -3.0 0.0 0.0 -1.0 -3.0 0.0 -1.0 0.0 0.0 
-3.0 -1.0 -1.0 -1.0 -2.0 -4.0 0.0 -2.0 -3.0 -1.0 -4.0 -4.0 -4.0 -2.0 -2.0 -1.0 -1.0 -2.0 -2.0 0.0 -4.0 0.0 0.0 -3.0 -3.0 -3.0 -2.0 0.0 -3.0 0.0 0.0 -1.0 -4.0 0.0 0.0 -2.0 -3.0 -2.0 -2.0 -4.0 -2.0 -2.0 -4.0 0.0 -1.0 -3.0 -3.0 -2.0 -1.0 -2.0 -3.0 0.0 -4.0 -2.0 -1.0 -3.0 -3.0 -4.0 -3.0 0.0 -4.0 0.0 -3.0 0.0 -2.0 -1.0 -2.0 -3.0 -2.0 -1.0 -4.0 -1.0 -4.0 -3.0 -2.0 -3.0 0.0 -1.0 -4.0 -1.0 -4.0 -4.0 -1.0 -3.0 0.0 -3.0 -3.0 -3.0 -3.0 0.0 -4.0 -3.0 0.0 -1.0 236.0 -1.0 0.0 0.0 -2.0 -4.0 -3.0 -4.0 -4.0 -2.0 -2.0 -2.0 -3.0 -2.0 -2.0 -3.0 0.0 -1.0 -4.0 -2.0 -3.0 
0.0 -1.0 -3.0 -2.0 -1.0 -1.0 -3.0 0.0 -3.0 -4.0 -1.0 -2.0 0.0 -4.0 -2.0 -2.0 -3.0 -3.0 0.0 -2.0 -3.0 -2.0 0.0 -3.0 -4.0 -4.0 0.0 -2.0 -3.0 -2.0 -4.0 -1.0 0.0 -3.0 0.0 0.0 -4.0 0.0 -2.0 -2.0 0.0 -3.0 -3.0 -2.0 -1.0 -3.0 -1.0 -4.0 0.0 -1.0 -3.0 -3.0 -4.0 -1.0 -2.0 -2.0 -3.0 -1.0 -3.0 -2.0 -4.0 -4.0 -2.0 -1.0 -1.0 -1.0 -4.0 -3.0 -2.0 -4.0 0.0 -4.0 -3.0 -3.0 -1.0 -2.0 -2.0 0.0 0.0 -1.0 -3.0 -1.0 -4.0 -3.0 -2.0 -4.0 -3.0 -1.0 -3.0 -2.0 -3.0 -1.0 -2.0 -1.0 -4.0 243.0 -4.0 0.0 -1.0 -2.0 -3.0 -4.0 -1.0 -3.0 -3.0 0.0 -3.0 -1.0 -4.0 -4.0 -4.0 -2.0 -3.0 0.0 -4.0 
-3.0 -3.0 0.0 -2.0 -2.0 -1.0 -1.0 -1.0 -1.0 -4.0 -2.0 -2.0 -4.0 -3.0 -3.0 -1.0 -1.0 -2.0 -1.0 -3.0 -1.0 0.0 -4.0 -4.0 -2.0 -4.0 -1.0 -4.0 -3.0 -2.0 0.0 0.0 0.0 -2.0 -1.0 -1.0 -4.0 -4.0 0.0 -3.0 -1.0 -4.0 0.0 -2.0 -4.0 -4.0 -3.0 -3.0 0.0 -3.0 -1.0 -2.0 -3.0 0.0 -3.0 -3.0 -3.0 -2.0 -4.0 0.0 -1.0 -2.0 -1.0 -2.0 -1.0 -4.0 -4.0 -2.0 -2.0 -3.0 -3.0 -2.0 -1.0 0.0 -3.0 -1.0 -3.0 -2.0 -1.0 0.0 0.0 -1.0 -2.0 -3.0 -2.0 -3.0 0.0 0.0 -3.0 -1.0 -3.0 -2.0 -3.0 -2.0 0.0 -3.0 225.0 -4.0 -2.0 -3.0 -1.0 0.0 -2.0 0.0 -2.0 -1.0 -2.0 -1.0 -2.0 -4.0 -4.0 -3.0 -2.0 -1.0 0.0 
-2.0 -2.0 0.0 0.0 -3.0 -2.0 -4.0 -4.0 -3.0 -4.0 -1.0 -4.0 -2.0 -3.0 0.0 -3.0 -4.0 -2.0 -2.0 -1.0 0.0 -4.0 -2.0 -2.0 -4.0 -2.0 0.0 -1.0 -3.0 -1.0 -3.0 0.0 -1.0 -2.0 -4.0 -4.0 -4.0 -2.0 -4.0 -4.0 -1.0 -3.0 -2.0 -1.0 -2.0 -4.0 -1.0 0.0 -3.0 -1.0 -2.0 -2.0 -4.0 -2.0 -4.0 -2.0 -2.0 -3.0 -4.0 -1.0 0.0 0.0 0.0 -1.0 -2.0 0.0 -2.0 -2.0 0.0 -3.0 0.0 -1.0 -2.0 -1.0 -3.0 -4.0 -2.0 -4.0 -1.0 -4.0 0.0 -4.0 -4.0 0.0 -3.0 -2.0 -4.0 -4.0 -1.0 -4.0 -3.0 -4.0 -1.0 -3.0 -3.0 -1.0 -3.0 245.0 -1.0 -4.0 0.0 -2.0 0.0 -4.0 -4.0 -4.0 -3.0 -3.0 -1.0 0.0 -1.0 -1.0 0.0 -2.0 -2.0 
-1.0 0.0 -4.0 -3.0 -1.0 -4.0 -2.0 -2.0 -3.0 -3.0 -4.0 -2.0 -1.0 -2.0 -4.0 -1.0 -4.0 0.0 0.0 -2.0 -4.0 -2.0 -3.0 -3.0 -3.0 -1.0 -3.0 0.0 -1.0 0.0 -3.0 -2.0 0.0 -3.0 -1.0 -2.0 -1.0 -4.0 -4.0 -4.0 0.0 -2.0 -1.0 -4.0 -2.0 -2.0 -4.0 -1.0 0.0 -1.0 0.0 -3.0 -4.0 0.0 -1.0 -3.0 -2.0 -3.0 -2.0 -3.0 -3.0 0.0 -3.0 -3.0 -2.0 -4.0 -4.0 -2.0 -1.0 -2.0 -3.0 -1.0 -2.0 -1.0 -2.0 -1.0 0.0 -4.0 0.0 0.0 -3.0 -4.0 0.0 -3.0 -4.0 -1.0 -1.0 -4.0 -4.0 -2.0 -3.0 -3.0 0.0 0.0 0.0 -4.0 -3.0 -4.0 232.0 0.0 -3.0 -1.0 -3.0 -2.0 -1.0 0.0 0.0 -2.0 -3.0 -4.0 -1.0 -1.0 -2.0 -1.0 -2.0 
0.0 -2.0 -3.0 -4.0 -1.0 -2.0 -1.0 0.0 -1.0 -1.0 -4.0 -3.0 -3.0 -3.0 -3.0 -1.0 -4.0 0.0 0.0 -2.0 -1.0 -4.0 -4.0 -1.0 -2.0 -4.0 -1.0 -3.0 -4.0 0.0 -1.0 -4.0 -2.0 -3.0 -1.0 -3.0 -4.0 -4.0 -2.0 -2.0 -4.0 -2.0 -1.0 -3.0 0.0 -2.0 -4.0 -2.0 -2.0 0.0 0.0 -1.0 0.0 -3.0 -2.0 -2.0 -4.0 -2.0 -2.0 -3.0 -1.0 0.0 -3.0 -3.0 -2.0 -3.0 -2.0 -2.0 -4.0 -1.0 -2.0 -4.0 -1.0 0.0 -1.0 -2.0 -2.0 -4.0 0.0 -1.0 -3.0 -4.0 -4.0 0.0 -3.0 0.0 -1.0 0.0 -2.0 -1.0 -3.0 -3.0 0.0 -3.0 -4.0 -1.0 0.0 0.0 -3.0 230.0 -4.0 -3.0 0.0 -3.0 0.0 -3.0 -3.0 -1.0 -4.0 0.0 -3.0 -1.0 -4.0 -1.0 0.0 
-1.0 -3.0 -1.0 -1.0 -4.0 0.0 -2.0 -3.0 0.0 -4.0 -4.0 -2.0 0.0 -2.0 -2.0 0.0 -2.0 -2.0 -4.0 -2.0 -1.0 -2.0 -4.0 -2.0 -4.0 -1.0 -4.0 0.0 -4.0 -2.0 0.0 0.0 -4.0 0.0 0.0 -1.0 0.0 -3.0 -3.0 -3.0 -4.0 -1.0 -4.0 -2.0 -1.0 0.0 -3.0 -2.0 -2.0 0.0 -3.0 -1.0 -4.0 -1.0 0.0 -1.0 -2.0 -1.0 -3.0 -4.0 -4.0 0.0 -1.0 -2.0 -3.0 -1.0 -3.0 -3.0 -4.0 -2.0 0.0 -1.0 0.0 0.0 0.0 -1.0 -1.0 -3.0 -4.0 -4.0 -4.0 -3.0 -4.0 -3.0 -2.0 -1.0 0.0 -3.0 -1.0 -1.0 -4.0 -2.0 -2.0 -4.0 0.0 -2.0 -2.0 -3.0 -4.0 -3.0 225.0 0.0 0.0 -3.0 -2.0 -3.0 -2.0 -1.0 -2.0 -2.0 0.0 -4.0 -2.0 -2.0 -1.0 
-4.0 0.0 -4.0 0.0 -3.0 0.0 -1.0 -3.0 -2.0 0.0 -1.0 -3.0 -2.0 -1.0 -3.0 0.0 -4.0 0.0 0.0 -3.0 -4.0 -2.0 -3.0 -3.0 0.0 -4.0 -3.0 -3.0 -4.0 -1.0 0.0 0.0 -2.0 0.0 -1.0 0.0 -4.0 -2.0 -1.0 -2.0 -1.0 -2.0 0.0 -1.0 -4.0 -2.0 0.0 -1.0 -4.0 -4.0 0.0 -4.0 -2.0 -1.0 -4.0 0.0 0.0 -1.0 -2.0 -1.0 0.0 -1.0 -1.0 -3.0 -2.0 0.0 -4.0 0.0 -2.0 -4.0 -3.0 -4.0 -3.0 -1.0 -4.0 0.0 -3.0 -2.0 -2.0 -4.0 -4.0 -1.0 -4.0 -3.0 -2.0 -1.0 0.0 -3.0 -2.0 0.0 0.0 0.0 -3.0 -3.0 -1.0 -3.0 -4.0 -3.0 0.0 -4.0 0.0 219.0 0.0 -4.0 0.0 -1.0 0.0 -4.0 -4.0 -4.0 -3.0 0.0 -1.0 -4.0 -3.0 
-1.0 0.0 -4.0 -2.0 -4.0 -2.0 -2.0 0.0 0.0 -1.0 -3.0 -3.0 0.0 0.0 -2.0 -4.0 -4.0 -4.0 -2.0 -4.0 -1.0 -2.0 0.0 -2.0 -2.0 -1.0 -4.0 0.0 -3.0 -4.0 0.0 -1.0 -4.0 -3.0 0.0 -3.0 -3.0 -2.0 -2.0 0.0 0.0 -3.0 -4.0 -2.0 -2.0 0.0 -3.0 -1.0 -1.0 -4.0 0.0 -1.0 -2.0 -4.0 -3.0 -4.0 -4.0 -2.0 -3.0 -1.0 -4.0 -4.0 0.0 -2.0 -3.0 -2.0 -2.0 -3.0 -3.0 0.0 -3.0 -4.0 -2.0 0.0 -4.0 -3.0 -1.0 -3.0 0.0 -4.0 -3.0 -2.0 0.0 0.0 -4.0 -2.0 -1.0 -1.0 -4.0 -4.0 -1.0 -3.0 -4.0 -2.0 -3.0 -1.0 -1.0 -1.0 0.0 0.0 -2.0 -2.0 238.0 -3.0 -1.0 -3.0 0.0 0.0 -1.0 -3.0 -3.0 -4.0 -3.0 -2.0 -4.0 
-2.0 -4.0 0.0 -3.0 -4.0 -3.0 -1.0 -2.0 -2.0 -2.0 -1.0 -3.0 0.0 -2.0 -4.0 -4.0 0.0 -4.0 -2.0 0.0 -3.0 -4.0 -1.0 -1.0 0.0 -4.0 -4.0 -4.0 -2.0 -3.0 -2.0 -3.0 0.0 -3.0 -4.0 -3.0 -4.0 -1.0 0.0 -4.0 -1.0 -3.0 0.0 -1.0 -3.0 -1.0 -2.0 -3.0 -4.0 -4.0 -4.0 -2.0 -4.0 0.0 -1.0 -2.0 -2.0 -4.0 -4.0 0.0 -1.0 -3.0 -3.0 -2.0 -1.0 0.0 -4.0 -2.0 -2.0 -1.0 -3.0 -4.0 -4.0 -4.0 -1.0 -3.0 0.0 0.0 -2.0 0.0 -2.0 -1.0 -4.0 0.0 -3.0 -2.0 -3.0 -1.0 -2.0 -2.0 -4.0 -3.0 0.0 0.0 -3.0 -1.0 -3.0 -3.0 -3.0 -4.0 -1.0 0.0 -2.0 241.0 -1.0 -2.0 0.0 -3.0 -3.0 0.0 0.0 0.0 -2.0 -1.0 -4.0 
-3.0 -4.0 -2.0 -3.0 -2.0 -1.0 -2.0 0.0 -1.0 0.0 -2.0 -3.0 -3.0 -1.0 -2.0 -1.0 0.0 0.0 -2.0 -3.0 -1.0 -2.0 -4.0 -3.0 0.0 -4.0 -4.0 0.0 -3.0 0.0 -3.0 0.0 0.0 -1.0 0.0 0.0 -1.0 -3.0 -1.0 -1.0 -2.0 -4.0 -1.0 -4.0 -1.0 -1.0 0.0 -2.0 -3.0 -4.0 -2.0 -3.0 -3.0 -2.0 -2.0 -3.0 -4.0 -1.0 -3.0 0.0 0.0 -2.0 -4.0 0.0 -1.0 -4.0 -2.0 -3.0 -3.0 -2.0 -3.0 -2.0 0.0 -4.0 -3.0 -2.0 -4.0 -2.0 -3.0 0.0 -1.0 -3.0 -3.0 -4.0 -1.0 -4.0 0.0 -2.0 -2.0 -4.0 -2.0 -1.0 -3.0 -3.0 -2.0 -4.0 0.0 0.0 -3.0 -3.0 -3.0 -3.0 -1.0 -3.0 231.0 -1.0 -1.0 -2.0 -4.0 -3.0 0.0 -4.0 0.0 -4.0 -2.0 
-3.0 -4.0 -2.0 -2.0 -4.0 -2.0 -3.0 -3.0 -1.0 -4.0 -1.0 -1.0 0.0 -3.0 -2.0 0.0 -2.0 -4.0 -3.0 -1.0 0.0 -1.0 -1.0 -4.0 -4.0 -2.0 -2.0 0.0 -3.0 0.0 -4.0 -2.0 -3.0 -2.0 0.0 0.0 -1.0 -1.0 0.0 0.0 -4.0 -2.0 -1.0 -2.0 -2.0 -2.0 -3.0 -1.0 -1.0 0.0 0.0 -2.0 -2.0 -3.0 -3.0 -4.0 -1.0 -4.0 -3.0 0.0 -2.0 -4.0 0.0 -3.0 -4.0 0.0 -4.0 -4.0 -3.0 -1.0 -1.0 -1.0 -3.0 -2.0 -1.0 0.0 -1.0 -3.0 -3.0 -4.0 -3.0 -2.0 0.0 0.0 -1.0 0.0 -1.0 0.0 -1.0 -3.0 -3.0 -3.0 -4.0 -2.0 0.0 -1.0 -4.0 -2.0 -4.0 0.0 0.0 -3.0 -4.0 -4.0 -1.0 229.0 -2.0 -3.0 -2.0 -4.0 -4.0 -2.0 0.0 -3.0 -4.0 
0.0 0.0 0.0 -4.0 -1.0 -3.0 0.0 -1.0 -4.0 -2.0 -3.0 -1.0 0.0 -4.0 -2.0 -1.0 -3.0 -3.0 -4.0 -2.0 -1.0 -2.0 -4.0 -4.0 -4.0 -4.0 -4.0 -4.0 -3.0 -4.0 0.0 -2.0 -2.0 -3.0 -1.0 -1.0 -3.0 -1.0 -4.0 -2.0 -2.0 -1.0 -3.0 0.0 -1.0 -3.0 -4.0 -4.0 -3.0 0.0 0.0 -4.0 -4.0 -3.0 -3.0 0.0 -3.0 -2.0 -1.0 -3.0 0.0 -4.0 -1.0 -1.0 -2.0 -2.0 -4.0 -4.0 -1.0 -3.0 -4.0 -1.0 -3.0 -2.0 -3.0 0.0 -3.0 0.0 -3.0 0.0 -4.0 -2.0 0.0 -3.0 -1.0 -4.0 -2.0 0.0 -3.0 0.0 -1.0 -4.0 -4.0 -4.0 0.0 -1.0 -3.0 -1.0 -4.0 -3.0 -2.0 -3.0 -3.0 -4.0 -1.0 -3.0 255.0 -4.0 -1.0 -2.0 -3.0 -1.0 -4.0 -4.0 0.0 
-4.0 -1.0 -1.0 -3.0 0.0 -4.0 -2.0 -3.0 0.0 -4.0 -1.0 -2.0 -4.0 0.0 -1.0 -1.0 0.0 -2.0 -3.0 -2.0 -2.0 -2.0 -4.0 -4.0 -2.0 0.0 -4.0 -3.0 -1.0 -3.0 -4.0 -4.0 -2.0 -2.0 -1.0 -4.0 -2.0 -1.0 -1.0 -1.0 -4.0 -2.0 -1.0 -3.0 -4.0 -2.0 0.0 -2.0 -4.0 -2.0 -3.0 -1.0 -4.0 -3.0 -4.0 -3.0 -3.0 -1.0 -3.0 -1.0 0.0 -2.0 0.0 -1.0 -1.0 -1.0 -2.0 -3.0 -4.0 -2.0 -3.0 -1.0 -1.0 -4.0 -3.0 0.0 -2.0 -2.0 -2.0 -1.0 -2.0 -4.0 0.0 -2.0 -4.0 -2.0 -2.0 -2.0 -4.0 0.0 -2.0 -2.0 0.0 -4.0 -4.0 -1.0 -2.0 -3.0 -4.0 -4.0 -4.0 -4.0 -4.0 -2.0 -2.0 -1.0 0.0 248.0 -4.0 -3.0 0.0 -2.0 -1.0 0.0 -3.0 
-2.0 -1.0 -4.0 -3.0 -3.0 -3.0 -3.0 -4.0 -2.0 -1.0 -4.0 -1.0 -2.0 -1.0 -1.0 -3.0 -2.0 -3.0 -2.0 -2.0 -1.0 -2.0 -2.0 0.0 -1.0 -4.0 -4.0 -2.0 -4.0 -2.0 -2.0 -2.0 -2.0 -2.0 0.0 -2.0 0.0 -2.0 -2.0 -2.0 0.0 -2.0 -2.0 -1.0 -1.0 0.0 -4.0 -1.0 -4.0 0.0 -1.0 -4.0 -4.0 0.0 -3.0 -4.0 0.0 -2.0 -1.0 -2.0 -3.0 -2.0 -4.0 -2.0 -3.0 -4.0 -3.0 -1.0 -2.0 -2.0 -1.0 -2.0 -4.0 -3.0 -1.0 -2.0 -3.0 -2.0 0.0 -2.0 -1.0 -4.0 -4.0 0.0 0.0 -3.0 -1.0 -2.0 -1.0 -3.0 -1.0 0.0 -4.0 -1.0 -2.0 -2.0 -1.0 -1.0 0.0 -1.0 -4.0 -2.0 -4.0 0.0 0.0 -3.0 -1.0 -2.0 225.0 0.0 -1.0 0.0 -3.0 -2.0 -4.0 
0.0 -4.0 -2.0 -3.0 -1.0 0.0 0.0 -1.0 -3.0 -2.0 -2.0 -3.0 0.0 -2.0 -2.0 -2.0 -1.0 -3.0 -2.0 -1.0 0.0 -1.0 0.0 -1.0 -2.0 -2.0 -4.0 0.0 -2.0 -1.0 -4.0 -4.0 -4.0 -4.0 -4.0 0.0 -3.0 0.0 0.0 -2.0 -3.0 -2.0 -3.0 -2.0 0.0 -1.0 0.0 0.0 -1.0 0.0 0.0 -1.0 -3.0 -2.0 -3.0 -4.0 -2.0 -1.0 -1.0 -4.0 0.0 0.0 -1.0 -1.0 0.0 -2.0 0.0 -4.0 -2.0 -1.0 -3.0 0.0 0.0 -2.0 -3.0 0.0 -4.0 -1.0 -2.0 -1.0 -4.0 0.0 0.0 -4.0 0.0 -1.0 -4.0 0.0 -3.0 -3.0 -2.0 -1.0 -2.0 -3.0 -3.0 0.0 -3.0 -3.0 -3.0 -2.0 -2.0 -2.0 -2.0 -2.0 -4.0 -1.0 -3.0 0.0 -2.0 201.0 -4.0 -2.0 -1.0 -2.0 -1.0 
-1.0 -4.0 -4.0 -1.0 0.0 -2.0 -2.0 -3.0 -4.0 -3.0 0.0 -4.0 -2.0 -2.0 -1.0 -4.0 -4.0 -3.0 -2.0 -3.0 -3.0 0.0 -2.0 -1.0 0.0 -1.0 -2.0 -3.0 -3.0 -4.0 -4.0 -3.0 -1.0 0.0 -2.0 -1.0 -3.0 -3.0 -4.0 0.0 -2.0 -3.0 -4.0 -3.0 -1.0 -1.0 0.0 -4.0 -4.0 -2.0 -2.0 -4.0 0.0 -4.0 -2.0 -3.0 0.0 -2.0 -1.0 0.0 -3.0 -4.0 -3.0 -2.0 -1.0 -2.0 -2.0 -1.0 -1.0 -2.0 -2.0 0.0 -3.0 -1.0 -4.0 -3.0 -3.0 -1.0 -1.0 -4.0 -2.0 -1.0 -2.0 0.0 0.0 0.0 0.0 -1.0 -3.0 -1.0 -4.0 -2.0 -1.0 -1.0 -3.0 -3.0 -1.0 -2.0 -2.0 0.0 -2.0 -1.0 -3.0 -3.0 -3.0 -2.0 -2.0 -4.0 -3.0 -2.0 238.0 -4.0 -2.0 -4.0 0.0 
-1.0 0.0 -3.0 -4.0 -3.0 -2.0 0.0 -4.0 -1.0 -2.0 -1.0 -2.0 -1.0 -3.0 -2.0 0.0 -3.0 -3.0 -4.0 -4.0 -4.0 -2.0 -4.0 -4.0 -4.0 -3.0 -2.0 -3.0 -3.0 -3.0 -3.0 -1.0 -1.0 -3.0 -1.0 -3.0 -3.0 -4.0 -3.0 -1.0 -2.0 -3.0 -4.0 0.0 -3.0 0.0 -1.0 0.0 0.0 -3.0 0.0 0.0 -4.0 -2.0 -2.0 -1.0 -3.0 -3.0 -2.0 -3.0 -1.0 -4.0 0.0 -1.0 -3.0 -2.0 -2.0 -4.0 0.0 -2.0 -2.0 -2.0 -3.0 -2.0 -1.0 -4.0 -3.0 0.0 -4.0 -4.0 -4.0 0.0 -1.0 0.0 0.0 0.0 -2.0 0.0 -3.0 -4.0 0.0 0.0 0.0 -1.0 -4.0 0.0 0.0 -1.0 0.0 0.0 -1.0 -3.0 0.0 -4.0 -2.0 -2.0 -2.0 -4.0 -3.0 -3.0 -2.0 229.0 -2.0 -3.0 0.0 
0.0 -1.0 -1.0 -3.0 -3.0 -3.0 -1.0 -4.0 -1.0 -2.0 0.0 -3.0 -1.0 -3.0 0.0 -3.0 0.0 -1.0 -1.0 -1.0 -4.0 -4.0 0.0 -1.0 -2.0 -2.0 0.0 0.0 -3.0 0.0 -4.0 0.0 -4.0 -1.0 -4.0 -2.0 -3.0 -2.0 -2.0 -4.0 -2.0 -2.0 -3.0 0.0 -1.0 -1.0 -4.0 -2.0 -3.0 -4.0 -4.0 -3.0 -1.0 0.0 -3.0 -1.0 -4.0 -3.0 -3.0 -3.0 -2.0 -1.0 -3.0 0.0 -2.0 -1.0 -3.0 0.0 -3.0 0.0 -2.0 -4.0 -1.0 0.0 -2.0 -4.0 -3.0 -4.0 -3.0 -1.0 -1.0 -3.0 -2.0 -3.0 0.0 -3.0 0.0 -3.0 -2.0 -3.0 -4.0 -3.0 -1.0 -1.0 -3.0 0.0 -1.0 -2.0 0.0 -2.0 -1.0 0.0 -3.0 -1.0 0.0 0.0 0.0 -2.0 0.0 -3.0 -1.0 0.0 212.0 -3.0 -1.0 
-2.0 -1.0 0.0 0.0 -3.0 -4.0 0.0 -4.0 0.0 -3.0 0.0 -2.0 -1.0 -2.0 -4.0 -2.0 -4.0 -1.0 0.0 0.0 0.0 -4.0 -2.0 -4.0 0.0 -1.0 -4.0 -1.0 0.0 0.0 -2.0 -1.0 -4.0 -1.0 -4.0 -1.0 -1.0 -2.0 -3.0 -4.0 0.0 -3.0 -3.0 -1.0 0.0 -2.0 -2.0 0.0 -1.0 0.0 -1.0 -1.0 -3.0 -3.0 -2.0 0.0 -4.0 -1.0 -3.0 0.0 -3.0 -2.0 -4.0 -2.0 -2.0 -2.0 0.0 -1.0 -2.0 -4.0 0.0 -1.0 -3.0 -1.0 -1.0 -2.0 -4.0 -3.0 -3.0 0.0 -3.0 -4.0 -2.0 -1.0 0.0 -2.0 -3.0 -4.0 -1.0 -4.0 0.0 -3.0 -1.0 0.0 -4.0 0.0 0.0 0.0 -4.0 -2.0 -2.0 -4.0 -3.0 0.0 -3.0 -4.0 -1.0 0.0 -1.0 -3.0 -1.0 -1.0 -1.0 204.0 0.0 
-3.0 -1.0 -3.0 -2.0 0.0 -4.0 -2.0 -4.0 -3.0 0.0 -3.0 -3.0 -4.0 -2.0 0.0 -2.0 -3.0 -3.0 0.0 -4.0 -3.0 -2.0 -4.0 -1.0 0.0 -3.0 -3.0 -4.0 -1.0 0.0 -1.0 -4.0 -4.0 -2.0 0.0 -3.0 0.0 -2.0 0.0 -4.0 0.0 -1.0 -2.0 -2.0 -4.0 -1.0 -3.0 0.0 -1.0 -4.0 -1.0 -1.0 0.0 -3.0 0.0 -2.0 -4.0 -1.0 -1.0 -3.0 -3.0 -3.0 -1.0 -1.0 -3.0 -1.0 0.0 -3.0 -4.0 -1.0 -4.0 -3.0 -2.0 -4.0 0.0 -2.0 0.0 -4.0 -2.0 -4.0 -4.0 -2.0 -1.0 -4.0 -1.0 0.0 -2.0 0.0 -2.0 -4.0 -3.0 -3.0 -4.0 0.0 -3.0 -3.0 -1.0 -4.0 -1.0 -1.0 -1.0 -1.0 -1.0 -3.0 -3.0 0.0 0.0 -2.0 0.0 -1.0 -1.0 -3.0 -3.0 0.0 228.0 

-12705.00114 -12979.0 -13154.0 -10959.0 -11499.0 -12778.0 -12535.0 -10847.0 -11471.0 -11201.0 -8791.0 -9559.0 -11133.0 -10409.0 -10080.0 -9063.0 -9319.0 -8496.0 -8877.0 -8501.0 -8999.0 -8577.0 -9580.0 -7643.0 -7663.0 -7511.0 -6152.0 -5961.0 -6829.0 -5880.0 -4695.0 -6674.0 -5789.0 -5181.0 -4445.0 -5695.0 -4084.0 -3919.0 -4122.0 -3120.0 -4922.0 -3491.0 -2454.0 -3146.0 -3247.0 -2025.0 -2981.0 -2596.0 -1905.0 -1879.0 -1570.0 -1171.0 -1481.0 -1477.0 -1268.0 -408.0 -112.0 646.0 1028.0 1019.0 778.0 877.0 965.0 641.0 2052.0 1652.0 2130.0 2808.0 2267.0 3927.0 3163.0 2806.0 3070.0 4396.0 5297.0 4419.0 4297.0 4212.0 4930.0 5044.0 5653.0 6052.0 5513.0 4903.0 6956.0 6567.0 7346.0 7107.0 7805.0 6700.0 7898.0 6732.0 8597.0 8039.0 8381.0 8587.0 9157.0 10077.0 9978.0 10094.0 9637.0 9278.0 10616.0 11936.0 10243.0 10835.0 12366.0 12425.0 12216.0 10156.0 13106.0 13417.0 12178.0 11413.0 13653.0 