23.99986 -2.0 -3.0 -1.0 -3.0 -2.0 -2.0 -1.0 -2.0 0.0 -1.0 -1.0 -1.0 -2.0 -3.0 
-1.0 36.0 -4.0 -4.0 -3.0 -2.0 -4.0 -4.0 -4.0 -1.0 0.0 -3.0 -4.0 -2.0 0.0 
0.0 0.0 20.0 0.0 -2.0 0.0 -1.0 -4.0 -3.0 -2.0 0.0 0.0 -3.0 -1.0 -4.0 
0.0 0.0 -1.0 23.0 -2.0 -2.0 0.0 -3.0 -3.0 -2.0 -2.0 -4.0 -2.0 -2.0 0.0 
-2.0 -2.0 0.0 -2.0 20.0 0.0 -1.0 -1.0 -1.0 -3.0 0.0 -3.0 -1.0 0.0 -4.0 
-2.0 -2.0 0.0 -1.0 -3.0 27.0 -4.0 -4.0 -2.0 0.0 -1.0 -2.0 -3.0 -2.0 -1.0 
-3.0 -2.0 -2.0 -2.0 0.0 -1.0 19.0 0.0 -2.0 0.0 -3.0 0.0 0.0 -3.0 -1.0 
-1.0 0.0 -2.0 0.0 -3.0 -1.0 -2.0 28.0 -3.0 -3.0 -3.0 -1.0 -4.0 -1.0 -4.0 
-3.0 -3.0 -1.0 -3.0 -1.0 -2.0 -4.0 -2.0 27.0 -1.0 0.0 -2.0 0.0 -2.0 -3.0 
-2.0 -2.0 -4.0 -2.0 -1.0 0.0 -1.0 -4.0 -3.0 34.0 -3.0 -3.0 -4.0 -2.0 -3.0 
0.0 -4.0 -4.0 -4.0 -2.0 -2.0 -1.0 -2.0 0.0 -2.0 25.0 0.0 0.0 0.0 -4.0 
-2.0 -4.0 -3.0 -1.0 -1.0 -1.0 -1.0 -4.0 0.0 -4.0 -2.0 28.0 -1.0 -1.0 -3.0 
-1.0 -1.0 -4.0 -3.0 -2.0 -2.0 -3.0 -2.0 -2.0 -2.0 -3.0 0.0 29.0 0.0 -4.0 
-4.0 -3.0 -2.0 -3.0 0.0 -4.0 0.0 -1.0 -3.0 -1.0 -3.0 -2.0 -1.0 30.0 -3.0 
0.0 -3.0 -1.0 0.0 -3.0 -1.0 -1.0 -1.0 0.0 -2.0 -1.0 0.0 -2.0 -1.0 16.0 

-169.00014 -206.0 -149.0 -128.0 -77.0 -58.0 -2.0 -46.0 51.0 49.0 114.0 129.0 160.0 208.0 124.0 