125.99936 -3.0 -1.0 -1.0 -1.0 -4.0 -2.0 0.0 -2.0 -2.0 -1.0 -3.0 -1.0 0.0 -2.0 0.0 -4.0 -4.0 -2.0 -3.0 0.0 -2.0 -1.0 -3.0 -1.0 -2.0 -3.0 -1.0 -1.0 -2.0 -1.0 -2.0 -3.0 -1.0 -3.0 -2.0 -3.0 -2.0 -3.0 0.0 -3.0 -4.0 -2.0 -4.0 -2.0 -2.0 -4.0 -3.0 -1.0 -4.0 0.0 0.0 -1.0 0.0 -3.0 -4.0 -4.0 0.0 -3.0 -3.0 0.0 -1.0 -3.0 -2.0 -1.0 
-4.0 124.0 -1.0 -2.0 0.0 -2.0 -3.0 -4.0 -1.0 -2.0 -2.0 -3.0 -4.0 0.0 -4.0 -3.0 0.0 -4.0 -3.0 -1.0 0.0 -4.0 -2.0 -1.0 0.0 -2.0 -1.0 -3.0 -1.0 -2.0 -2.0 -4.0 -1.0 -4.0 0.0 -1.0 -4.0 -4.0 -1.0 -1.0 -2.0 -1.0 0.0 -1.0 0.0 -4.0 -2.0 -3.0 -1.0 -2.0 -2.0 -4.0 0.0 -3.0 0.0 -1.0 -2.0 0.0 0.0 -4.0 -2.0 -3.0 -1.0 -4.0 -1.0 
-3.0 -4.0 146.0 -1.0 -2.0 -2.0 -4.0 -3.0 -4.0 -2.0 -4.0 -2.0 -3.0 -3.0 -4.0 0.0 -4.0 -3.0 0.0 -2.0 -4.0 0.0 0.0 0.0 -4.0 -2.0 -1.0 -2.0 -2.0 0.0 -1.0 -1.0 -3.0 -2.0 -4.0 -3.0 -3.0 -3.0 -1.0 -2.0 0.0 -4.0 0.0 -4.0 -3.0 -4.0 -3.0 -3.0 -2.0 -3.0 -4.0 -3.0 -3.0 -4.0 -1.0 0.0 -2.0 -1.0 -3.0 0.0 -4.0 -1.0 -3.0 -2.0 -1.0 
-4.0 0.0 -4.0 136.0 0.0 -4.0 -4.0 -3.0 -1.0 -3.0 -4.0 -3.0 -1.0 -4.0 -2.0 -2.0 -2.0 -2.0 0.0 0.0 -2.0 -2.0 -1.0 -2.0 -2.0 -4.0 -2.0 0.0 -4.0 -3.0 -2.0 -1.0 -1.0 -1.0 -4.0 -2.0 -3.0 0.0 0.0 -1.0 -4.0 0.0 -4.0 -2.0 -4.0 0.0 -4.0 -3.0 0.0 -1.0 -4.0 -2.0 -3.0 0.0 -3.0 -3.0 -2.0 -2.0 -3.0 -1.0 -4.0 -2.0 -3.0 -2.0 0.0 
-1.0 -4.0 -3.0 -3.0 128.0 -3.0 -2.0 -4.0 -4.0 -4.0 -3.0 -1.0 -2.0 0.0 -2.0 -1.0 -4.0 -3.0 -1.0 -4.0 0.0 -3.0 0.0 -1.0 -3.0 -1.0 -3.0 -2.0 -2.0 -3.0 0.0 -4.0 -2.0 -1.0 -3.0 0.0 -1.0 -1.0 -1.0 -4.0 -3.0 -3.0 -1.0 0.0 -2.0 -4.0 -3.0 0.0 -1.0 0.0 -1.0 0.0 -4.0 -1.0 -2.0 0.0 -4.0 -3.0 -3.0 0.0 -1.0 -2.0 -3.0 -3.0 0.0 
-1.0 -1.0 -3.0 -2.0 0.0 111.0 -2.0 -1.0 -3.0 -2.0 0.0 -1.0 -2.0 -1.0 -4.0 -1.0 -4.0 -4.0 -2.0 -3.0 -3.0 -1.0 -1.0 -1.0 -3.0 -1.0 -2.0 -2.0 -4.0 -2.0 -4.0 -4.0 -4.0 -1.0 -4.0 0.0 0.0 0.0 0.0 0.0 -4.0 -1.0 -3.0 -2.0 -1.0 -1.0 -1.0 -1.0 -3.0 0.0 -1.0 -3.0 0.0 -1.0 -1.0 -4.0 0.0 -3.0 -4.0 -1.0 -1.0 0.0 0.0 -1.0 0.0 
0.0 -3.0 0.0 0.0 -3.0 -1.0 108.0 0.0 -2.0 -1.0 0.0 -1.0 0.0 -4.0 -3.0 -2.0 -2.0 -2.0 0.0 -4.0 0.0 -3.0 -2.0 -3.0 0.0 0.0 -3.0 -4.0 0.0 0.0 -4.0 -2.0 0.0 -3.0 -1.0 -1.0 -3.0 0.0 -2.0 -4.0 -3.0 -2.0 -2.0 -3.0 -2.0 -3.0 -2.0 0.0 -2.0 -3.0 -2.0 -4.0 0.0 0.0 0.0 0.0 -1.0 -2.0 -4.0 -1.0 -1.0 -4.0 0.0 -4.0 0.0 
-1.0 -2.0 -4.0 0.0 0.0 -3.0 0.0 120.0 -3.0 -1.0 -1.0 0.0 -2.0 0.0 0.0 -3.0 0.0 -1.0 0.0 0.0 -2.0 -2.0 -3.0 -1.0 -1.0 -4.0 -1.0 -4.0 -4.0 -1.0 -1.0 -2.0 -1.0 -4.0 -1.0 -1.0 -3.0 -1.0 -2.0 -2.0 -1.0 -3.0 -2.0 -3.0 -1.0 -4.0 0.0 0.0 -3.0 -2.0 -4.0 0.0 -4.0 -3.0 -2.0 -2.0 -1.0 -4.0 -4.0 -2.0 -3.0 -3.0 -1.0 -3.0 -3.0 
0.0 -1.0 -1.0 -4.0 -1.0 -3.0 -2.0 -4.0 132.0 -3.0 -3.0 -4.0 -4.0 -1.0 -3.0 -2.0 -1.0 -1.0 -1.0 0.0 -4.0 -2.0 -2.0 -2.0 -1.0 -3.0 0.0 -1.0 0.0 -4.0 -2.0 -1.0 -2.0 -1.0 -2.0 -4.0 -2.0 -2.0 -2.0 0.0 -4.0 0.0 -2.0 -4.0 -1.0 -2.0 -4.0 -4.0 0.0 -4.0 -4.0 -2.0 -2.0 -2.0 -2.0 -1.0 -3.0 -1.0 -3.0 -3.0 -2.0 -1.0 -3.0 -2.0 0.0 
0.0 -2.0 -3.0 -1.0 0.0 -1.0 -2.0 -3.0 -3.0 118.0 -4.0 -2.0 -3.0 -2.0 -1.0 -3.0 -2.0 -2.0 0.0 -3.0 0.0 0.0 -3.0 -3.0 -1.0 -3.0 -4.0 0.0 -2.0 0.0 -2.0 -1.0 -4.0 -1.0 -2.0 0.0 0.0 -2.0 -3.0 -2.0 -4.0 -1.0 0.0 -4.0 -4.0 -1.0 -3.0 0.0 0.0 -2.0 -3.0 -1.0 -4.0 -2.0 -2.0 -1.0 -1.0 -4.0 -2.0 -2.0 -2.0 0.0 0.0 -3.0 -2.0 
0.0 -4.0 -2.0 0.0 0.0 -2.0 -4.0 -2.0 0.0 -2.0 124.0 -1.0 -4.0 -3.0 -3.0 -3.0 0.0 -4.0 -2.0 -2.0 -1.0 -3.0 -4.0 -2.0 -1.0 -2.0 -3.0 -4.0 -1.0 -1.0 -3.0 -2.0 0.0 -4.0 -2.0 -1.0 -4.0 -2.0 -3.0 0.0 -2.0 -4.0 -2.0 -3.0 0.0 0.0 -2.0 -2.0 -1.0 -3.0 -4.0 -4.0 0.0 -3.0 -4.0 -2.0 0.0 -1.0 0.0 0.0 -2.0 0.0 0.0 -2.0 -2.0 
0.0 -1.0 -2.0 0.0 -4.0 -2.0 -1.0 -2.0 -2.0 -4.0 -2.0 132.0 -2.0 0.0 -4.0 -3.0 -4.0 -2.0 -2.0 -4.0 -4.0 -4.0 -2.0 0.0 0.0 0.0 -1.0 -1.0 -1.0 0.0 -3.0 -2.0 0.0 0.0 -3.0 -2.0 -1.0 -4.0 0.0 -4.0 -3.0 -2.0 -3.0 -4.0 -1.0 -4.0 -4.0 -1.0 -1.0 -1.0 -2.0 -4.0 -1.0 -1.0 -3.0 0.0 0.0 -3.0 -4.0 -3.0 -1.0 -2.0 -4.0 -4.0 -3.0 
-2.0 -1.0 -1.0 -1.0 -1.0 -2.0 -1.0 -4.0 -3.0 0.0 -4.0 -1.0 123.0 -1.0 0.0 -3.0 -4.0 0.0 0.0 -4.0 -4.0 -4.0 0.0 -1.0 0.0 -2.0 -2.0 0.0 -1.0 -4.0 -4.0 -2.0 -4.0 -1.0 -1.0 -3.0 -4.0 -2.0 -2.0 0.0 -1.0 -1.0 -4.0 -1.0 -3.0 -2.0 -1.0 -4.0 -1.0 -1.0 -3.0 -1.0 -1.0 -1.0 -4.0 -4.0 -2.0 -3.0 -1.0 -4.0 0.0 -1.0 -1.0 -4.0 0.0 
0.0 0.0 -4.0 -3.0 -1.0 -4.0 0.0 -4.0 -4.0 -2.0 -2.0 -3.0 -2.0 122.0 -4.0 -1.0 0.0 -2.0 -4.0 -4.0 -4.0 -2.0 0.0 0.0 -1.0 -4.0 0.0 -1.0 -4.0 -1.0 -1.0 0.0 -1.0 -4.0 -2.0 -1.0 -1.0 -1.0 -1.0 -2.0 -3.0 -3.0 -4.0 -4.0 -1.0 -2.0 -3.0 0.0 -2.0 0.0 0.0 -2.0 -2.0 -1.0 -3.0 -1.0 -2.0 -1.0 -3.0 -2.0 0.0 -3.0 0.0 -2.0 -3.0 
-2.0 -3.0 -1.0 -4.0 0.0 0.0 -3.0 0.0 -4.0 0.0 -3.0 -3.0 -3.0 -2.0 124.0 0.0 -2.0 -3.0 -1.0 -4.0 -2.0 -3.0 -2.0 0.0 -2.0 0.0 0.0 -3.0 -3.0 -2.0 -4.0 -1.0 -4.0 -4.0 0.0 -2.0 -4.0 0.0 -4.0 0.0 -2.0 -1.0 -1.0 -1.0 -1.0 0.0 -3.0 -1.0 -1.0 -4.0 -2.0 0.0 -3.0 -3.0 -3.0 -2.0 -1.0 -1.0 -4.0 -2.0 -2.0 -2.0 -1.0 -2.0 -3.0 
-4.0 -3.0 -4.0 -1.0 -1.0 -2.0 -2.0 -3.0 -1.0 -2.0 -1.0 -2.0 -1.0 0.0 -1.0 121.0 -3.0 -1.0 -2.0 -3.0 -1.0 -1.0 -2.0 0.0 0.0 -3.0 0.0 -4.0 0.0 0.0 -3.0 -1.0 -2.0 -3.0 -4.0 -2.0 0.0 0.0 -2.0 -1.0 -2.0 -4.0 -4.0 -1.0 -3.0 -4.0 -3.0 -2.0 -3.0 -3.0 -2.0 -3.0 0.0 -3.0 -3.0 -2.0 -1.0 0.0 -2.0 0.0 -4.0 -2.0 -1.0 0.0 -3.0 
-2.0 -3.0 -4.0 -4.0 -4.0 -2.0 -2.0 0.0 -1.0 0.0 -4.0 0.0 -3.0 -1.0 -3.0 -4.0 129.0 -2.0 -2.0 0.0 -2.0 -1.0 -1.0 0.0 -4.0 0.0 -4.0 -1.0 -2.0 -1.0 -2.0 -2.0 -1.0 0.0 -3.0 -3.0 -1.0 0.0 -4.0 -3.0 -3.0 -4.0 0.0 0.0 0.0 0.0 -3.0 -4.0 0.0 -2.0 -4.0 -3.0 -3.0 -2.0 -2.0 0.0 -4.0 -2.0 -1.0 -4.0 -4.0 -4.0 -2.0 -2.0 0.0 
-3.0 -1.0 -4.0 -2.0 -4.0 -2.0 -3.0 -4.0 -3.0 0.0 -1.0 -2.0 -2.0 -1.0 -2.0 -3.0 -4.0 143.0 -4.0 -3.0 -2.0 -1.0 -2.0 0.0 -3.0 0.0 -4.0 0.0 -4.0 -4.0 -2.0 -1.0 0.0 -2.0 -3.0 -3.0 -1.0 -3.0 -1.0 -4.0 -4.0 -4.0 -1.0 -3.0 -3.0 -4.0 -1.0 0.0 -3.0 -3.0 -3.0 -1.0 0.0 -3.0 0.0 -1.0 -2.0 -3.0 -2.0 -3.0 0.0 -4.0 -4.0 -1.0 -2.0 
-3.0 -1.0 -4.0 -2.0 0.0 -2.0 -3.0 -1.0 -2.0 -4.0 0.0 -4.0 -4.0 -1.0 -4.0 -3.0 -2.0 -3.0 140.0 -3.0 0.0 -4.0 -2.0 -4.0 -4.0 -2.0 -3.0 -3.0 -1.0 0.0 0.0 0.0 -1.0 -3.0 -3.0 -2.0 -3.0 -1.0 -1.0 -4.0 0.0 -2.0 -3.0 -3.0 -3.0 0.0 -4.0 0.0 0.0 -1.0 -4.0 -1.0 -3.0 -1.0 -4.0 -3.0 -2.0 -2.0 -4.0 -4.0 -1.0 -1.0 -2.0 -1.0 -4.0 
0.0 -2.0 -2.0 -2.0 -1.0 -2.0 -1.0 -2.0 0.0 -4.0 0.0 -2.0 -2.0 -4.0 -3.0 -3.0 -4.0 -2.0 0.0 116.0 -3.0 0.0 -2.0 -2.0 -4.0 -2.0 -4.0 -2.0 -3.0 -1.0 -3.0 -2.0 -3.0 -2.0 -1.0 -4.0 -1.0 0.0 -3.0 -1.0 -3.0 0.0 -1.0 -4.0 -4.0 0.0 -1.0 -2.0 0.0 -1.0 -2.0 0.0 -4.0 0.0 -1.0 -1.0 -1.0 -3.0 -3.0 0.0 -2.0 -2.0 0.0 0.0 -2.0 
-4.0 -2.0 -4.0 -2.0 0.0 0.0 0.0 0.0 -2.0 -1.0 0.0 -4.0 -4.0 -4.0 -4.0 -1.0 0.0 -3.0 -4.0 -4.0 139.0 0.0 -1.0 -3.0 -3.0 -3.0 -2.0 -4.0 -3.0 -3.0 -4.0 -4.0 -3.0 -2.0 -3.0 -4.0 -4.0 0.0 -3.0 0.0 -2.0 0.0 -3.0 -4.0 -1.0 -3.0 0.0 -2.0 -3.0 -4.0 -3.0 -2.0 -3.0 -1.0 -4.0 -1.0 -2.0 0.0 0.0 -3.0 0.0 -1.0 -2.0 0.0 -3.0 
0.0 -4.0 -4.0 -4.0 -4.0 0.0 -3.0 -1.0 -1.0 -3.0 -2.0 0.0 -2.0 -3.0 -2.0 -2.0 -2.0 -4.0 -2.0 0.0 -3.0 139.0 -1.0 -4.0 -3.0 -3.0 -4.0 -3.0 -2.0 -1.0 -1.0 -3.0 0.0 0.0 -4.0 -1.0 -1.0 -1.0 -4.0 -3.0 -3.0 -1.0 -2.0 0.0 -4.0 -2.0 -1.0 -3.0 -2.0 -3.0 -2.0 -4.0 -3.0 0.0 -1.0 -4.0 -3.0 -4.0 0.0 0.0 -3.0 -4.0 -2.0 -3.0 0.0 
-3.0 -2.0 -1.0 0.0 -3.0 -3.0 -3.0 -1.0 -1.0 -1.0 -1.0 -1.0 -1.0 -1.0 -2.0 0.0 -2.0 -3.0 -2.0 0.0 -2.0 -1.0 122.0 -4.0 -1.0 0.0 -2.0 -4.0 -3.0 -2.0 -3.0 -4.0 -3.0 -1.0 -1.0 -4.0 -2.0 -1.0 -4.0 0.0 -2.0 0.0 -2.0 -2.0 -4.0 0.0 -3.0 -3.0 0.0 0.0 -2.0 -3.0 -2.0 -2.0 -2.0 -2.0 -4.0 -4.0 0.0 -4.0 -4.0 -2.0 -1.0 -1.0 0.0 
-1.0 -3.0 -1.0 0.0 -4.0 -1.0 -2.0 -2.0 -4.0 -1.0 -3.0 -3.0 -2.0 -4.0 -2.0 0.0 -1.0 -3.0 -2.0 0.0 -2.0 -1.0 -1.0 139.0 -3.0 -4.0 -4.0 -3.0 0.0 -4.0 -4.0 -2.0 -4.0 0.0 0.0 -4.0 -2.0 -1.0 -3.0 -2.0 -1.0 -2.0 -1.0 -3.0 -3.0 -2.0 -3.0 0.0 -3.0 -2.0 -4.0 -2.0 -1.0 -3.0 -2.0 -2.0 0.0 -4.0 -2.0 -2.0 -4.0 -4.0 0.0 -4.0 -2.0 
-4.0 0.0 -3.0 -3.0 -1.0 -2.0 0.0 -3.0 0.0 -3.0 -4.0 -1.0 -1.0 0.0 -3.0 -3.0 -4.0 -2.0 -1.0 0.0 0.0 -2.0 0.0 -3.0 129.0 -3.0 -4.0 -4.0 -3.0 -1.0 -4.0 -3.0 -2.0 -2.0 -3.0 -1.0 -3.0 -3.0 0.0 -4.0 -4.0 0.0 -1.0 -3.0 -4.0 -2.0 0.0 -4.0 -1.0 -3.0 -2.0 -1.0 -3.0 -4.0 -1.0 0.0 -1.0 -1.0 -1.0 -2.0 -3.0 0.0 -3.0 -2.0 0.0 
-4.0 -1.0 -3.0 -3.0 -2.0 -2.0 -1.0 0.0 -4.0 0.0 -2.0 -3.0 0.0 0.0 0.0 -1.0 -2.0 0.0 -4.0 0.0 0.0 -3.0 -2.0 -2.0 -2.0 107.0 -2.0 -3.0 0.0 0.0 -3.0 0.0 -2.0 -2.0 -3.0 -3.0 -3.0 -1.0 -1.0 -3.0 -1.0 -3.0 0.0 0.0 -4.0 -3.0 0.0 -2.0 0.0 -1.0 -1.0 0.0 -4.0 -2.0 -1.0 -1.0 -3.0 -2.0 0.0 -3.0 -3.0 -4.0 0.0 -1.0 -1.0 
0.0 -1.0 -4.0 -1.0 -3.0 -3.0 -4.0 -3.0 -1.0 -4.0 0.0 0.0 -3.0 -1.0 0.0 -2.0 -1.0 -2.0 -1.0 -3.0 -4.0 -2.0 -4.0 -3.0 -3.0 -4.0 131.0 0.0 -2.0 -4.0 0.0 -1.0 -3.0 -2.0 0.0 0.0 -4.0 -3.0 -1.0 0.0 -4.0 -3.0 0.0 -3.0 -1.0 -4.0 0.0 -3.0 -4.0 0.0 0.0 0.0 -3.0 -4.0 -3.0 -4.0 0.0 0.0 -4.0 -3.0 -1.0 -4.0 -4.0 -1.0 -1.0 
-1.0 0.0 -3.0 -1.0 -3.0 0.0 -4.0 -1.0 0.0 -2.0 -2.0 0.0 -3.0 -1.0 -1.0 -1.0 -1.0 0.0 -4.0 0.0 -3.0 -4.0 -4.0 -1.0 0.0 -2.0 -1.0 109.0 0.0 -3.0 -2.0 -3.0 -2.0 -1.0 -4.0 -2.0 -2.0 0.0 -1.0 -1.0 -1.0 -2.0 -1.0 -1.0 0.0 -1.0 0.0 -1.0 -3.0 0.0 -1.0 -1.0 -1.0 -3.0 -2.0 -4.0 -1.0 -2.0 -1.0 -4.0 -1.0 -3.0 -3.0 -4.0 -4.0 
-1.0 0.0 -1.0 0.0 0.0 -4.0 -4.0 -2.0 -1.0 -3.0 -3.0 -4.0 -2.0 -3.0 -1.0 -1.0 0.0 -4.0 -2.0 -4.0 -1.0 -3.0 -2.0 0.0 -2.0 -3.0 -4.0 -4.0 137.0 -4.0 -3.0 -3.0 -4.0 0.0 -1.0 -3.0 -4.0 -1.0 -3.0 -4.0 -2.0 0.0 0.0 -1.0 -4.0 0.0 -3.0 -3.0 -1.0 -2.0 0.0 -3.0 -3.0 -4.0 -4.0 -2.0 -3.0 0.0 0.0 -3.0 -2.0 -3.0 0.0 -2.0 -3.0 
-2.0 -4.0 -1.0 -3.0 -4.0 0.0 0.0 0.0 0.0 0.0 0.0 -1.0 -1.0 -4.0 0.0 -2.0 -4.0 -4.0 -1.0 -3.0 -3.0 0.0 -4.0 -1.0 -3.0 -4.0 -1.0 -2.0 0.0 124.0 -4.0 -3.0 -2.0 -1.0 -1.0 -1.0 -2.0 -1.0 0.0 -4.0 -4.0 -2.0 -2.0 -1.0 0.0 -1.0 -1.0 -2.0 -3.0 -4.0 -4.0 -2.0 -3.0 -1.0 -3.0 -2.0 0.0 -3.0 0.0 -4.0 -4.0 -2.0 0.0 -1.0 -4.0 
-4.0 -1.0 -2.0 -3.0 -4.0 -3.0 -3.0 -3.0 -4.0 -2.0 -2.0 0.0 -2.0 -2.0 0.0 -2.0 -1.0 -2.0 -2.0 -2.0 0.0 -4.0 -4.0 -1.0 -4.0 -2.0 -4.0 -3.0 -4.0 -3.0 141.0 -4.0 -3.0 0.0 -1.0 0.0 -2.0 0.0 -2.0 0.0 0.0 -1.0 -2.0 -4.0 -1.0 -3.0 -4.0 -3.0 -4.0 -4.0 -4.0 -3.0 -1.0 -1.0 -3.0 -2.0 -3.0 -3.0 0.0 -4.0 -2.0 -2.0 -1.0 0.0 -1.0 
-3.0 -1.0 -4.0 -3.0 -1.0 -1.0 -1.0 0.0 -4.0 -1.0 -4.0 -3.0 -1.0 -2.0 -3.0 -1.0 -4.0 -3.0 0.0 -1.0 0.0 0.0 -2.0 -2.0 -3.0 -2.0 0.0 0.0 -1.0 -3.0 -1.0 136.0 -4.0 -1.0 -2.0 -2.0 -4.0 -2.0 -2.0 -1.0 -2.0 -2.0 -4.0 -2.0 -1.0 -3.0 -4.0 0.0 -3.0 -1.0 -4.0 -2.0 -3.0 -3.0 -3.0 -2.0 -4.0 -4.0 -1.0 -1.0 -2.0 -4.0 -1.0 -4.0 -3.0 
-4.0 -1.0 -2.0 -1.0 -3.0 -2.0 -2.0 -1.0 -3.0 -3.0 -4.0 -4.0 -1.0 0.0 -3.0 -2.0 0.0 0.0 -1.0 -3.0 -2.0 -4.0 -2.0 -1.0 -3.0 -3.0 -3.0 -1.0 -1.0 0.0 -3.0 0.0 117.0 -1.0 -4.0 -2.0 -1.0 -2.0 -3.0 -1.0 -3.0 0.0 -1.0 -4.0 -1.0 0.0 -4.0 -2.0 -3.0 -3.0 -1.0 0.0 -3.0 0.0 0.0 -4.0 0.0 -3.0 -3.0 0.0 -1.0 0.0 0.0 -3.0 -1.0 
-2.0 0.0 -2.0 -4.0 -2.0 0.0 -3.0 -2.0 -2.0 -1.0 -2.0 -2.0 -3.0 -3.0 -4.0 -3.0 0.0 -4.0 -4.0 0.0 -4.0 -3.0 -4.0 -3.0 -2.0 -3.0 -2.0 0.0 0.0 -2.0 -4.0 -2.0 0.0 130.0 -1.0 -1.0 0.0 -4.0 -3.0 -4.0 -3.0 -3.0 0.0 -1.0 -4.0 0.0 0.0 -1.0 -1.0 -3.0 -4.0 -3.0 0.0 0.0 -3.0 -3.0 -1.0 0.0 -3.0 -1.0 -1.0 -4.0 -1.0 -2.0 -3.0 
-4.0 0.0 -3.0 -2.0 0.0 -1.0 -3.0 -4.0 0.0 -4.0 -4.0 -3.0 -2.0 -1.0 -2.0 -1.0 -1.0 -4.0 -2.0 -2.0 -4.0 -1.0 0.0 -3.0 -3.0 -2.0 -4.0 -2.0 0.0 -1.0 0.0 0.0 -4.0 -2.0 132.0 -4.0 -3.0 -3.0 -3.0 0.0 -1.0 -4.0 -3.0 -1.0 -2.0 -1.0 -2.0 -3.0 -1.0 -2.0 -3.0 -1.0 -3.0 -3.0 0.0 -3.0 -1.0 0.0 -3.0 -4.0 0.0 -4.0 0.0 -3.0 -2.0 
-3.0 -2.0 -4.0 -1.0 -4.0 0.0 0.0 -2.0 -1.0 0.0 0.0 -1.0 0.0 0.0 0.0 -2.0 -4.0 -3.0 -1.0 -3.0 0.0 0.0 -3.0 -3.0 -4.0 -3.0 -2.0 -3.0 -4.0 0.0 0.0 -3.0 -2.0 -4.0 -4.0 119.0 -3.0 -2.0 -2.0 -4.0 0.0 0.0 -1.0 -2.0 -4.0 0.0 -3.0 -1.0 0.0 0.0 -2.0 -1.0 -2.0 -4.0 -3.0 -3.0 -2.0 0.0 -2.0 -4.0 0.0 -1.0 -4.0 -3.0 0.0 
-4.0 -1.0 -3.0 -4.0 -2.0 -4.0 -3.0 -1.0 0.0 0.0 -3.0 -4.0 -4.0 -3.0 -4.0 -2.0 -2.0 -1.0 -4.0 -4.0 -3.0 0.0 -2.0 0.0 -4.0 -3.0 -2.0 0.0 -4.0 -3.0 -1.0 -4.0 -3.0 -3.0 -2.0 -4.0 149.0 0.0 -2.0 -4.0 -1.0 0.0 -4.0 0.0 -1.0 -3.0 -3.0 -3.0 -2.0 0.0 0.0 -2.0 -4.0 -2.0 -2.0 -4.0 -2.0 -3.0 -1.0 -4.0 0.0 -3.0 -4.0 -1.0 -3.0 
-2.0 -1.0 -3.0 -4.0 -2.0 0.0 -1.0 -2.0 -1.0 0.0 -2.0 -2.0 -3.0 -2.0 -1.0 -3.0 -2.0 -3.0 -2.0 -2.0 -1.0 -2.0 -4.0 0.0 -4.0 -2.0 -1.0 -4.0 -4.0 0.0 -4.0 -3.0 -2.0 -1.0 0.0 -3.0 -3.0 128.0 -1.0 -2.0 -4.0 0.0 -1.0 0.0 -2.0 -4.0 -2.0 -2.0 -3.0 -2.0 -3.0 -1.0 -2.0 -4.0 0.0 -1.0 -3.0 0.0 -1.0 -2.0 -3.0 -3.0 -1.0 -2.0 -3.0 
-2.0 -1.0 -1.0 -4.0 -1.0 -4.0 -2.0 -2.0 -4.0 -1.0 0.0 0.0 -2.0 -2.0 -3.0 -3.0 -4.0 -3.0 -2.0 -4.0 -2.0 -1.0 -1.0 -3.0 -2.0 -2.0 -1.0 -4.0 0.0 0.0 0.0 -4.0 0.0 -3.0 -3.0 -4.0 -3.0 -1.0 130.0 -1.0 -2.0 -1.0 -4.0 -2.0 -1.0 -4.0 -2.0 -3.0 -2.0 -2.0 -1.0 -1.0 -1.0 0.0 -3.0 -2.0 -4.0 0.0 -4.0 -4.0 0.0 0.0 -4.0 -1.0 -2.0 
-3.0 -3.0 -4.0 -3.0 -1.0 -1.0 -3.0 -4.0 -1.0 0.0 -4.0 -3.0 0.0 -2.0 0.0 -3.0 -4.0 -2.0 -2.0 -3.0 -1.0 -3.0 -2.0 0.0 -1.0 -1.0 -3.0 -3.0 0.0 -3.0 0.0 -1.0 -1.0 0.0 -4.0 -1.0 0.0 -4.0 -3.0 141.0 -2.0 -4.0 0.0 -2.0 -4.0 -3.0 -1.0 -3.0 -1.0 0.0 -4.0 -1.0 -4.0 -4.0 -1.0 -4.0 -2.0 -4.0 -4.0 -4.0 -1.0 -4.0 0.0 -3.0 -4.0 
-4.0 -3.0 -4.0 -1.0 -4.0 -3.0 0.0 -1.0 -4.0 0.0 -4.0 -1.0 -3.0 -1.0 0.0 -3.0 -1.0 0.0 -2.0 -4.0 -3.0 -3.0 -1.0 -4.0 -3.0 -1.0 -2.0 0.0 -2.0 0.0 -3.0 -3.0 0.0 -3.0 -3.0 -1.0 -3.0 -2.0 0.0 -4.0 131.0 -3.0 0.0 -4.0 0.0 -4.0 -4.0 -3.0 -2.0 0.0 -3.0 -4.0 0.0 0.0 0.0 -2.0 0.0 -2.0 -3.0 -2.0 -3.0 -2.0 -3.0 -2.0 -1.0 
0.0 0.0 -1.0 -3.0 -3.0 0.0 -2.0 -1.0 -3.0 0.0 0.0 0.0 -4.0 -4.0 -1.0 -2.0 0.0 -2.0 -1.0 0.0 -1.0 0.0 -2.0 0.0 -2.0 0.0 0.0 0.0 -2.0 -2.0 -4.0 0.0 0.0 -4.0 -1.0 0.0 -2.0 -3.0 0.0 -2.0 -4.0 100.0 -3.0 0.0 -3.0 -4.0 0.0 0.0 -2.0 -2.0 -4.0 -1.0 0.0 -4.0 -3.0 0.0 -3.0 -3.0 -4.0 -2.0 0.0 -2.0 -1.0 -1.0 -2.0 
-1.0 0.0 -2.0 -3.0 -1.0 -1.0 0.0 -3.0 0.0 0.0 -1.0 -3.0 0.0 -2.0 0.0 -1.0 -4.0 -3.0 -3.0 -1.0 -4.0 0.0 -3.0 -1.0 -4.0 0.0 -2.0 -4.0 -2.0 0.0 0.0 -4.0 -2.0 -1.0 -3.0 -1.0 -2.0 0.0 -1.0 -3.0 -3.0 -2.0 109.0 -1.0 -3.0 -4.0 -2.0 -3.0 -2.0 -1.0 0.0 0.0 -2.0 -3.0 -1.0 -3.0 -1.0 -3.0 -1.0 -2.0 0.0 -2.0 -3.0 -1.0 0.0 
0.0 -3.0 -2.0 -4.0 -2.0 -4.0 -2.0 0.0 -4.0 -4.0 -1.0 -4.0 -3.0 0.0 0.0 -1.0 -1.0 0.0 -2.0 -4.0 -4.0 0.0 -2.0 0.0 -2.0 -2.0 -4.0 -2.0 -4.0 0.0 -3.0 0.0 0.0 -2.0 -1.0 -1.0 -1.0 -1.0 -1.0 0.0 -2.0 -4.0 -2.0 118.0 0.0 -1.0 -3.0 -1.0 -3.0 -2.0 -1.0 -4.0 -1.0 -2.0 -1.0 -2.0 -3.0 -2.0 -1.0 -2.0 -2.0 -4.0 -2.0 -2.0 0.0 
0.0 -1.0 -4.0 0.0 -2.0 -4.0 -2.0 -3.0 0.0 -3.0 -1.0 0.0 -1.0 -3.0 -2.0 0.0 -2.0 -1.0 0.0 -4.0 -3.0 0.0 -4.0 -1.0 -4.0 -4.0 0.0 -3.0 -4.0 0.0 -1.0 -1.0 -1.0 0.0 0.0 -3.0 -1.0 -2.0 -1.0 -2.0 0.0 -1.0 -2.0 0.0 108.0 -2.0 0.0 0.0 0.0 -4.0 -3.0 0.0 -2.0 -1.0 -3.0 -4.0 -1.0 -3.0 -2.0 -3.0 -3.0 -1.0 0.0 -1.0 -4.0 
-2.0 0.0 -2.0 -2.0 -1.0 -3.0 -3.0 -1.0 -1.0 -1.0 0.0 0.0 -4.0 -2.0 0.0 -4.0 -3.0 -2.0 -2.0 -3.0 -2.0 -3.0 0.0 -4.0 -3.0 -4.0 -3.0 -2.0 -4.0 0.0 -1.0 0.0 -3.0 -3.0 0.0 -3.0 0.0 -1.0 -4.0 -2.0 -2.0 -4.0 -4.0 0.0 -3.0 129.0 -3.0 -3.0 0.0 -4.0 -3.0 -3.0 -1.0 0.0 -3.0 -1.0 -2.0 -1.0 -1.0 -1.0 -3.0 -4.0 -2.0 0.0 -3.0 
-4.0 -1.0 -2.0 -4.0 -1.0 -4.0 -4.0 -3.0 -4.0 0.0 -4.0 -3.0 -2.0 -4.0 -3.0 0.0 0.0 -4.0 -3.0 -2.0 -4.0 -1.0 0.0 0.0 -3.0 -3.0 0.0 -2.0 -1.0 -3.0 -3.0 -4.0 -1.0 0.0 -3.0 -1.0 0.0 -3.0 -4.0 -2.0 0.0 -2.0 -4.0 -2.0 -2.0 -3.0 142.0 -1.0 -4.0 -3.0 -1.0 -4.0 -4.0 -2.0 -1.0 -1.0 -4.0 -2.0 -2.0 -4.0 -4.0 -1.0 -1.0 0.0 0.0 
-4.0 -3.0 -1.0 0.0 -2.0 -4.0 -4.0 -4.0 -2.0 0.0 -3.0 -2.0 -3.0 -3.0 -2.0 0.0 0.0 0.0 -3.0 -4.0 0.0 -1.0 -4.0 -1.0 -1.0 -3.0 -4.0 -1.0 -1.0 0.0 -3.0 -2.0 -1.0 0.0 -4.0 0.0 -2.0 -3.0 0.0 0.0 -4.0 -2.0 -2.0 -1.0 -2.0 0.0 -4.0 133.0 -3.0 -4.0 -2.0 -4.0 -4.0 -4.0 0.0 -1.0 -2.0 -1.0 0.0 -3.0 -3.0 -2.0 -4.0 -2.0 -4.0 
-4.0 0.0 0.0 -2.0 -4.0 -4.0 -4.0 0.0 -2.0 -3.0 -1.0 -4.0 -3.0 -1.0 -3.0 -4.0 -1.0 -4.0 -1.0 -1.0 0.0 -4.0 -1.0 -3.0 -1.0 0.0 -4.0 -1.0 -4.0 -3.0 0.0 -4.0 0.0 -1.0 -3.0 -3.0 -2.0 -1.0 -4.0 -2.0 -3.0 -2.0 -2.0 -3.0 0.0 -2.0 0.0 0.0 144.0 -4.0 -4.0 -4.0 -3.0 -4.0 -4.0 0.0 -3.0 0.0 -4.0 -4.0 -3.0 0.0 -2.0 -2.0 -4.0 
0.0 -1.0 -1.0 -2.0 -1.0 -2.0 -4.0 0.0 -2.0 -3.0 -4.0 0.0 -2.0 -2.0 -2.0 -2.0 -2.0 -3.0 -1.0 -1.0 -3.0 -2.0 -1.0 -4.0 -2.0 0.0 -1.0 0.0 0.0 -3.0 -4.0 -2.0 -4.0 -3.0 -4.0 -1.0 -1.0 -1.0 -4.0 -4.0 -1.0 -2.0 -3.0 -3.0 -2.0 -2.0 -3.0 -1.0 -4.0 136.0 -3.0 -1.0 -2.0 -3.0 -1.0 -2.0 -1.0 -4.0 -3.0 -2.0 -3.0 -2.0 -2.0 -3.0 -4.0 
-1.0 -4.0 -3.0 -2.0 -2.0 -3.0 -4.0 -4.0 -2.0 -3.0 -3.0 -2.0 -2.0 0.0 -4.0 -3.0 -2.0 -3.0 -3.0 -2.0 -1.0 -3.0 -2.0 -4.0 -4.0 -3.0 -1.0 -3.0 0.0 -3.0 -3.0 -2.0 -3.0 -4.0 -4.0 0.0 -1.0 -1.0 0.0 0.0 -3.0 -1.0 -3.0 -1.0 -4.0 -3.0 0.0 -2.0 -4.0 -1.0 148.0 -4.0 -3.0 -3.0 -3.0 -2.0 -2.0 -3.0 -1.0 -3.0 0.0 -2.0 -4.0 -1.0 -1.0 
-1.0 -3.0 -3.0 -1.0 -2.0 -2.0 -2.0 -2.0 0.0 -3.0 -4.0 -2.0 -2.0 -2.0 0.0 -4.0 0.0 -1.0 -4.0 0.0 -2.0 -2.0 0.0 0.0 -1.0 -1.0 -3.0 -3.0 -3.0 -2.0 0.0 -3.0 -3.0 -4.0 -4.0 -2.0 0.0 -4.0 -2.0 -2.0 -3.0 0.0 0.0 0.0 -2.0 -4.0 0.0 -1.0 -2.0 -2.0 -2.0 118.0 -2.0 -2.0 0.0 -2.0 -2.0 -4.0 0.0 -4.0 -1.0 0.0 -2.0 -2.0 -2.0 
0.0 -2.0 -2.0 -4.0 -4.0 -3.0 -3.0 -3.0 0.0 0.0 -3.0 -3.0 -3.0 0.0 -2.0 -4.0 0.0 -4.0 -4.0 -1.0 -3.0 -2.0 -3.0 -2.0 -4.0 -2.0 -4.0 -2.0 -1.0 -4.0 -4.0 0.0 -3.0 -1.0 -1.0 0.0 -1.0 0.0 -4.0 -2.0 -4.0 0.0 -3.0 -4.0 -3.0 0.0 -1.0 -1.0 -1.0 -3.0 -3.0 -4.0 150.0 -2.0 -3.0 -3.0 -2.0 -1.0 -3.0 -4.0 -3.0 -4.0 -4.0 -4.0 -2.0 
0.0 -4.0 -2.0 0.0 0.0 -3.0 -1.0 -2.0 -4.0 -3.0 0.0 0.0 -1.0 -3.0 -1.0 -1.0 -3.0 0.0 0.0 -1.0 -3.0 -4.0 -1.0 -1.0 0.0 -1.0 0.0 -2.0 -2.0 -2.0 -4.0 -3.0 -4.0 -4.0 0.0 0.0 -1.0 0.0 -1.0 -3.0 -2.0 0.0 -4.0 0.0 -4.0 0.0 -1.0 -1.0 -3.0 -2.0 0.0 -4.0 0.0 99.0 -1.0 -1.0 -2.0 0.0 -2.0 -1.0 -2.0 -2.0 -2.0 0.0 0.0 
0.0 -3.0 -3.0 -4.0 -4.0 0.0 0.0 -4.0 -4.0 0.0 -3.0 0.0 0.0 -1.0 0.0 0.0 0.0 -2.0 -3.0 -2.0 -4.0 -2.0 -4.0 0.0 -3.0 -1.0 -2.0 -4.0 0.0 -2.0 -3.0 -2.0 -1.0 -2.0 -2.0 0.0 -1.0 -4.0 -2.0 0.0 0.0 -1.0 -1.0 -4.0 -3.0 -1.0 -3.0 -3.0 -4.0 -4.0 -4.0 -2.0 -2.0 -2.0 121.0 0.0 -3.0 0.0 -3.0 -3.0 -2.0 -1.0 -1.0 0.0 -2.0 
-1.0 -3.0 0.0 -4.0 0.0 -1.0 -2.0 -1.0 -3.0 -4.0 -4.0 0.0 -2.0 -2.0 0.0 -4.0 0.0 -3.0 -4.0 0.0 -3.0 -3.0 0.0 -1.0 -2.0 -4.0 -2.0 -1.0 0.0 -1.0 0.0 -1.0 0.0 -3.0 0.0 -3.0 -3.0 -1.0 0.0 -4.0 -1.0 -2.0 -4.0 -1.0 -2.0 -3.0 -1.0 0.0 -1.0 -2.0 -3.0 -2.0 -2.0 -3.0 -2.0 109.0 0.0 -1.0 -2.0 0.0 0.0 -3.0 -1.0 -1.0 -2.0 
-4.0 -4.0 -4.0 -3.0 0.0 -4.0 -3.0 -4.0 -4.0 -2.0 -2.0 -4.0 -3.0 -3.0 -2.0 -3.0 -4.0 -4.0 -2.0 0.0 -2.0 -2.0 -2.0 0.0 -2.0 -3.0 -1.0 -2.0 -1.0 -1.0 -1.0 0.0 0.0 -3.0 -1.0 -1.0 -3.0 0.0 -1.0 -3.0 -3.0 -3.0 -3.0 -4.0 -1.0 -3.0 -1.0 -2.0 -3.0 -3.0 -3.0 -2.0 -1.0 -1.0 -1.0 0.0 141.0 0.0 -3.0 0.0 -4.0 -4.0 -1.0 -4.0 -3.0 
-1.0 -1.0 -4.0 -2.0 -3.0 0.0 -3.0 0.0 0.0 -3.0 -3.0 -1.0 -2.0 -3.0 0.0 -2.0 -1.0 -1.0 0.0 0.0 -1.0 -4.0 -2.0 -2.0 -3.0 0.0 -1.0 0.0 0.0 -1.0 0.0 -1.0 -2.0 -3.0 -4.0 -3.0 -4.0 -3.0 -2.0 -4.0 -1.0 -1.0 -4.0 -4.0 -2.0 -2.0 -4.0 -3.0 -4.0 -3.0 -1.0 -2.0 -3.0 -4.0 0.0 0.0 -1.0 123.0 -1.0 -3.0 -2.0 -1.0 -4.0 -3.0 0.0 
-2.0 -1.0 -4.0 -1.0 -1.0 -4.0 -3.0 -1.0 -3.0 -1.0 -1.0 -4.0 -3.0 -2.0 0.0 -4.0 -4.0 0.0 -1.0 -3.0 -1.0 -3.0 -2.0 -3.0 -2.0 -3.0 -1.0 -3.0 0.0 -2.0 0.0 0.0 -4.0 -3.0 -2.0 0.0 -4.0 0.0 0.0 -1.0 -1.0 -2.0 -1.0 -4.0 -2.0 -3.0 -3.0 -2.0 -1.0 0.0 -3.0 -1.0 -3.0 -4.0 -3.0 -4.0 -4.0 -4.0 136.0 0.0 -3.0 -2.0 -4.0 -4.0 -1.0 
-3.0 -4.0 -2.0 -3.0 0.0 0.0 -2.0 0.0 -4.0 0.0 -4.0 -2.0 -4.0 -2.0 0.0 -4.0 -1.0 -1.0 -4.0 0.0 -3.0 -1.0 -3.0 0.0 -3.0 -4.0 -1.0 -4.0 -4.0 -4.0 -2.0 -4.0 -4.0 0.0 0.0 0.0 -2.0 -2.0 -2.0 -4.0 0.0 -2.0 -1.0 -3.0 -4.0 -1.0 0.0 -4.0 -3.0 -2.0 -2.0 -3.0 -1.0 0.0 0.0 -3.0 -4.0 -3.0 -2.0 131.0 -2.0 0.0 -4.0 0.0 0.0 
-3.0 -4.0 -2.0 -1.0 -2.0 -2.0 0.0 -4.0 -3.0 0.0 -4.0 -1.0 -3.0 -3.0 -3.0 -3.0 -1.0 0.0 -4.0 -3.0 -1.0 -3.0 0.0 -4.0 -1.0 -2.0 -3.0 -2.0 -3.0 -2.0 -1.0 -2.0 -2.0 0.0 -1.0 -1.0 0.0 0.0 -2.0 -1.0 -1.0 -1.0 -1.0 -4.0 0.0 -1.0 -1.0 -2.0 -3.0 -4.0 0.0 -2.0 -3.0 -4.0 -1.0 -3.0 -2.0 -1.0 -2.0 0.0 121.0 0.0 -4.0 -3.0 -1.0 
0.0 0.0 -3.0 -3.0 -4.0 0.0 -2.0 -3.0 -4.0 -2.0 -4.0 -3.0 -3.0 -2.0 -2.0 -4.0 -2.0 -2.0 -1.0 -4.0 -2.0 0.0 0.0 -1.0 -1.0 -2.0 -2.0 -4.0 -2.0 -4.0 0.0 -1.0 -3.0 -4.0 -3.0 0.0 -1.0 -3.0 -1.0 -4.0 -4.0 -4.0 -4.0 -3.0 -1.0 -4.0 0.0 -4.0 -3.0 -3.0 -1.0 -4.0 -4.0 -2.0 0.0 -1.0 -4.0 -3.0 -1.0 -2.0 0.0 143.0 -2.0 -3.0 0.0 
0.0 -1.0 -2.0 -2.0 -2.0 0.0 -3.0 -3.0 -4.0 -4.0 -1.0 -4.0 -1.0 0.0 -1.0 -1.0 0.0 -3.0 -3.0 -2.0 0.0 -4.0 -4.0 -3.0 -2.0 -3.0 -3.0 -1.0 -1.0 -4.0 -4.0 -1.0 -2.0 -1.0 -2.0 -2.0 -2.0 -2.0 -3.0 -1.0 0.0 -3.0 -4.0 -3.0 -3.0 -3.0 -3.0 -3.0 0.0 -4.0 -4.0 -2.0 -2.0 -1.0 0.0 -2.0 0.0 -2.0 -2.0 -4.0 -3.0 -2.0 137.0 -1.0 -4.0 
-1.0 -3.0 -3.0 -2.0 -1.0 -4.0 -3.0 0.0 -4.0 -3.0 0.0 -4.0 -2.0 -3.0 -3.0 -3.0 -1.0 -1.0 -4.0 -3.0 -2.0 -2.0 -3.0 -1.0 0.0 0.0 -4.0 -1.0 0.0 -4.0 -1.0 0.0 -1.0 -3.0 -3.0 -1.0 -4.0 -4.0 -4.0 -4.0 -4.0 -3.0 0.0 -1.0 -4.0 -4.0 -1.0 -1.0 -3.0 -3.0 -2.0 -4.0 -2.0 -4.0 -2.0 -3.0 -3.0 -3.0 -1.0 0.0 -2.0 -4.0 0.0 144.0 0.0 
-3.0 -1.0 -2.0 -2.0 -4.0 -1.0 -4.0 0.0 0.0 0.0 -3.0 0.0 -1.0 -1.0 -2.0 -1.0 -3.0 -3.0 -2.0 -1.0 -4.0 0.0 -2.0 0.0 -2.0 -2.0 0.0 -4.0 -4.0 0.0 -2.0 0.0 -1.0 0.0 -2.0 -2.0 -2.0 -3.0 -3.0 0.0 -3.0 -1.0 -1.0 -4.0 0.0 -1.0 -4.0 0.0 0.0 -4.0 -4.0 -3.0 0.0 0.0 -4.0 -1.0 -1.0 -1.0 -1.0 -3.0 0.0 -1.0 -3.0 -1.0 108.0 

-4206.00064 -3725.0 -4300.0 -3901.0 -3279.0 -2757.0 -3020.0 -3575.0 -3237.0 -2760.0 -2572.0 -3036.0 -2599.0 -2152.0 -2279.0 -2123.0 -2124.0 -2047.0 -1924.0 -1292.0 -1539.0 -1493.0 -1400.0 -1425.0 -947.0 -730.0 -842.0 -820.0 -621.0 -579.0 -117.0 -449.0 307.0 292.0 339.0 248.0 764.0 623.0 855.0 785.0 1240.0 584.0 1006.0 1438.0 1277.0 1600.0 2247.0 1934.0 2234.0 1961.0 2959.0 2350.0 2859.0 2227.0 2664.0 2705.0 3806.0 2837.0 3409.0 3743.0 3663.0 4224.0 4014.0 4564.0 3553.0 