248.9886 0.0 -3.0 -4.0 -2.0 0.0 -1.0 -3.0 0.0 -1.0 -4.0 -3.0 0.0 0.0 -2.0 -3.0 -2.0 -3.0 -1.0 -2.0 -4.0 -2.0 -1.0 -3.0 -4.0 0.0 0.0 0.0 -3.0 -3.0 -4.0 -1.0 -1.0 -2.0 -4.0 -4.0 -4.0 -1.0 -1.0 0.0 -4.0 -3.0 -4.0 -2.0 0.0 -4.0 -2.0 -2.0 -2.0 0.0 -1.0 -2.0 -3.0 -4.0 -1.0 -2.0 -4.0 0.0 -1.0 -4.0 -3.0 0.0 -4.0 -4.0 -2.0 -2.0 -4.0 -4.0 0.0 -1.0 -4.0 -2.0 -4.0 -2.0 -2.0 0.0 -1.0 -4.0 -2.0 0.0 0.0 -2.0 -3.0 -3.0 -3.0 -2.0 0.0 0.0 -1.0 -2.0 -3.0 0.0 -1.0 -3.0 0.0 -4.0 0.0 -1.0 -3.0 -2.0 -3.0 -3.0 -4.0 -3.0 -4.0 -2.0 -3.0 -3.0 -3.0 -4.0 -4.0 -4.0 -3.0 -3.0 -4.0 
0.0 209.0 -2.0 -2.0 0.0 -1.0 -1.0 -4.0 -4.0 -3.0 0.0 0.0 -2.0 -1.0 -4.0 0.0 -1.0 -2.0 -1.0 -1.0 -4.0 0.0 0.0 0.0 0.0 -3.0 -1.0 0.0 -1.0 -1.0 -4.0 0.0 -3.0 -3.0 -1.0 0.0 -2.0 0.0 -3.0 0.0 -2.0 -4.0 -1.0 -3.0 -4.0 -2.0 -3.0 -3.0 -3.0 -4.0 -4.0 -4.0 -4.0 0.0 -4.0 -1.0 -3.0 0.0 -2.0 -1.0 -2.0 -2.0 -1.0 -1.0 0.0 0.0 -4.0 -4.0 -1.0 -4.0 -3.0 0.0 -2.0 -1.0 -3.0 0.0 -2.0 -4.0 -2.0 -2.0 0.0 0.0 -4.0 -4.0 -2.0 -1.0 -2.0 -4.0 -1.0 -3.0 0.0 -2.0 0.0 -3.0 -2.0 -1.0 -3.0 0.0 -4.0 -4.0 -2.0 -2.0 -2.0 -1.0 0.0 -1.0 -4.0 0.0 0.0 -3.0 -2.0 0.0 -3.0 -3.0 -1.0 
-4.0 -1.0 230.0 -4.0 -4.0 -3.0 0.0 -3.0 -1.0 -3.0 0.0 -1.0 -4.0 -1.0 -2.0 0.0 -4.0 -1.0 -2.0 -2.0 0.0 0.0 -1.0 0.0 -2.0 -4.0 -2.0 0.0 -1.0 -1.0 -4.0 -2.0 -2.0 -4.0 -2.0 -1.0 -3.0 0.0 -4.0 -4.0 -1.0 -2.0 -4.0 0.0 0.0 0.0 -4.0 -3.0 -2.0 0.0 0.0 -2.0 -2.0 0.0 0.0 -2.0 -4.0 -2.0 -2.0 -1.0 0.0 0.0 -2.0 -1.0 -2.0 0.0 -4.0 -4.0 -3.0 -3.0 -3.0 -2.0 0.0 -4.0 -4.0 -3.0 -3.0 -3.0 -4.0 -1.0 -3.0 -2.0 -3.0 -1.0 -3.0 -1.0 0.0 -3.0 0.0 0.0 -1.0 -1.0 -4.0 -3.0 -1.0 -4.0 -1.0 -3.0 -1.0 -3.0 -1.0 -2.0 -3.0 -3.0 -1.0 -1.0 -4.0 -4.0 -4.0 -3.0 -3.0 -2.0 0.0 -3.0 -4.0 
-2.0 -3.0 -4.0 246.0 -1.0 -3.0 -4.0 -4.0 -2.0 0.0 0.0 -2.0 0.0 -2.0 -3.0 -2.0 -1.0 0.0 0.0 -3.0 0.0 0.0 -4.0 0.0 -4.0 -4.0 -3.0 -2.0 -4.0 -3.0 -4.0 -1.0 -2.0 -4.0 -4.0 -2.0 0.0 -2.0 -1.0 0.0 -4.0 -2.0 -2.0 -3.0 -2.0 -3.0 -3.0 -4.0 -4.0 0.0 -1.0 -3.0 -2.0 0.0 -1.0 -4.0 -1.0 -3.0 0.0 -2.0 -4.0 -4.0 -2.0 -2.0 0.0 -2.0 0.0 -4.0 -1.0 -4.0 -3.0 -1.0 -1.0 -2.0 -1.0 -2.0 -1.0 -4.0 -1.0 -3.0 -3.0 -1.0 -4.0 0.0 -3.0 0.0 -4.0 -3.0 -2.0 -2.0 -1.0 -4.0 -3.0 -4.0 -3.0 0.0 0.0 -2.0 -3.0 -1.0 -2.0 -2.0 -3.0 0.0 -4.0 0.0 -2.0 -4.0 -4.0 -3.0 -1.0 -2.0 -3.0 -4.0 -3.0 
-2.0 -1.0 -2.0 -2.0 229.0 -4.0 -4.0 -2.0 -4.0 0.0 -2.0 -2.0 -3.0 0.0 -3.0 -4.0 -2.0 0.0 -4.0 -4.0 -3.0 -1.0 -4.0 -1.0 -2.0 -4.0 -3.0 -1.0 -4.0 -3.0 -1.0 -4.0 -2.0 -1.0 -1.0 -1.0 -3.0 0.0 -4.0 -2.0 -2.0 -2.0 0.0 -2.0 -2.0 0.0 -4.0 -2.0 -4.0 -3.0 0.0 -3.0 0.0 -3.0 -1.0 -4.0 0.0 -2.0 -2.0 -1.0 -3.0 -4.0 -4.0 0.0 -1.0 -1.0 -1.0 -2.0 -2.0 0.0 -1.0 0.0 -1.0 -2.0 -2.0 -3.0 -3.0 0.0 -2.0 -3.0 0.0 -1.0 -4.0 -4.0 -1.0 -2.0 -4.0 -4.0 -2.0 -2.0 0.0 -2.0 -2.0 -2.0 -3.0 -1.0 0.0 -2.0 -3.0 -4.0 -2.0 -2.0 -3.0 -1.0 -3.0 0.0 0.0 -2.0 -3.0 0.0 -2.0 -4.0 0.0 -2.0 0.0 
-2.0 -2.0 0.0 -2.0 -1.0 215.0 -3.0 -2.0 -4.0 0.0 -1.0 -1.0 -3.0 -3.0 -3.0 -2.0 0.0 -1.0 -4.0 -1.0 -4.0 -1.0 -3.0 -4.0 -3.0 -4.0 -4.0 0.0 -4.0 -3.0 -1.0 -4.0 -2.0 -1.0 -2.0 -2.0 -3.0 -2.0 -1.0 -3.0 -3.0 -2.0 -4.0 -2.0 0.0 -3.0 -2.0 -1.0 0.0 -2.0 -2.0 -2.0 -4.0 -1.0 -4.0 -1.0 -3.0 -3.0 -3.0 0.0 -2.0 -2.0 0.0 -1.0 -2.0 -3.0 -2.0 -3.0 0.0 0.0 -3.0 0.0 0.0 -3.0 0.0 0.0 -1.0 -1.0 0.0 0.0 0.0 -2.0 -3.0 -1.0 -4.0 -3.0 -3.0 -2.0 0.0 -1.0 -1.0 -3.0 -3.0 -2.0 0.0 -3.0 -3.0 -4.0 -1.0 -3.0 -1.0 -1.0 0.0 -2.0 -2.0 -2.0 0.0 0.0 -3.0 -4.0 0.0 -4.0 -1.0 -1.0 -1.0 
0.0 -2.0 0.0 -4.0 0.0 -1.0 225.0 0.0 -4.0 -2.0 0.0 -1.0 -4.0 0.0 0.0 -4.0 -2.0 -2.0 -2.0 -2.0 -1.0 -2.0 -4.0 -4.0 -4.0 -1.0 0.0 -1.0 -1.0 0.0 -1.0 -1.0 0.0 -3.0 -2.0 -4.0 -3.0 -3.0 0.0 -4.0 0.0 -1.0 -3.0 -3.0 -2.0 0.0 -3.0 -4.0 -1.0 -1.0 -3.0 0.0 -3.0 -2.0 -2.0 0.0 -2.0 -4.0 -1.0 -2.0 -4.0 -1.0 -2.0 -4.0 -1.0 -1.0 -3.0 -1.0 -1.0 -2.0 -2.0 -1.0 -3.0 0.0 -2.0 -4.0 -3.0 -2.0 -3.0 -1.0 -2.0 0.0 -3.0 -3.0 -3.0 -2.0 -3.0 -4.0 -4.0 -3.0 -2.0 -1.0 -3.0 0.0 -4.0 -4.0 -3.0 -4.0 -4.0 -1.0 -4.0 -3.0 -1.0 -1.0 0.0 -2.0 -2.0 -3.0 0.0 0.0 -4.0 0.0 -4.0 -1.0 0.0 
-2.0 -1.0 -2.0 -1.0 -4.0 0.0 -4.0 256.0 -3.0 -2.0 -4.0 -1.0 -2.0 -4.0 -2.0 -3.0 0.0 -3.0 -4.0 -2.0 -3.0 -4.0 -2.0 -4.0 -3.0 -3.0 0.0 -3.0 0.0 0.0 -2.0 -4.0 -3.0 -1.0 -1.0 0.0 -2.0 -3.0 -1.0 -1.0 0.0 -1.0 -4.0 0.0 -4.0 0.0 0.0 -4.0 -1.0 -4.0 -4.0 -4.0 0.0 -3.0 -2.0 0.0 -2.0 -4.0 -4.0 -1.0 -3.0 -2.0 -4.0 -4.0 -3.0 -3.0 -1.0 -3.0 0.0 -1.0 -1.0 -3.0 -1.0 -1.0 -1.0 -2.0 0.0 0.0 -3.0 -3.0 -4.0 -1.0 -4.0 -1.0 -4.0 -2.0 0.0 -4.0 -3.0 -3.0 -3.0 -4.0 -3.0 -4.0 -2.0 -4.0 -4.0 0.0 -4.0 -3.0 -3.0 -2.0 -3.0 -1.0 -3.0 -2.0 -3.0 -3.0 -2.0 -1.0 -1.0 -4.0 -1.0 -3.0 -2.0 
-2.0 -1.0 -3.0 -2.0 -4.0 -3.0 -4.0 0.0 227.0 -1.0 -2.0 -2.0 -3.0 -1.0 -2.0 0.0 -3.0 -4.0 -2.0 -1.0 -2.0 -4.0 -2.0 -3.0 -1.0 -4.0 -3.0 -2.0 0.0 -2.0 -1.0 -1.0 -1.0 -1.0 -1.0 -3.0 -2.0 0.0 -3.0 -3.0 -4.0 -2.0 -2.0 -4.0 -3.0 -4.0 -1.0 -1.0 -4.0 -1.0 -3.0 -1.0 -3.0 -3.0 0.0 0.0 -3.0 0.0 -3.0 -1.0 -2.0 -3.0 -4.0 -3.0 -3.0 -2.0 -4.0 -4.0 -1.0 -4.0 -2.0 -3.0 0.0 0.0 -1.0 0.0 -2.0 0.0 -3.0 -2.0 -1.0 0.0 -3.0 0.0 -1.0 0.0 -1.0 -3.0 0.0 -2.0 0.0 -4.0 -2.0 -4.0 0.0 -4.0 -2.0 -3.0 -2.0 -4.0 -3.0 -1.0 -1.0 -2.0 -2.0 0.0 -4.0 -4.0 -1.0 -1.0 0.0 -2.0 0.0 -1.0 -4.0 
-4.0 -4.0 -1.0 -2.0 -1.0 -2.0 -2.0 -2.0 -2.0 234.0 -3.0 -1.0 0.0 -2.0 -4.0 -2.0 0.0 0.0 -4.0 -4.0 -1.0 -1.0 -4.0 0.0 -4.0 -1.0 -3.0 -3.0 -3.0 -4.0 -4.0 -3.0 -2.0 -4.0 0.0 0.0 -4.0 -2.0 -1.0 -2.0 -4.0 0.0 0.0 -2.0 0.0 -4.0 -3.0 -2.0 0.0 0.0 -1.0 -1.0 -2.0 -4.0 -3.0 -3.0 -4.0 -2.0 -1.0 -4.0 0.0 -4.0 -1.0 0.0 -1.0 -3.0 -2.0 -3.0 -3.0 -2.0 0.0 -2.0 0.0 0.0 -4.0 -2.0 -3.0 -1.0 -1.0 -4.0 -4.0 -1.0 -2.0 -3.0 -2.0 -3.0 -3.0 -1.0 -2.0 0.0 -3.0 -3.0 -4.0 -3.0 -1.0 -1.0 -1.0 -1.0 -3.0 -3.0 -1.0 -1.0 -2.0 -1.0 -1.0 0.0 -1.0 0.0 -3.0 -4.0 -3.0 -4.0 -3.0 0.0 -4.0 
0.0 -1.0 -1.0 -1.0 0.0 -3.0 -1.0 -3.0 0.0 -4.0 237.0 -1.0 -1.0 -2.0 0.0 -4.0 -3.0 0.0 -4.0 -4.0 -4.0 -3.0 -1.0 -2.0 -4.0 -3.0 0.0 -1.0 -3.0 -1.0 -3.0 0.0 -2.0 -3.0 -2.0 -3.0 -4.0 -3.0 -3.0 0.0 -1.0 0.0 -4.0 -1.0 -1.0 -1.0 -4.0 -4.0 -1.0 -1.0 -2.0 -1.0 0.0 -2.0 -4.0 -3.0 -1.0 -1.0 -1.0 -3.0 -3.0 -2.0 -1.0 -4.0 -2.0 -1.0 0.0 -4.0 -4.0 -2.0 -4.0 0.0 -4.0 -4.0 0.0 0.0 -4.0 0.0 -1.0 0.0 0.0 0.0 -2.0 -4.0 0.0 -4.0 0.0 0.0 0.0 -4.0 -1.0 -3.0 -3.0 -4.0 -4.0 -4.0 -4.0 -4.0 -1.0 -4.0 -4.0 -4.0 0.0 0.0 -3.0 -4.0 -2.0 -4.0 -2.0 -4.0 -4.0 -1.0 0.0 -1.0 -4.0 
-1.0 -4.0 -4.0 -4.0 -4.0 -3.0 0.0 -1.0 -1.0 -3.0 -2.0 238.0 -3.0 -2.0 -1.0 -4.0 -1.0 -2.0 -1.0 -3.0 -3.0 -3.0 -2.0 0.0 -2.0 -2.0 -2.0 -3.0 -2.0 -1.0 -2.0 -4.0 -2.0 -1.0 -4.0 -1.0 -2.0 0.0 0.0 -1.0 -3.0 -1.0 -2.0 -1.0 -4.0 0.0 -4.0 -3.0 -2.0 -4.0 -2.0 0.0 -2.0 0.0 -2.0 0.0 -2.0 -3.0 -4.0 -4.0 -4.0 -4.0 -1.0 -3.0 0.0 -1.0 -3.0 -3.0 -1.0 -1.0 -2.0 -1.0 -3.0 -4.0 -2.0 -2.0 -4.0 -2.0 -3.0 -4.0 0.0 -1.0 -4.0 -1.0 -1.0 -1.0 -3.0 0.0 -2.0 -2.0 -3.0 -3.0 -2.0 -3.0 -4.0 -1.0 -3.0 -4.0 0.0 -3.0 -4.0 0.0 0.0 -1.0 -2.0 0.0 0.0 -4.0 -1.0 -3.0 -2.0 -3.0 -3.0 -2.0 0.0 
-4.0 -2.0 -3.0 -3.0 -2.0 -4.0 -2.0 -4.0 -3.0 -2.0 -4.0 -4.0 234.0 -3.0 0.0 -3.0 0.0 -4.0 0.0 -2.0 -1.0 -4.0 0.0 -4.0 -3.0 0.0 -4.0 -2.0 0.0 -4.0 0.0 -4.0 -4.0 -4.0 0.0 -1.0 -1.0 0.0 -2.0 -3.0 -1.0 -3.0 -1.0 -4.0 0.0 -4.0 -4.0 -1.0 -1.0 0.0 -4.0 -1.0 0.0 -2.0 -1.0 -2.0 -3.0 -3.0 0.0 -4.0 -4.0 -3.0 -4.0 -1.0 -2.0 -4.0 -3.0 -3.0 -2.0 -3.0 -2.0 0.0 -1.0 -4.0 -2.0 0.0 -2.0 -3.0 -1.0 -2.0 0.0 -1.0 -3.0 0.0 -3.0 -2.0 0.0 -1.0 -1.0 -2.0 -1.0 -2.0 -4.0 -4.0 -4.0 0.0 0.0 0.0 -2.0 -1.0 -1.0 -2.0 -1.0 -2.0 -4.0 -2.0 -3.0 -2.0 0.0 -3.0 0.0 0.0 -1.0 -4.0 -3.0 
-3.0 0.0 -1.0 -3.0 -2.0 -3.0 -2.0 -2.0 -3.0 -1.0 0.0 -3.0 0.0 222.0 -3.0 -1.0 -4.0 -1.0 -3.0 0.0 -3.0 -4.0 -1.0 0.0 0.0 -1.0 -3.0 -3.0 -3.0 0.0 -2.0 -1.0 -2.0 0.0 0.0 0.0 0.0 -3.0 -1.0 -2.0 -2.0 -2.0 -2.0 -2.0 -4.0 -1.0 0.0 0.0 -2.0 -1.0 -1.0 -1.0 -2.0 -1.0 -1.0 -3.0 -1.0 -2.0 0.0 -3.0 -1.0 -4.0 0.0 -1.0 -4.0 -3.0 -2.0 -3.0 -2.0 -4.0 -3.0 -4.0 -3.0 -1.0 0.0 -4.0 -4.0 -2.0 -1.0 -4.0 -3.0 -2.0 -1.0 -2.0 0.0 -2.0 -2.0 -3.0 -1.0 0.0 -4.0 -1.0 -4.0 -3.0 0.0 -3.0 -3.0 -4.0 -4.0 -4.0 0.0 -3.0 -2.0 -3.0 -2.0 -2.0 -1.0 0.0 -1.0 -4.0 -4.0 -2.0 -3.0 0.0 -4.0 
-4.0 -2.0 -1.0 -1.0 -1.0 -1.0 -2.0 0.0 0.0 -2.0 -1.0 -3.0 -1.0 -2.0 212.0 -4.0 0.0 0.0 -3.0 0.0 -1.0 -2.0 -2.0 0.0 -3.0 0.0 -4.0 -3.0 -2.0 -1.0 -4.0 -3.0 0.0 -2.0 -2.0 0.0 0.0 -1.0 -2.0 -4.0 0.0 -2.0 0.0 -1.0 -4.0 -1.0 -2.0 -3.0 0.0 -4.0 -1.0 -4.0 0.0 -2.0 -1.0 -1.0 -3.0 -1.0 -1.0 -3.0 -2.0 -3.0 0.0 -4.0 -3.0 -2.0 -4.0 -2.0 0.0 -3.0 0.0 -3.0 0.0 -3.0 -2.0 0.0 0.0 -1.0 -1.0 -1.0 -3.0 -2.0 -3.0 -2.0 0.0 -4.0 -1.0 -4.0 -3.0 -3.0 0.0 -2.0 0.0 -4.0 -2.0 -4.0 -2.0 -4.0 -3.0 -3.0 -2.0 -3.0 0.0 -1.0 -3.0 -1.0 -1.0 -1.0 -3.0 -4.0 -2.0 -1.0 -4.0 -1.0 -4.0 
0.0 -4.0 -1.0 -1.0 -1.0 0.0 -1.0 -3.0 -2.0 0.0 0.0 -4.0 -2.0 -2.0 -4.0 240.0 -3.0 -3.0 -2.0 -4.0 0.0 -3.0 -4.0 0.0 0.0 -3.0 -3.0 -3.0 -1.0 -2.0 -2.0 -3.0 0.0 -3.0 0.0 -3.0 -2.0 -2.0 -4.0 -1.0 -1.0 -2.0 -4.0 0.0 -2.0 -1.0 -3.0 -3.0 0.0 -3.0 -2.0 -4.0 -2.0 -2.0 -4.0 0.0 0.0 -1.0 -1.0 -2.0 -1.0 -3.0 -4.0 -1.0 0.0 -3.0 -4.0 -1.0 -3.0 -4.0 -1.0 0.0 -2.0 -4.0 -2.0 -4.0 -4.0 -2.0 -4.0 -3.0 0.0 -4.0 -2.0 -2.0 -2.0 -2.0 0.0 -4.0 -3.0 -4.0 -2.0 -1.0 -3.0 -1.0 0.0 -4.0 -2.0 -3.0 0.0 -3.0 -3.0 -4.0 -2.0 -4.0 -2.0 -2.0 -1.0 0.0 -4.0 -2.0 -1.0 -2.0 -3.0 -4.0 -1.0 
-1.0 -1.0 -1.0 -2.0 0.0 -4.0 -4.0 -1.0 -4.0 -4.0 -3.0 0.0 -4.0 -2.0 -4.0 -1.0 241.0 -2.0 0.0 0.0 0.0 -2.0 0.0 -4.0 -3.0 -2.0 -2.0 0.0 -3.0 -2.0 0.0 0.0 0.0 -4.0 -1.0 -1.0 -1.0 -4.0 -4.0 -2.0 -3.0 -1.0 0.0 -2.0 0.0 0.0 -3.0 -3.0 -4.0 -4.0 -4.0 -2.0 -2.0 -2.0 -3.0 -3.0 0.0 -4.0 -1.0 0.0 -3.0 -4.0 -2.0 -4.0 -3.0 -4.0 -1.0 -3.0 -3.0 -3.0 -1.0 -2.0 0.0 0.0 -1.0 -1.0 -4.0 -3.0 -4.0 -2.0 -4.0 -1.0 -1.0 0.0 -1.0 0.0 -3.0 0.0 -2.0 -3.0 0.0 -3.0 -3.0 -2.0 -1.0 -1.0 -4.0 -4.0 -4.0 0.0 -3.0 -4.0 -3.0 -3.0 -4.0 -4.0 -4.0 -2.0 -1.0 -2.0 -3.0 0.0 -4.0 -1.0 -4.0 
0.0 -4.0 -2.0 -4.0 -4.0 -1.0 -4.0 -4.0 -4.0 -2.0 -1.0 -4.0 -1.0 -1.0 -1.0 -4.0 -1.0 255.0 -3.0 -2.0 -1.0 -1.0 -3.0 0.0 -1.0 -3.0 -2.0 0.0 -4.0 -4.0 -4.0 0.0 -1.0 -4.0 -4.0 -4.0 -4.0 -1.0 -2.0 -2.0 -4.0 -1.0 -3.0 -3.0 -2.0 -4.0 -2.0 -3.0 0.0 -2.0 -1.0 -3.0 -3.0 -4.0 -1.0 0.0 -2.0 0.0 -4.0 0.0 -4.0 -4.0 -4.0 0.0 -3.0 -4.0 -4.0 -3.0 -4.0 -3.0 0.0 -4.0 -3.0 -3.0 -3.0 -1.0 -3.0 0.0 -1.0 -4.0 0.0 -2.0 -3.0 -4.0 -2.0 -2.0 -1.0 0.0 -2.0 -3.0 -3.0 -4.0 -3.0 0.0 -3.0 -2.0 -4.0 -1.0 -1.0 -1.0 0.0 0.0 -3.0 -4.0 -2.0 -1.0 -2.0 -1.0 0.0 -3.0 -4.0 -1.0 -3.0 0.0 -1.0 
-2.0 0.0 0.0 0.0 -3.0 -1.0 -1.0 -3.0 -3.0 -1.0 -4.0 0.0 -4.0 -3.0 -2.0 -4.0 -4.0 -1.0 242.0 -3.0 -4.0 -4.0 -2.0 -4.0 -3.0 -1.0 0.0 -2.0 -2.0 -3.0 -4.0 -1.0 -3.0 -4.0 -4.0 -3.0 0.0 -2.0 -2.0 0.0 -1.0 -3.0 -2.0 -3.0 -3.0 -3.0 -3.0 -3.0 -2.0 -3.0 -1.0 -1.0 0.0 0.0 -1.0 -3.0 -3.0 -1.0 -1.0 0.0 -2.0 -3.0 -3.0 -3.0 -1.0 -4.0 -4.0 -4.0 0.0 -2.0 -4.0 -3.0 -2.0 0.0 -2.0 -2.0 -3.0 -1.0 -1.0 0.0 -1.0 -2.0 -1.0 0.0 -1.0 -3.0 -3.0 0.0 -3.0 -1.0 0.0 -4.0 -4.0 -4.0 0.0 -1.0 -3.0 0.0 -3.0 -4.0 0.0 -1.0 -2.0 -4.0 -4.0 -3.0 -2.0 -3.0 -2.0 0.0 -3.0 -3.0 -4.0 -1.0 -4.0 
0.0 -3.0 0.0 -4.0 -4.0 -2.0 -3.0 -4.0 0.0 -3.0 -3.0 -1.0 0.0 -4.0 -3.0 -2.0 -2.0 0.0 0.0 221.0 0.0 0.0 -2.0 -4.0 -2.0 0.0 -4.0 -3.0 -3.0 0.0 0.0 -3.0 0.0 0.0 -4.0 0.0 -2.0 0.0 -3.0 -1.0 0.0 -3.0 -2.0 -2.0 -1.0 -3.0 -2.0 -3.0 -4.0 -1.0 0.0 -1.0 -1.0 0.0 -2.0 -1.0 -4.0 -1.0 -3.0 -4.0 0.0 -2.0 0.0 -4.0 -4.0 -3.0 0.0 -3.0 -2.0 -3.0 -1.0 -2.0 0.0 0.0 -4.0 -3.0 -1.0 -2.0 -3.0 0.0 -3.0 0.0 0.0 -3.0 -4.0 0.0 -2.0 -4.0 -1.0 -3.0 -2.0 -3.0 -4.0 -2.0 -4.0 -2.0 -1.0 -2.0 -3.0 0.0 -3.0 -4.0 -2.0 -1.0 0.0 -4.0 -3.0 -4.0 -4.0 0.0 -3.0 -1.0 -3.0 -1.0 -1.0 
-3.0 -3.0 -3.0 -1.0 -2.0 -3.0 -1.0 0.0 0.0 -4.0 -3.0 -1.0 -1.0 -1.0 -2.0 -4.0 -3.0 -1.0 -3.0 -4.0 237.0 0.0 0.0 -4.0 -1.0 -1.0 -4.0 -3.0 0.0 -1.0 -1.0 -4.0 -4.0 0.0 -4.0 -4.0 -1.0 -1.0 -1.0 -4.0 -1.0 -3.0 -1.0 -2.0 -3.0 -1.0 -3.0 -3.0 0.0 -1.0 -4.0 -1.0 0.0 -3.0 -4.0 -4.0 -3.0 -4.0 -2.0 -4.0 -2.0 -3.0 -3.0 -3.0 0.0 0.0 -2.0 -4.0 -4.0 -2.0 -4.0 -2.0 -1.0 -2.0 -1.0 -2.0 -4.0 -4.0 0.0 -4.0 0.0 0.0 0.0 -2.0 -4.0 0.0 -2.0 -2.0 -4.0 -3.0 0.0 -1.0 -2.0 -1.0 -3.0 -2.0 -1.0 -4.0 -1.0 -1.0 -2.0 -3.0 0.0 -2.0 -4.0 -2.0 -2.0 -4.0 0.0 -4.0 -1.0 -4.0 0.0 -1.0 0.0 
-1.0 -3.0 0.0 -4.0 -4.0 0.0 0.0 0.0 -4.0 -3.0 0.0 -3.0 -4.0 -4.0 -3.0 -3.0 -3.0 0.0 -1.0 -4.0 -3.0 240.0 -3.0 0.0 -1.0 -4.0 0.0 -4.0 0.0 -1.0 0.0 -3.0 -4.0 -3.0 0.0 -2.0 -1.0 0.0 -3.0 -4.0 0.0 -3.0 -2.0 -3.0 -3.0 -1.0 0.0 -2.0 -1.0 -2.0 -2.0 -3.0 -3.0 -4.0 -3.0 -3.0 -4.0 -1.0 -4.0 -2.0 -2.0 -3.0 0.0 -4.0 -2.0 -2.0 -1.0 -2.0 -4.0 -2.0 -1.0 -4.0 -3.0 0.0 -1.0 -3.0 -2.0 0.0 -4.0 -4.0 -1.0 -3.0 -3.0 -1.0 -4.0 -3.0 -3.0 -4.0 0.0 -2.0 0.0 -4.0 -3.0 -3.0 -3.0 0.0 0.0 -2.0 -2.0 -2.0 -2.0 -2.0 -2.0 -3.0 -3.0 0.0 -1.0 -1.0 -2.0 -2.0 -3.0 0.0 -3.0 -1.0 -2.0 
-1.0 -1.0 -3.0 -4.0 -4.0 -3.0 -4.0 -4.0 -4.0 0.0 -1.0 -4.0 -2.0 0.0 0.0 -4.0 -2.0 -2.0 -1.0 -1.0 -1.0 0.0 223.0 -3.0 -1.0 -3.0 -1.0 -1.0 -2.0 -4.0 -1.0 -3.0 -4.0 -1.0 -4.0 -2.0 -2.0 -4.0 -1.0 -2.0 0.0 0.0 -3.0 -4.0 -2.0 -2.0 -1.0 0.0 -1.0 0.0 -2.0 -4.0 -3.0 -3.0 -1.0 0.0 -4.0 -2.0 -1.0 -1.0 -1.0 0.0 -1.0 -3.0 -1.0 -4.0 0.0 -3.0 -1.0 -4.0 -1.0 -2.0 0.0 -2.0 -1.0 0.0 -3.0 -1.0 -1.0 -1.0 -4.0 -3.0 -1.0 -2.0 -2.0 -4.0 -1.0 -2.0 -2.0 -2.0 -2.0 -2.0 -3.0 -3.0 -4.0 -1.0 -1.0 -4.0 -4.0 -2.0 0.0 -3.0 -4.0 -3.0 -3.0 -1.0 0.0 -1.0 -1.0 0.0 -4.0 -2.0 0.0 -1.0 -2.0 
-2.0 0.0 -2.0 -1.0 -2.0 -1.0 -1.0 -1.0 -1.0 0.0 -3.0 -4.0 0.0 -3.0 -4.0 -4.0 -4.0 -4.0 0.0 -2.0 0.0 -2.0 -1.0 239.0 -3.0 -3.0 -4.0 -1.0 -3.0 -2.0 -4.0 0.0 -2.0 -2.0 -1.0 -2.0 0.0 -3.0 -2.0 -4.0 -3.0 -1.0 0.0 -2.0 0.0 -2.0 -4.0 0.0 0.0 -3.0 -2.0 -3.0 -2.0 -4.0 -3.0 0.0 -2.0 -4.0 -3.0 -4.0 -2.0 -1.0 -2.0 -2.0 -3.0 -3.0 -4.0 -2.0 -4.0 -4.0 -4.0 0.0 -2.0 -2.0 -4.0 -1.0 -3.0 -3.0 -1.0 0.0 -1.0 -4.0 -4.0 -3.0 -2.0 0.0 -2.0 -3.0 0.0 -3.0 -1.0 -1.0 -4.0 -4.0 -1.0 -2.0 -3.0 -1.0 -3.0 -4.0 0.0 -3.0 -1.0 -4.0 0.0 -2.0 -3.0 0.0 -1.0 0.0 -1.0 -3.0 -3.0 -2.0 -3.0 
-3.0 -2.0 -3.0 0.0 -3.0 -1.0 -4.0 -1.0 -3.0 -4.0 -2.0 -3.0 -2.0 -4.0 0.0 -3.0 -1.0 0.0 -4.0 -3.0 -2.0 -1.0 0.0 -3.0 231.0 -1.0 -2.0 -4.0 0.0 -1.0 -2.0 -3.0 0.0 -4.0 0.0 -1.0 0.0 -4.0 -2.0 -3.0 -2.0 0.0 -2.0 -2.0 0.0 0.0 -3.0 0.0 -1.0 -4.0 0.0 -3.0 -2.0 -1.0 -4.0 -3.0 -4.0 -3.0 -2.0 -3.0 -3.0 0.0 -3.0 -4.0 -4.0 -3.0 0.0 -2.0 -2.0 0.0 0.0 -1.0 -2.0 0.0 -4.0 -4.0 -2.0 -1.0 0.0 -3.0 -3.0 -1.0 -3.0 -1.0 0.0 -3.0 -3.0 -2.0 0.0 -4.0 -1.0 -2.0 -1.0 0.0 -2.0 -3.0 0.0 -3.0 -4.0 -2.0 -3.0 0.0 -3.0 -2.0 -4.0 -4.0 -1.0 0.0 -4.0 -3.0 -3.0 -1.0 -4.0 -1.0 -4.0 
0.0 0.0 -2.0 -4.0 -3.0 -3.0 -2.0 0.0 -2.0 0.0 -1.0 -2.0 -2.0 0.0 -1.0 -4.0 0.0 -2.0 -2.0 -4.0 -4.0 -3.0 -4.0 -3.0 -2.0 212.0 -3.0 -2.0 -4.0 -3.0 -2.0 -2.0 0.0 -3.0 0.0 0.0 -3.0 -2.0 0.0 -4.0 -1.0 0.0 -3.0 0.0 -4.0 -1.0 -4.0 -1.0 0.0 -3.0 -1.0 -1.0 -1.0 -1.0 -1.0 0.0 -1.0 -1.0 -4.0 -3.0 -1.0 -2.0 -1.0 -3.0 -3.0 -4.0 -1.0 -2.0 -1.0 -1.0 -3.0 -3.0 -4.0 -1.0 -1.0 -2.0 -1.0 0.0 0.0 -4.0 -2.0 -3.0 -2.0 -4.0 -2.0 -4.0 -2.0 -4.0 -1.0 -1.0 -2.0 -2.0 -2.0 0.0 -1.0 -4.0 -1.0 -2.0 0.0 -4.0 -1.0 -1.0 -4.0 -1.0 -1.0 0.0 -3.0 -4.0 0.0 -1.0 -3.0 0.0 -1.0 -2.0 0.0 
-2.0 -2.0 -2.0 -2.0 -2.0 0.0 0.0 -4.0 0.0 -3.0 -1.0 -3.0 -1.0 0.0 -4.0 -3.0 0.0 -1.0 0.0 -1.0 -3.0 -3.0 -4.0 -2.0 0.0 0.0 204.0 -2.0 -1.0 -1.0 -4.0 -1.0 -1.0 -1.0 0.0 -1.0 -4.0 -3.0 -2.0 -1.0 -4.0 0.0 -3.0 0.0 -3.0 -1.0 -1.0 -4.0 -1.0 0.0 -4.0 -3.0 -1.0 -2.0 0.0 0.0 -2.0 -3.0 -4.0 0.0 0.0 -1.0 -1.0 -4.0 -2.0 0.0 -1.0 -1.0 -2.0 -1.0 -1.0 0.0 -2.0 0.0 -2.0 -4.0 0.0 -4.0 -3.0 -4.0 -4.0 -3.0 -1.0 -1.0 -2.0 -4.0 0.0 0.0 -3.0 -1.0 0.0 -2.0 -3.0 -3.0 -3.0 -3.0 -4.0 0.0 -2.0 -1.0 0.0 -3.0 -3.0 -3.0 -2.0 0.0 -2.0 -3.0 0.0 0.0 -4.0 -3.0 -4.0 -2.0 -1.0 
0.0 -1.0 -3.0 0.0 0.0 -1.0 -1.0 0.0 -2.0 -2.0 -4.0 -1.0 -4.0 -3.0 -2.0 -4.0 -4.0 -2.0 -4.0 -2.0 -4.0 -2.0 -3.0 0.0 -3.0 -1.0 0.0 236.0 -1.0 0.0 -4.0 0.0 -1.0 0.0 -2.0 -2.0 -2.0 -1.0 0.0 -4.0 -4.0 -2.0 -2.0 -4.0 -2.0 -2.0 -4.0 -3.0 -2.0 -4.0 0.0 -4.0 -1.0 -4.0 -3.0 -2.0 -2.0 -3.0 -1.0 -4.0 -2.0 0.0 0.0 0.0 0.0 -4.0 0.0 -4.0 -3.0 -4.0 0.0 -4.0 -2.0 -3.0 0.0 -2.0 0.0 0.0 -4.0 0.0 -3.0 -1.0 -4.0 0.0 -4.0 -4.0 -2.0 -4.0 -3.0 -3.0 -2.0 -3.0 0.0 -2.0 0.0 -3.0 -2.0 -2.0 -4.0 -2.0 -4.0 -3.0 0.0 -1.0 0.0 -4.0 -1.0 0.0 0.0 -4.0 -4.0 -4.0 -4.0 -4.0 0.0 
-4.0 0.0 -3.0 -1.0 -1.0 0.0 -2.0 -4.0 -2.0 -4.0 -3.0 -3.0 -2.0 -2.0 -2.0 -2.0 -3.0 -4.0 -3.0 -3.0 0.0 -2.0 0.0 -4.0 0.0 -3.0 -3.0 -2.0 223.0 0.0 0.0 -2.0 -4.0 -1.0 -3.0 -2.0 -4.0 -2.0 -2.0 -3.0 -3.0 -1.0 -1.0 -3.0 -1.0 0.0 -3.0 0.0 -4.0 0.0 -2.0 -2.0 -2.0 -1.0 0.0 0.0 -2.0 -1.0 0.0 -2.0 -3.0 -3.0 -1.0 -3.0 -3.0 -1.0 -3.0 0.0 0.0 -1.0 0.0 -1.0 -3.0 -2.0 -1.0 0.0 -1.0 -4.0 0.0 -4.0 -2.0 -1.0 -4.0 -3.0 -4.0 -4.0 0.0 -1.0 -4.0 -2.0 -3.0 -1.0 -2.0 -4.0 -1.0 -2.0 -1.0 -1.0 0.0 -1.0 -4.0 -1.0 -1.0 -1.0 -3.0 -3.0 -1.0 -4.0 -3.0 -1.0 -1.0 -2.0 -4.0 -3.0 -3.0 
-1.0 -2.0 -4.0 -4.0 -3.0 -4.0 -4.0 -1.0 -3.0 0.0 -4.0 -2.0 -1.0 -2.0 0.0 -1.0 0.0 0.0 -3.0 -1.0 -1.0 -2.0 0.0 -3.0 -4.0 -2.0 -2.0 -1.0 -2.0 222.0 -3.0 -4.0 -3.0 -1.0 0.0 -2.0 -3.0 -4.0 -3.0 0.0 -1.0 -1.0 -1.0 -4.0 0.0 -1.0 -1.0 0.0 0.0 -2.0 0.0 0.0 -1.0 -4.0 -1.0 -4.0 0.0 -1.0 -3.0 -2.0 -2.0 -4.0 -3.0 -3.0 0.0 -3.0 -4.0 -4.0 0.0 -3.0 0.0 -1.0 -2.0 -3.0 -4.0 -4.0 -3.0 -2.0 0.0 -3.0 0.0 -3.0 -1.0 -1.0 -3.0 -2.0 0.0 -2.0 -1.0 0.0 -2.0 -4.0 -4.0 -3.0 0.0 -4.0 -1.0 -3.0 -4.0 -2.0 -3.0 -1.0 -3.0 -4.0 -3.0 -3.0 0.0 -3.0 0.0 -2.0 0.0 -3.0 0.0 -2.0 0.0 
-1.0 -3.0 -3.0 -3.0 -3.0 0.0 -2.0 0.0 -2.0 -2.0 -2.0 -3.0 -4.0 0.0 -2.0 -2.0 -2.0 -4.0 0.0 -4.0 -3.0 -3.0 -1.0 -2.0 0.0 -2.0 -4.0 -2.0 -3.0 -1.0 217.0 -3.0 0.0 -1.0 0.0 -1.0 -2.0 -1.0 -4.0 0.0 -4.0 -3.0 0.0 -1.0 -2.0 -4.0 -2.0 0.0 0.0 -2.0 -3.0 0.0 -3.0 -1.0 -3.0 -1.0 0.0 -2.0 -3.0 -3.0 -2.0 -3.0 -4.0 -3.0 -1.0 -2.0 -4.0 -2.0 0.0 -3.0 -2.0 -3.0 -1.0 -4.0 -3.0 -3.0 -2.0 -4.0 -2.0 -1.0 -3.0 0.0 -2.0 -3.0 0.0 0.0 -4.0 -1.0 -2.0 -1.0 -3.0 -4.0 -1.0 -3.0 -2.0 -2.0 -2.0 -3.0 -3.0 0.0 -1.0 -1.0 0.0 -1.0 -3.0 -2.0 0.0 0.0 -1.0 0.0 -1.0 -4.0 -1.0 -1.0 -1.0 
-2.0 -2.0 -1.0 -3.0 -2.0 0.0 -3.0 -3.0 -3.0 -4.0 0.0 -3.0 -4.0 0.0 -2.0 -4.0 -2.0 -3.0 -1.0 -2.0 -3.0 -2.0 0.0 -1.0 -3.0 0.0 -3.0 -3.0 -4.0 -3.0 -3.0 241.0 -3.0 -2.0 -2.0 -1.0 0.0 -4.0 -3.0 -2.0 -4.0 -4.0 -1.0 -4.0 -3.0 -2.0 0.0 -2.0 -1.0 -1.0 -3.0 -2.0 -3.0 0.0 -2.0 -3.0 0.0 -2.0 -1.0 0.0 0.0 -4.0 -3.0 -4.0 -4.0 0.0 -4.0 -3.0 -2.0 -2.0 -2.0 -3.0 -3.0 -4.0 -2.0 0.0 -4.0 -3.0 -1.0 -1.0 -2.0 0.0 -3.0 0.0 0.0 -1.0 -3.0 0.0 -3.0 -3.0 -3.0 -4.0 -3.0 -1.0 -1.0 -2.0 -3.0 -4.0 0.0 -4.0 -1.0 -4.0 -2.0 -2.0 -3.0 -1.0 -1.0 -2.0 0.0 -2.0 -1.0 -2.0 -3.0 -3.0 -1.0 
-4.0 -2.0 -4.0 -3.0 -4.0 0.0 0.0 -1.0 0.0 -1.0 -4.0 -4.0 -3.0 -2.0 -3.0 0.0 -4.0 -2.0 -1.0 -1.0 -4.0 -1.0 -2.0 -2.0 0.0 -1.0 0.0 0.0 0.0 -3.0 -2.0 -4.0 241.0 -3.0 -3.0 -2.0 -4.0 -2.0 0.0 -4.0 0.0 -4.0 -4.0 -3.0 0.0 -3.0 -4.0 -1.0 -3.0 -4.0 -4.0 0.0 -4.0 -1.0 0.0 0.0 -2.0 -1.0 -4.0 -3.0 -2.0 0.0 -2.0 -2.0 -4.0 -4.0 -3.0 -4.0 -4.0 0.0 -3.0 0.0 0.0 -4.0 -3.0 -3.0 -2.0 -3.0 -2.0 0.0 -1.0 0.0 -2.0 -4.0 -3.0 -1.0 -1.0 -2.0 -3.0 0.0 -4.0 -3.0 0.0 0.0 -3.0 -2.0 -1.0 -1.0 -4.0 -4.0 -2.0 0.0 -2.0 -3.0 -2.0 -4.0 -2.0 -4.0 -1.0 -1.0 -1.0 -4.0 -1.0 -2.0 -3.0 
-4.0 -2.0 -4.0 -1.0 -2.0 -4.0 -2.0 0.0 0.0 -1.0 -1.0 -2.0 -1.0 -2.0 -2.0 -1.0 0.0 0.0 -2.0 -3.0 -3.0 0.0 -4.0 -1.0 -4.0 -2.0 -3.0 0.0 -3.0 -3.0 0.0 -1.0 0.0 234.0 -1.0 0.0 -2.0 0.0 -4.0 -4.0 -4.0 -1.0 -3.0 -3.0 0.0 -3.0 -4.0 -2.0 0.0 -3.0 -4.0 -1.0 -2.0 -4.0 -3.0 -2.0 -4.0 -3.0 -3.0 -2.0 -2.0 -4.0 -4.0 -3.0 0.0 -3.0 -4.0 -2.0 0.0 0.0 0.0 0.0 -4.0 -1.0 -1.0 0.0 -3.0 -1.0 -4.0 -3.0 -4.0 -1.0 -3.0 -4.0 -1.0 -4.0 -4.0 -4.0 -1.0 -4.0 -2.0 -3.0 -3.0 -4.0 -2.0 0.0 -3.0 -4.0 -1.0 -3.0 0.0 0.0 -3.0 -1.0 -3.0 0.0 -1.0 -4.0 -1.0 -1.0 -3.0 -1.0 0.0 0.0 -2.0 
-2.0 -3.0 -3.0 -3.0 -4.0 -1.0 -2.0 -4.0 -2.0 -2.0 -1.0 -1.0 -1.0 -2.0 -1.0 -2.0 -1.0 -1.0 -3.0 0.0 -2.0 0.0 -4.0 0.0 0.0 -1.0 -4.0 -2.0 -1.0 -1.0 -3.0 -3.0 -3.0 -4.0 239.0 -4.0 -2.0 -2.0 -3.0 -3.0 -2.0 -1.0 -1.0 -4.0 0.0 0.0 -4.0 -2.0 0.0 -4.0 0.0 0.0 -3.0 -2.0 -2.0 -2.0 -1.0 -4.0 -1.0 -2.0 -3.0 -4.0 -4.0 -1.0 -4.0 -2.0 -3.0 -3.0 -1.0 0.0 -1.0 -2.0 0.0 -3.0 -4.0 -1.0 -2.0 -3.0 -2.0 -1.0 -2.0 -2.0 -1.0 0.0 -3.0 -3.0 -3.0 0.0 -2.0 0.0 -3.0 -2.0 -1.0 -4.0 -2.0 -4.0 -3.0 -4.0 -3.0 -4.0 -2.0 -1.0 -4.0 -4.0 0.0 0.0 -4.0 -2.0 -1.0 -1.0 -1.0 -4.0 -2.0 -3.0 -4.0 
-2.0 0.0 -3.0 -3.0 -2.0 0.0 0.0 0.0 -2.0 -1.0 0.0 -3.0 -2.0 -4.0 -4.0 0.0 -2.0 -4.0 -4.0 -2.0 -2.0 0.0 -3.0 -3.0 -1.0 -2.0 0.0 -3.0 -1.0 -4.0 0.0 -4.0 -4.0 0.0 0.0 229.0 0.0 0.0 0.0 -1.0 -2.0 0.0 -3.0 -2.0 -2.0 0.0 -2.0 -3.0 -4.0 -2.0 -3.0 -4.0 -3.0 -3.0 -4.0 -2.0 -3.0 -2.0 0.0 -4.0 0.0 -1.0 -3.0 -4.0 0.0 -2.0 0.0 -3.0 -4.0 -3.0 -2.0 -4.0 -3.0 -4.0 -2.0 -2.0 -4.0 -3.0 0.0 -1.0 -3.0 -4.0 -2.0 -4.0 0.0 -1.0 -2.0 -1.0 -1.0 -3.0 -3.0 -3.0 0.0 0.0 -1.0 -2.0 -1.0 -3.0 -1.0 -1.0 -2.0 -1.0 -2.0 -4.0 -1.0 -2.0 0.0 -3.0 -4.0 -3.0 -2.0 -4.0 -2.0 -3.0 -1.0 
-4.0 -3.0 -3.0 -2.0 -4.0 -4.0 0.0 -2.0 -4.0 0.0 -4.0 -3.0 0.0 0.0 -3.0 -2.0 -2.0 -3.0 -1.0 -3.0 0.0 0.0 -1.0 0.0 -4.0 -1.0 -3.0 -1.0 0.0 -1.0 -3.0 -2.0 -1.0 -1.0 -3.0 -1.0 225.0 -4.0 0.0 -3.0 -2.0 -3.0 -3.0 -1.0 0.0 0.0 -4.0 -2.0 -2.0 -4.0 -4.0 -4.0 -1.0 -1.0 0.0 -4.0 -4.0 -2.0 -2.0 -1.0 -4.0 -1.0 0.0 -4.0 -3.0 0.0 -3.0 -3.0 -1.0 -3.0 -1.0 0.0 -4.0 -3.0 0.0 -2.0 -2.0 0.0 -2.0 0.0 -2.0 -2.0 -2.0 -1.0 0.0 0.0 -2.0 -3.0 -2.0 -3.0 -3.0 -4.0 -2.0 0.0 -4.0 0.0 0.0 -3.0 -1.0 -1.0 0.0 -4.0 0.0 -1.0 0.0 -1.0 -4.0 -2.0 -4.0 -4.0 -1.0 -4.0 -4.0 -1.0 -4.0 
-2.0 -2.0 -4.0 -3.0 -2.0 -4.0 -4.0 -4.0 -1.0 -3.0 -3.0 0.0 -2.0 -3.0 -1.0 -4.0 -3.0 0.0 -4.0 -2.0 -2.0 -4.0 -2.0 -2.0 -4.0 0.0 -1.0 0.0 -2.0 -4.0 0.0 0.0 0.0 0.0 -4.0 -2.0 -3.0 244.0 -3.0 -3.0 -1.0 -4.0 -1.0 -2.0 -3.0 0.0 -2.0 -4.0 -2.0 -3.0 -2.0 -3.0 -3.0 0.0 -2.0 -3.0 -1.0 -2.0 -1.0 0.0 -3.0 -2.0 -3.0 -4.0 -4.0 -4.0 0.0 -2.0 -1.0 -3.0 -2.0 0.0 -2.0 -3.0 -4.0 -3.0 -4.0 0.0 -3.0 -3.0 -4.0 0.0 0.0 -4.0 -4.0 0.0 -4.0 -1.0 -3.0 -1.0 -3.0 -2.0 -2.0 -3.0 -3.0 -3.0 -4.0 -1.0 -3.0 0.0 -1.0 0.0 -2.0 0.0 0.0 -3.0 -3.0 -2.0 -2.0 -1.0 -1.0 -1.0 -2.0 -1.0 -4.0 
0.0 -4.0 -2.0 -1.0 -1.0 0.0 -1.0 -1.0 0.0 0.0 -4.0 0.0 -3.0 -3.0 -3.0 -1.0 -2.0 -4.0 -3.0 -1.0 0.0 0.0 -4.0 -4.0 -3.0 -4.0 0.0 0.0 -3.0 0.0 0.0 -1.0 0.0 -3.0 0.0 -4.0 0.0 0.0 233.0 -4.0 -1.0 -3.0 -3.0 -3.0 -3.0 -4.0 -3.0 -1.0 -2.0 -4.0 -2.0 -4.0 0.0 -3.0 0.0 -2.0 -3.0 -3.0 -4.0 -2.0 -3.0 -4.0 -3.0 -4.0 0.0 -2.0 -3.0 -1.0 -3.0 -4.0 -4.0 -3.0 0.0 -4.0 -2.0 -3.0 -3.0 0.0 -1.0 -4.0 0.0 -1.0 0.0 -3.0 0.0 -2.0 -1.0 -2.0 0.0 0.0 0.0 -4.0 -2.0 -3.0 -4.0 -3.0 -1.0 0.0 -3.0 -3.0 -1.0 -3.0 -2.0 -2.0 -3.0 -2.0 -3.0 -3.0 -3.0 -3.0 -1.0 -4.0 0.0 -2.0 -4.0 
-2.0 -1.0 -1.0 0.0 -3.0 -4.0 -2.0 -2.0 -4.0 -2.0 -4.0 -2.0 -1.0 0.0 0.0 0.0 -3.0 -1.0 -3.0 -3.0 0.0 0.0 -2.0 0.0 -3.0 -1.0 -4.0 -4.0 0.0 -1.0 -4.0 0.0 -3.0 -3.0 -2.0 -3.0 -2.0 -3.0 0.0 213.0 -4.0 -2.0 -1.0 -3.0 -1.0 -4.0 -2.0 -3.0 -3.0 -2.0 -3.0 -1.0 -3.0 -3.0 -4.0 -2.0 -1.0 0.0 0.0 -1.0 -4.0 -4.0 -3.0 -1.0 -1.0 -2.0 0.0 -2.0 -2.0 -2.0 -3.0 0.0 -1.0 -1.0 -3.0 -3.0 -1.0 -1.0 -1.0 0.0 0.0 0.0 -2.0 -4.0 -4.0 -2.0 0.0 -1.0 -2.0 0.0 -2.0 -3.0 -1.0 -1.0 0.0 -2.0 -1.0 -3.0 -2.0 -4.0 0.0 -3.0 -1.0 -1.0 -4.0 -2.0 -3.0 -2.0 -4.0 -3.0 -1.0 -1.0 0.0 -1.0 -2.0 
-2.0 -4.0 -2.0 -4.0 -1.0 -2.0 -2.0 -3.0 -1.0 -2.0 -3.0 -4.0 -2.0 -1.0 -1.0 -4.0 -3.0 0.0 0.0 -3.0 -4.0 0.0 -1.0 -3.0 -1.0 0.0 -4.0 -3.0 0.0 -1.0 -2.0 0.0 -3.0 -2.0 -4.0 -1.0 -4.0 -1.0 0.0 -1.0 204.0 0.0 -2.0 -4.0 0.0 -3.0 0.0 -3.0 -2.0 -1.0 0.0 -2.0 -3.0 -2.0 -1.0 -3.0 0.0 -2.0 0.0 0.0 -2.0 -2.0 0.0 0.0 -1.0 -4.0 -2.0 -3.0 -1.0 -3.0 -1.0 -2.0 0.0 -3.0 -3.0 -2.0 0.0 -4.0 -4.0 0.0 0.0 -3.0 -3.0 -2.0 -3.0 -4.0 -1.0 0.0 0.0 -1.0 -2.0 -1.0 -2.0 -4.0 -3.0 -2.0 -2.0 -2.0 -1.0 0.0 -1.0 -2.0 0.0 -1.0 -1.0 -3.0 -3.0 -2.0 0.0 0.0 -2.0 -3.0 -1.0 -1.0 -4.0 
-2.0 -1.0 0.0 -1.0 -1.0 -4.0 0.0 0.0 -2.0 -1.0 0.0 -3.0 -3.0 -2.0 -3.0 -4.0 -2.0 -1.0 -2.0 -2.0 -2.0 -1.0 -3.0 -3.0 -3.0 -3.0 -3.0 0.0 0.0 -2.0 0.0 -2.0 -3.0 -2.0 -2.0 0.0 0.0 -1.0 -1.0 -3.0 -3.0 204.0 -2.0 -2.0 -2.0 -1.0 -2.0 -1.0 0.0 -4.0 -4.0 -4.0 0.0 -4.0 0.0 -1.0 -1.0 -1.0 -1.0 -1.0 -3.0 0.0 -1.0 -2.0 -1.0 0.0 -3.0 -2.0 -3.0 -3.0 -3.0 -4.0 -3.0 -4.0 -1.0 -1.0 0.0 -2.0 -3.0 -4.0 0.0 0.0 -4.0 -4.0 -1.0 -2.0 -2.0 0.0 0.0 -3.0 -4.0 -4.0 -3.0 0.0 -4.0 0.0 0.0 -4.0 -1.0 -3.0 -1.0 -2.0 -1.0 -2.0 0.0 -1.0 -1.0 0.0 -2.0 -2.0 -2.0 0.0 -4.0 0.0 -2.0 
-1.0 -3.0 -3.0 -1.0 -4.0 -2.0 -2.0 0.0 0.0 -2.0 -2.0 -2.0 -2.0 -3.0 -1.0 -4.0 -1.0 -3.0 -4.0 -1.0 -4.0 -2.0 0.0 -3.0 0.0 -4.0 0.0 -3.0 -1.0 -4.0 -2.0 -1.0 -3.0 -4.0 0.0 -1.0 0.0 -2.0 -3.0 -3.0 -2.0 -3.0 234.0 -3.0 -4.0 -1.0 -2.0 -1.0 -1.0 -3.0 -2.0 -2.0 0.0 0.0 0.0 -4.0 -2.0 -1.0 -3.0 0.0 -2.0 -2.0 -3.0 -1.0 -2.0 -4.0 -3.0 -4.0 -3.0 -3.0 -3.0 0.0 -3.0 0.0 -3.0 -2.0 -2.0 -3.0 -3.0 -4.0 -1.0 -1.0 -1.0 -2.0 0.0 -3.0 -3.0 -2.0 -3.0 -2.0 -4.0 -1.0 -1.0 -1.0 -2.0 0.0 -1.0 0.0 -4.0 0.0 -4.0 -2.0 -4.0 -2.0 -3.0 -2.0 -2.0 -3.0 -1.0 -2.0 -1.0 -4.0 -2.0 -3.0 -2.0 
-2.0 -3.0 -1.0 0.0 -1.0 -1.0 -4.0 -1.0 -1.0 -3.0 -4.0 0.0 -1.0 -3.0 0.0 0.0 -1.0 -2.0 -4.0 0.0 0.0 -1.0 0.0 -3.0 -2.0 -3.0 -2.0 0.0 -1.0 -3.0 0.0 -2.0 0.0 -3.0 0.0 0.0 0.0 -1.0 -4.0 -4.0 -2.0 0.0 -2.0 218.0 -1.0 -1.0 -4.0 -3.0 -1.0 -1.0 -2.0 -4.0 -4.0 -3.0 -2.0 -4.0 -1.0 -4.0 -1.0 -3.0 -4.0 -3.0 -2.0 -2.0 -1.0 -4.0 0.0 -4.0 -3.0 -4.0 0.0 -2.0 -1.0 -2.0 -1.0 -2.0 -2.0 -2.0 -1.0 -4.0 -4.0 -2.0 -1.0 -2.0 -4.0 -2.0 -2.0 -2.0 -1.0 -2.0 -2.0 -2.0 -2.0 -1.0 0.0 -4.0 -1.0 -1.0 -2.0 -2.0 -1.0 -1.0 -4.0 0.0 0.0 -4.0 -2.0 -3.0 -2.0 -1.0 -3.0 -2.0 0.0 -4.0 -4.0 
-4.0 -2.0 -3.0 -1.0 -2.0 0.0 -2.0 0.0 -4.0 -1.0 0.0 -2.0 -3.0 -1.0 -2.0 -2.0 -1.0 -4.0 0.0 -3.0 -4.0 -3.0 -4.0 -1.0 -4.0 -3.0 -1.0 -3.0 -3.0 -1.0 0.0 -1.0 -4.0 -3.0 -3.0 -2.0 -3.0 -2.0 0.0 -2.0 -4.0 -3.0 -1.0 -3.0 213.0 0.0 -3.0 -2.0 -3.0 -2.0 -1.0 -1.0 -4.0 0.0 -3.0 0.0 0.0 0.0 -4.0 0.0 -1.0 -3.0 0.0 -4.0 -4.0 0.0 -3.0 -4.0 -1.0 -1.0 -1.0 0.0 0.0 -1.0 -3.0 -2.0 0.0 -4.0 -1.0 -3.0 -1.0 0.0 -2.0 -2.0 0.0 0.0 -4.0 -1.0 -3.0 -1.0 0.0 -2.0 -1.0 -3.0 -4.0 -1.0 -4.0 -2.0 -3.0 -3.0 -3.0 -2.0 -2.0 0.0 0.0 -1.0 0.0 -1.0 -2.0 -2.0 -2.0 -3.0 -2.0 -2.0 0.0 
-3.0 -2.0 -3.0 -4.0 -3.0 0.0 -1.0 -2.0 0.0 -1.0 -1.0 0.0 -1.0 0.0 0.0 -2.0 -1.0 -1.0 0.0 -4.0 -2.0 -1.0 0.0 -1.0 -4.0 -3.0 -2.0 -4.0 -1.0 -3.0 -3.0 -2.0 -4.0 -3.0 0.0 -1.0 -3.0 -4.0 -1.0 0.0 -2.0 -3.0 -3.0 -3.0 -2.0 211.0 -4.0 -1.0 -2.0 -1.0 -1.0 -2.0 -1.0 -1.0 -1.0 -4.0 -1.0 -2.0 -1.0 -2.0 -1.0 -2.0 -2.0 -1.0 0.0 0.0 -4.0 -1.0 -1.0 -2.0 -2.0 -3.0 -2.0 -1.0 -2.0 -3.0 -4.0 -4.0 -3.0 -2.0 -4.0 0.0 -2.0 -1.0 -1.0 -1.0 -3.0 -3.0 -2.0 -1.0 0.0 0.0 -1.0 -4.0 0.0 -1.0 -2.0 -4.0 -3.0 0.0 -1.0 -2.0 -1.0 -4.0 -2.0 -1.0 -2.0 -1.0 -1.0 -3.0 -3.0 -1.0 -3.0 -1.0 -4.0 
-2.0 -1.0 -1.0 -2.0 -4.0 0.0 -2.0 -1.0 -4.0 0.0 -1.0 -3.0 -2.0 -2.0 -1.0 0.0 -3.0 -3.0 -4.0 0.0 -1.0 -2.0 -2.0 -2.0 -4.0 -4.0 -2.0 0.0 -2.0 -1.0 0.0 -2.0 0.0 -4.0 -1.0 -4.0 0.0 0.0 -3.0 -2.0 -4.0 -1.0 -2.0 -2.0 -1.0 -2.0 228.0 -3.0 -2.0 0.0 -4.0 0.0 0.0 -3.0 -3.0 -4.0 -1.0 0.0 -2.0 -4.0 -2.0 -4.0 -4.0 -4.0 -2.0 -4.0 0.0 -2.0 -2.0 0.0 -4.0 0.0 -1.0 0.0 -1.0 -2.0 -3.0 -3.0 -3.0 -4.0 -4.0 -1.0 -3.0 -2.0 -2.0 -1.0 -2.0 -4.0 -4.0 -3.0 -3.0 -3.0 0.0 -1.0 -1.0 -2.0 0.0 -1.0 -3.0 -4.0 -2.0 -4.0 0.0 0.0 0.0 -3.0 -4.0 -2.0 -1.0 -1.0 -4.0 -1.0 -3.0 0.0 -4.0 
0.0 0.0 0.0 -2.0 0.0 -4.0 -2.0 -3.0 -4.0 -3.0 -1.0 -2.0 -4.0 -2.0 0.0 0.0 -4.0 0.0 -1.0 -3.0 -4.0 0.0 -2.0 -2.0 -4.0 -3.0 -4.0 -4.0 -4.0 0.0 -4.0 -4.0 0.0 -1.0 -3.0 -1.0 -3.0 -3.0 -3.0 -4.0 -4.0 -4.0 -1.0 -1.0 -1.0 0.0 -1.0 245.0 -4.0 -4.0 -4.0 -4.0 -1.0 -2.0 0.0 -3.0 -2.0 -2.0 0.0 -4.0 -1.0 0.0 0.0 -3.0 -4.0 -1.0 -4.0 -1.0 -3.0 -4.0 -1.0 -2.0 -3.0 -4.0 -2.0 -3.0 -1.0 -3.0 0.0 0.0 0.0 -1.0 -3.0 0.0 -4.0 -3.0 -3.0 -4.0 0.0 -2.0 -4.0 0.0 -1.0 0.0 0.0 -3.0 -4.0 -3.0 -4.0 -2.0 -2.0 -1.0 -4.0 -3.0 -3.0 -3.0 -4.0 0.0 -2.0 -2.0 -3.0 -1.0 -3.0 -3.0 0.0 
-3.0 -1.0 -2.0 -1.0 -4.0 -1.0 0.0 -3.0 -1.0 -2.0 0.0 -3.0 0.0 0.0 0.0 0.0 -2.0 -2.0 -1.0 -4.0 -1.0 -1.0 0.0 -2.0 -4.0 -4.0 -3.0 -2.0 -2.0 -4.0 -1.0 0.0 0.0 -2.0 -2.0 -2.0 -1.0 -1.0 -4.0 -3.0 -3.0 0.0 -3.0 -4.0 -2.0 -4.0 -2.0 -4.0 200.0 -2.0 -1.0 -1.0 -2.0 -3.0 0.0 -4.0 -3.0 -2.0 0.0 -4.0 0.0 -3.0 -3.0 -1.0 -3.0 0.0 -1.0 -1.0 -1.0 -1.0 -4.0 -2.0 -4.0 -3.0 -2.0 -3.0 0.0 0.0 -2.0 -4.0 -2.0 -1.0 -1.0 -3.0 -4.0 -1.0 0.0 0.0 -1.0 -1.0 -2.0 0.0 -1.0 0.0 0.0 -3.0 -1.0 -2.0 -4.0 -1.0 -4.0 0.0 -1.0 -4.0 -1.0 -2.0 0.0 -2.0 0.0 0.0 -3.0 0.0 -4.0 0.0 0.0 
0.0 -4.0 -2.0 -1.0 -4.0 0.0 -1.0 -3.0 -4.0 -3.0 0.0 -4.0 -4.0 -4.0 -4.0 -3.0 -4.0 0.0 -2.0 -2.0 0.0 -1.0 -4.0 -4.0 -4.0 -2.0 -1.0 -1.0 -4.0 -4.0 -1.0 0.0 -4.0 -2.0 0.0 -1.0 -1.0 -4.0 -3.0 -4.0 0.0 -2.0 -4.0 -3.0 0.0 -2.0 -3.0 -4.0 -2.0 235.0 -4.0 -1.0 -1.0 0.0 -2.0 0.0 -1.0 -1.0 -1.0 -2.0 0.0 -1.0 -1.0 -1.0 -2.0 -2.0 -1.0 -2.0 -1.0 -1.0 0.0 -3.0 -4.0 -4.0 -1.0 -1.0 -2.0 -4.0 -3.0 -1.0 -1.0 -3.0 -4.0 -1.0 -2.0 -1.0 -4.0 -2.0 -4.0 -2.0 -3.0 -1.0 -2.0 -3.0 0.0 0.0 0.0 -3.0 -4.0 0.0 0.0 -4.0 0.0 -4.0 -3.0 -2.0 -4.0 0.0 -4.0 -1.0 -3.0 -1.0 -4.0 0.0 -3.0 
-3.0 -3.0 0.0 -3.0 -4.0 -2.0 -2.0 0.0 0.0 -2.0 0.0 -2.0 -4.0 0.0 -1.0 -2.0 -2.0 -3.0 -2.0 0.0 -3.0 -1.0 -2.0 -2.0 -3.0 -2.0 0.0 0.0 -2.0 0.0 -4.0 -1.0 0.0 -2.0 -4.0 -3.0 0.0 0.0 -1.0 -3.0 -3.0 -3.0 -2.0 -4.0 -1.0 -4.0 -3.0 -2.0 -3.0 -4.0 217.0 -3.0 -1.0 0.0 -4.0 -3.0 -4.0 0.0 -2.0 -2.0 -3.0 -3.0 -3.0 0.0 -1.0 0.0 -2.0 -4.0 -2.0 -3.0 0.0 0.0 0.0 -4.0 0.0 -1.0 -4.0 -2.0 -4.0 -3.0 -3.0 -1.0 0.0 -4.0 -3.0 0.0 -1.0 -3.0 -2.0 -1.0 -3.0 -4.0 0.0 0.0 -2.0 -4.0 0.0 -2.0 -4.0 -3.0 -4.0 0.0 0.0 -1.0 -2.0 0.0 -4.0 -1.0 -2.0 0.0 -3.0 -4.0 -1.0 0.0 0.0 
-1.0 -2.0 -3.0 -2.0 -3.0 0.0 -4.0 -2.0 -3.0 -3.0 -3.0 -3.0 -1.0 0.0 -3.0 -1.0 0.0 0.0 -2.0 -3.0 -4.0 -2.0 -2.0 0.0 -2.0 -2.0 -4.0 -4.0 -4.0 -3.0 -2.0 -4.0 -4.0 0.0 -2.0 -1.0 0.0 0.0 -1.0 -4.0 -4.0 0.0 -2.0 -4.0 -3.0 -2.0 -2.0 -3.0 0.0 -4.0 0.0 236.0 0.0 -3.0 -1.0 -2.0 -2.0 -3.0 0.0 -1.0 -1.0 -1.0 -4.0 -2.0 -4.0 -2.0 -4.0 -3.0 -2.0 -2.0 -4.0 -3.0 0.0 -3.0 -3.0 -2.0 -1.0 -4.0 -4.0 -4.0 0.0 -1.0 0.0 0.0 -2.0 0.0 0.0 -3.0 -4.0 -2.0 -3.0 0.0 -3.0 -4.0 -3.0 -1.0 -1.0 -3.0 -3.0 -4.0 -2.0 -2.0 -3.0 -4.0 -3.0 -4.0 -2.0 -4.0 -1.0 0.0 0.0 0.0 0.0 0.0 -1.0 
0.0 0.0 0.0 -4.0 0.0 -4.0 -1.0 -1.0 -1.0 -1.0 -3.0 -1.0 -1.0 -4.0 -4.0 -2.0 -1.0 -4.0 -2.0 -4.0 -1.0 -1.0 -1.0 -2.0 -1.0 -3.0 0.0 -2.0 -1.0 0.0 -1.0 -1.0 -1.0 -4.0 -2.0 -3.0 -4.0 -4.0 -1.0 -3.0 0.0 -2.0 -2.0 0.0 0.0 -1.0 -1.0 -2.0 0.0 -1.0 -2.0 0.0 203.0 0.0 0.0 -2.0 0.0 -3.0 -2.0 0.0 0.0 0.0 -4.0 -3.0 -2.0 -2.0 0.0 -3.0 -1.0 -2.0 -1.0 -1.0 -2.0 -3.0 -3.0 -1.0 -2.0 0.0 -3.0 -1.0 0.0 -2.0 -2.0 -4.0 -1.0 -4.0 0.0 -4.0 -4.0 -1.0 -2.0 0.0 -3.0 -1.0 -2.0 -4.0 -3.0 -4.0 -2.0 -3.0 -3.0 -4.0 -1.0 0.0 0.0 -2.0 -4.0 0.0 0.0 -2.0 -4.0 -3.0 -1.0 -3.0 -4.0 
-1.0 -1.0 -4.0 -4.0 -1.0 -2.0 -3.0 -2.0 -4.0 -3.0 -2.0 -1.0 -3.0 -3.0 -3.0 -4.0 -2.0 -2.0 -4.0 0.0 -2.0 -2.0 -1.0 -2.0 -1.0 -4.0 -1.0 0.0 -1.0 -4.0 -3.0 -3.0 -2.0 0.0 -4.0 -3.0 -3.0 -3.0 -3.0 -2.0 -4.0 -4.0 -3.0 -3.0 0.0 -1.0 -4.0 -2.0 -3.0 -1.0 0.0 -2.0 0.0 232.0 0.0 -3.0 -4.0 -2.0 -4.0 -4.0 -1.0 -2.0 -4.0 -4.0 0.0 -4.0 -2.0 -2.0 0.0 -1.0 -4.0 -2.0 0.0 -3.0 -1.0 -4.0 -4.0 0.0 0.0 -2.0 -4.0 -4.0 -1.0 -1.0 -2.0 -1.0 -1.0 -1.0 0.0 0.0 -2.0 -1.0 -4.0 0.0 -1.0 -1.0 -2.0 -2.0 -2.0 -3.0 0.0 0.0 -2.0 -2.0 -4.0 -2.0 -4.0 -1.0 -1.0 -1.0 0.0 -2.0 0.0 -3.0 0.0 
-3.0 -4.0 0.0 -2.0 -1.0 -2.0 -1.0 -3.0 -3.0 -1.0 -2.0 -2.0 -1.0 -4.0 -4.0 0.0 -3.0 0.0 -3.0 -2.0 -4.0 -1.0 -2.0 -3.0 -3.0 -4.0 -3.0 -1.0 -2.0 -2.0 -4.0 -3.0 -1.0 -4.0 0.0 -2.0 -2.0 -3.0 -2.0 0.0 0.0 -1.0 -4.0 -4.0 -1.0 -1.0 0.0 0.0 0.0 -1.0 -2.0 -4.0 -1.0 -3.0 232.0 -2.0 -2.0 -3.0 -2.0 0.0 0.0 -1.0 -4.0 -4.0 -3.0 -2.0 -2.0 -1.0 -1.0 -4.0 -1.0 0.0 0.0 0.0 -2.0 -4.0 -4.0 -3.0 -1.0 -4.0 -4.0 0.0 0.0 -4.0 -3.0 -2.0 -2.0 -4.0 -4.0 -1.0 -4.0 -3.0 0.0 -4.0 -1.0 -1.0 -3.0 0.0 -2.0 0.0 -3.0 -4.0 -4.0 -3.0 -4.0 0.0 0.0 -3.0 -3.0 0.0 0.0 0.0 -2.0 -3.0 -2.0 
-4.0 -3.0 -3.0 -2.0 -4.0 -1.0 0.0 -1.0 -2.0 0.0 0.0 0.0 -3.0 -2.0 -4.0 -3.0 -1.0 -3.0 -3.0 -4.0 -1.0 0.0 -2.0 -1.0 0.0 -3.0 -3.0 -3.0 -1.0 -4.0 -4.0 -1.0 -2.0 -3.0 -2.0 -1.0 0.0 -2.0 -4.0 -4.0 -4.0 -2.0 -1.0 -2.0 -4.0 -2.0 0.0 -2.0 0.0 -3.0 -3.0 0.0 -1.0 -2.0 0.0 222.0 -3.0 0.0 -2.0 0.0 -3.0 -2.0 -4.0 -3.0 -1.0 -1.0 -3.0 -1.0 0.0 -1.0 -3.0 -4.0 -1.0 0.0 -1.0 -1.0 -2.0 -3.0 -1.0 0.0 -3.0 -1.0 -2.0 -3.0 -1.0 -3.0 0.0 -4.0 0.0 -3.0 -4.0 -2.0 -3.0 -4.0 0.0 -1.0 -4.0 0.0 -3.0 -1.0 -1.0 -4.0 -1.0 -3.0 -3.0 -1.0 -3.0 -4.0 -1.0 -1.0 -1.0 -1.0 0.0 -2.0 -4.0 
0.0 0.0 0.0 -1.0 -2.0 -1.0 -1.0 -3.0 -2.0 -4.0 -4.0 0.0 -1.0 -4.0 -1.0 -2.0 -3.0 -4.0 -4.0 -1.0 -3.0 -1.0 0.0 -3.0 -1.0 -4.0 -1.0 -2.0 -4.0 -2.0 0.0 0.0 -3.0 -4.0 0.0 -1.0 -1.0 -4.0 -2.0 -2.0 -4.0 -4.0 0.0 -4.0 -2.0 0.0 0.0 -3.0 -3.0 0.0 -3.0 -3.0 0.0 -3.0 -2.0 -2.0 216.0 0.0 -4.0 -2.0 -2.0 -4.0 -1.0 -2.0 -3.0 -2.0 -3.0 0.0 -3.0 -3.0 -4.0 -1.0 -3.0 -1.0 -1.0 -2.0 -2.0 -3.0 -3.0 -4.0 -1.0 -1.0 0.0 0.0 -2.0 -2.0 -1.0 0.0 -4.0 0.0 -2.0 0.0 -2.0 -1.0 -1.0 -1.0 -4.0 -4.0 -4.0 -1.0 0.0 -2.0 0.0 -3.0 -1.0 -2.0 0.0 -3.0 -3.0 -1.0 -3.0 -1.0 -1.0 -3.0 0.0 
-2.0 -1.0 -1.0 -4.0 0.0 -2.0 -1.0 -3.0 0.0 -2.0 -1.0 -1.0 0.0 -1.0 0.0 -3.0 -2.0 -2.0 -2.0 0.0 -3.0 -4.0 -3.0 0.0 -3.0 0.0 -4.0 -4.0 -3.0 -3.0 -3.0 -4.0 -3.0 -4.0 -2.0 -4.0 -4.0 -4.0 -1.0 -4.0 -2.0 0.0 -3.0 -4.0 0.0 -3.0 -3.0 -2.0 -4.0 -2.0 -1.0 -2.0 -4.0 -4.0 -3.0 -1.0 -4.0 237.0 -3.0 -3.0 -4.0 -2.0 -3.0 -4.0 -2.0 -1.0 -4.0 -1.0 -1.0 -1.0 -1.0 0.0 -1.0 -3.0 -2.0 -2.0 -3.0 -1.0 -1.0 0.0 -4.0 -1.0 -1.0 -2.0 -1.0 -1.0 -1.0 -1.0 -2.0 0.0 -1.0 -1.0 -4.0 0.0 -3.0 -1.0 -3.0 0.0 -1.0 -1.0 -1.0 -1.0 -4.0 -4.0 -3.0 -2.0 -3.0 0.0 -1.0 -4.0 -4.0 -2.0 -2.0 -1.0 -3.0 
-1.0 -2.0 -1.0 -4.0 0.0 -3.0 -3.0 0.0 -3.0 0.0 -4.0 -2.0 0.0 0.0 -4.0 -2.0 -4.0 -2.0 0.0 -2.0 -2.0 -4.0 0.0 -1.0 0.0 -3.0 -4.0 -2.0 -1.0 -3.0 -3.0 -1.0 -1.0 -2.0 -3.0 -2.0 -3.0 -4.0 -4.0 -1.0 -4.0 -1.0 -2.0 -1.0 0.0 -2.0 -1.0 0.0 -1.0 -1.0 -3.0 -1.0 -1.0 -2.0 -4.0 -2.0 0.0 0.0 211.0 -3.0 -2.0 -3.0 0.0 -2.0 -3.0 -2.0 0.0 -3.0 0.0 -1.0 -2.0 -4.0 -2.0 0.0 -3.0 -3.0 -2.0 -2.0 0.0 -3.0 0.0 -2.0 0.0 0.0 0.0 -2.0 -1.0 -2.0 -1.0 -1.0 -3.0 0.0 -4.0 -4.0 -1.0 -1.0 -2.0 -3.0 -2.0 -2.0 -3.0 -4.0 -3.0 -4.0 0.0 -2.0 -2.0 0.0 0.0 -4.0 -2.0 -4.0 -1.0 0.0 -4.0 
0.0 -4.0 0.0 0.0 0.0 -2.0 -4.0 0.0 -2.0 -1.0 0.0 -3.0 -1.0 -2.0 -1.0 0.0 -1.0 -2.0 -4.0 -2.0 -4.0 0.0 -3.0 -4.0 -3.0 0.0 -2.0 -3.0 0.0 -1.0 -3.0 -4.0 -1.0 -2.0 0.0 -4.0 0.0 -4.0 -4.0 -1.0 -2.0 -1.0 -4.0 -3.0 -4.0 -3.0 0.0 -2.0 -2.0 0.0 0.0 -3.0 0.0 -4.0 -4.0 -3.0 -2.0 0.0 -4.0 224.0 -3.0 -3.0 -4.0 -4.0 0.0 -1.0 0.0 -1.0 0.0 -3.0 -1.0 -2.0 -3.0 -3.0 -3.0 0.0 -4.0 -3.0 0.0 0.0 -1.0 -1.0 -3.0 -1.0 -3.0 0.0 -4.0 -1.0 0.0 0.0 -1.0 -3.0 -1.0 -1.0 0.0 -3.0 -4.0 -4.0 -2.0 0.0 -1.0 -3.0 -4.0 -3.0 -4.0 -4.0 -2.0 -3.0 -1.0 0.0 -3.0 -2.0 -4.0 -3.0 -3.0 
-2.0 -1.0 0.0 -1.0 -1.0 -1.0 -2.0 -1.0 -4.0 -1.0 -3.0 -2.0 0.0 -3.0 -3.0 -4.0 -3.0 -1.0 -4.0 -2.0 -2.0 -2.0 -2.0 -3.0 -3.0 -2.0 -2.0 0.0 -2.0 -1.0 -4.0 -3.0 -3.0 0.0 -3.0 -3.0 -2.0 -4.0 0.0 -2.0 -2.0 -1.0 -1.0 -4.0 -3.0 0.0 -1.0 0.0 -1.0 -1.0 -4.0 -4.0 -4.0 -1.0 -2.0 -3.0 -1.0 -3.0 0.0 -1.0 206.0 -1.0 0.0 0.0 -1.0 -4.0 -1.0 0.0 0.0 -2.0 -1.0 -1.0 -1.0 -4.0 -1.0 -2.0 -3.0 -1.0 -4.0 -3.0 0.0 -2.0 -1.0 0.0 -2.0 -4.0 -2.0 -1.0 0.0 -1.0 -1.0 -1.0 -2.0 -3.0 -2.0 -2.0 -2.0 -4.0 0.0 -3.0 0.0 -1.0 -2.0 -3.0 0.0 0.0 -1.0 -3.0 -3.0 -3.0 -4.0 0.0 -2.0 0.0 -2.0 
-2.0 0.0 -4.0 0.0 -2.0 -3.0 -2.0 -1.0 -2.0 0.0 0.0 -3.0 -3.0 -4.0 -4.0 -4.0 -4.0 -4.0 -3.0 -1.0 -4.0 -3.0 -4.0 0.0 0.0 -1.0 0.0 -1.0 -1.0 -2.0 -3.0 0.0 -4.0 0.0 -3.0 0.0 -1.0 -4.0 -1.0 -4.0 0.0 -3.0 -1.0 -4.0 -4.0 -3.0 -3.0 -4.0 0.0 -2.0 -1.0 -3.0 0.0 -2.0 -4.0 -3.0 -2.0 -4.0 -1.0 -1.0 -2.0 228.0 -2.0 -1.0 0.0 -2.0 -2.0 -2.0 -3.0 -2.0 0.0 -2.0 -1.0 0.0 0.0 0.0 -2.0 -3.0 -1.0 0.0 -4.0 0.0 -2.0 -1.0 -2.0 0.0 -1.0 -3.0 -1.0 -4.0 -1.0 -2.0 -4.0 -3.0 -4.0 -3.0 -1.0 0.0 -4.0 0.0 -4.0 -1.0 -4.0 -4.0 -1.0 -3.0 0.0 -2.0 -3.0 -4.0 -1.0 -1.0 -4.0 -4.0 0.0 
-1.0 -3.0 0.0 -3.0 -3.0 -3.0 -1.0 -4.0 -1.0 -2.0 -1.0 -4.0 -4.0 -1.0 -3.0 -1.0 -3.0 -3.0 0.0 -1.0 -3.0 -2.0 -1.0 -2.0 -1.0 -1.0 0.0 0.0 -1.0 0.0 -3.0 -3.0 0.0 -4.0 -3.0 0.0 -1.0 -4.0 0.0 -3.0 0.0 -4.0 -3.0 -3.0 0.0 -2.0 -1.0 -3.0 -1.0 -3.0 0.0 -4.0 0.0 -4.0 -3.0 0.0 -4.0 -2.0 -2.0 -3.0 -1.0 -3.0 215.0 -4.0 -3.0 -2.0 0.0 -2.0 -3.0 -1.0 -2.0 -3.0 0.0 -2.0 -3.0 0.0 -4.0 -1.0 -1.0 -1.0 0.0 0.0 -3.0 0.0 -3.0 -1.0 -4.0 0.0 -1.0 -4.0 0.0 -3.0 0.0 -2.0 0.0 -3.0 -4.0 -4.0 -1.0 0.0 -4.0 -2.0 -4.0 -2.0 -4.0 0.0 -1.0 0.0 -2.0 0.0 -3.0 -4.0 -1.0 -2.0 -1.0 
-4.0 -4.0 -1.0 -2.0 -2.0 -4.0 -1.0 -3.0 -2.0 -4.0 -1.0 -2.0 0.0 0.0 0.0 -1.0 -3.0 0.0 -3.0 -2.0 0.0 0.0 -4.0 -2.0 -3.0 0.0 0.0 -4.0 -2.0 0.0 -4.0 -2.0 -1.0 0.0 -1.0 0.0 -4.0 -4.0 0.0 -3.0 -4.0 -3.0 -3.0 -2.0 -3.0 -4.0 0.0 -2.0 -2.0 -2.0 0.0 -2.0 0.0 0.0 0.0 -1.0 -4.0 0.0 0.0 -1.0 -2.0 -3.0 -3.0 221.0 -4.0 -1.0 0.0 -3.0 -3.0 -1.0 -1.0 0.0 -4.0 -1.0 -1.0 -4.0 -3.0 0.0 -2.0 -4.0 -2.0 -2.0 -4.0 0.0 0.0 -3.0 -3.0 -2.0 0.0 -3.0 -4.0 -4.0 -1.0 -1.0 0.0 -2.0 0.0 -4.0 -3.0 -3.0 -1.0 0.0 -2.0 -1.0 -3.0 -4.0 -4.0 -2.0 -4.0 -4.0 -3.0 -1.0 -4.0 0.0 -1.0 
-3.0 -1.0 -4.0 -1.0 -3.0 -3.0 -4.0 -4.0 -2.0 0.0 -1.0 -2.0 0.0 -2.0 0.0 0.0 -1.0 0.0 -2.0 -1.0 -3.0 -4.0 -2.0 -2.0 -1.0 -2.0 0.0 -1.0 -1.0 -1.0 -2.0 0.0 -3.0 -1.0 -2.0 0.0 -3.0 0.0 -1.0 -3.0 -1.0 -1.0 -2.0 0.0 -2.0 -3.0 0.0 -2.0 0.0 0.0 -4.0 -4.0 -2.0 -4.0 0.0 -3.0 -4.0 0.0 -3.0 -3.0 -1.0 -3.0 0.0 -2.0 199.0 -1.0 -4.0 -4.0 -2.0 -2.0 -1.0 0.0 -3.0 0.0 -1.0 -3.0 -3.0 -4.0 -2.0 -4.0 0.0 0.0 -4.0 -2.0 -2.0 -1.0 -1.0 -4.0 -1.0 -2.0 -4.0 -1.0 0.0 0.0 0.0 0.0 0.0 -3.0 0.0 0.0 0.0 0.0 -1.0 -2.0 0.0 -4.0 -4.0 -2.0 -1.0 0.0 -4.0 -4.0 -1.0 -3.0 -4.0 
-4.0 -4.0 -3.0 0.0 0.0 -2.0 -2.0 -3.0 -2.0 -1.0 -3.0 0.0 -2.0 -3.0 0.0 -1.0 0.0 -4.0 0.0 0.0 -4.0 -1.0 -1.0 -4.0 -1.0 -1.0 0.0 0.0 -3.0 -1.0 -2.0 0.0 -2.0 -2.0 -1.0 -4.0 0.0 -1.0 -3.0 -3.0 0.0 -2.0 -4.0 -4.0 -2.0 -4.0 0.0 -1.0 -1.0 -2.0 -4.0 -1.0 -2.0 0.0 -3.0 -4.0 -2.0 0.0 0.0 -2.0 0.0 -3.0 -1.0 -3.0 -1.0 206.0 0.0 0.0 0.0 -3.0 -2.0 0.0 -2.0 -1.0 -3.0 -4.0 -3.0 0.0 -3.0 -2.0 -1.0 0.0 -1.0 -4.0 -1.0 0.0 -4.0 -2.0 -3.0 -2.0 -4.0 -1.0 0.0 -2.0 0.0 0.0 -3.0 -3.0 -1.0 -2.0 -4.0 -3.0 -1.0 -3.0 -2.0 0.0 -3.0 -4.0 -3.0 -4.0 0.0 -2.0 -3.0 0.0 -3.0 
-2.0 -3.0 -3.0 -4.0 -4.0 0.0 0.0 -1.0 -2.0 -3.0 -1.0 0.0 0.0 -4.0 -3.0 -4.0 -3.0 -2.0 -3.0 -3.0 -3.0 -4.0 -4.0 -4.0 -2.0 -4.0 -2.0 -2.0 -1.0 -1.0 -3.0 -2.0 0.0 -4.0 -1.0 -1.0 -2.0 -1.0 -2.0 -2.0 -2.0 -2.0 0.0 -1.0 -3.0 -4.0 -4.0 -1.0 -2.0 -3.0 -2.0 -1.0 -1.0 -3.0 -2.0 -3.0 -3.0 0.0 -3.0 -2.0 -4.0 -2.0 0.0 -1.0 -1.0 -3.0 231.0 -1.0 -2.0 0.0 -3.0 -3.0 -3.0 0.0 -4.0 -4.0 -2.0 -1.0 -3.0 0.0 -4.0 0.0 -4.0 -3.0 -1.0 -1.0 -1.0 -2.0 -2.0 0.0 -2.0 0.0 0.0 -3.0 -3.0 -2.0 -2.0 -3.0 0.0 -1.0 -4.0 -2.0 0.0 -2.0 -4.0 0.0 -2.0 -4.0 0.0 0.0 0.0 -1.0 -4.0 -2.0 -3.0 
-3.0 0.0 0.0 0.0 -4.0 -4.0 0.0 -2.0 0.0 -1.0 -4.0 -1.0 -3.0 -2.0 -2.0 -3.0 -3.0 -4.0 -1.0 -3.0 -2.0 -2.0 -3.0 -2.0 -2.0 -1.0 -4.0 -3.0 -1.0 -1.0 -1.0 -3.0 -3.0 -4.0 0.0 -3.0 -1.0 -4.0 -1.0 -4.0 -4.0 0.0 -1.0 -2.0 -3.0 -2.0 0.0 -4.0 -4.0 0.0 0.0 -3.0 -4.0 -2.0 -1.0 -2.0 0.0 -3.0 0.0 -1.0 -4.0 0.0 -4.0 -3.0 -1.0 0.0 -1.0 194.0 0.0 -2.0 -4.0 -1.0 -1.0 -1.0 -2.0 0.0 0.0 -4.0 0.0 0.0 -2.0 -1.0 -1.0 -4.0 -1.0 -3.0 0.0 -3.0 -1.0 -3.0 -2.0 -2.0 0.0 0.0 -4.0 -2.0 0.0 0.0 -3.0 0.0 0.0 -2.0 -1.0 0.0 0.0 0.0 -2.0 -1.0 0.0 0.0 -1.0 0.0 -3.0 -2.0 -1.0 
-3.0 -2.0 -1.0 -3.0 -3.0 -1.0 -2.0 -4.0 -4.0 0.0 -1.0 0.0 -4.0 -3.0 -3.0 0.0 -3.0 0.0 -1.0 -1.0 0.0 -4.0 -1.0 -4.0 -1.0 -2.0 -2.0 -1.0 -4.0 -1.0 -1.0 0.0 -1.0 -3.0 -3.0 0.0 -3.0 -2.0 -1.0 -3.0 0.0 -2.0 -2.0 0.0 -4.0 -4.0 0.0 -3.0 -2.0 -3.0 -1.0 -4.0 -4.0 -3.0 0.0 -2.0 -3.0 -2.0 -1.0 -1.0 -1.0 0.0 -3.0 -3.0 -4.0 0.0 0.0 -3.0 231.0 -4.0 -3.0 -2.0 -3.0 0.0 -3.0 -3.0 -4.0 -4.0 -2.0 0.0 -1.0 -1.0 -3.0 -1.0 -2.0 -2.0 0.0 -4.0 -4.0 -4.0 -2.0 0.0 -2.0 -1.0 -3.0 -1.0 -3.0 -3.0 0.0 -1.0 -3.0 -3.0 -1.0 -2.0 -4.0 -2.0 -2.0 -4.0 0.0 -3.0 -1.0 -2.0 -3.0 -3.0 -1.0 
-4.0 -3.0 -4.0 -3.0 -4.0 -2.0 0.0 -4.0 -3.0 -4.0 -4.0 0.0 0.0 -1.0 0.0 0.0 -2.0 -3.0 0.0 -2.0 -2.0 -1.0 -3.0 -2.0 -1.0 -2.0 -1.0 -1.0 -4.0 -3.0 -3.0 0.0 0.0 0.0 -4.0 0.0 -1.0 -4.0 -2.0 -1.0 -4.0 -4.0 -3.0 -1.0 -3.0 -4.0 -4.0 -3.0 -4.0 -1.0 -1.0 0.0 0.0 -3.0 -2.0 -1.0 -2.0 -4.0 -2.0 -4.0 -2.0 -1.0 0.0 -1.0 -1.0 -2.0 -2.0 -4.0 -4.0 241.0 -1.0 0.0 0.0 -3.0 -4.0 -1.0 0.0 -3.0 -2.0 0.0 0.0 -3.0 -4.0 0.0 -2.0 -4.0 -3.0 -4.0 -4.0 -4.0 -2.0 -4.0 -4.0 -4.0 -4.0 -1.0 -3.0 -3.0 -3.0 0.0 -3.0 -2.0 -2.0 -1.0 -1.0 0.0 0.0 -2.0 -2.0 -1.0 -2.0 0.0 -4.0 -2.0 -4.0 
-3.0 0.0 -1.0 -4.0 -1.0 -3.0 0.0 -3.0 -3.0 -1.0 -2.0 -3.0 -3.0 0.0 0.0 -1.0 0.0 -4.0 0.0 0.0 -2.0 0.0 -3.0 -2.0 -3.0 -3.0 0.0 -1.0 -1.0 -3.0 -1.0 -1.0 -3.0 -3.0 -2.0 -1.0 0.0 -2.0 -3.0 0.0 -4.0 -1.0 -3.0 -3.0 -2.0 -2.0 -4.0 -3.0 -4.0 -4.0 -3.0 -4.0 0.0 0.0 -3.0 -2.0 -1.0 -1.0 -4.0 -1.0 -1.0 -2.0 -1.0 -2.0 -2.0 -4.0 -4.0 -1.0 -4.0 0.0 230.0 0.0 -3.0 -3.0 -3.0 0.0 -4.0 -3.0 -4.0 -4.0 -3.0 -4.0 -4.0 -3.0 0.0 0.0 -4.0 0.0 -1.0 -3.0 -3.0 0.0 0.0 -4.0 -3.0 -4.0 -1.0 -1.0 -4.0 -3.0 -2.0 0.0 -1.0 -4.0 0.0 0.0 -2.0 -2.0 -1.0 -2.0 -4.0 -4.0 0.0 0.0 -3.0 
-3.0 -2.0 0.0 -3.0 -1.0 0.0 -3.0 -4.0 -2.0 -3.0 -3.0 0.0 -2.0 -2.0 -1.0 -2.0 -1.0 -4.0 -2.0 0.0 0.0 -2.0 -4.0 -1.0 0.0 -1.0 0.0 -4.0 0.0 -1.0 -3.0 -2.0 -3.0 -4.0 -2.0 0.0 -1.0 -1.0 -3.0 -1.0 -4.0 -3.0 0.0 -1.0 -1.0 -4.0 -2.0 -4.0 -4.0 -2.0 0.0 0.0 -4.0 -2.0 -3.0 -4.0 -1.0 -1.0 -2.0 -2.0 -2.0 -2.0 -2.0 -4.0 -2.0 0.0 -2.0 -1.0 0.0 0.0 -3.0 228.0 -4.0 -3.0 -2.0 0.0 -4.0 -4.0 -1.0 -4.0 -3.0 -2.0 -4.0 -3.0 0.0 0.0 -3.0 -4.0 -4.0 -4.0 -3.0 -3.0 0.0 -1.0 0.0 0.0 -3.0 -3.0 -2.0 -2.0 -1.0 -1.0 -2.0 -3.0 -1.0 -3.0 0.0 -2.0 -2.0 -3.0 -2.0 -2.0 -2.0 -1.0 -4.0 
-1.0 -4.0 -4.0 -2.0 -4.0 -3.0 -4.0 0.0 -4.0 -3.0 -4.0 -4.0 -4.0 0.0 -4.0 -4.0 -4.0 -4.0 -2.0 -3.0 -3.0 -4.0 0.0 0.0 -3.0 -4.0 -3.0 -2.0 -2.0 -2.0 -4.0 -2.0 -2.0 -2.0 -2.0 -3.0 -2.0 -4.0 -1.0 -3.0 -3.0 -3.0 -3.0 -2.0 0.0 0.0 -4.0 -4.0 -1.0 -1.0 -4.0 -1.0 -3.0 -2.0 -1.0 -4.0 -1.0 -1.0 -3.0 -1.0 0.0 -2.0 -4.0 -4.0 0.0 0.0 -3.0 0.0 -3.0 -1.0 -1.0 -2.0 247.0 -4.0 -4.0 -3.0 -1.0 -2.0 -4.0 0.0 -1.0 -1.0 -3.0 -1.0 -3.0 0.0 -4.0 -4.0 0.0 0.0 -1.0 -1.0 -4.0 0.0 0.0 -3.0 -4.0 -1.0 -4.0 -3.0 -1.0 -3.0 -1.0 0.0 -2.0 -1.0 0.0 -1.0 -1.0 -2.0 -3.0 0.0 -2.0 -2.0 0.0 
-1.0 -3.0 -1.0 0.0 -4.0 0.0 -1.0 -3.0 0.0 -3.0 -4.0 -3.0 -3.0 -1.0 0.0 0.0 -3.0 -1.0 -2.0 -1.0 -3.0 0.0 -1.0 -4.0 -1.0 0.0 -2.0 -2.0 0.0 0.0 -1.0 -4.0 -4.0 -3.0 0.0 -1.0 -4.0 -3.0 -2.0 0.0 -2.0 0.0 -2.0 0.0 0.0 -4.0 -1.0 -1.0 -3.0 -2.0 -1.0 -2.0 -2.0 -2.0 0.0 -3.0 -4.0 -2.0 -4.0 0.0 -1.0 -3.0 -1.0 -4.0 -4.0 -4.0 -2.0 -2.0 -4.0 0.0 -2.0 -2.0 -3.0 223.0 -1.0 -1.0 -4.0 -4.0 0.0 0.0 -3.0 -4.0 0.0 -3.0 -2.0 -1.0 -1.0 -1.0 -4.0 -2.0 -3.0 -2.0 -3.0 0.0 0.0 -2.0 -3.0 -1.0 -3.0 -2.0 -3.0 -3.0 -1.0 -3.0 0.0 -3.0 -4.0 -3.0 0.0 -3.0 -4.0 -3.0 -1.0 -2.0 -4.0 
-3.0 -4.0 -4.0 -3.0 0.0 0.0 -3.0 -2.0 -4.0 -3.0 0.0 -1.0 -3.0 0.0 -2.0 -3.0 -3.0 0.0 -2.0 0.0 -4.0 -3.0 -2.0 -4.0 -2.0 -2.0 -3.0 -1.0 -2.0 -1.0 -1.0 -3.0 -4.0 -4.0 -4.0 -2.0 -3.0 -3.0 -4.0 -3.0 -3.0 -3.0 -2.0 0.0 -2.0 0.0 -2.0 -4.0 -4.0 -2.0 0.0 -3.0 0.0 -2.0 -2.0 -2.0 -2.0 -3.0 -3.0 0.0 -3.0 -4.0 -2.0 -4.0 -1.0 -4.0 -1.0 0.0 -1.0 -1.0 -3.0 -2.0 -2.0 -3.0 236.0 0.0 -2.0 -4.0 -1.0 -4.0 0.0 0.0 0.0 -3.0 -3.0 -1.0 -4.0 -1.0 -2.0 0.0 -1.0 -3.0 -4.0 0.0 0.0 -3.0 -3.0 -4.0 0.0 -2.0 0.0 -2.0 -4.0 -2.0 -2.0 -2.0 -4.0 0.0 0.0 -2.0 -2.0 0.0 -2.0 0.0 -4.0 
0.0 -1.0 0.0 0.0 -4.0 -4.0 -2.0 -4.0 -2.0 -3.0 0.0 -1.0 -1.0 -4.0 -1.0 -4.0 -1.0 -3.0 -1.0 0.0 -1.0 -4.0 -2.0 0.0 0.0 -1.0 -4.0 -2.0 -4.0 -4.0 -2.0 0.0 -3.0 -2.0 -3.0 -3.0 -4.0 -3.0 -2.0 -2.0 -1.0 -2.0 -2.0 -2.0 -3.0 -1.0 -4.0 0.0 -1.0 -2.0 -3.0 -3.0 -2.0 -3.0 -3.0 -1.0 -2.0 -3.0 -1.0 0.0 -3.0 0.0 0.0 -4.0 -1.0 0.0 0.0 -2.0 -3.0 -4.0 -1.0 -2.0 -4.0 -1.0 0.0 219.0 -1.0 0.0 0.0 -1.0 -3.0 -2.0 0.0 -4.0 -4.0 -2.0 -2.0 0.0 -2.0 -1.0 -2.0 -4.0 0.0 -3.0 0.0 -3.0 -4.0 -4.0 -1.0 -1.0 -4.0 -4.0 -1.0 0.0 -4.0 0.0 -3.0 0.0 -3.0 -1.0 -1.0 0.0 -4.0 -1.0 -3.0 
-1.0 0.0 -4.0 -3.0 -1.0 -1.0 -3.0 -1.0 -1.0 -4.0 -1.0 -1.0 -1.0 -4.0 -2.0 -1.0 -3.0 -1.0 -1.0 -3.0 -2.0 -1.0 -1.0 -1.0 -4.0 0.0 -1.0 -3.0 -2.0 -1.0 -2.0 -1.0 -1.0 0.0 -2.0 -2.0 -4.0 -1.0 -1.0 -2.0 0.0 -1.0 0.0 -4.0 -2.0 -1.0 -3.0 -1.0 -3.0 -3.0 -4.0 -1.0 0.0 -1.0 0.0 -2.0 -3.0 -1.0 -1.0 -2.0 -1.0 -2.0 -1.0 0.0 -4.0 -1.0 -4.0 -4.0 -2.0 -3.0 0.0 -4.0 -1.0 0.0 -1.0 -3.0 219.0 -3.0 -2.0 -4.0 -4.0 -3.0 -1.0 -1.0 -3.0 -4.0 0.0 -2.0 0.0 0.0 0.0 0.0 -2.0 0.0 -3.0 -4.0 -4.0 -2.0 -3.0 -4.0 -4.0 -4.0 -2.0 -4.0 -1.0 -4.0 -3.0 0.0 0.0 -4.0 -2.0 -4.0 -1.0 -2.0 -2.0 
0.0 0.0 -4.0 -1.0 -4.0 -1.0 -4.0 -4.0 -3.0 -3.0 0.0 -2.0 -1.0 0.0 -1.0 -4.0 -3.0 0.0 -1.0 -2.0 0.0 -3.0 -2.0 0.0 -3.0 -2.0 -3.0 -1.0 0.0 -2.0 -3.0 -2.0 -3.0 -4.0 -2.0 -2.0 0.0 0.0 -1.0 -2.0 0.0 -2.0 -4.0 -1.0 -2.0 0.0 -3.0 -3.0 0.0 -2.0 -4.0 0.0 -2.0 -4.0 -2.0 -3.0 -2.0 -1.0 -3.0 -4.0 -2.0 -3.0 -2.0 -2.0 -1.0 -1.0 -1.0 -4.0 -2.0 -3.0 -3.0 0.0 -4.0 -2.0 -1.0 -2.0 0.0 214.0 -4.0 -2.0 -1.0 0.0 -4.0 -3.0 -1.0 -1.0 -3.0 -3.0 -1.0 -3.0 -2.0 -3.0 -4.0 0.0 -4.0 0.0 -1.0 0.0 0.0 -1.0 -4.0 0.0 0.0 -4.0 -1.0 -4.0 -1.0 0.0 -3.0 -1.0 0.0 -4.0 -3.0 0.0 0.0 
-3.0 -2.0 -1.0 -1.0 -4.0 -2.0 0.0 0.0 0.0 -2.0 0.0 -4.0 -4.0 -3.0 0.0 -3.0 -2.0 -3.0 -1.0 -2.0 0.0 -4.0 -2.0 -1.0 -1.0 -4.0 -3.0 0.0 -2.0 -3.0 0.0 0.0 -2.0 0.0 0.0 -4.0 0.0 0.0 -3.0 0.0 -3.0 0.0 -2.0 -1.0 -2.0 -4.0 -2.0 -1.0 -1.0 -4.0 -3.0 -2.0 -1.0 -4.0 -2.0 0.0 -2.0 0.0 0.0 -1.0 -1.0 0.0 -2.0 -1.0 0.0 0.0 0.0 -2.0 -3.0 0.0 -3.0 -1.0 -4.0 -2.0 -2.0 -4.0 -4.0 -4.0 207.0 0.0 -2.0 -3.0 -4.0 -3.0 -3.0 -2.0 -3.0 0.0 -3.0 -2.0 -3.0 -1.0 -2.0 -1.0 -2.0 -1.0 -3.0 -1.0 0.0 -1.0 -3.0 -3.0 -1.0 -1.0 0.0 0.0 0.0 -3.0 -4.0 -4.0 -4.0 -4.0 -4.0 0.0 -2.0 
-2.0 -3.0 -2.0 -3.0 -1.0 -2.0 -1.0 -3.0 -3.0 -2.0 -3.0 -1.0 -4.0 -1.0 -2.0 -3.0 -3.0 -1.0 -2.0 0.0 -2.0 -2.0 -1.0 0.0 -2.0 -4.0 -3.0 0.0 -3.0 0.0 -3.0 -3.0 -4.0 -2.0 -3.0 -1.0 -4.0 0.0 0.0 0.0 -3.0 -4.0 0.0 -4.0 -4.0 -3.0 -1.0 -2.0 0.0 -1.0 0.0 -3.0 -4.0 0.0 -1.0 -3.0 0.0 0.0 -1.0 -1.0 -2.0 -2.0 -1.0 -3.0 0.0 -2.0 -1.0 -3.0 -3.0 -1.0 -1.0 0.0 0.0 -4.0 -3.0 -3.0 -1.0 -4.0 -4.0 239.0 -3.0 0.0 -2.0 -4.0 -1.0 -3.0 -3.0 -1.0 -2.0 -4.0 -4.0 -4.0 -1.0 -1.0 0.0 -4.0 -4.0 -3.0 -3.0 -4.0 -4.0 -1.0 -2.0 -3.0 -4.0 -2.0 0.0 0.0 -4.0 -4.0 -2.0 -1.0 -3.0 -4.0 -2.0 
-3.0 0.0 0.0 -3.0 -4.0 -2.0 -3.0 -2.0 -2.0 -3.0 -4.0 0.0 0.0 -2.0 -1.0 -3.0 -4.0 -2.0 0.0 0.0 -1.0 -2.0 0.0 -2.0 -3.0 -3.0 -1.0 -4.0 0.0 -3.0 -4.0 -2.0 0.0 -1.0 -4.0 -1.0 -1.0 -1.0 -4.0 -3.0 -2.0 -2.0 -2.0 -4.0 -1.0 -2.0 -4.0 0.0 -3.0 -2.0 0.0 0.0 -1.0 -2.0 0.0 -3.0 -2.0 -2.0 -3.0 -2.0 -1.0 -3.0 0.0 0.0 -4.0 -4.0 -1.0 -4.0 -3.0 -3.0 -3.0 -1.0 -2.0 -1.0 0.0 -3.0 -4.0 -2.0 0.0 -2.0 231.0 -2.0 -1.0 0.0 0.0 -4.0 -4.0 -4.0 -3.0 -3.0 0.0 0.0 -1.0 -3.0 -2.0 -1.0 0.0 0.0 -4.0 -4.0 -4.0 -3.0 -1.0 -3.0 0.0 -3.0 -2.0 -4.0 -1.0 -2.0 -4.0 -3.0 -1.0 -4.0 -4.0 
-3.0 -4.0 0.0 -1.0 -1.0 -3.0 -1.0 -2.0 -3.0 -2.0 0.0 0.0 0.0 0.0 -1.0 -3.0 -1.0 -1.0 -3.0 -3.0 -2.0 -2.0 -4.0 -1.0 0.0 -2.0 -4.0 0.0 -4.0 -3.0 -4.0 -3.0 -1.0 -4.0 0.0 -3.0 -2.0 -4.0 -1.0 0.0 -4.0 -1.0 -1.0 -1.0 -2.0 -2.0 0.0 -3.0 -1.0 -3.0 -3.0 -3.0 0.0 -2.0 -1.0 -1.0 -1.0 -2.0 -3.0 -2.0 -4.0 -3.0 -1.0 -1.0 0.0 0.0 -2.0 -2.0 -1.0 -3.0 0.0 -4.0 0.0 -1.0 -1.0 -3.0 -2.0 -2.0 -4.0 -3.0 0.0 223.0 -4.0 0.0 -4.0 -1.0 -3.0 -2.0 -4.0 0.0 -3.0 -3.0 -4.0 0.0 0.0 -4.0 -3.0 -3.0 -1.0 -3.0 -3.0 -1.0 0.0 0.0 -4.0 -1.0 0.0 -2.0 -2.0 -3.0 -4.0 -3.0 -4.0 -3.0 -2.0 
-3.0 -2.0 -1.0 0.0 -1.0 -1.0 -1.0 -4.0 -1.0 -2.0 -1.0 -3.0 -2.0 -2.0 -4.0 -4.0 0.0 -2.0 -2.0 -1.0 0.0 0.0 0.0 -2.0 -4.0 -3.0 -4.0 -2.0 0.0 -2.0 -3.0 -3.0 -1.0 -2.0 -1.0 -3.0 0.0 -2.0 -2.0 -3.0 0.0 -3.0 -4.0 -1.0 -4.0 -4.0 0.0 -3.0 -3.0 -3.0 -3.0 0.0 0.0 -1.0 0.0 -1.0 -1.0 0.0 -4.0 -4.0 -2.0 0.0 0.0 -2.0 -1.0 -3.0 -4.0 -2.0 -4.0 -4.0 -4.0 -2.0 -1.0 0.0 -4.0 -2.0 -1.0 -2.0 -1.0 -2.0 -3.0 -3.0 227.0 -2.0 -1.0 0.0 -1.0 0.0 -2.0 -4.0 -1.0 -3.0 -3.0 -4.0 -3.0 0.0 -4.0 -4.0 -2.0 0.0 -3.0 -3.0 -4.0 0.0 -3.0 -3.0 -1.0 -4.0 -1.0 -4.0 0.0 -1.0 -3.0 -3.0 0.0 
-2.0 -4.0 -3.0 0.0 -1.0 -2.0 -2.0 0.0 -1.0 -3.0 -2.0 -4.0 0.0 0.0 0.0 -3.0 -4.0 -2.0 -1.0 -1.0 -3.0 0.0 -3.0 -2.0 0.0 -1.0 0.0 -4.0 -3.0 0.0 -2.0 -2.0 -3.0 -1.0 -4.0 -2.0 0.0 -3.0 -1.0 -1.0 0.0 -3.0 -3.0 -3.0 0.0 -3.0 -1.0 0.0 -1.0 -2.0 0.0 -2.0 -4.0 -1.0 -4.0 -2.0 -2.0 -2.0 -2.0 -4.0 -4.0 -3.0 -1.0 -2.0 -1.0 0.0 -3.0 -4.0 -1.0 0.0 -3.0 -2.0 0.0 -1.0 -3.0 -4.0 -4.0 -2.0 -1.0 0.0 -1.0 -3.0 -4.0 220.0 -1.0 -2.0 -2.0 -2.0 -4.0 -2.0 -2.0 0.0 -3.0 0.0 -2.0 0.0 -2.0 -2.0 -1.0 -1.0 0.0 -2.0 0.0 -4.0 -4.0 -4.0 -2.0 -4.0 -4.0 -1.0 -4.0 -3.0 0.0 -2.0 -4.0 
-4.0 -3.0 -3.0 -1.0 -1.0 -3.0 -1.0 -4.0 -3.0 -3.0 -3.0 -4.0 -1.0 0.0 -4.0 -1.0 -4.0 0.0 -4.0 -1.0 -4.0 0.0 0.0 -4.0 -3.0 -1.0 0.0 0.0 -4.0 -1.0 -3.0 0.0 -3.0 -1.0 0.0 -1.0 0.0 -4.0 -2.0 -1.0 -2.0 -4.0 -1.0 0.0 -1.0 -1.0 -2.0 -1.0 -3.0 -1.0 0.0 -3.0 -3.0 -4.0 -3.0 -3.0 -4.0 -3.0 -1.0 -1.0 -2.0 -1.0 0.0 0.0 0.0 -3.0 -3.0 0.0 -4.0 -4.0 0.0 -4.0 -3.0 0.0 -1.0 -3.0 -2.0 -3.0 -1.0 -2.0 -2.0 -4.0 -1.0 -3.0 232.0 -3.0 -4.0 -3.0 0.0 -3.0 0.0 -2.0 -1.0 -4.0 -3.0 -1.0 -4.0 -4.0 -4.0 -4.0 -3.0 -2.0 0.0 -2.0 -2.0 0.0 -2.0 -2.0 -3.0 -3.0 -1.0 -3.0 -1.0 0.0 -1.0 
0.0 -3.0 -2.0 -4.0 -1.0 -1.0 -4.0 -4.0 -2.0 -2.0 -3.0 0.0 -3.0 -2.0 -3.0 0.0 -2.0 -1.0 -3.0 -4.0 0.0 -3.0 0.0 -1.0 -2.0 -3.0 -1.0 -4.0 -4.0 -1.0 -2.0 -1.0 -3.0 -1.0 -1.0 -2.0 -3.0 -4.0 -3.0 -2.0 -1.0 -4.0 -2.0 -1.0 0.0 -4.0 -1.0 0.0 -3.0 -4.0 0.0 -2.0 -4.0 -4.0 0.0 -3.0 -3.0 0.0 -1.0 -2.0 -3.0 -1.0 -2.0 -4.0 0.0 -3.0 -4.0 -3.0 0.0 -3.0 -1.0 -3.0 -2.0 -3.0 -1.0 0.0 -2.0 -3.0 -1.0 -4.0 -3.0 -4.0 -2.0 -2.0 -2.0 230.0 0.0 -2.0 -2.0 -2.0 -4.0 0.0 -1.0 0.0 0.0 0.0 -1.0 -4.0 -2.0 -3.0 -2.0 -1.0 -1.0 -3.0 -3.0 -1.0 0.0 -2.0 0.0 -3.0 -3.0 -3.0 -1.0 -2.0 -4.0 
-2.0 -1.0 -3.0 -1.0 -2.0 -4.0 -1.0 -1.0 0.0 0.0 -4.0 -3.0 -4.0 0.0 -4.0 -4.0 -4.0 -3.0 -4.0 -3.0 -1.0 -2.0 0.0 -4.0 -3.0 -4.0 -3.0 -4.0 -1.0 -3.0 -3.0 -1.0 -3.0 -3.0 -4.0 -3.0 -3.0 -4.0 -3.0 -4.0 -2.0 -2.0 -1.0 0.0 -4.0 -1.0 -3.0 -4.0 -2.0 -1.0 -3.0 -4.0 -3.0 -3.0 -4.0 0.0 0.0 -4.0 -3.0 -1.0 -2.0 -3.0 -3.0 0.0 -2.0 -4.0 -1.0 -2.0 -2.0 -4.0 -4.0 -1.0 0.0 0.0 -1.0 -2.0 -2.0 -3.0 -4.0 -4.0 -3.0 -2.0 -2.0 -1.0 -2.0 -2.0 270.0 -1.0 -2.0 -2.0 0.0 -3.0 -1.0 -2.0 -3.0 -4.0 -1.0 -3.0 -4.0 -2.0 -3.0 -1.0 0.0 -4.0 -1.0 -4.0 -1.0 -4.0 -3.0 -3.0 -4.0 -4.0 -3.0 -1.0 -1.0 
-4.0 -4.0 -4.0 -1.0 -1.0 -1.0 -4.0 -1.0 -2.0 -2.0 -3.0 -3.0 -1.0 -1.0 -4.0 -4.0 -2.0 0.0 -4.0 0.0 0.0 -1.0 -4.0 -3.0 0.0 -4.0 -3.0 -2.0 -3.0 -4.0 -1.0 0.0 -4.0 -1.0 -3.0 -1.0 -1.0 -4.0 -3.0 -1.0 -3.0 0.0 -3.0 -3.0 -4.0 -4.0 -1.0 -1.0 0.0 0.0 -2.0 -1.0 -4.0 -1.0 0.0 0.0 -1.0 0.0 0.0 -1.0 0.0 -3.0 0.0 -3.0 0.0 -4.0 0.0 -4.0 -2.0 -1.0 -3.0 0.0 -1.0 0.0 -4.0 -1.0 -3.0 -1.0 0.0 0.0 -3.0 -1.0 0.0 -4.0 -1.0 0.0 -2.0 216.0 -4.0 -2.0 0.0 -1.0 -2.0 -2.0 -2.0 -2.0 -4.0 0.0 -2.0 -1.0 -3.0 -3.0 -2.0 0.0 -3.0 -4.0 -4.0 -1.0 -4.0 -3.0 -2.0 -3.0 -3.0 0.0 0.0 
0.0 -3.0 -4.0 0.0 -1.0 -2.0 -1.0 0.0 -1.0 -1.0 -2.0 -2.0 -4.0 -2.0 -2.0 -4.0 -4.0 0.0 -3.0 -3.0 -4.0 0.0 -3.0 -1.0 0.0 0.0 -4.0 -1.0 0.0 -1.0 -4.0 0.0 -2.0 -1.0 -1.0 -1.0 -1.0 -4.0 -2.0 -2.0 0.0 0.0 -3.0 -3.0 -1.0 -2.0 -1.0 -1.0 -3.0 0.0 -4.0 -4.0 -2.0 -1.0 -1.0 -1.0 -2.0 -3.0 -4.0 0.0 -4.0 -4.0 -3.0 -1.0 -3.0 0.0 -4.0 -2.0 -2.0 0.0 -3.0 0.0 0.0 -1.0 -1.0 -3.0 -2.0 -3.0 -4.0 0.0 -4.0 -1.0 -4.0 -4.0 -3.0 -1.0 -3.0 -1.0 219.0 -1.0 -2.0 -3.0 -4.0 -1.0 -4.0 -3.0 -1.0 -4.0 -2.0 0.0 -4.0 0.0 -2.0 -3.0 0.0 -2.0 -1.0 -2.0 -4.0 -3.0 0.0 0.0 -1.0 -4.0 0.0 
0.0 -3.0 -4.0 0.0 -1.0 -3.0 -3.0 -2.0 -2.0 -1.0 -3.0 -3.0 0.0 -1.0 -3.0 -2.0 -4.0 -1.0 -3.0 -1.0 -2.0 0.0 -3.0 -1.0 -1.0 -1.0 0.0 -4.0 -2.0 -3.0 -4.0 -4.0 -1.0 -3.0 -2.0 0.0 -1.0 -2.0 -2.0 -2.0 -1.0 -1.0 -1.0 0.0 -3.0 -1.0 -1.0 -4.0 -3.0 -1.0 -3.0 -4.0 -4.0 -2.0 -3.0 -3.0 0.0 0.0 0.0 0.0 0.0 -1.0 -1.0 -1.0 -2.0 -3.0 -3.0 -2.0 -3.0 0.0 -4.0 0.0 -3.0 -3.0 -2.0 -1.0 -4.0 -3.0 -1.0 0.0 -2.0 -4.0 -1.0 -3.0 -1.0 -3.0 -3.0 -3.0 -4.0 230.0 -4.0 -1.0 -3.0 -2.0 -3.0 -1.0 -4.0 -2.0 -1.0 -1.0 -3.0 -4.0 -4.0 -4.0 -2.0 -1.0 -3.0 -1.0 -1.0 0.0 -2.0 -2.0 -3.0 -2.0 -2.0 
-3.0 -4.0 -4.0 -2.0 -4.0 -2.0 0.0 -3.0 -1.0 -4.0 -3.0 -3.0 -2.0 -3.0 -1.0 -2.0 0.0 -1.0 -4.0 -3.0 -2.0 -1.0 0.0 -4.0 -2.0 0.0 0.0 -2.0 -3.0 -3.0 -1.0 -1.0 -2.0 -3.0 -2.0 -3.0 -3.0 -4.0 -4.0 -2.0 -2.0 -2.0 0.0 -4.0 0.0 -3.0 -1.0 -1.0 -4.0 -2.0 -1.0 -4.0 -1.0 -4.0 -2.0 -4.0 0.0 -4.0 -1.0 -2.0 -4.0 -3.0 -4.0 -1.0 -3.0 -2.0 0.0 -2.0 -2.0 -2.0 -4.0 -3.0 -4.0 -4.0 -2.0 -2.0 -3.0 -1.0 -3.0 0.0 0.0 -1.0 -4.0 0.0 0.0 -4.0 0.0 -2.0 -2.0 -2.0 248.0 -3.0 -3.0 -3.0 -4.0 -2.0 -4.0 0.0 -1.0 -4.0 0.0 -1.0 -1.0 -1.0 -3.0 -2.0 0.0 0.0 -3.0 -2.0 -4.0 -3.0 -1.0 -3.0 -3.0 
-3.0 0.0 -1.0 -2.0 -1.0 -1.0 0.0 0.0 -1.0 -1.0 -2.0 -1.0 0.0 -2.0 0.0 0.0 0.0 -2.0 0.0 0.0 -1.0 0.0 -4.0 0.0 -3.0 -4.0 -1.0 -3.0 0.0 -1.0 -4.0 -3.0 -3.0 -2.0 -2.0 -4.0 -1.0 0.0 -1.0 -2.0 -2.0 0.0 0.0 -1.0 -1.0 -1.0 -1.0 0.0 -1.0 -3.0 -2.0 -4.0 -3.0 -1.0 -3.0 -3.0 -2.0 0.0 -4.0 -2.0 -1.0 -2.0 -3.0 -1.0 -2.0 0.0 -1.0 -4.0 -4.0 0.0 -2.0 0.0 -2.0 -2.0 -3.0 -2.0 -4.0 -2.0 -3.0 -3.0 -2.0 -3.0 -2.0 -3.0 0.0 0.0 -4.0 0.0 0.0 -3.0 -1.0 194.0 -1.0 -3.0 -3.0 -2.0 -3.0 -2.0 -1.0 -1.0 -3.0 0.0 -4.0 -1.0 -2.0 -4.0 0.0 -3.0 -3.0 -1.0 -2.0 -2.0 -3.0 0.0 -1.0 
-3.0 -3.0 -2.0 -3.0 -1.0 -4.0 -3.0 0.0 -2.0 -1.0 0.0 -4.0 -1.0 -1.0 -1.0 -2.0 -2.0 -3.0 -2.0 -4.0 -1.0 0.0 -1.0 -2.0 -1.0 -4.0 -2.0 -3.0 -4.0 -3.0 -3.0 -4.0 -4.0 -3.0 -1.0 0.0 -3.0 -2.0 -2.0 -1.0 -1.0 -4.0 0.0 -4.0 -3.0 -1.0 -2.0 0.0 -2.0 0.0 0.0 -1.0 -3.0 -1.0 -1.0 -3.0 -3.0 -2.0 -2.0 -1.0 -2.0 -2.0 -4.0 0.0 -2.0 -3.0 -3.0 0.0 -1.0 0.0 -1.0 0.0 -1.0 -3.0 -2.0 -3.0 -1.0 -4.0 -2.0 -3.0 0.0 0.0 -1.0 -1.0 0.0 0.0 -2.0 -3.0 -4.0 -4.0 -2.0 0.0 222.0 -3.0 -2.0 -4.0 -1.0 0.0 0.0 -1.0 -3.0 -2.0 -4.0 -4.0 -2.0 -1.0 0.0 -4.0 -4.0 0.0 0.0 -4.0 -4.0 -2.0 -3.0 
-2.0 -2.0 -3.0 -2.0 -2.0 0.0 -4.0 -1.0 -4.0 -1.0 -1.0 0.0 0.0 0.0 -4.0 -1.0 -1.0 -1.0 0.0 -2.0 0.0 -2.0 -1.0 -3.0 -4.0 0.0 -3.0 -2.0 0.0 -1.0 0.0 -3.0 -1.0 -2.0 -3.0 -1.0 -3.0 0.0 -3.0 -3.0 -3.0 -4.0 -2.0 -1.0 -4.0 -1.0 0.0 -4.0 -1.0 -2.0 0.0 -4.0 -3.0 0.0 -1.0 0.0 0.0 0.0 -3.0 -1.0 -4.0 -2.0 -3.0 -2.0 -3.0 -2.0 -1.0 -3.0 -1.0 -4.0 -4.0 -2.0 -4.0 0.0 0.0 -3.0 0.0 -4.0 -3.0 0.0 -4.0 -2.0 -1.0 -1.0 -3.0 0.0 0.0 0.0 -2.0 -3.0 -4.0 -4.0 -4.0 228.0 -4.0 -3.0 -3.0 -2.0 0.0 -4.0 -2.0 -1.0 -3.0 -2.0 -2.0 -4.0 -2.0 -2.0 -3.0 -3.0 0.0 -4.0 -4.0 -3.0 -4.0 
-3.0 -3.0 -4.0 -4.0 0.0 0.0 -2.0 -2.0 -2.0 -3.0 -1.0 0.0 -1.0 -1.0 -1.0 -2.0 -3.0 -4.0 0.0 -1.0 0.0 -4.0 -3.0 -3.0 -1.0 0.0 -2.0 -2.0 -2.0 0.0 -3.0 -2.0 0.0 -3.0 -1.0 -3.0 -4.0 -1.0 -2.0 -1.0 -3.0 -4.0 -3.0 -3.0 -4.0 0.0 0.0 -1.0 -3.0 -3.0 -4.0 -1.0 -2.0 -2.0 -4.0 -2.0 -4.0 -1.0 -2.0 0.0 -3.0 -2.0 0.0 -4.0 -3.0 -4.0 -2.0 -4.0 0.0 -2.0 -1.0 -3.0 -3.0 -2.0 -4.0 -1.0 -3.0 -1.0 -1.0 0.0 -1.0 -3.0 -2.0 -3.0 -3.0 -4.0 0.0 -3.0 -1.0 -3.0 -2.0 -4.0 -4.0 -4.0 234.0 -4.0 -1.0 -1.0 -2.0 0.0 0.0 0.0 0.0 -4.0 -4.0 -4.0 0.0 -1.0 -4.0 -3.0 0.0 -1.0 -1.0 -4.0 0.0 
0.0 -1.0 0.0 0.0 -4.0 -1.0 -1.0 0.0 -1.0 -3.0 -2.0 -1.0 -3.0 -2.0 -3.0 -1.0 -3.0 -1.0 0.0 -1.0 -1.0 -1.0 -2.0 -2.0 -4.0 -2.0 -1.0 -2.0 0.0 0.0 -1.0 -4.0 -1.0 -3.0 -1.0 -3.0 -3.0 0.0 -2.0 0.0 -3.0 -4.0 -4.0 0.0 -4.0 -1.0 -2.0 -3.0 -3.0 -3.0 0.0 -1.0 0.0 -3.0 -1.0 -2.0 -2.0 0.0 -2.0 -4.0 -2.0 -2.0 -3.0 -4.0 0.0 -4.0 -1.0 -3.0 -3.0 -2.0 -2.0 -4.0 -3.0 -1.0 -2.0 0.0 -2.0 -2.0 -2.0 -1.0 -3.0 -4.0 -1.0 -3.0 -4.0 -3.0 0.0 -4.0 -2.0 -3.0 -1.0 -2.0 -3.0 -1.0 -3.0 221.0 -4.0 -2.0 -2.0 -4.0 -2.0 0.0 -1.0 -1.0 -3.0 -3.0 -1.0 -4.0 0.0 -2.0 -1.0 -1.0 -4.0 0.0 -3.0 
-3.0 -4.0 -3.0 0.0 0.0 -2.0 0.0 0.0 -3.0 -2.0 -2.0 -1.0 -3.0 -1.0 -2.0 0.0 0.0 -3.0 -3.0 0.0 0.0 -4.0 -1.0 -2.0 -1.0 -4.0 -1.0 -1.0 -3.0 -1.0 0.0 0.0 -2.0 -3.0 0.0 -4.0 0.0 -2.0 -2.0 -3.0 0.0 -3.0 -1.0 -3.0 -2.0 -1.0 -4.0 -3.0 -4.0 -3.0 -1.0 -3.0 -2.0 -1.0 -3.0 -4.0 -2.0 -3.0 -3.0 -4.0 -4.0 -4.0 -4.0 -2.0 0.0 -4.0 0.0 -4.0 -2.0 -1.0 0.0 -4.0 -2.0 0.0 -3.0 -1.0 -3.0 -1.0 -2.0 -3.0 0.0 -3.0 -4.0 -2.0 -4.0 -3.0 -3.0 0.0 -4.0 -1.0 -1.0 -1.0 -3.0 -4.0 -2.0 -1.0 228.0 -1.0 -1.0 -1.0 0.0 -3.0 -2.0 -4.0 -1.0 0.0 -1.0 -1.0 -3.0 -1.0 -4.0 -4.0 -3.0 0.0 -2.0 
-1.0 0.0 -3.0 -4.0 -2.0 0.0 0.0 -2.0 -4.0 0.0 0.0 -4.0 0.0 -2.0 0.0 -2.0 -2.0 -2.0 -1.0 -1.0 0.0 -3.0 0.0 -4.0 -4.0 -3.0 -1.0 -2.0 0.0 0.0 -2.0 -2.0 -2.0 -3.0 -4.0 -3.0 -3.0 0.0 -2.0 0.0 -2.0 -4.0 -1.0 -3.0 -4.0 0.0 -4.0 -2.0 -2.0 -2.0 -4.0 -4.0 -2.0 -3.0 -4.0 -4.0 -3.0 -1.0 -3.0 0.0 -2.0 0.0 0.0 -1.0 -1.0 -1.0 -2.0 -2.0 -1.0 -3.0 -1.0 -4.0 -3.0 -2.0 -4.0 -1.0 -2.0 -1.0 -1.0 0.0 -1.0 -1.0 -4.0 0.0 0.0 -4.0 0.0 -1.0 -4.0 -1.0 0.0 -2.0 -4.0 -3.0 0.0 0.0 0.0 203.0 -3.0 0.0 -1.0 0.0 0.0 -1.0 -4.0 0.0 -2.0 0.0 -4.0 0.0 0.0 -2.0 -4.0 -2.0 -3.0 
-2.0 -1.0 0.0 -3.0 -1.0 -4.0 -2.0 -2.0 -3.0 -4.0 -2.0 -4.0 0.0 0.0 0.0 -4.0 -1.0 0.0 -4.0 -1.0 -3.0 -2.0 -1.0 -4.0 -2.0 0.0 -3.0 -4.0 -1.0 -3.0 -2.0 -1.0 -3.0 -3.0 0.0 -2.0 -4.0 0.0 0.0 -4.0 -2.0 -2.0 -3.0 -2.0 -2.0 -3.0 -2.0 -4.0 -1.0 -2.0 0.0 -4.0 -1.0 -3.0 -2.0 0.0 -4.0 -2.0 -3.0 -3.0 -4.0 -1.0 -2.0 0.0 0.0 -2.0 -1.0 -4.0 -4.0 0.0 -4.0 -2.0 0.0 -2.0 0.0 -3.0 -3.0 -1.0 -2.0 -1.0 -2.0 0.0 0.0 0.0 -1.0 -1.0 -1.0 0.0 -3.0 -1.0 -3.0 -4.0 -2.0 -3.0 0.0 -3.0 -4.0 -1.0 222.0 -3.0 -3.0 0.0 -2.0 -2.0 0.0 0.0 -3.0 -1.0 -3.0 -4.0 -2.0 -3.0 -3.0 0.0 -3.0 
-1.0 -4.0 -2.0 -1.0 -2.0 0.0 -1.0 -1.0 -3.0 -4.0 0.0 0.0 0.0 0.0 -1.0 -3.0 -4.0 -1.0 0.0 -3.0 -4.0 -1.0 0.0 -4.0 -3.0 -3.0 -3.0 0.0 -3.0 -2.0 -2.0 -4.0 -1.0 -1.0 -4.0 -2.0 -3.0 -4.0 -2.0 -3.0 -2.0 0.0 0.0 -3.0 -3.0 -3.0 -2.0 -2.0 -2.0 0.0 -4.0 -3.0 -1.0 -3.0 -1.0 -4.0 -1.0 0.0 -1.0 -3.0 0.0 -4.0 -4.0 -1.0 -3.0 0.0 -2.0 -4.0 -4.0 -2.0 -2.0 -2.0 0.0 -3.0 -3.0 -4.0 0.0 -2.0 -4.0 -1.0 -4.0 0.0 0.0 -1.0 0.0 -2.0 -4.0 -1.0 -2.0 -1.0 -4.0 -2.0 0.0 0.0 -4.0 -4.0 -1.0 -1.0 0.0 232.0 0.0 -2.0 -4.0 -3.0 -3.0 -1.0 -2.0 -3.0 -4.0 -3.0 -1.0 -1.0 -4.0 -4.0 -3.0 
-2.0 -2.0 -2.0 -2.0 -4.0 -4.0 -4.0 -3.0 0.0 0.0 -4.0 0.0 -2.0 -4.0 -1.0 -2.0 -2.0 0.0 -2.0 -1.0 -2.0 -4.0 -4.0 -4.0 0.0 -1.0 0.0 -2.0 0.0 -3.0 0.0 -2.0 -4.0 0.0 0.0 -2.0 -2.0 -2.0 -4.0 -3.0 -2.0 -4.0 -1.0 -1.0 0.0 -2.0 -4.0 -3.0 -4.0 -1.0 -2.0 -1.0 -2.0 -1.0 0.0 -1.0 0.0 -3.0 -1.0 -2.0 0.0 -1.0 0.0 -2.0 -3.0 0.0 -1.0 0.0 -2.0 0.0 -1.0 -4.0 -3.0 -1.0 -3.0 -3.0 0.0 -3.0 -2.0 0.0 -1.0 0.0 -1.0 -4.0 -4.0 -1.0 -4.0 -4.0 -1.0 -4.0 -4.0 0.0 -1.0 0.0 -1.0 -3.0 -2.0 -3.0 -3.0 -4.0 218.0 -4.0 -3.0 -3.0 -4.0 0.0 0.0 -1.0 -3.0 -2.0 -3.0 0.0 -3.0 -2.0 -1.0 
-3.0 -2.0 0.0 -1.0 -4.0 0.0 -2.0 -3.0 -2.0 -2.0 -4.0 -2.0 -4.0 -2.0 -4.0 -2.0 -4.0 -2.0 -3.0 -4.0 -3.0 0.0 -3.0 -3.0 -3.0 0.0 -1.0 -3.0 -3.0 -1.0 0.0 -4.0 -4.0 -2.0 -2.0 -3.0 -3.0 -2.0 -3.0 -4.0 -4.0 -4.0 -2.0 -1.0 -4.0 -3.0 0.0 -4.0 0.0 0.0 -3.0 -2.0 -2.0 -3.0 -1.0 -4.0 -1.0 -4.0 0.0 -3.0 -4.0 -1.0 -3.0 -4.0 -4.0 -4.0 -4.0 -3.0 0.0 -1.0 -2.0 -1.0 -4.0 0.0 -2.0 -1.0 -3.0 0.0 -4.0 0.0 -1.0 -1.0 -4.0 0.0 -1.0 -3.0 -4.0 -1.0 -3.0 -2.0 -3.0 -2.0 0.0 -1.0 -1.0 -4.0 -2.0 -2.0 -4.0 -1.0 -2.0 261.0 -1.0 -4.0 -2.0 -4.0 -1.0 -4.0 -3.0 -4.0 -1.0 -3.0 -2.0 -3.0 0.0 
-1.0 -1.0 -3.0 -1.0 -3.0 -2.0 0.0 -2.0 -3.0 -1.0 -4.0 -1.0 -1.0 -2.0 -3.0 -2.0 -4.0 -3.0 0.0 -3.0 -1.0 -4.0 -4.0 0.0 0.0 -3.0 -2.0 -3.0 -1.0 -4.0 -3.0 -1.0 -4.0 -3.0 -1.0 -4.0 -4.0 0.0 -3.0 -1.0 -3.0 -4.0 -3.0 0.0 0.0 -1.0 -1.0 0.0 -3.0 -2.0 -1.0 -2.0 0.0 -3.0 -1.0 0.0 -2.0 -2.0 -3.0 -1.0 -4.0 -3.0 0.0 -1.0 -1.0 0.0 -3.0 -2.0 -3.0 -3.0 -3.0 -4.0 -4.0 -2.0 0.0 -2.0 -1.0 -1.0 -2.0 -3.0 -1.0 -1.0 -2.0 -3.0 -3.0 0.0 -3.0 -1.0 0.0 -2.0 0.0 -2.0 0.0 -3.0 -3.0 -4.0 -2.0 0.0 -2.0 -1.0 0.0 -2.0 223.0 -4.0 -3.0 0.0 0.0 -3.0 -3.0 -1.0 -3.0 -4.0 -3.0 -4.0 0.0 
-1.0 -4.0 0.0 -1.0 0.0 0.0 -1.0 -4.0 -2.0 -3.0 0.0 0.0 -4.0 -3.0 -3.0 0.0 -3.0 -4.0 -2.0 -3.0 -3.0 0.0 0.0 -3.0 -2.0 -1.0 -4.0 0.0 -4.0 -2.0 -4.0 -4.0 -2.0 0.0 0.0 0.0 -4.0 0.0 0.0 -3.0 -2.0 -3.0 -3.0 -2.0 -3.0 -2.0 -3.0 -3.0 -1.0 -3.0 0.0 -4.0 0.0 -4.0 -1.0 -3.0 -1.0 0.0 -4.0 -3.0 0.0 -2.0 0.0 -4.0 -2.0 -2.0 -3.0 -4.0 0.0 -1.0 -1.0 -2.0 -4.0 -1.0 -2.0 -1.0 -1.0 0.0 -3.0 -2.0 -2.0 -3.0 -2.0 -1.0 -4.0 -2.0 -2.0 -4.0 -1.0 -1.0 0.0 0.0 0.0 -4.0 -4.0 -3.0 -4.0 -2.0 -2.0 -1.0 -2.0 -2.0 -1.0 223.0 -1.0 -4.0 -3.0 -4.0 0.0 -3.0 -4.0 0.0 0.0 0.0 -3.0 
-3.0 -2.0 -4.0 -4.0 -4.0 -4.0 -4.0 0.0 -4.0 -2.0 -2.0 0.0 -4.0 0.0 -4.0 -3.0 -4.0 -4.0 -1.0 -4.0 -3.0 -1.0 0.0 -3.0 -2.0 0.0 -4.0 -2.0 0.0 -3.0 0.0 -4.0 -1.0 0.0 -1.0 -3.0 -3.0 -4.0 0.0 -2.0 -2.0 -2.0 -3.0 -3.0 -1.0 -4.0 -1.0 0.0 -4.0 -1.0 -3.0 -2.0 -1.0 0.0 0.0 -4.0 -2.0 -3.0 -4.0 0.0 -2.0 -1.0 -1.0 -1.0 -4.0 -3.0 -2.0 -4.0 -2.0 -3.0 0.0 -1.0 -1.0 -3.0 0.0 -2.0 -2.0 0.0 -4.0 -1.0 -4.0 -2.0 -4.0 -1.0 -3.0 -3.0 -3.0 -2.0 -4.0 -3.0 0.0 -1.0 -3.0 0.0 -2.0 -1.0 -2.0 -4.0 -4.0 -2.0 -2.0 0.0 -2.0 -2.0 247.0 -3.0 -3.0 0.0 0.0 -3.0 0.0 -4.0 -4.0 -2.0 -4.0 
-3.0 -1.0 -4.0 -1.0 0.0 -4.0 -1.0 0.0 -2.0 -2.0 -4.0 -2.0 -4.0 -2.0 -3.0 -4.0 -4.0 -2.0 -4.0 -3.0 -4.0 -1.0 -3.0 -1.0 0.0 -3.0 -1.0 -2.0 -3.0 -4.0 -4.0 -1.0 -2.0 -2.0 0.0 -4.0 -2.0 -4.0 -4.0 0.0 -4.0 0.0 -1.0 -4.0 -1.0 -1.0 0.0 0.0 -2.0 -2.0 -1.0 -3.0 0.0 -2.0 0.0 0.0 -3.0 0.0 -2.0 -3.0 -2.0 0.0 -2.0 -3.0 -4.0 0.0 -2.0 -3.0 -1.0 -1.0 -2.0 -2.0 -4.0 -1.0 -1.0 0.0 -1.0 0.0 -3.0 -1.0 0.0 -4.0 0.0 -3.0 -1.0 -2.0 -2.0 -3.0 0.0 -3.0 -1.0 -3.0 0.0 -3.0 -4.0 -2.0 -3.0 -1.0 -1.0 -2.0 0.0 0.0 -4.0 -3.0 -1.0 220.0 -4.0 -1.0 -4.0 0.0 -2.0 -1.0 -4.0 -1.0 0.0 
0.0 -1.0 0.0 -2.0 -2.0 -2.0 -4.0 -4.0 -4.0 -4.0 -2.0 0.0 -2.0 -1.0 -1.0 -1.0 -4.0 -1.0 0.0 -4.0 0.0 -4.0 0.0 0.0 -1.0 -1.0 0.0 -2.0 -4.0 -4.0 -1.0 -2.0 -1.0 -2.0 0.0 -4.0 -3.0 -4.0 -3.0 0.0 -3.0 0.0 0.0 -4.0 -3.0 0.0 0.0 0.0 0.0 -4.0 -2.0 -4.0 -1.0 -2.0 -4.0 0.0 -4.0 0.0 -1.0 -4.0 0.0 -2.0 0.0 -1.0 -1.0 -2.0 -2.0 -4.0 -4.0 -1.0 -2.0 -2.0 0.0 -4.0 -3.0 -2.0 -3.0 -1.0 -3.0 -4.0 -2.0 -4.0 -4.0 -3.0 -2.0 -1.0 -3.0 -4.0 -3.0 0.0 -3.0 -4.0 0.0 -2.0 0.0 0.0 -4.0 -4.0 -4.0 -3.0 -3.0 0.0 -2.0 -3.0 0.0 -1.0 230.0 -1.0 -3.0 -4.0 -2.0 -1.0 -4.0 -3.0 -1.0 
-4.0 -4.0 -4.0 -3.0 -2.0 -2.0 -4.0 -4.0 -2.0 -3.0 -2.0 -3.0 0.0 -1.0 -3.0 -4.0 -4.0 -3.0 -1.0 0.0 -2.0 0.0 0.0 -4.0 -3.0 -1.0 -2.0 -1.0 -1.0 0.0 -2.0 -1.0 -1.0 -1.0 -2.0 -3.0 -2.0 -2.0 -2.0 -4.0 -4.0 -2.0 -3.0 -2.0 -3.0 -3.0 -2.0 0.0 -4.0 -3.0 -2.0 -4.0 -4.0 0.0 -3.0 -4.0 -2.0 -4.0 -4.0 -3.0 -3.0 -3.0 -3.0 -1.0 -3.0 -4.0 -4.0 -1.0 -4.0 -2.0 0.0 0.0 0.0 -2.0 -1.0 -1.0 -2.0 -3.0 -1.0 -2.0 -4.0 -1.0 -1.0 -3.0 -1.0 -4.0 -2.0 -2.0 -1.0 0.0 0.0 0.0 -4.0 -1.0 -2.0 -1.0 -1.0 0.0 -4.0 0.0 -1.0 -1.0 -3.0 0.0 -1.0 -1.0 -4.0 243.0 -3.0 -2.0 -1.0 0.0 -4.0 -4.0 -3.0 
0.0 -3.0 -3.0 -4.0 -3.0 -4.0 -2.0 -1.0 -2.0 0.0 -2.0 -4.0 -4.0 -3.0 -2.0 -3.0 -3.0 -3.0 -4.0 0.0 -4.0 -3.0 -2.0 -1.0 -4.0 -4.0 -1.0 -3.0 -4.0 -1.0 0.0 0.0 0.0 0.0 -2.0 -4.0 -1.0 -1.0 -1.0 -3.0 -3.0 -2.0 -2.0 -1.0 -3.0 -2.0 0.0 -2.0 -1.0 -2.0 -3.0 0.0 -2.0 -1.0 0.0 -4.0 -2.0 0.0 -4.0 0.0 -1.0 -4.0 -1.0 0.0 0.0 -2.0 -3.0 -4.0 0.0 -1.0 0.0 -2.0 -3.0 -4.0 -2.0 0.0 -4.0 0.0 0.0 -1.0 -1.0 -2.0 -3.0 -1.0 0.0 0.0 -3.0 -4.0 -3.0 -4.0 -1.0 -3.0 -4.0 -4.0 -4.0 -3.0 -4.0 -4.0 -2.0 -2.0 0.0 -3.0 0.0 -2.0 -3.0 -4.0 -1.0 -2.0 241.0 -4.0 -3.0 -2.0 -3.0 -4.0 -3.0 
-4.0 0.0 -3.0 -1.0 -3.0 -3.0 -3.0 -3.0 -2.0 -3.0 -3.0 -2.0 0.0 -4.0 0.0 -2.0 0.0 0.0 -1.0 0.0 -1.0 -3.0 -1.0 -2.0 0.0 -4.0 -3.0 0.0 -1.0 -4.0 -2.0 -1.0 -2.0 -4.0 -3.0 -3.0 0.0 0.0 -1.0 0.0 -1.0 -4.0 -1.0 -4.0 -1.0 -2.0 -4.0 0.0 0.0 -1.0 0.0 -4.0 0.0 -4.0 -4.0 -3.0 0.0 -2.0 -1.0 -1.0 -2.0 -1.0 0.0 -1.0 -2.0 -1.0 0.0 -4.0 -3.0 -3.0 -1.0 -1.0 0.0 -3.0 -4.0 -2.0 -3.0 -2.0 -3.0 -1.0 -2.0 -3.0 -3.0 -3.0 0.0 0.0 -4.0 -2.0 -4.0 -2.0 -4.0 -1.0 0.0 -2.0 -1.0 0.0 -3.0 0.0 -3.0 -1.0 -2.0 -1.0 -2.0 -2.0 -4.0 -2.0 0.0 -1.0 -4.0 212.0 -2.0 0.0 -2.0 -2.0 -4.0 
0.0 0.0 -2.0 -4.0 -2.0 -1.0 -2.0 -4.0 -4.0 -2.0 -4.0 -4.0 -2.0 -3.0 -1.0 -3.0 0.0 -3.0 -3.0 -2.0 -1.0 -3.0 -4.0 -3.0 0.0 -4.0 -3.0 -3.0 0.0 0.0 -3.0 -1.0 -4.0 -1.0 -4.0 -4.0 -2.0 -4.0 -2.0 -3.0 0.0 -3.0 0.0 -1.0 -3.0 -3.0 -4.0 0.0 -2.0 -3.0 -1.0 -1.0 0.0 -4.0 0.0 -2.0 -2.0 0.0 -2.0 -4.0 -2.0 -4.0 0.0 -4.0 -4.0 -3.0 -3.0 -2.0 0.0 -3.0 -2.0 0.0 -3.0 0.0 -1.0 -1.0 -4.0 -3.0 -4.0 -2.0 0.0 -2.0 0.0 -1.0 -3.0 -2.0 -1.0 -3.0 -3.0 0.0 -3.0 -3.0 -4.0 0.0 -4.0 -1.0 -3.0 -2.0 -4.0 -2.0 0.0 -1.0 -4.0 -1.0 -4.0 -3.0 0.0 -2.0 -2.0 0.0 242.0 -4.0 -1.0 -1.0 -3.0 
-2.0 -2.0 -3.0 -1.0 0.0 -2.0 -2.0 -4.0 0.0 -4.0 -2.0 0.0 -4.0 -1.0 -3.0 0.0 -1.0 -3.0 -4.0 -3.0 -2.0 -1.0 -2.0 -3.0 -3.0 0.0 0.0 -3.0 -2.0 -3.0 0.0 -3.0 -2.0 -1.0 -4.0 -2.0 -1.0 -3.0 -4.0 -2.0 -3.0 0.0 -2.0 -4.0 -3.0 -4.0 -2.0 -2.0 -4.0 -2.0 -4.0 0.0 0.0 0.0 -3.0 -3.0 -4.0 -1.0 0.0 -2.0 0.0 -2.0 -1.0 -4.0 -1.0 0.0 -4.0 -1.0 -4.0 -2.0 -1.0 -3.0 -4.0 -4.0 -3.0 -1.0 -2.0 0.0 -1.0 -4.0 -1.0 0.0 -1.0 -1.0 0.0 0.0 -1.0 -3.0 -3.0 -4.0 -1.0 -3.0 -1.0 -1.0 -3.0 -4.0 0.0 0.0 -1.0 -4.0 -1.0 -3.0 -3.0 -2.0 -4.0 0.0 0.0 -3.0 -1.0 -3.0 0.0 223.0 -1.0 -2.0 -1.0 
-2.0 -2.0 -2.0 -1.0 0.0 -1.0 0.0 0.0 -4.0 -4.0 0.0 -2.0 -1.0 -4.0 0.0 -3.0 0.0 -1.0 0.0 0.0 -4.0 0.0 -2.0 -1.0 -3.0 -3.0 -1.0 0.0 -2.0 -4.0 0.0 -4.0 -3.0 -3.0 -1.0 -4.0 -1.0 0.0 -1.0 0.0 -4.0 0.0 -1.0 -2.0 0.0 -1.0 -3.0 -3.0 0.0 -2.0 -4.0 0.0 -1.0 -1.0 -3.0 0.0 -2.0 -1.0 -4.0 -1.0 -3.0 -1.0 0.0 -3.0 -3.0 -3.0 0.0 -2.0 -1.0 -2.0 -1.0 0.0 -3.0 -1.0 -1.0 -3.0 -1.0 -4.0 -2.0 -4.0 0.0 -3.0 0.0 -3.0 -2.0 -1.0 -3.0 -4.0 -3.0 -4.0 -3.0 -3.0 -1.0 -2.0 -2.0 -4.0 -3.0 -2.0 0.0 -1.0 -3.0 -1.0 -1.0 -2.0 -3.0 0.0 -3.0 -3.0 -2.0 0.0 -3.0 0.0 202.0 -2.0 0.0 
-4.0 -4.0 -3.0 -4.0 -4.0 -2.0 -2.0 -3.0 -4.0 -3.0 0.0 0.0 0.0 -1.0 -3.0 -1.0 0.0 -2.0 0.0 -4.0 0.0 -2.0 -4.0 -2.0 -3.0 -1.0 0.0 -4.0 -4.0 -3.0 0.0 -1.0 -3.0 -2.0 -2.0 -4.0 -3.0 -4.0 0.0 -4.0 -4.0 -3.0 -4.0 -2.0 -3.0 0.0 -3.0 -3.0 -1.0 0.0 -1.0 0.0 -4.0 -3.0 -3.0 -1.0 -1.0 -1.0 0.0 -2.0 0.0 -3.0 0.0 -1.0 -3.0 -3.0 -3.0 0.0 -3.0 0.0 -4.0 -2.0 -2.0 -1.0 -4.0 -4.0 -2.0 0.0 -4.0 -1.0 -2.0 -1.0 -1.0 -4.0 -2.0 0.0 -1.0 0.0 -1.0 -2.0 -3.0 -1.0 -4.0 -2.0 -1.0 -2.0 -1.0 -3.0 -4.0 -4.0 -2.0 -2.0 -4.0 -4.0 0.0 -3.0 -1.0 -3.0 -2.0 -1.0 -3.0 0.0 -1.0 238.0 -4.0 
-1.0 -4.0 0.0 -4.0 -4.0 -4.0 -1.0 -3.0 -4.0 -1.0 -1.0 -1.0 -3.0 -3.0 0.0 0.0 0.0 -3.0 -3.0 0.0 -3.0 -4.0 -3.0 0.0 -1.0 -4.0 -3.0 -3.0 0.0 -3.0 0.0 -1.0 -2.0 0.0 -1.0 -2.0 -3.0 -4.0 -3.0 -1.0 0.0 -3.0 0.0 -1.0 -3.0 0.0 -1.0 0.0 0.0 -3.0 -1.0 0.0 0.0 0.0 -1.0 -3.0 0.0 -4.0 -3.0 -2.0 -3.0 -1.0 -3.0 -2.0 -4.0 -4.0 0.0 -3.0 -2.0 -1.0 -1.0 -3.0 -4.0 -2.0 -3.0 -4.0 -1.0 -1.0 -3.0 -1.0 -4.0 -4.0 0.0 -2.0 -2.0 0.0 -2.0 -2.0 -2.0 0.0 -1.0 0.0 -3.0 -4.0 -2.0 -1.0 -2.0 -2.0 -3.0 -1.0 -2.0 -3.0 -4.0 -3.0 0.0 -4.0 -1.0 -2.0 -4.0 -3.0 0.0 -3.0 -1.0 -4.0 223.0 

-15170.0114 -12226.0 -13381.0 -13669.0 -11499.0 -10507.0 -12253.0 -13291.0 -10727.0 -11141.0 -12033.0 -10723.0 -9636.0 -10794.0 -10093.0 -10803.0 -10703.0 -9585.0 -9524.0 -8958.0 -8602.0 -8596.0 -7530.0 -8444.0 -7905.0 -6603.0 -6876.0 -7657.0 -6468.0 -6231.0 -5394.0 -6018.0 -6067.0 -5822.0 -5974.0 -5564.0 -4650.0 -4364.0 -5163.0 -3603.0 -3011.0 -3324.0 -3683.0 -3828.0 -2170.0 -2799.0 -2938.0 -2596.0 -1394.0 -1485.0 -1428.0 -1162.0 -1788.0 272.0 -571.0 -268.0 25.0 231.0 189.0 -222.0 1062.0 965.0 1228.0 936.0 1359.0 1295.0 2874.0 3330.0 2282.0 2882.0 2577.0 2845.0 5571.0 2733.0 4830.0 4073.0 3358.0 4535.0 3849.0 4652.0 4844.0 4841.0 5248.0 5153.0 6339.0 6812.0 8074.0 7031.0 6492.0 6935.0 8625.0 5603.0 7967.0 7026.0 8633.0 7582.0 8511.0 8507.0 9401.0 9352.0 9417.0 11903.0 10286.0 10218.0 12152.0 11441.0 10658.0 13153.0 12175.0 11043.0 13303.0 12602.0 10654.0 13771.0 12537.0 