31.9986 -3.0 -1.0 -2.0 -3.0 -3.0 -4.0 -4.0 -1.0 -1.0 -3.0 -3.0 0.0 0.0 -4.0 
-4.0 24.0 -3.0 -1.0 -1.0 0.0 -2.0 -4.0 0.0 0.0 -4.0 -2.0 0.0 -3.0 0.0 
-4.0 -4.0 36.0 -1.0 -4.0 -3.0 -2.0 0.0 -4.0 -2.0 -3.0 -4.0 -1.0 -4.0 0.0 
-2.0 -1.0 -1.0 32.0 0.0 0.0 -4.0 -2.0 -4.0 -4.0 0.0 -4.0 -2.0 -4.0 -4.0 
0.0 -3.0 0.0 -1.0 25.0 -4.0 -3.0 -1.0 -3.0 0.0 0.0 -4.0 -2.0 -4.0 0.0 
0.0 0.0 -4.0 -3.0 -2.0 22.0 -1.0 -2.0 -2.0 0.0 -2.0 -3.0 -2.0 0.0 -1.0 
-1.0 -4.0 0.0 -3.0 -1.0 -3.0 28.0 -4.0 -1.0 -1.0 -1.0 -3.0 -1.0 -4.0 -1.0 
-4.0 -2.0 0.0 -2.0 0.0 -4.0 -4.0 30.0 -4.0 -1.0 -2.0 -1.0 -3.0 -1.0 -2.0 
-2.0 -1.0 0.0 -3.0 -4.0 -2.0 -2.0 -1.0 32.0 -4.0 -3.0 -3.0 -4.0 0.0 -3.0 
-2.0 0.0 -4.0 -4.0 0.0 -3.0 0.0 -1.0 -1.0 29.0 -1.0 -4.0 -3.0 -3.0 -3.0 
-3.0 0.0 -2.0 0.0 -4.0 -4.0 -1.0 0.0 -3.0 -3.0 25.0 -3.0 0.0 0.0 -2.0 
0.0 -4.0 -2.0 -3.0 -1.0 0.0 0.0 -4.0 -4.0 -4.0 -4.0 28.0 0.0 -1.0 -1.0 
-2.0 0.0 -1.0 -2.0 -3.0 -1.0 0.0 0.0 0.0 -1.0 -4.0 -2.0 22.0 -2.0 -4.0 
-3.0 -1.0 -3.0 -3.0 -1.0 -3.0 -4.0 -1.0 -4.0 -3.0 -3.0 -3.0 -4.0 40.0 -4.0 
0.0 -2.0 -2.0 -3.0 -2.0 -1.0 -1.0 -4.0 -2.0 -2.0 -1.0 -3.0 0.0 0.0 23.0 

-226.0014 -130.0 -166.0 -189.0 -95.0 -42.0 -30.0 9.0 12.0 40.0 92.0 124.0 86.0 228.0 183.0 