121.9936 0.0 -4.0 -2.0 -4.0 -1.0 -2.0 -2.0 -4.0 -1.0 0.0 -2.0 -1.0 -1.0 -3.0 -1.0 0.0 0.0 -3.0 -3.0 -4.0 -1.0 -2.0 -3.0 0.0 -3.0 -4.0 -1.0 0.0 -3.0 0.0 -3.0 0.0 -1.0 -2.0 -3.0 -3.0 -1.0 0.0 -3.0 -3.0 -3.0 -1.0 -4.0 0.0 -4.0 -1.0 -3.0 -3.0 -2.0 -1.0 -2.0 0.0 -4.0 -3.0 0.0 -3.0 0.0 -3.0 -2.0 -1.0 -3.0 -4.0 -1.0 0.0 
-4.0 119.0 -1.0 -2.0 -1.0 -3.0 0.0 -4.0 -1.0 0.0 -4.0 -1.0 -4.0 -1.0 -2.0 -2.0 -3.0 -3.0 -1.0 -1.0 -4.0 -3.0 0.0 -1.0 -2.0 -3.0 0.0 0.0 -1.0 0.0 -2.0 -3.0 -2.0 0.0 -3.0 0.0 0.0 0.0 -3.0 0.0 -1.0 -3.0 -2.0 -3.0 -2.0 -3.0 -2.0 -1.0 -1.0 -3.0 -3.0 -2.0 -1.0 -2.0 -4.0 -1.0 -1.0 -3.0 -1.0 -4.0 -3.0 0.0 -4.0 0.0 -4.0 
0.0 0.0 116.0 -2.0 -1.0 -3.0 -4.0 -1.0 -1.0 -4.0 -3.0 -2.0 0.0 -2.0 -4.0 -4.0 -1.0 -2.0 -3.0 -3.0 -2.0 0.0 0.0 -1.0 -2.0 0.0 -4.0 -1.0 -4.0 -2.0 -3.0 0.0 -3.0 -1.0 0.0 0.0 0.0 -2.0 -2.0 -3.0 -2.0 -4.0 -4.0 0.0 0.0 -3.0 -2.0 -4.0 -1.0 0.0 -2.0 -2.0 -1.0 -2.0 0.0 -1.0 -2.0 0.0 -4.0 -3.0 -2.0 -3.0 -2.0 0.0 -2.0 
-1.0 -2.0 -3.0 133.0 -2.0 -4.0 -1.0 -2.0 -4.0 0.0 0.0 -1.0 -2.0 -2.0 -2.0 -2.0 -4.0 -3.0 -4.0 -2.0 0.0 -3.0 -4.0 -3.0 -1.0 -1.0 -3.0 -4.0 -4.0 -3.0 -3.0 -2.0 -4.0 -1.0 -1.0 -4.0 -4.0 -3.0 0.0 -1.0 -4.0 -1.0 -1.0 -1.0 -1.0 -3.0 -4.0 -2.0 -3.0 -1.0 -3.0 -1.0 -1.0 -1.0 -4.0 -1.0 0.0 0.0 0.0 -4.0 0.0 -1.0 -1.0 -3.0 -2.0 
-1.0 -3.0 -4.0 0.0 112.0 -1.0 0.0 -4.0 -1.0 -1.0 -1.0 -1.0 -1.0 0.0 -2.0 -1.0 -2.0 0.0 -3.0 -1.0 -4.0 0.0 -3.0 0.0 -2.0 0.0 -4.0 -2.0 -1.0 -3.0 0.0 0.0 -3.0 -3.0 -3.0 -3.0 -4.0 -1.0 -3.0 -2.0 -2.0 -2.0 -1.0 0.0 -3.0 0.0 0.0 -1.0 -2.0 -1.0 -2.0 -4.0 -3.0 -4.0 -2.0 -4.0 -1.0 0.0 -1.0 0.0 -1.0 -1.0 -4.0 -4.0 -1.0 
-3.0 -2.0 -3.0 -3.0 -4.0 138.0 -2.0 -3.0 -4.0 -4.0 -2.0 -2.0 -1.0 -3.0 -3.0 -4.0 -1.0 -4.0 -4.0 -3.0 -1.0 -2.0 -4.0 -2.0 0.0 -2.0 -1.0 0.0 0.0 -4.0 -1.0 -4.0 -4.0 -1.0 -1.0 -4.0 -1.0 -4.0 -3.0 -1.0 -3.0 -2.0 -1.0 -3.0 -1.0 -2.0 0.0 -2.0 -3.0 -4.0 0.0 -4.0 -1.0 -2.0 -1.0 0.0 0.0 -3.0 -1.0 -1.0 -2.0 0.0 -2.0 -4.0 -1.0 
-4.0 -2.0 -2.0 0.0 -4.0 -1.0 122.0 -2.0 0.0 0.0 -4.0 0.0 -3.0 0.0 -3.0 0.0 -2.0 -1.0 -4.0 -1.0 -2.0 0.0 -3.0 -4.0 -2.0 -4.0 -4.0 0.0 0.0 -4.0 0.0 -1.0 -2.0 -4.0 -1.0 -3.0 0.0 -4.0 -3.0 -3.0 -3.0 -3.0 -3.0 -2.0 -2.0 -1.0 -4.0 -1.0 -4.0 0.0 -4.0 0.0 0.0 -3.0 -2.0 -3.0 -2.0 0.0 0.0 -2.0 -4.0 -1.0 0.0 0.0 -1.0 
0.0 -2.0 -3.0 0.0 -4.0 -3.0 -4.0 114.0 -3.0 -2.0 0.0 -3.0 -2.0 -2.0 -2.0 -1.0 -1.0 -3.0 -2.0 -1.0 -3.0 -3.0 -1.0 -2.0 -2.0 -2.0 -4.0 -2.0 0.0 0.0 0.0 -4.0 -2.0 -3.0 -1.0 0.0 -4.0 -1.0 -1.0 -2.0 -1.0 -3.0 -2.0 -4.0 0.0 -1.0 -1.0 -1.0 0.0 -2.0 0.0 0.0 -1.0 -4.0 -1.0 0.0 -1.0 -3.0 0.0 -4.0 -4.0 0.0 -3.0 -3.0 0.0 
-4.0 -2.0 -1.0 -3.0 0.0 -3.0 -2.0 0.0 106.0 0.0 -2.0 -4.0 -2.0 0.0 -2.0 -1.0 -4.0 -1.0 0.0 0.0 -2.0 0.0 -1.0 -3.0 -1.0 -2.0 -3.0 0.0 -4.0 0.0 -1.0 0.0 -3.0 -1.0 -4.0 -4.0 0.0 -3.0 -2.0 -3.0 0.0 0.0 -1.0 -4.0 -4.0 0.0 -1.0 -2.0 -1.0 0.0 0.0 -1.0 0.0 -3.0 -4.0 -1.0 -3.0 -2.0 0.0 -2.0 -2.0 -3.0 -3.0 -1.0 0.0 
0.0 -4.0 -1.0 0.0 0.0 -4.0 0.0 0.0 -4.0 122.0 -4.0 -1.0 -3.0 -2.0 0.0 0.0 -4.0 -1.0 -3.0 -1.0 -4.0 0.0 -2.0 -1.0 -2.0 -2.0 0.0 -1.0 -1.0 -2.0 -3.0 -1.0 -4.0 -3.0 -2.0 -2.0 -3.0 0.0 -3.0 -2.0 -1.0 -4.0 0.0 -4.0 -3.0 0.0 -3.0 -4.0 -4.0 -4.0 -1.0 0.0 -3.0 -2.0 -4.0 0.0 -2.0 -2.0 -1.0 0.0 -2.0 -1.0 -1.0 -3.0 -3.0 
-2.0 -1.0 0.0 -4.0 0.0 -1.0 -4.0 -3.0 -1.0 -4.0 124.0 -2.0 -3.0 -4.0 -1.0 -1.0 -2.0 -3.0 -2.0 -1.0 0.0 0.0 0.0 -3.0 -4.0 -3.0 -3.0 -3.0 0.0 0.0 0.0 -4.0 -1.0 -1.0 -1.0 -2.0 -2.0 -4.0 0.0 -3.0 -3.0 0.0 0.0 -2.0 -3.0 -3.0 -4.0 -2.0 -3.0 -4.0 0.0 0.0 -2.0 0.0 -3.0 -1.0 -3.0 -3.0 0.0 -2.0 -3.0 -2.0 -4.0 -2.0 -2.0 
0.0 -1.0 -1.0 -4.0 0.0 0.0 -3.0 0.0 -1.0 -3.0 -4.0 123.0 -4.0 -4.0 0.0 -3.0 0.0 -1.0 -3.0 -4.0 -1.0 -1.0 -2.0 0.0 -2.0 -2.0 -1.0 -2.0 -4.0 0.0 -1.0 -2.0 -2.0 -1.0 0.0 -2.0 -4.0 -4.0 0.0 -3.0 0.0 0.0 -1.0 -4.0 0.0 -2.0 -3.0 -2.0 -3.0 -3.0 -4.0 -3.0 -4.0 0.0 -4.0 -1.0 0.0 -3.0 -2.0 -2.0 -4.0 -1.0 -3.0 -3.0 -1.0 
-1.0 -2.0 -1.0 -1.0 -3.0 0.0 -2.0 -3.0 -4.0 -3.0 -4.0 -4.0 119.0 -2.0 -2.0 -3.0 0.0 -3.0 -2.0 0.0 -2.0 -2.0 -1.0 -1.0 0.0 -3.0 -2.0 -3.0 0.0 -1.0 0.0 0.0 -1.0 -2.0 -2.0 -4.0 -3.0 0.0 -1.0 0.0 -2.0 0.0 -2.0 -2.0 0.0 0.0 -2.0 -2.0 -3.0 -4.0 -4.0 -1.0 -3.0 -4.0 0.0 0.0 -1.0 -4.0 -3.0 -4.0 0.0 -2.0 -2.0 -4.0 -2.0 
-3.0 -2.0 -4.0 0.0 0.0 -4.0 -4.0 0.0 -1.0 -2.0 -1.0 -1.0 -3.0 123.0 -4.0 -4.0 -3.0 -1.0 -4.0 -1.0 -4.0 -3.0 -2.0 -4.0 -1.0 0.0 0.0 -4.0 -2.0 -4.0 -3.0 -2.0 -3.0 0.0 -2.0 -4.0 -2.0 -1.0 -1.0 0.0 -3.0 0.0 -2.0 -2.0 -1.0 -1.0 0.0 -1.0 -2.0 -3.0 -2.0 0.0 -4.0 -2.0 -1.0 0.0 0.0 0.0 -3.0 -4.0 0.0 -4.0 -1.0 -3.0 0.0 
-1.0 -3.0 -1.0 -3.0 0.0 -2.0 -2.0 -1.0 -4.0 -3.0 -1.0 -4.0 -4.0 0.0 119.0 -4.0 -2.0 -2.0 0.0 -1.0 -2.0 -4.0 0.0 -1.0 -1.0 0.0 -3.0 -1.0 -4.0 0.0 -4.0 -2.0 -4.0 -2.0 -2.0 -1.0 -4.0 -3.0 -2.0 -3.0 -2.0 0.0 -2.0 -1.0 -1.0 0.0 -1.0 -1.0 -2.0 -4.0 -2.0 -1.0 -1.0 -1.0 0.0 -1.0 -1.0 -2.0 -4.0 -3.0 -3.0 0.0 0.0 -1.0 -4.0 
-4.0 -1.0 -3.0 0.0 0.0 -1.0 -1.0 -1.0 -1.0 -3.0 0.0 0.0 -2.0 -4.0 0.0 139.0 -3.0 0.0 -2.0 -3.0 -3.0 -3.0 -1.0 0.0 -4.0 0.0 -4.0 -1.0 -4.0 -1.0 -3.0 -2.0 -4.0 -4.0 -1.0 -1.0 -2.0 -4.0 -4.0 -4.0 -1.0 -3.0 -2.0 -1.0 -2.0 -4.0 -2.0 -4.0 -3.0 -2.0 -1.0 -2.0 -2.0 -2.0 -2.0 -4.0 0.0 -3.0 -3.0 -4.0 -3.0 -2.0 -4.0 -4.0 0.0 
-2.0 -3.0 -4.0 -4.0 -1.0 -4.0 -3.0 -1.0 0.0 -2.0 -2.0 -2.0 -3.0 0.0 0.0 -2.0 128.0 -4.0 -3.0 -4.0 -2.0 -3.0 0.0 -1.0 -4.0 -3.0 0.0 0.0 -3.0 0.0 -1.0 -1.0 -1.0 0.0 0.0 0.0 -3.0 -4.0 0.0 -1.0 -2.0 -3.0 -1.0 -4.0 -4.0 -2.0 -3.0 0.0 0.0 -3.0 -3.0 -4.0 -3.0 -4.0 -2.0 0.0 -4.0 -4.0 0.0 -1.0 -3.0 -2.0 -1.0 -1.0 -3.0 
-4.0 -2.0 -3.0 0.0 -3.0 -1.0 -1.0 -3.0 -3.0 -2.0 -2.0 -4.0 -3.0 0.0 0.0 -1.0 0.0 141.0 -3.0 -3.0 -4.0 -3.0 -4.0 0.0 -4.0 -4.0 -1.0 -3.0 0.0 0.0 -2.0 -2.0 -1.0 -2.0 0.0 -2.0 -3.0 -4.0 -3.0 -3.0 -3.0 -4.0 0.0 -2.0 0.0 0.0 -3.0 0.0 0.0 -2.0 -4.0 -3.0 -2.0 -4.0 -2.0 -3.0 -1.0 -4.0 0.0 -4.0 -2.0 -4.0 -4.0 -4.0 -3.0 
-3.0 -3.0 -2.0 0.0 -3.0 0.0 -3.0 -1.0 -4.0 -2.0 -2.0 -2.0 -2.0 -3.0 -3.0 0.0 -2.0 -4.0 116.0 -1.0 -3.0 -1.0 -3.0 -3.0 0.0 -2.0 -1.0 -3.0 -3.0 0.0 -4.0 -4.0 0.0 0.0 -2.0 0.0 0.0 0.0 -4.0 -1.0 -1.0 -1.0 0.0 -4.0 -1.0 -3.0 -3.0 0.0 -3.0 -2.0 -3.0 0.0 -2.0 0.0 0.0 0.0 -4.0 -3.0 -4.0 -1.0 -3.0 0.0 0.0 -4.0 0.0 
-2.0 -1.0 -4.0 -1.0 0.0 -4.0 -2.0 -3.0 -1.0 0.0 -2.0 -1.0 -3.0 -3.0 -2.0 -4.0 -1.0 -2.0 -4.0 107.0 -3.0 -2.0 -3.0 0.0 -4.0 0.0 -3.0 -2.0 -3.0 0.0 -1.0 -3.0 -2.0 0.0 0.0 -2.0 0.0 0.0 0.0 -1.0 0.0 -4.0 0.0 0.0 -4.0 -3.0 -4.0 -1.0 -1.0 -4.0 -1.0 -1.0 0.0 -1.0 0.0 0.0 -1.0 0.0 -1.0 -4.0 -4.0 -1.0 0.0 -2.0 -1.0 
-4.0 -1.0 -3.0 0.0 -2.0 0.0 -3.0 -4.0 0.0 0.0 0.0 -4.0 -1.0 -3.0 -3.0 0.0 0.0 -3.0 0.0 -1.0 122.0 -3.0 -1.0 -2.0 0.0 -4.0 0.0 -2.0 0.0 -1.0 -3.0 -1.0 -4.0 -2.0 -3.0 -2.0 -2.0 -3.0 0.0 -2.0 -4.0 -2.0 -2.0 -3.0 0.0 0.0 -2.0 0.0 -4.0 -3.0 -3.0 -4.0 -2.0 -4.0 -1.0 -2.0 -4.0 -1.0 0.0 -3.0 -1.0 -2.0 -4.0 -2.0 -2.0 
-2.0 -2.0 -1.0 -4.0 -3.0 0.0 -2.0 0.0 -1.0 0.0 -1.0 -1.0 0.0 0.0 -3.0 -1.0 0.0 0.0 0.0 0.0 -1.0 121.0 -3.0 -2.0 0.0 0.0 0.0 -4.0 -3.0 0.0 -1.0 -1.0 -3.0 -4.0 -3.0 -4.0 -3.0 -3.0 0.0 -1.0 -1.0 -2.0 -4.0 -2.0 -4.0 -4.0 -1.0 -3.0 -4.0 -4.0 0.0 -2.0 -3.0 -1.0 -2.0 -4.0 -3.0 -2.0 -2.0 -4.0 -2.0 -2.0 0.0 -4.0 -4.0 
-2.0 -4.0 -3.0 0.0 -1.0 -2.0 -4.0 -1.0 -2.0 -4.0 -2.0 -1.0 0.0 -4.0 -4.0 -1.0 -2.0 -4.0 -1.0 0.0 0.0 -3.0 138.0 0.0 -3.0 -3.0 0.0 -4.0 -1.0 -3.0 0.0 -4.0 -2.0 -2.0 -3.0 -1.0 -1.0 -1.0 -3.0 -4.0 -4.0 -2.0 -3.0 -3.0 -1.0 -4.0 -3.0 -2.0 0.0 -4.0 -4.0 -4.0 -1.0 -1.0 -1.0 -4.0 -4.0 -1.0 -1.0 -3.0 -2.0 -1.0 0.0 -4.0 -1.0 
-3.0 -2.0 -1.0 -4.0 -1.0 -2.0 -2.0 -2.0 0.0 -4.0 -3.0 0.0 -2.0 -3.0 -4.0 -4.0 -4.0 -3.0 -4.0 -1.0 -4.0 -4.0 0.0 140.0 -4.0 -2.0 0.0 0.0 -3.0 -4.0 -3.0 -3.0 -4.0 0.0 -3.0 -4.0 0.0 -2.0 0.0 -4.0 -1.0 0.0 -2.0 -2.0 -1.0 -2.0 0.0 -1.0 -4.0 -3.0 -1.0 -3.0 -3.0 -3.0 -4.0 -3.0 0.0 -2.0 -3.0 -1.0 -2.0 -2.0 -1.0 -1.0 -2.0 
-4.0 -3.0 -3.0 -3.0 -1.0 -2.0 -3.0 -4.0 -1.0 -3.0 -1.0 -4.0 -1.0 -3.0 -1.0 -4.0 0.0 0.0 0.0 0.0 -1.0 -1.0 -1.0 -2.0 136.0 -3.0 -3.0 0.0 0.0 -3.0 0.0 0.0 -2.0 -4.0 -2.0 -1.0 -3.0 0.0 -4.0 -4.0 -2.0 -3.0 -3.0 -3.0 -4.0 -4.0 -4.0 0.0 -2.0 -4.0 -4.0 0.0 0.0 -1.0 -2.0 0.0 -1.0 -4.0 -2.0 -2.0 -2.0 -4.0 -4.0 -2.0 -4.0 
-1.0 -2.0 -2.0 -3.0 -3.0 0.0 -4.0 0.0 -2.0 -4.0 0.0 0.0 -3.0 -3.0 -1.0 -1.0 -2.0 -3.0 0.0 -3.0 0.0 -4.0 -4.0 -1.0 -3.0 137.0 -2.0 -3.0 -3.0 -3.0 -4.0 -3.0 -4.0 -4.0 0.0 -4.0 -2.0 -4.0 0.0 0.0 -3.0 0.0 -3.0 0.0 -4.0 -1.0 0.0 0.0 -3.0 -1.0 -3.0 -4.0 -1.0 -4.0 -3.0 -2.0 -2.0 -3.0 -2.0 -4.0 -2.0 -4.0 0.0 -2.0 -1.0 
-1.0 0.0 -2.0 -4.0 -1.0 -2.0 -3.0 -1.0 -3.0 0.0 -2.0 -3.0 -2.0 -1.0 -4.0 -3.0 -4.0 -3.0 0.0 -2.0 -2.0 -3.0 0.0 -2.0 -1.0 0.0 132.0 -2.0 -3.0 -4.0 -3.0 -3.0 -3.0 -2.0 -3.0 0.0 -3.0 -2.0 -1.0 0.0 -4.0 -2.0 -2.0 -2.0 -2.0 -4.0 -1.0 -2.0 -1.0 0.0 -1.0 -3.0 -4.0 0.0 -2.0 -4.0 -2.0 0.0 0.0 -4.0 -4.0 -3.0 -4.0 0.0 -3.0 
-4.0 -1.0 -2.0 -2.0 -1.0 -3.0 -4.0 0.0 -3.0 0.0 -1.0 -2.0 -1.0 0.0 0.0 -1.0 -2.0 -1.0 -3.0 0.0 -2.0 0.0 -3.0 0.0 -4.0 -4.0 -2.0 125.0 -2.0 -4.0 0.0 0.0 0.0 -4.0 -2.0 -3.0 -2.0 -2.0 -2.0 0.0 -3.0 -3.0 -4.0 -2.0 -1.0 -1.0 0.0 -3.0 -3.0 -2.0 -4.0 -4.0 -4.0 -3.0 -1.0 0.0 -2.0 -3.0 -3.0 -3.0 -1.0 -3.0 -1.0 -1.0 -3.0 
-3.0 -4.0 -1.0 -1.0 -1.0 0.0 -2.0 0.0 -1.0 -4.0 -4.0 -2.0 -2.0 -2.0 -4.0 -4.0 -1.0 -2.0 -4.0 -2.0 -4.0 0.0 -2.0 -3.0 -4.0 -3.0 -1.0 -3.0 129.0 0.0 -1.0 0.0 -3.0 0.0 -3.0 0.0 -4.0 0.0 -3.0 -4.0 0.0 -2.0 0.0 -1.0 -2.0 -2.0 -1.0 -2.0 0.0 0.0 -4.0 0.0 -3.0 -4.0 -4.0 -4.0 -1.0 -1.0 -3.0 -3.0 0.0 -1.0 -4.0 -2.0 -3.0 
-1.0 -4.0 -1.0 -4.0 -1.0 -2.0 -1.0 -4.0 0.0 -1.0 0.0 -2.0 -1.0 -4.0 -1.0 -1.0 0.0 0.0 -4.0 0.0 -3.0 -1.0 -1.0 -4.0 0.0 0.0 0.0 -3.0 -3.0 118.0 -2.0 -2.0 -4.0 -1.0 -3.0 -4.0 0.0 -3.0 0.0 -3.0 -4.0 -1.0 0.0 0.0 -4.0 -3.0 -1.0 -2.0 -2.0 0.0 -3.0 0.0 -2.0 -1.0 -2.0 -4.0 -1.0 -3.0 -3.0 -3.0 -2.0 -2.0 -2.0 -4.0 0.0 
-2.0 -3.0 -3.0 -2.0 -2.0 -4.0 0.0 -4.0 -2.0 -1.0 -3.0 -4.0 -2.0 -1.0 -2.0 -1.0 -4.0 -2.0 0.0 -4.0 -2.0 -4.0 -3.0 -3.0 -1.0 -1.0 -3.0 -4.0 -1.0 -1.0 128.0 -1.0 0.0 -1.0 -4.0 0.0 0.0 -4.0 -2.0 0.0 -2.0 -1.0 -4.0 -3.0 -1.0 0.0 0.0 -2.0 -3.0 0.0 -3.0 -3.0 -3.0 -2.0 -3.0 -2.0 -4.0 -2.0 0.0 -1.0 -1.0 -2.0 -2.0 -3.0 0.0 
-3.0 -1.0 -4.0 0.0 -2.0 -2.0 -2.0 -1.0 0.0 -4.0 -4.0 -4.0 -2.0 0.0 -3.0 0.0 -4.0 -3.0 -4.0 0.0 -4.0 -4.0 -3.0 -3.0 -1.0 -1.0 -1.0 -1.0 0.0 -4.0 -4.0 146.0 -2.0 0.0 -4.0 0.0 -4.0 -1.0 -4.0 -3.0 -1.0 -2.0 -4.0 -1.0 -4.0 -2.0 -1.0 -1.0 -3.0 -4.0 -4.0 0.0 0.0 -2.0 -3.0 -2.0 -4.0 -2.0 -3.0 -1.0 -2.0 -4.0 -3.0 -3.0 -3.0 
0.0 -3.0 -3.0 -2.0 0.0 -2.0 -3.0 -2.0 0.0 0.0 -2.0 -1.0 -3.0 -3.0 -2.0 0.0 -2.0 -1.0 -4.0 0.0 -1.0 0.0 -1.0 -1.0 -4.0 0.0 -2.0 -2.0 -3.0 -2.0 -4.0 -2.0 117.0 -4.0 -4.0 -2.0 -2.0 -4.0 -3.0 -4.0 0.0 -1.0 -1.0 0.0 0.0 0.0 -2.0 -1.0 0.0 -1.0 -3.0 -4.0 -2.0 0.0 -3.0 -3.0 -1.0 -4.0 -2.0 0.0 -2.0 0.0 -2.0 -3.0 -4.0 
0.0 0.0 -2.0 -4.0 -3.0 -4.0 -2.0 0.0 -3.0 -1.0 -2.0 -3.0 -3.0 -1.0 -4.0 -1.0 -1.0 -1.0 0.0 -3.0 -3.0 -2.0 0.0 -2.0 0.0 0.0 -1.0 -4.0 -4.0 -2.0 -4.0 -4.0 -4.0 122.0 -2.0 -2.0 -3.0 -2.0 -1.0 0.0 0.0 -4.0 -4.0 -1.0 -3.0 -1.0 -1.0 -2.0 -1.0 0.0 0.0 -1.0 -3.0 -2.0 -2.0 0.0 -2.0 -3.0 -1.0 0.0 -4.0 -2.0 -3.0 -3.0 -1.0 
-2.0 0.0 -2.0 -1.0 0.0 0.0 -3.0 0.0 -3.0 -1.0 0.0 0.0 -3.0 0.0 -2.0 -1.0 -2.0 -4.0 0.0 -2.0 0.0 -2.0 0.0 -3.0 -3.0 -4.0 0.0 -3.0 -2.0 -2.0 -1.0 -2.0 -2.0 -1.0 112.0 -1.0 -1.0 -4.0 -1.0 -4.0 -1.0 -3.0 -3.0 -1.0 -1.0 -1.0 -4.0 0.0 -4.0 -4.0 -1.0 -1.0 0.0 -2.0 -1.0 -4.0 -1.0 -3.0 -1.0 -4.0 -2.0 -3.0 -2.0 -3.0 0.0 
-4.0 -1.0 -3.0 -3.0 -2.0 0.0 -2.0 -2.0 -1.0 -1.0 -3.0 -2.0 -1.0 -3.0 -4.0 -4.0 -3.0 -4.0 -1.0 -3.0 -4.0 -4.0 -4.0 -2.0 -4.0 -2.0 -3.0 -2.0 0.0 -2.0 -2.0 -4.0 -2.0 -4.0 -3.0 134.0 -1.0 -1.0 0.0 -4.0 -3.0 0.0 -1.0 0.0 -2.0 0.0 0.0 -2.0 0.0 -1.0 0.0 -2.0 -2.0 -4.0 -1.0 -3.0 0.0 -4.0 -4.0 -3.0 -1.0 0.0 -4.0 -2.0 0.0 
-3.0 -3.0 -2.0 -3.0 -1.0 -2.0 -2.0 0.0 -3.0 -3.0 -2.0 -4.0 -1.0 -3.0 -4.0 -1.0 -1.0 0.0 -2.0 -2.0 -3.0 -1.0 -4.0 -2.0 -2.0 0.0 -3.0 -4.0 -1.0 -4.0 -2.0 0.0 -2.0 -2.0 0.0 -3.0 141.0 -4.0 -2.0 -3.0 -3.0 0.0 0.0 -4.0 -4.0 -4.0 -1.0 -4.0 -2.0 -4.0 -2.0 -2.0 -1.0 -4.0 -1.0 -2.0 -4.0 -1.0 -2.0 -1.0 -3.0 0.0 -4.0 -4.0 0.0 
-4.0 -4.0 -3.0 0.0 -4.0 -4.0 0.0 -3.0 -1.0 0.0 -4.0 -3.0 0.0 -2.0 -1.0 -1.0 -3.0 -1.0 -2.0 -1.0 -3.0 0.0 -4.0 0.0 -4.0 -3.0 -1.0 -3.0 -4.0 -4.0 -3.0 0.0 -4.0 -3.0 -2.0 -2.0 -4.0 145.0 -2.0 -3.0 0.0 -4.0 -2.0 0.0 -4.0 -3.0 -3.0 0.0 -3.0 -4.0 -1.0 -1.0 -4.0 -3.0 -3.0 -4.0 -1.0 -2.0 -1.0 0.0 -1.0 -3.0 -1.0 -3.0 -4.0 
-2.0 0.0 -1.0 -4.0 0.0 -1.0 -2.0 -1.0 -1.0 -3.0 -2.0 -1.0 0.0 -2.0 -4.0 -4.0 -3.0 0.0 0.0 -4.0 -3.0 -4.0 -4.0 -2.0 -1.0 -2.0 -3.0 -4.0 0.0 -2.0 0.0 -1.0 0.0 0.0 -1.0 -3.0 0.0 -3.0 113.0 0.0 -3.0 0.0 -2.0 -3.0 -2.0 0.0 -3.0 0.0 0.0 0.0 -1.0 -3.0 -3.0 -3.0 -2.0 0.0 -4.0 -4.0 0.0 -4.0 0.0 -4.0 -2.0 -2.0 0.0 
-1.0 -3.0 -2.0 -3.0 0.0 0.0 -2.0 -2.0 -3.0 -4.0 -2.0 0.0 -1.0 -1.0 -1.0 -2.0 -1.0 -4.0 -1.0 -2.0 -4.0 -2.0 0.0 0.0 -4.0 -3.0 -4.0 -2.0 -4.0 -4.0 -4.0 -4.0 -4.0 0.0 -4.0 -3.0 -4.0 -3.0 -3.0 146.0 -2.0 0.0 0.0 -4.0 -4.0 -4.0 -3.0 -2.0 -4.0 0.0 -3.0 -3.0 -1.0 -3.0 -3.0 -3.0 -1.0 -3.0 -2.0 -2.0 -3.0 0.0 -1.0 -2.0 -2.0 
0.0 -4.0 -3.0 -4.0 -2.0 0.0 -4.0 -4.0 -3.0 0.0 0.0 -4.0 0.0 0.0 0.0 -2.0 -4.0 -4.0 -3.0 -3.0 -2.0 0.0 -2.0 0.0 -1.0 -3.0 -1.0 -4.0 -2.0 -1.0 -4.0 -4.0 0.0 -4.0 -1.0 -1.0 -3.0 -3.0 -4.0 0.0 131.0 -2.0 -4.0 -3.0 -4.0 -3.0 -2.0 -4.0 -3.0 -3.0 0.0 -4.0 -1.0 -1.0 0.0 0.0 -2.0 0.0 -2.0 -1.0 -3.0 -1.0 -1.0 -2.0 -1.0 
-3.0 0.0 0.0 -2.0 -2.0 -4.0 -1.0 -1.0 -4.0 -3.0 0.0 -4.0 -1.0 -4.0 -2.0 -1.0 -1.0 -3.0 -1.0 0.0 -2.0 -2.0 0.0 -1.0 -4.0 -2.0 0.0 -2.0 -3.0 0.0 -1.0 -4.0 -4.0 -4.0 -1.0 -3.0 -4.0 -4.0 -3.0 -1.0 -2.0 134.0 -1.0 0.0 -4.0 0.0 -2.0 -1.0 -3.0 -4.0 -4.0 0.0 -4.0 -4.0 0.0 -4.0 -3.0 -4.0 0.0 -4.0 -2.0 -2.0 -3.0 0.0 -1.0 
0.0 0.0 -1.0 -4.0 -4.0 -4.0 -2.0 -2.0 -1.0 -2.0 -3.0 0.0 0.0 0.0 -4.0 0.0 -2.0 -4.0 0.0 -4.0 -2.0 -3.0 -4.0 -3.0 0.0 -3.0 -2.0 -2.0 -3.0 -1.0 -4.0 -4.0 -2.0 -1.0 0.0 -3.0 -2.0 0.0 -3.0 -4.0 -2.0 -2.0 130.0 -2.0 0.0 0.0 -2.0 -1.0 -4.0 -4.0 -4.0 -3.0 -1.0 0.0 0.0 -3.0 -3.0 -3.0 0.0 -1.0 -1.0 -4.0 0.0 -4.0 -3.0 
-3.0 -1.0 -3.0 -4.0 -4.0 -4.0 -1.0 -2.0 -1.0 0.0 -4.0 -1.0 0.0 -2.0 -4.0 -3.0 -2.0 -3.0 -1.0 -2.0 -4.0 -2.0 -3.0 0.0 -1.0 -1.0 -2.0 -3.0 -1.0 -4.0 -3.0 -3.0 -4.0 -1.0 -1.0 -2.0 -3.0 -4.0 -3.0 -4.0 -2.0 -2.0 -1.0 139.0 -1.0 -3.0 -2.0 -3.0 -4.0 -3.0 0.0 -2.0 -4.0 -3.0 0.0 -4.0 0.0 -4.0 -1.0 0.0 -2.0 0.0 -2.0 0.0 -2.0 
-4.0 -2.0 -2.0 -4.0 -3.0 0.0 -4.0 -4.0 -1.0 -1.0 -2.0 -4.0 0.0 -3.0 -4.0 -1.0 -4.0 -3.0 -4.0 -1.0 0.0 -3.0 -1.0 0.0 -2.0 -4.0 -3.0 -1.0 0.0 0.0 -2.0 0.0 -2.0 -4.0 -4.0 -2.0 -3.0 -3.0 -4.0 -4.0 -3.0 -4.0 -1.0 -2.0 141.0 0.0 -3.0 -1.0 -2.0 -1.0 -2.0 -4.0 -1.0 0.0 -4.0 -3.0 0.0 -4.0 -1.0 -3.0 -2.0 -1.0 -4.0 -2.0 0.0 
-3.0 -3.0 0.0 -1.0 -1.0 -3.0 -4.0 -4.0 -2.0 -3.0 -2.0 0.0 -2.0 -4.0 -4.0 -1.0 -2.0 -2.0 -3.0 -1.0 0.0 -3.0 -4.0 -1.0 -2.0 -1.0 -3.0 -2.0 -2.0 -2.0 -1.0 -2.0 -1.0 0.0 -1.0 0.0 -1.0 -1.0 -2.0 -4.0 -2.0 -2.0 -2.0 -4.0 0.0 132.0 -3.0 -3.0 -3.0 -3.0 -1.0 -4.0 -1.0 0.0 0.0 -4.0 -1.0 -2.0 -4.0 -3.0 -2.0 -2.0 -3.0 -1.0 -4.0 
0.0 -1.0 -1.0 -2.0 -2.0 -4.0 -1.0 -3.0 0.0 -3.0 0.0 -4.0 0.0 -3.0 -4.0 -4.0 -1.0 -1.0 -1.0 -3.0 -4.0 -3.0 -2.0 -4.0 -3.0 -1.0 0.0 -3.0 0.0 -1.0 -3.0 -1.0 -2.0 -3.0 -4.0 0.0 0.0 -4.0 -4.0 -1.0 -1.0 -3.0 -2.0 -4.0 -4.0 -3.0 135.0 -2.0 -3.0 -3.0 0.0 -1.0 -4.0 0.0 -4.0 -4.0 -4.0 -1.0 -3.0 -4.0 0.0 -2.0 -1.0 0.0 -1.0 
0.0 -3.0 -1.0 -1.0 -4.0 -1.0 -4.0 -1.0 -2.0 -3.0 -2.0 -3.0 -2.0 0.0 -1.0 0.0 -2.0 -2.0 -1.0 -4.0 -4.0 -1.0 -4.0 -4.0 -3.0 -3.0 -1.0 -4.0 -3.0 -3.0 -3.0 -1.0 -3.0 -2.0 0.0 -1.0 0.0 0.0 0.0 0.0 -4.0 0.0 -1.0 -4.0 -4.0 0.0 -3.0 121.0 -2.0 0.0 0.0 0.0 -1.0 -3.0 0.0 -1.0 -4.0 -3.0 -2.0 -3.0 0.0 -2.0 -1.0 -4.0 -2.0 
0.0 -3.0 -1.0 -3.0 -2.0 -1.0 0.0 -2.0 0.0 0.0 -1.0 -2.0 0.0 -3.0 -2.0 -3.0 -1.0 -3.0 -2.0 -1.0 -2.0 -2.0 -3.0 -1.0 -3.0 -4.0 -1.0 -4.0 -3.0 -2.0 -1.0 -2.0 -2.0 -4.0 0.0 -1.0 -3.0 -3.0 -3.0 -2.0 -3.0 -3.0 -2.0 0.0 -1.0 0.0 -2.0 -2.0 115.0 0.0 0.0 -2.0 -1.0 -3.0 -4.0 -3.0 -2.0 -1.0 -3.0 -1.0 -1.0 0.0 -2.0 -3.0 0.0 
-4.0 0.0 -3.0 -4.0 0.0 0.0 -2.0 -4.0 0.0 -4.0 -3.0 -2.0 -4.0 -3.0 -2.0 0.0 -3.0 -4.0 -3.0 0.0 0.0 -1.0 0.0 0.0 -2.0 -3.0 -2.0 -3.0 0.0 -4.0 0.0 -1.0 -1.0 -2.0 -3.0 -1.0 -4.0 0.0 0.0 -2.0 -1.0 0.0 -2.0 -2.0 0.0 -1.0 0.0 -3.0 -4.0 114.0 -3.0 0.0 -3.0 0.0 0.0 -3.0 -3.0 -1.0 -4.0 -4.0 -1.0 -1.0 -4.0 0.0 0.0 
-2.0 -4.0 0.0 0.0 -3.0 -1.0 -4.0 -1.0 -4.0 -4.0 -4.0 0.0 -2.0 -3.0 -1.0 -2.0 -1.0 -1.0 -1.0 -4.0 -2.0 -4.0 -1.0 -2.0 -3.0 -2.0 -2.0 -4.0 -1.0 -4.0 0.0 -2.0 -1.0 -3.0 -2.0 0.0 -1.0 -4.0 -1.0 -4.0 -3.0 -4.0 0.0 -1.0 -3.0 0.0 -2.0 -3.0 -3.0 -2.0 126.0 -3.0 -4.0 -1.0 0.0 -2.0 -2.0 -3.0 -1.0 0.0 -2.0 0.0 -2.0 0.0 0.0 
-1.0 -2.0 -1.0 0.0 -4.0 -1.0 0.0 -4.0 -2.0 0.0 0.0 -1.0 0.0 -3.0 -3.0 -1.0 -1.0 -1.0 -1.0 -1.0 -4.0 -3.0 0.0 -4.0 -4.0 -4.0 0.0 -3.0 -3.0 -2.0 -1.0 -3.0 -4.0 -1.0 -1.0 -3.0 -4.0 0.0 -4.0 -4.0 -2.0 0.0 0.0 -1.0 -1.0 -1.0 -3.0 -1.0 -4.0 -4.0 -1.0 124.0 -3.0 -4.0 -1.0 -2.0 0.0 -1.0 -4.0 0.0 -4.0 0.0 -3.0 -4.0 -1.0 
-3.0 -1.0 -2.0 0.0 -4.0 -4.0 -1.0 -4.0 -2.0 -4.0 -3.0 0.0 0.0 -1.0 -2.0 0.0 -1.0 -3.0 -2.0 -1.0 -3.0 0.0 -3.0 -3.0 -1.0 -4.0 -3.0 -4.0 -1.0 -2.0 -1.0 -1.0 -1.0 -2.0 -3.0 -1.0 0.0 0.0 -2.0 -4.0 -2.0 -1.0 -2.0 -1.0 -3.0 -3.0 -3.0 0.0 -1.0 -3.0 -3.0 0.0 125.0 -1.0 -3.0 -1.0 -2.0 -2.0 -1.0 -2.0 -2.0 -3.0 -3.0 -2.0 -4.0 
0.0 -3.0 -4.0 -1.0 -4.0 0.0 0.0 -1.0 0.0 -3.0 -3.0 -4.0 -3.0 -1.0 -1.0 -1.0 -1.0 -2.0 -2.0 -4.0 -4.0 0.0 -3.0 -1.0 -1.0 -1.0 0.0 -2.0 -4.0 0.0 -2.0 -1.0 -4.0 -4.0 -2.0 -2.0 0.0 -1.0 0.0 -1.0 0.0 -4.0 -2.0 -4.0 0.0 0.0 -4.0 -1.0 -4.0 -1.0 -1.0 -4.0 0.0 131.0 -4.0 -3.0 -3.0 -2.0 -3.0 -1.0 -3.0 -4.0 -4.0 -4.0 -4.0 
-3.0 -2.0 -1.0 -1.0 -2.0 -4.0 0.0 -4.0 0.0 -1.0 -1.0 -1.0 -3.0 -1.0 -3.0 -2.0 -4.0 -3.0 -3.0 -4.0 -2.0 -2.0 -4.0 -1.0 -4.0 -2.0 -2.0 0.0 0.0 0.0 -2.0 -1.0 -4.0 -1.0 -3.0 -4.0 -4.0 -4.0 -4.0 -1.0 0.0 -2.0 -4.0 -3.0 -1.0 0.0 -4.0 -4.0 0.0 -2.0 -3.0 0.0 -1.0 -3.0 129.0 -1.0 0.0 -4.0 -3.0 -2.0 0.0 -1.0 0.0 0.0 -3.0 
-4.0 -3.0 -3.0 -1.0 -3.0 -1.0 -2.0 0.0 0.0 -4.0 0.0 -1.0 -2.0 0.0 -2.0 -3.0 -1.0 -2.0 0.0 0.0 -2.0 0.0 -4.0 -3.0 0.0 -1.0 0.0 -4.0 -4.0 -4.0 -3.0 -3.0 -3.0 -3.0 0.0 0.0 -3.0 0.0 -2.0 -2.0 -2.0 -3.0 -1.0 -4.0 -1.0 -1.0 -4.0 -1.0 -2.0 0.0 -3.0 0.0 -1.0 -2.0 -1.0 118.0 -4.0 0.0 -3.0 -2.0 -1.0 -3.0 -3.0 -2.0 -1.0 
-2.0 -4.0 -4.0 0.0 -4.0 -4.0 -3.0 -2.0 -1.0 -4.0 -2.0 0.0 -1.0 -4.0 -3.0 -2.0 0.0 0.0 0.0 -1.0 -4.0 -2.0 -3.0 -3.0 -4.0 0.0 0.0 -2.0 -4.0 -3.0 -2.0 -3.0 0.0 -1.0 0.0 -2.0 -4.0 -2.0 -4.0 -3.0 -1.0 -2.0 -3.0 -3.0 -2.0 -4.0 -1.0 -2.0 -1.0 0.0 -2.0 -3.0 -3.0 0.0 -3.0 -2.0 131.0 0.0 -1.0 -4.0 -2.0 -2.0 -3.0 0.0 0.0 
0.0 -1.0 0.0 -2.0 -3.0 0.0 -2.0 0.0 -2.0 -4.0 -2.0 0.0 -1.0 -3.0 -4.0 -1.0 -4.0 -3.0 -1.0 -1.0 -2.0 -3.0 0.0 -2.0 0.0 -3.0 -4.0 -3.0 -4.0 -2.0 -4.0 -3.0 -3.0 -2.0 0.0 0.0 -4.0 -4.0 -1.0 -2.0 0.0 -2.0 -4.0 -4.0 -2.0 -3.0 -1.0 -3.0 -3.0 0.0 -1.0 0.0 -4.0 -1.0 0.0 -4.0 -4.0 134.0 -4.0 -3.0 -2.0 0.0 -2.0 -4.0 -3.0 
-4.0 -2.0 -1.0 0.0 0.0 -1.0 -2.0 -3.0 -4.0 -4.0 0.0 0.0 -3.0 0.0 -1.0 -1.0 -2.0 -1.0 -3.0 -3.0 -4.0 -4.0 -3.0 -3.0 -1.0 -3.0 0.0 -1.0 -2.0 -2.0 -3.0 0.0 -3.0 -1.0 -3.0 -2.0 -4.0 -1.0 -3.0 0.0 -3.0 -1.0 -3.0 -3.0 -2.0 -4.0 -4.0 -4.0 -4.0 -4.0 -1.0 -1.0 -2.0 -1.0 -1.0 -1.0 0.0 0.0 128.0 -1.0 0.0 -3.0 -2.0 -4.0 -1.0 
-2.0 -4.0 -3.0 0.0 -3.0 -1.0 -2.0 -4.0 -3.0 -1.0 -1.0 -2.0 -4.0 0.0 0.0 0.0 -3.0 -1.0 -1.0 -3.0 -2.0 -4.0 -3.0 -1.0 0.0 -3.0 -2.0 -4.0 -2.0 -3.0 0.0 -1.0 -1.0 -2.0 -3.0 -3.0 -2.0 -1.0 -1.0 -4.0 -3.0 -2.0 -4.0 0.0 -1.0 -2.0 0.0 0.0 -2.0 -2.0 -3.0 -2.0 -4.0 -2.0 -1.0 -4.0 0.0 -3.0 -2.0 123.0 -2.0 -1.0 0.0 0.0 -3.0 
-3.0 -3.0 -1.0 -1.0 -3.0 -4.0 -4.0 -1.0 0.0 -4.0 -4.0 -4.0 -4.0 0.0 -3.0 -1.0 -4.0 -4.0 0.0 -2.0 -4.0 -1.0 -4.0 -1.0 0.0 -3.0 -4.0 -3.0 -3.0 -1.0 -3.0 -1.0 -3.0 -1.0 0.0 0.0 -4.0 -1.0 -4.0 -4.0 -2.0 -2.0 0.0 -1.0 -3.0 -1.0 -1.0 -3.0 -1.0 -2.0 -1.0 -3.0 -1.0 -2.0 -1.0 -3.0 -1.0 -3.0 -1.0 -2.0 133.0 -1.0 -2.0 0.0 -1.0 
-4.0 -3.0 0.0 -2.0 -3.0 -3.0 -2.0 -2.0 -4.0 0.0 -4.0 -1.0 -1.0 -2.0 0.0 0.0 -1.0 -1.0 -4.0 -3.0 -4.0 -1.0 0.0 -1.0 0.0 0.0 -4.0 -3.0 -3.0 -2.0 -2.0 -2.0 0.0 -2.0 -4.0 -4.0 0.0 -1.0 0.0 -3.0 -4.0 -3.0 -4.0 -2.0 -1.0 -4.0 -3.0 0.0 0.0 -4.0 -4.0 0.0 -4.0 -1.0 -1.0 -1.0 -3.0 0.0 -3.0 -4.0 -4.0 130.0 -3.0 0.0 -1.0 
-2.0 -3.0 -1.0 0.0 -1.0 -4.0 -1.0 -2.0 -3.0 -2.0 -2.0 -1.0 -4.0 0.0 -1.0 0.0 -3.0 -2.0 0.0 -4.0 0.0 0.0 0.0 -1.0 -3.0 0.0 -3.0 -3.0 -2.0 -2.0 -2.0 0.0 -4.0 -2.0 -1.0 -1.0 -3.0 -1.0 -3.0 -4.0 -3.0 -1.0 0.0 -1.0 -3.0 -2.0 -4.0 -2.0 0.0 -2.0 -3.0 -4.0 -3.0 -2.0 -1.0 -1.0 -4.0 -1.0 -2.0 -3.0 -4.0 -2.0 119.0 0.0 0.0 
-3.0 0.0 -1.0 -4.0 -4.0 -1.0 -1.0 -4.0 0.0 0.0 -3.0 -3.0 -1.0 -2.0 -2.0 -3.0 0.0 -3.0 -1.0 -2.0 -2.0 0.0 -2.0 -1.0 0.0 0.0 -1.0 -1.0 -3.0 -3.0 -1.0 -4.0 -3.0 0.0 0.0 -1.0 -1.0 -3.0 -1.0 -1.0 -1.0 -1.0 -3.0 0.0 -1.0 -4.0 0.0 -3.0 -1.0 -3.0 -3.0 0.0 0.0 -2.0 -2.0 -4.0 0.0 -1.0 -3.0 0.0 -3.0 0.0 0.0 105.0 -4.0 
-1.0 -2.0 -2.0 -1.0 -1.0 -3.0 -2.0 -2.0 -2.0 -2.0 -2.0 -4.0 -4.0 0.0 -3.0 0.0 -4.0 0.0 -4.0 -4.0 -2.0 -1.0 -1.0 -4.0 -4.0 0.0 -4.0 -2.0 -1.0 -1.0 -1.0 -1.0 -3.0 -4.0 -2.0 0.0 -4.0 -4.0 -2.0 -2.0 0.0 -3.0 -4.0 -2.0 -3.0 -3.0 -2.0 -3.0 -1.0 -1.0 -4.0 -3.0 -1.0 -3.0 -4.0 -4.0 -4.0 0.0 -4.0 -4.0 -2.0 -2.0 -4.0 -4.0 151.0 

-3991.0064 -3819.0 -3487.0 -3657.0 -3363.0 -3271.0 -3116.0 -2671.0 -2549.0 -3029.0 -2846.0 -2894.0 -2484.0 -2038.0 -2023.0 -2867.0 -2045.0 -2358.0 -1416.0 -1077.0 -1752.0 -2028.0 -1455.0 -1051.0 -1255.0 -1065.0 -903.0 -906.0 -496.0 -532.0 12.0 -292.0 -132.0 185.0 -158.0 767.0 538.0 731.0 680.0 872.0 1249.0 1024.0 1263.0 1787.0 1901.0 1718.0 1818.0 1980.0 1834.0 2153.0 2606.0 2151.0 2520.0 2394.0 3057.0 2727.0 3452.0 3071.0 3371.0 3509.0 4243.0 3783.0 3467.0 3407.0 4513.0 