21.0 0.0 -3.0 -4.0 0.0 -4.0 -2.0 -2.0 -4.0 0.0 -4.0 -3.0 -3.0 -2.0 -4.0 
-2.0 25.0 -1.0 0.0 -2.0 -2.0 -4.0 0.0 0.0 0.0 -3.0 -2.0 -3.0 -2.0 -4.0 
-2.0 -3.0 31.0 0.0 -1.0 -2.0 -4.0 -4.0 -4.0 0.0 -2.0 -3.0 -1.0 -3.0 -2.0 
-2.0 -1.0 -2.0 27.0 -3.0 0.0 -3.0 -4.0 -4.0 0.0 -2.0 -3.0 -1.0 0.0 -2.0 
-1.0 0.0 -2.0 -2.0 25.0 -3.0 -3.0 -1.0 -1.0 -1.0 -1.0 -2.0 -4.0 -4.0 0.0 
-1.0 -2.0 -4.0 -3.0 0.0 29.0 -2.0 0.0 -3.0 0.0 -2.0 -4.0 -2.0 -3.0 -3.0 
0.0 -1.0 -2.0 0.0 -2.0 -2.0 22.0 -1.0 -4.0 -1.0 -2.0 0.0 -3.0 -3.0 -1.0 
-4.0 0.0 -4.0 -3.0 -3.0 0.0 -4.0 31.0 -2.0 -3.0 0.0 -4.0 -2.0 0.0 -2.0 
-3.0 -1.0 0.0 -3.0 -3.0 -3.0 -4.0 0.0 31.0 -1.0 -2.0 -2.0 -3.0 -3.0 -3.0 
-2.0 -1.0 -1.0 -1.0 -3.0 -4.0 0.0 -4.0 -2.0 22.0 0.0 -3.0 0.0 -1.0 0.0 
-1.0 -2.0 -4.0 0.0 -4.0 -4.0 -2.0 -4.0 -1.0 0.0 29.0 0.0 -3.0 -3.0 -1.0 
-2.0 -2.0 0.0 0.0 0.0 -2.0 -4.0 -1.0 -3.0 -1.0 -4.0 23.0 -1.0 0.0 -3.0 
-4.0 -3.0 -3.0 0.0 -4.0 -4.0 -2.0 -1.0 -3.0 0.0 0.0 0.0 28.0 -4.0 0.0 
-4.0 -2.0 -3.0 0.0 -2.0 -4.0 -4.0 -4.0 -3.0 0.0 -2.0 -3.0 -3.0 37.0 -3.0 
-2.0 -2.0 -3.0 -3.0 -4.0 -4.0 -2.0 -1.0 0.0 -4.0 0.0 -1.0 -3.0 -1.0 30.0 
