73.0 0.0 -4.0 -3.0 -2.0 -3.0 0.0 -1.0 0.0 -3.0 -2.0 -3.0 0.0 -3.0 0.0 -2.0 -4.0 -1.0 -2.0 -2.0 -2.0 -4.0 0.0 -1.0 -4.0 -2.0 -4.0 0.0 -3.0 -3.0 0.0 -4.0 -3.0 -4.0 -3.0 -4.0 -4.0 -1.0 -3.0 -1.0 -1.0 0.0 -1.0 -3.0 -4.0 -4.0 -4.0 -2.0 -1.0 -1.0 -4.0 -3.0 -4.0 -1.0 -2.0 0.0 -3.0 -4.0 -3.0 -3.0 -2.0 0.0 0.0 0.0 -2.0 
-4.0 119.0 -4.0 -3.0 -1.0 -1.0 -3.0 -1.0 0.0 -4.0 -1.0 -1.0 0.0 0.0 -4.0 -1.0 -2.0 -1.0 -4.0 -1.0 -3.0 -1.0 0.0 -2.0 -3.0 -4.0 -3.0 -3.0 -1.0 -2.0 -2.0 -4.0 -2.0 0.0 -3.0 -1.0 0.0 -4.0 0.0 -1.0 -1.0 0.0 -2.0 -4.0 -3.0 -2.0 -3.0 -3.0 -4.0 0.0 -1.0 -1.0 0.0 0.0 -2.0 -3.0 -1.0 -1.0 -2.0 0.0 -1.0 -2.0 -1.0 -3.0 -4.0 
-3.0 -3.0 128.0 -2.0 0.0 -2.0 -4.0 -3.0 -3.0 0.0 -2.0 -2.0 -4.0 -2.0 -4.0 -2.0 -1.0 -4.0 0.0 -2.0 -1.0 -1.0 -1.0 0.0 -1.0 0.0 -4.0 -1.0 -3.0 -2.0 0.0 0.0 0.0 -2.0 -1.0 -3.0 -4.0 0.0 -2.0 -2.0 0.0 -4.0 -3.0 -3.0 -3.0 -2.0 -3.0 -4.0 -3.0 0.0 0.0 -2.0 0.0 0.0 -4.0 -3.0 -4.0 -1.0 -4.0 -1.0 -2.0 -4.0 0.0 -3.0 -4.0 
-1.0 -4.0 -2.0 137.0 -4.0 -1.0 -3.0 -4.0 -2.0 0.0 -2.0 0.0 -4.0 -2.0 -3.0 -1.0 -4.0 -2.0 -4.0 -1.0 -3.0 0.0 -1.0 -1.0 -3.0 -1.0 -2.0 -3.0 -3.0 -1.0 -3.0 0.0 -3.0 -1.0 0.0 -1.0 -3.0 0.0 -1.0 -3.0 -3.0 -4.0 -1.0 -2.0 -3.0 -4.0 -4.0 -4.0 0.0 -4.0 0.0 -4.0 0.0 -1.0 -3.0 0.0 -2.0 -3.0 -3.0 -1.0 -2.0 -4.0 -2.0 -4.0 -2.0 
-4.0 -3.0 -2.0 -3.0 134.0 -4.0 -3.0 -2.0 0.0 -2.0 -2.0 -2.0 -1.0 -2.0 -1.0 -4.0 -2.0 -3.0 -2.0 -3.0 -3.0 -1.0 -2.0 -3.0 0.0 -3.0 -3.0 -2.0 -2.0 0.0 -1.0 -4.0 -2.0 -1.0 0.0 -3.0 -3.0 0.0 0.0 0.0 -3.0 -4.0 -2.0 -1.0 -3.0 -1.0 0.0 -4.0 -3.0 -3.0 -4.0 -1.0 -1.0 0.0 -4.0 -1.0 -2.0 0.0 -2.0 -1.0 -3.0 -3.0 -4.0 -4.0 -2.0 
-2.0 -1.0 -2.0 -4.0 0.0 126.0 -1.0 -1.0 -2.0 -4.0 -3.0 -2.0 -4.0 -1.0 0.0 -4.0 -3.0 -1.0 0.0 -1.0 -2.0 -2.0 0.0 -3.0 -1.0 -3.0 -1.0 -4.0 -1.0 -4.0 -4.0 -2.0 -1.0 -3.0 -1.0 -1.0 -2.0 -3.0 -3.0 -4.0 -3.0 0.0 -3.0 -1.0 0.0 -2.0 -2.0 -1.0 0.0 -4.0 0.0 -3.0 -4.0 -2.0 -4.0 0.0 0.0 -3.0 -2.0 -1.0 -1.0 -3.0 -4.0 0.0 -2.0 
-2.0 -3.0 -4.0 -3.0 -4.0 -3.0 146.0 0.0 0.0 0.0 -3.0 -3.0 -3.0 -3.0 -3.0 -1.0 -3.0 -2.0 -3.0 -4.0 -1.0 -4.0 -2.0 -1.0 -3.0 -1.0 -4.0 0.0 -2.0 0.0 -1.0 0.0 0.0 0.0 -1.0 -4.0 -2.0 -2.0 -2.0 -1.0 -4.0 -3.0 -3.0 -3.0 -4.0 -4.0 -3.0 -1.0 -4.0 -1.0 -4.0 -1.0 -4.0 -4.0 -2.0 -2.0 -3.0 -3.0 -4.0 -3.0 0.0 -1.0 0.0 -4.0 -3.0 
0.0 -3.0 0.0 -1.0 -1.0 -3.0 -1.0 147.0 -1.0 -3.0 -3.0 0.0 -1.0 -4.0 -3.0 -4.0 -4.0 -4.0 -3.0 -2.0 -3.0 -2.0 -2.0 -2.0 -2.0 -4.0 -3.0 -3.0 -4.0 -4.0 -3.0 -2.0 -1.0 -4.0 -4.0 -1.0 -1.0 -3.0 0.0 -3.0 -4.0 -3.0 0.0 -1.0 -1.0 0.0 -4.0 -4.0 0.0 -2.0 -2.0 -2.0 -4.0 -2.0 -4.0 -1.0 -2.0 -2.0 -1.0 -3.0 -3.0 -2.0 -4.0 0.0 -4.0 
-1.0 -4.0 -2.0 -4.0 -3.0 0.0 0.0 -1.0 118.0 -4.0 -3.0 -4.0 -1.0 -1.0 -3.0 -1.0 0.0 -1.0 -2.0 0.0 -3.0 -4.0 -2.0 -3.0 0.0 -4.0 0.0 0.0 0.0 -1.0 -1.0 0.0 -3.0 -4.0 -3.0 0.0 -2.0 -3.0 0.0 -2.0 -1.0 -2.0 -4.0 -4.0 -3.0 -2.0 -1.0 -1.0 -3.0 -1.0 0.0 -1.0 -1.0 -3.0 0.0 -4.0 -3.0 -4.0 -2.0 0.0 0.0 0.0 -3.0 -1.0 -4.0 
-1.0 0.0 -4.0 -1.0 -4.0 -1.0 -2.0 -4.0 0.0 124.0 0.0 -4.0 -1.0 -4.0 -4.0 -3.0 -1.0 0.0 -1.0 -1.0 -1.0 0.0 -2.0 -1.0 -1.0 -1.0 0.0 -1.0 -2.0 -4.0 -3.0 -1.0 -3.0 -3.0 -2.0 -2.0 -4.0 -2.0 -2.0 -3.0 -4.0 -1.0 -4.0 -1.0 -3.0 -1.0 -4.0 -2.0 -4.0 -1.0 -1.0 0.0 0.0 0.0 0.0 0.0 -3.0 -4.0 -1.0 -3.0 -2.0 -4.0 0.0 -4.0 -3.0 
-1.0 -3.0 0.0 0.0 -3.0 -3.0 -4.0 -2.0 -1.0 0.0 146.0 -1.0 -3.0 -3.0 -2.0 -3.0 -3.0 -2.0 -4.0 -3.0 -4.0 -3.0 -1.0 -3.0 -4.0 -4.0 -3.0 -2.0 -2.0 -1.0 -1.0 -3.0 -4.0 -1.0 -4.0 -3.0 0.0 -1.0 -4.0 -2.0 -4.0 -4.0 -4.0 0.0 -2.0 -2.0 -1.0 0.0 -4.0 -4.0 -4.0 0.0 -2.0 -4.0 -2.0 -4.0 -4.0 -1.0 -1.0 -1.0 -4.0 0.0 0.0 -3.0 0.0 
-2.0 -2.0 -1.0 -1.0 -1.0 -3.0 0.0 -4.0 -1.0 -2.0 -2.0 120.0 0.0 -3.0 -4.0 -2.0 -3.0 0.0 -1.0 -1.0 -2.0 0.0 0.0 -3.0 -4.0 -3.0 -4.0 -3.0 -4.0 -4.0 0.0 0.0 -2.0 0.0 0.0 -1.0 -3.0 -2.0 -4.0 -2.0 -1.0 -2.0 -1.0 -2.0 0.0 -1.0 0.0 -1.0 -4.0 -3.0 -1.0 -1.0 0.0 -2.0 -3.0 -3.0 -1.0 -1.0 -1.0 -3.0 -4.0 -3.0 -4.0 -3.0 -1.0 
-3.0 -1.0 0.0 -4.0 -3.0 -3.0 -2.0 -1.0 0.0 -1.0 -2.0 -4.0 133.0 -4.0 0.0 -4.0 -1.0 -1.0 -2.0 -3.0 -2.0 -1.0 -4.0 -2.0 -4.0 -4.0 -4.0 -4.0 0.0 0.0 0.0 0.0 -1.0 -2.0 -3.0 -3.0 -3.0 -3.0 0.0 -3.0 -3.0 -4.0 -1.0 -1.0 -3.0 0.0 -4.0 -4.0 -2.0 -2.0 -4.0 -3.0 0.0 -2.0 -4.0 -1.0 0.0 0.0 -2.0 -4.0 -1.0 -1.0 0.0 -2.0 -3.0 
-1.0 0.0 0.0 -2.0 -4.0 -3.0 -3.0 -3.0 -1.0 -3.0 -3.0 0.0 -4.0 121.0 -4.0 -4.0 0.0 -1.0 -3.0 -1.0 -2.0 -2.0 0.0 -1.0 -1.0 -4.0 -3.0 -2.0 -2.0 0.0 -4.0 -3.0 -3.0 -2.0 -4.0 -3.0 -2.0 -1.0 -3.0 0.0 -2.0 0.0 -1.0 0.0 0.0 -3.0 0.0 -3.0 -1.0 -3.0 -1.0 0.0 -1.0 -2.0 -1.0 0.0 -4.0 -4.0 -1.0 -2.0 -3.0 -3.0 0.0 -2.0 -2.0 
-2.0 -4.0 0.0 -3.0 -1.0 -4.0 0.0 -2.0 -3.0 -4.0 -3.0 -4.0 -2.0 -3.0 141.0 -4.0 -4.0 -2.0 -4.0 -2.0 -4.0 -3.0 0.0 0.0 -2.0 0.0 -1.0 -2.0 0.0 -1.0 -4.0 -2.0 -2.0 -2.0 -1.0 -1.0 -3.0 -4.0 0.0 -3.0 -3.0 -3.0 -2.0 -1.0 0.0 -4.0 0.0 -3.0 -3.0 -2.0 0.0 -2.0 -1.0 -3.0 -4.0 -3.0 -2.0 -3.0 -4.0 -3.0 -2.0 -2.0 0.0 -1.0 -4.0 
0.0 0.0 -2.0 -3.0 0.0 -4.0 -4.0 -2.0 -3.0 0.0 -4.0 -2.0 -1.0 -4.0 -3.0 134.0 0.0 -3.0 -3.0 -4.0 -1.0 -2.0 -1.0 -2.0 -4.0 0.0 0.0 -3.0 -4.0 0.0 -2.0 -2.0 -2.0 -4.0 -1.0 -3.0 -2.0 -3.0 -3.0 -1.0 0.0 0.0 -2.0 -3.0 -3.0 -2.0 -1.0 -3.0 -4.0 -2.0 -3.0 -1.0 0.0 -3.0 -2.0 -1.0 0.0 -3.0 -4.0 -3.0 -2.0 -4.0 -3.0 -2.0 -1.0 
-1.0 -3.0 -2.0 -3.0 -2.0 -2.0 -1.0 0.0 -4.0 -1.0 -4.0 -4.0 -1.0 -1.0 -1.0 -4.0 130.0 -4.0 -2.0 -4.0 -4.0 0.0 -2.0 -2.0 0.0 -2.0 -1.0 -1.0 -1.0 -3.0 -4.0 0.0 -3.0 0.0 0.0 0.0 0.0 -3.0 -2.0 -3.0 -4.0 0.0 -4.0 -4.0 -2.0 -3.0 -4.0 -4.0 -2.0 -4.0 -2.0 -1.0 -2.0 -2.0 0.0 -2.0 0.0 -1.0 -1.0 -1.0 -4.0 0.0 -3.0 -2.0 -3.0 
0.0 -3.0 -2.0 -4.0 0.0 -2.0 -2.0 0.0 -3.0 -2.0 0.0 0.0 -3.0 -3.0 0.0 0.0 -3.0 126.0 -2.0 -1.0 -4.0 -2.0 -3.0 -3.0 -1.0 -3.0 0.0 -4.0 -1.0 -1.0 -4.0 -2.0 0.0 -1.0 -3.0 -3.0 -1.0 -1.0 -3.0 -2.0 -2.0 -1.0 -1.0 -4.0 -3.0 -2.0 -2.0 -4.0 -1.0 -2.0 -4.0 -1.0 -3.0 -4.0 -2.0 -4.0 -1.0 0.0 -3.0 0.0 -2.0 -3.0 0.0 -4.0 -1.0 
-2.0 0.0 -1.0 0.0 -1.0 -1.0 -4.0 -2.0 -3.0 0.0 -1.0 -2.0 -3.0 -2.0 0.0 -2.0 -4.0 -1.0 115.0 -2.0 -2.0 -2.0 -4.0 -2.0 -3.0 -3.0 0.0 -4.0 -4.0 -2.0 0.0 -1.0 -1.0 0.0 -3.0 -2.0 -1.0 0.0 -1.0 0.0 -1.0 -1.0 0.0 -4.0 0.0 -3.0 -3.0 -1.0 -3.0 0.0 -1.0 -2.0 -1.0 -4.0 -3.0 -2.0 -2.0 -3.0 -2.0 0.0 -3.0 -3.0 -4.0 -1.0 -2.0 
-4.0 -1.0 -1.0 -2.0 -4.0 -3.0 -3.0 -3.0 -2.0 -2.0 0.0 0.0 -3.0 0.0 -4.0 -3.0 -3.0 -2.0 -4.0 142.0 -2.0 -4.0 -3.0 -1.0 0.0 -4.0 -1.0 -3.0 -4.0 -1.0 -1.0 -4.0 -3.0 -1.0 -3.0 -1.0 0.0 -1.0 -3.0 -2.0 -4.0 -3.0 -1.0 -3.0 -3.0 0.0 -4.0 -4.0 -3.0 -3.0 -4.0 -4.0 0.0 0.0 -3.0 -3.0 -2.0 -3.0 -1.0 0.0 -3.0 0.0 -2.0 0.0 -3.0 
-1.0 -2.0 -1.0 -4.0 0.0 -1.0 0.0 0.0 -2.0 0.0 -4.0 -3.0 -2.0 -4.0 -4.0 0.0 -2.0 -3.0 -4.0 -1.0 120.0 -3.0 0.0 0.0 -1.0 -1.0 0.0 0.0 -1.0 -3.0 -3.0 -4.0 -2.0 -4.0 -1.0 -1.0 -1.0 -2.0 0.0 -2.0 -3.0 0.0 -1.0 -4.0 -4.0 -3.0 0.0 0.0 -3.0 -4.0 -3.0 -1.0 -1.0 -2.0 -2.0 -1.0 -3.0 -3.0 -3.0 -4.0 -1.0 -1.0 -2.0 -3.0 -1.0 
0.0 -4.0 0.0 -1.0 -3.0 -2.0 -1.0 -3.0 -3.0 -4.0 -4.0 -1.0 0.0 -4.0 -4.0 -3.0 -4.0 0.0 -3.0 -3.0 -3.0 135.0 -4.0 -2.0 -4.0 -1.0 0.0 -1.0 -2.0 -4.0 0.0 -3.0 -3.0 -3.0 -3.0 -1.0 -1.0 -3.0 -1.0 -1.0 -3.0 -2.0 -4.0 -3.0 -3.0 -2.0 0.0 -1.0 -3.0 0.0 -4.0 -2.0 -2.0 -4.0 0.0 -4.0 -1.0 -1.0 0.0 -3.0 -1.0 0.0 -4.0 -1.0 0.0 
-2.0 -3.0 -4.0 -3.0 -1.0 -1.0 -1.0 -2.0 -1.0 -3.0 -3.0 -4.0 -4.0 -1.0 0.0 -1.0 -1.0 -3.0 -4.0 -1.0 -1.0 -4.0 125.0 0.0 -3.0 -3.0 -3.0 -2.0 0.0 -1.0 -4.0 -3.0 -4.0 0.0 -1.0 -1.0 -4.0 -3.0 -3.0 -1.0 0.0 -1.0 -2.0 -4.0 0.0 -1.0 0.0 -4.0 -2.0 -4.0 -2.0 0.0 -2.0 -3.0 0.0 -3.0 0.0 -2.0 -4.0 0.0 -1.0 -1.0 0.0 -1.0 -4.0 
-1.0 -4.0 -4.0 0.0 -4.0 -3.0 -3.0 -1.0 0.0 -2.0 0.0 -2.0 -1.0 0.0 -2.0 -1.0 -4.0 -3.0 -1.0 -4.0 -1.0 0.0 -2.0 130.0 0.0 -3.0 -1.0 -1.0 -2.0 -4.0 -1.0 0.0 0.0 -3.0 0.0 -4.0 -2.0 -3.0 -2.0 -3.0 -2.0 -4.0 -1.0 -2.0 -2.0 -3.0 -2.0 -4.0 -1.0 -4.0 -2.0 -2.0 -3.0 -2.0 -4.0 0.0 -3.0 -2.0 -1.0 0.0 -3.0 -3.0 -2.0 -2.0 -4.0 
-4.0 -4.0 -1.0 0.0 -3.0 -1.0 -1.0 -3.0 -3.0 -1.0 -3.0 -4.0 -2.0 -3.0 -4.0 -2.0 0.0 -1.0 -4.0 0.0 -4.0 -4.0 -4.0 -2.0 132.0 0.0 -2.0 -2.0 -3.0 -2.0 -4.0 -2.0 -4.0 -3.0 -2.0 0.0 0.0 -1.0 -2.0 -1.0 -4.0 0.0 -1.0 -2.0 -1.0 0.0 -4.0 0.0 -4.0 -3.0 -3.0 -1.0 -1.0 -2.0 -4.0 0.0 -1.0 -1.0 0.0 -4.0 -2.0 -4.0 -1.0 -1.0 -2.0 
0.0 -4.0 0.0 -3.0 -4.0 -3.0 0.0 -1.0 0.0 -2.0 -2.0 0.0 -4.0 -3.0 -3.0 -3.0 0.0 -4.0 -2.0 -2.0 -1.0 -4.0 -3.0 -3.0 0.0 133.0 -3.0 -1.0 -4.0 0.0 0.0 -4.0 -3.0 -4.0 -4.0 -3.0 -1.0 -3.0 -2.0 -3.0 -4.0 -4.0 -3.0 0.0 -2.0 -4.0 -1.0 0.0 -1.0 -1.0 0.0 -3.0 -1.0 0.0 -2.0 -4.0 -3.0 0.0 -4.0 -2.0 -2.0 0.0 0.0 -4.0 -2.0 
-4.0 -2.0 -2.0 -3.0 0.0 0.0 -4.0 -3.0 0.0 -3.0 -2.0 -1.0 -2.0 -3.0 -2.0 -1.0 0.0 0.0 -2.0 -4.0 -4.0 -3.0 -3.0 -1.0 0.0 -1.0 137.0 0.0 -3.0 -2.0 -3.0 -4.0 0.0 -4.0 -2.0 -3.0 -4.0 -4.0 0.0 -1.0 0.0 -3.0 -1.0 -4.0 -4.0 -3.0 0.0 -1.0 -2.0 -4.0 -4.0 -3.0 -3.0 -3.0 -3.0 -2.0 -3.0 -1.0 -3.0 -2.0 -1.0 -1.0 -2.0 -1.0 -3.0 
-4.0 -1.0 -4.0 -3.0 -1.0 -4.0 -2.0 -3.0 0.0 -1.0 -4.0 -3.0 -1.0 -4.0 -1.0 -2.0 0.0 -2.0 -4.0 -3.0 -1.0 0.0 -3.0 -3.0 0.0 -1.0 0.0 122.0 -4.0 -1.0 -3.0 -4.0 -4.0 0.0 -1.0 -1.0 -2.0 -4.0 -1.0 0.0 -2.0 0.0 -1.0 -2.0 -3.0 -2.0 -3.0 -1.0 -4.0 -3.0 -2.0 0.0 0.0 -3.0 -4.0 0.0 -1.0 -3.0 -1.0 0.0 -3.0 0.0 -1.0 -2.0 -1.0 
-4.0 0.0 -4.0 -3.0 0.0 -2.0 -1.0 -3.0 -3.0 -1.0 -4.0 0.0 0.0 -2.0 -1.0 -4.0 0.0 -2.0 -2.0 -4.0 0.0 -3.0 -3.0 -4.0 -3.0 -1.0 -4.0 -2.0 124.0 -3.0 -1.0 -2.0 0.0 -4.0 -1.0 -2.0 -2.0 -1.0 -2.0 -4.0 -2.0 -1.0 -3.0 -2.0 -4.0 0.0 -1.0 -2.0 0.0 0.0 -3.0 0.0 -3.0 0.0 0.0 -2.0 -4.0 -1.0 -1.0 -2.0 -4.0 -3.0 -2.0 0.0 -2.0 
0.0 -4.0 -2.0 -4.0 -3.0 -4.0 -4.0 -1.0 -1.0 0.0 -2.0 -4.0 -3.0 0.0 -2.0 -3.0 -2.0 -4.0 -1.0 -1.0 -1.0 -3.0 -3.0 0.0 -1.0 -1.0 0.0 -3.0 -1.0 128.0 -1.0 -1.0 0.0 -2.0 0.0 -3.0 0.0 -1.0 -4.0 -1.0 -1.0 -2.0 -2.0 -4.0 -3.0 -1.0 -1.0 -4.0 -1.0 -4.0 -3.0 -4.0 -2.0 -4.0 -2.0 0.0 -3.0 -1.0 0.0 -3.0 -2.0 -3.0 -1.0 -2.0 -4.0 
-1.0 -3.0 -3.0 0.0 -2.0 -1.0 -1.0 -1.0 0.0 -4.0 -1.0 -3.0 -4.0 -4.0 -4.0 -4.0 -4.0 -1.0 -1.0 -4.0 -4.0 -3.0 0.0 -4.0 0.0 -1.0 -4.0 0.0 -1.0 -2.0 135.0 -1.0 -4.0 -4.0 0.0 -1.0 0.0 -3.0 0.0 -2.0 -1.0 0.0 -3.0 -1.0 0.0 -1.0 -4.0 -1.0 -4.0 -3.0 0.0 -4.0 -3.0 -4.0 -2.0 -3.0 -4.0 -2.0 -3.0 -2.0 -2.0 -2.0 0.0 -4.0 -2.0 
0.0 -2.0 -1.0 0.0 -1.0 0.0 -2.0 -2.0 -2.0 -4.0 -1.0 0.0 -3.0 0.0 -4.0 -2.0 0.0 0.0 -1.0 -4.0 0.0 -4.0 -4.0 -4.0 -2.0 -3.0 -1.0 -1.0 -1.0 -4.0 -3.0 109.0 -3.0 -3.0 -4.0 -2.0 -2.0 0.0 -3.0 0.0 0.0 -3.0 -3.0 -2.0 0.0 -3.0 0.0 -1.0 -2.0 -2.0 -4.0 -1.0 0.0 -3.0 -2.0 -2.0 0.0 -2.0 0.0 0.0 -2.0 -1.0 -1.0 -1.0 -1.0 
-2.0 -3.0 -4.0 0.0 0.0 -2.0 0.0 0.0 -2.0 0.0 -3.0 -2.0 -3.0 -3.0 -2.0 -1.0 -4.0 -4.0 -1.0 -4.0 0.0 -3.0 0.0 0.0 -3.0 -1.0 -4.0 -2.0 -3.0 -2.0 -4.0 -3.0 129.0 -4.0 -2.0 -3.0 0.0 -3.0 -1.0 -4.0 -2.0 -2.0 -3.0 0.0 -3.0 -3.0 0.0 -2.0 -1.0 -1.0 -2.0 -2.0 0.0 -1.0 -4.0 -4.0 -1.0 -2.0 0.0 0.0 -2.0 -2.0 -4.0 -4.0 -2.0 
0.0 -3.0 -2.0 -4.0 -1.0 -3.0 0.0 0.0 -2.0 -1.0 0.0 -1.0 -2.0 -3.0 0.0 -3.0 0.0 -3.0 -3.0 -1.0 -4.0 -2.0 -4.0 -2.0 -1.0 0.0 -1.0 -1.0 -1.0 0.0 -1.0 -4.0 -3.0 119.0 -1.0 -4.0 -1.0 -3.0 -3.0 0.0 -1.0 -2.0 -2.0 -4.0 -3.0 -2.0 0.0 -4.0 -3.0 0.0 -4.0 -2.0 -3.0 -3.0 -2.0 -4.0 -1.0 -2.0 -1.0 -2.0 0.0 0.0 -1.0 -2.0 -3.0 
-2.0 0.0 -4.0 -1.0 -4.0 -2.0 -2.0 -4.0 0.0 -1.0 -1.0 -1.0 -3.0 0.0 -1.0 0.0 0.0 -2.0 -1.0 -4.0 0.0 -1.0 -3.0 -3.0 -2.0 0.0 -4.0 -3.0 -1.0 0.0 -3.0 -2.0 -1.0 -2.0 126.0 -4.0 -3.0 -4.0 -3.0 0.0 -3.0 -4.0 -2.0 -3.0 -2.0 -3.0 -2.0 -3.0 0.0 0.0 -2.0 -2.0 0.0 0.0 -3.0 -1.0 -3.0 -2.0 -2.0 -2.0 -3.0 -4.0 -4.0 -2.0 -2.0 
-4.0 -4.0 -2.0 -1.0 0.0 -1.0 0.0 0.0 -1.0 0.0 -3.0 -4.0 0.0 -4.0 -4.0 -4.0 0.0 -4.0 -4.0 -1.0 -3.0 -1.0 -1.0 -2.0 0.0 -4.0 -4.0 -3.0 -2.0 -3.0 -3.0 -3.0 -4.0 0.0 -3.0 123.0 0.0 -3.0 -2.0 0.0 -4.0 -2.0 0.0 -4.0 -1.0 0.0 -3.0 0.0 0.0 0.0 -1.0 0.0 -4.0 -1.0 0.0 0.0 -1.0 -3.0 -4.0 0.0 -4.0 -3.0 -3.0 0.0 -3.0 
-4.0 -1.0 -2.0 -2.0 -2.0 -1.0 -2.0 -4.0 -1.0 -1.0 -3.0 0.0 -4.0 0.0 0.0 -3.0 -1.0 -2.0 -3.0 -4.0 -2.0 -2.0 -4.0 -4.0 -1.0 -3.0 -4.0 -1.0 -4.0 -1.0 0.0 0.0 -2.0 -2.0 -2.0 -3.0 136.0 -2.0 0.0 -2.0 -4.0 0.0 -1.0 -4.0 -1.0 0.0 -1.0 -3.0 -3.0 -4.0 0.0 0.0 -4.0 -4.0 -4.0 -4.0 -2.0 -2.0 -2.0 -3.0 -1.0 -1.0 -1.0 -4.0 -4.0 
0.0 -1.0 -3.0 -3.0 0.0 0.0 -1.0 0.0 -3.0 -4.0 0.0 -3.0 -3.0 -1.0 -1.0 -1.0 -1.0 -1.0 -4.0 -2.0 -1.0 0.0 -1.0 0.0 -3.0 -3.0 0.0 -4.0 -4.0 -4.0 -1.0 -1.0 -2.0 0.0 -1.0 -1.0 0.0 118.0 -3.0 -2.0 -2.0 -3.0 -3.0 -1.0 -4.0 -2.0 -4.0 0.0 -2.0 -1.0 -4.0 -1.0 -2.0 -2.0 -2.0 -3.0 -1.0 -2.0 -3.0 -1.0 -4.0 -3.0 -3.0 0.0 -2.0 
-2.0 -1.0 -2.0 0.0 0.0 -2.0 -1.0 -2.0 -3.0 -4.0 0.0 -3.0 -1.0 -4.0 -2.0 0.0 -1.0 -4.0 -4.0 -1.0 -3.0 -4.0 -2.0 0.0 -2.0 -4.0 -3.0 -4.0 0.0 0.0 -4.0 -3.0 -2.0 0.0 0.0 -2.0 -4.0 -3.0 120.0 0.0 0.0 -2.0 -1.0 -4.0 -1.0 -3.0 -2.0 0.0 -1.0 -3.0 -3.0 0.0 -1.0 0.0 -4.0 0.0 -1.0 -3.0 -4.0 -1.0 -2.0 -1.0 -4.0 0.0 -2.0 
-2.0 0.0 -2.0 0.0 -3.0 -3.0 -1.0 -4.0 -1.0 -4.0 -2.0 -4.0 -3.0 -3.0 -2.0 -2.0 -4.0 -1.0 -4.0 -2.0 -3.0 -4.0 -1.0 0.0 0.0 -2.0 -3.0 0.0 0.0 -4.0 0.0 -1.0 -3.0 0.0 0.0 0.0 -2.0 -4.0 -4.0 135.0 0.0 -3.0 0.0 -1.0 -4.0 -4.0 -2.0 -4.0 -2.0 0.0 -3.0 -2.0 -1.0 -2.0 -2.0 -2.0 -3.0 -3.0 -3.0 -2.0 -3.0 -4.0 -3.0 -4.0 0.0 
-1.0 -4.0 -1.0 -1.0 -2.0 -3.0 -2.0 -2.0 0.0 -1.0 -3.0 0.0 -4.0 -2.0 -3.0 -4.0 -1.0 -3.0 -2.0 -2.0 -3.0 -2.0 -1.0 0.0 -4.0 -1.0 -1.0 -1.0 -1.0 -2.0 -2.0 -3.0 -1.0 -3.0 -3.0 -3.0 -1.0 -4.0 0.0 -1.0 132.0 -2.0 -4.0 -4.0 0.0 -2.0 -4.0 -1.0 0.0 -1.0 -3.0 0.0 -1.0 -4.0 -3.0 -2.0 -2.0 -3.0 -2.0 0.0 -4.0 -4.0 -4.0 -4.0 0.0 
-4.0 0.0 0.0 -2.0 0.0 -4.0 -2.0 -2.0 -2.0 -1.0 0.0 -4.0 -2.0 -3.0 0.0 -3.0 -1.0 -3.0 -4.0 -3.0 -3.0 -3.0 -4.0 -4.0 -4.0 -4.0 -3.0 -4.0 0.0 0.0 -1.0 -3.0 -3.0 -3.0 -1.0 -4.0 -4.0 -1.0 -2.0 -3.0 -3.0 140.0 -4.0 -4.0 -2.0 -1.0 -4.0 -3.0 0.0 -4.0 0.0 -2.0 -1.0 -1.0 -2.0 -4.0 0.0 0.0 -2.0 -3.0 -1.0 0.0 0.0 -1.0 -4.0 
-1.0 -1.0 -2.0 -1.0 -4.0 -4.0 -4.0 -2.0 0.0 -2.0 -3.0 -4.0 -2.0 0.0 -2.0 -2.0 -1.0 -4.0 0.0 0.0 -4.0 0.0 -2.0 0.0 0.0 -4.0 -1.0 0.0 -1.0 0.0 -1.0 -2.0 -4.0 -1.0 -3.0 -1.0 -2.0 -1.0 -1.0 -4.0 0.0 0.0 116.0 -2.0 -4.0 -3.0 -1.0 -4.0 0.0 -2.0 -1.0 -2.0 -3.0 -4.0 -4.0 0.0 0.0 -1.0 0.0 -3.0 -2.0 -3.0 -4.0 -2.0 0.0 
-2.0 -3.0 -2.0 0.0 -2.0 -3.0 -4.0 -3.0 -3.0 -2.0 -3.0 -4.0 -3.0 -2.0 -3.0 -3.0 -1.0 0.0 -1.0 0.0 -2.0 -2.0 -4.0 -1.0 -2.0 0.0 0.0 0.0 -2.0 -1.0 -2.0 -1.0 -1.0 -4.0 -3.0 -3.0 0.0 -2.0 -2.0 -4.0 -4.0 0.0 -3.0 136.0 0.0 -2.0 -3.0 -4.0 -1.0 -4.0 -1.0 -4.0 0.0 -4.0 -1.0 -3.0 -1.0 -3.0 -3.0 0.0 -3.0 -4.0 -4.0 0.0 -4.0 
-3.0 -1.0 -3.0 0.0 -1.0 -3.0 -3.0 -4.0 0.0 0.0 -2.0 -2.0 -4.0 -4.0 -2.0 0.0 -3.0 -2.0 -4.0 -1.0 -3.0 -4.0 -1.0 -1.0 -2.0 -2.0 -2.0 -1.0 -4.0 -2.0 -4.0 0.0 -3.0 -4.0 -2.0 -4.0 -4.0 -2.0 -1.0 -1.0 0.0 -4.0 0.0 0.0 127.0 -4.0 -3.0 -2.0 -4.0 0.0 -3.0 -2.0 0.0 0.0 0.0 -2.0 0.0 0.0 -3.0 -4.0 -2.0 -1.0 -4.0 0.0 0.0 
0.0 -4.0 -3.0 0.0 -3.0 -3.0 -3.0 -1.0 -2.0 -3.0 -2.0 -1.0 -3.0 -2.0 0.0 -2.0 0.0 -1.0 -2.0 -3.0 0.0 0.0 -1.0 -1.0 0.0 0.0 0.0 -4.0 -2.0 -4.0 -2.0 0.0 -1.0 -2.0 -3.0 -3.0 -1.0 -3.0 -1.0 -1.0 -1.0 0.0 0.0 -3.0 -3.0 110.0 -4.0 0.0 -3.0 0.0 -2.0 0.0 -4.0 0.0 -4.0 -4.0 -3.0 -4.0 -4.0 0.0 -2.0 0.0 -1.0 0.0 -1.0 
-3.0 -3.0 -3.0 -2.0 -4.0 -2.0 -1.0 -4.0 -4.0 -3.0 -3.0 -2.0 -3.0 -1.0 -1.0 0.0 -1.0 0.0 -2.0 -3.0 -4.0 -1.0 -2.0 -3.0 -2.0 -1.0 0.0 -1.0 0.0 -1.0 0.0 -3.0 -2.0 -4.0 -4.0 -2.0 -2.0 -3.0 -1.0 -4.0 -1.0 -3.0 -2.0 -1.0 -3.0 -3.0 138.0 -1.0 -3.0 -4.0 -2.0 -4.0 -4.0 -3.0 -3.0 -3.0 0.0 -3.0 -1.0 -4.0 0.0 -4.0 0.0 -1.0 0.0 
-4.0 -1.0 0.0 0.0 -3.0 -3.0 -2.0 -3.0 -1.0 0.0 0.0 -3.0 -2.0 0.0 -1.0 -2.0 -2.0 -4.0 -1.0 -2.0 0.0 -1.0 -3.0 -3.0 -3.0 -2.0 -3.0 -4.0 -4.0 -1.0 -3.0 0.0 0.0 -1.0 0.0 0.0 -1.0 -4.0 -2.0 0.0 -4.0 -2.0 0.0 -3.0 -1.0 -2.0 -4.0 114.0 -1.0 -2.0 -4.0 0.0 -4.0 -4.0 -3.0 0.0 -2.0 -3.0 -1.0 -2.0 0.0 0.0 0.0 -2.0 -1.0 
-2.0 -2.0 -3.0 -1.0 -2.0 -4.0 -4.0 -2.0 0.0 -4.0 -2.0 -1.0 -4.0 -2.0 -3.0 -2.0 -1.0 0.0 -1.0 -1.0 0.0 0.0 -4.0 -2.0 -3.0 -3.0 -2.0 0.0 -3.0 -1.0 -3.0 0.0 -3.0 -2.0 0.0 -1.0 0.0 -1.0 -1.0 -1.0 -4.0 0.0 -3.0 -2.0 -4.0 -4.0 -2.0 -1.0 123.0 -3.0 -2.0 -1.0 -4.0 -3.0 -4.0 -2.0 -3.0 0.0 0.0 -2.0 -1.0 -3.0 -3.0 0.0 -1.0 
-1.0 -1.0 -4.0 0.0 0.0 -1.0 -4.0 -2.0 -3.0 0.0 -3.0 -2.0 -3.0 -3.0 -3.0 0.0 -1.0 -1.0 -2.0 -1.0 -4.0 0.0 -4.0 -3.0 0.0 -3.0 -4.0 0.0 -4.0 -4.0 -1.0 -1.0 -1.0 -3.0 -4.0 -3.0 -1.0 -3.0 -1.0 -1.0 -2.0 0.0 -1.0 -1.0 -4.0 0.0 -2.0 -1.0 -2.0 130.0 -3.0 -4.0 -2.0 -3.0 -2.0 -4.0 -2.0 -4.0 -1.0 -1.0 -3.0 -2.0 -2.0 0.0 -4.0 
-3.0 -1.0 -3.0 -3.0 -4.0 -3.0 -1.0 -3.0 0.0 -3.0 -2.0 -4.0 -3.0 -4.0 -3.0 -2.0 0.0 -4.0 -3.0 -3.0 -3.0 0.0 -4.0 -4.0 -2.0 -4.0 -4.0 -2.0 -2.0 -2.0 0.0 -4.0 -1.0 -2.0 -3.0 0.0 -3.0 -2.0 0.0 -1.0 -3.0 -3.0 -4.0 -4.0 -1.0 0.0 -4.0 -3.0 0.0 0.0 151.0 0.0 -4.0 -4.0 -3.0 -4.0 -3.0 -3.0 -2.0 -2.0 -3.0 0.0 -2.0 0.0 -4.0 
-1.0 -2.0 -4.0 -1.0 -2.0 -1.0 -1.0 -4.0 0.0 0.0 -2.0 0.0 -1.0 -4.0 -4.0 -3.0 -2.0 0.0 -4.0 -1.0 0.0 -2.0 -2.0 -1.0 -4.0 0.0 -1.0 -3.0 -3.0 -3.0 -2.0 -4.0 0.0 -4.0 -4.0 0.0 -4.0 -4.0 -1.0 -4.0 0.0 0.0 0.0 -1.0 -4.0 -2.0 -3.0 -4.0 -1.0 -1.0 -3.0 124.0 -1.0 0.0 -2.0 -1.0 -2.0 -4.0 0.0 0.0 -3.0 -1.0 0.0 -4.0 -4.0 
-3.0 -4.0 -2.0 0.0 -4.0 -2.0 -3.0 -2.0 -3.0 -2.0 -4.0 -4.0 -3.0 -3.0 -1.0 -1.0 -4.0 -4.0 0.0 -4.0 -1.0 -4.0 -2.0 -3.0 -4.0 -1.0 -3.0 -1.0 -4.0 -1.0 0.0 0.0 -2.0 -3.0 -3.0 -1.0 -2.0 0.0 -4.0 -4.0 -3.0 -4.0 -2.0 -1.0 -1.0 0.0 -2.0 -3.0 -4.0 -4.0 0.0 -4.0 150.0 -1.0 -1.0 -3.0 -1.0 -2.0 -2.0 -4.0 -4.0 -2.0 -1.0 -4.0 -1.0 
-3.0 -3.0 0.0 -1.0 -2.0 -3.0 -4.0 0.0 -3.0 -1.0 -2.0 -3.0 -3.0 -4.0 0.0 -4.0 -2.0 -1.0 -3.0 -4.0 -4.0 -3.0 -4.0 -2.0 0.0 -1.0 -3.0 -1.0 -1.0 -2.0 -1.0 0.0 -4.0 -1.0 -2.0 -2.0 -1.0 -2.0 -1.0 -1.0 -4.0 -3.0 -3.0 -1.0 -2.0 -3.0 -3.0 -4.0 -2.0 -3.0 0.0 -1.0 -4.0 141.0 -1.0 -4.0 -2.0 -4.0 -2.0 -1.0 -1.0 -3.0 -2.0 -2.0 -4.0 
-1.0 -4.0 -3.0 -4.0 -4.0 -2.0 -1.0 -2.0 -2.0 0.0 -1.0 -4.0 -3.0 -2.0 0.0 -2.0 -2.0 -1.0 0.0 -1.0 -3.0 -3.0 -4.0 -1.0 -2.0 -4.0 -1.0 -2.0 -4.0 0.0 -2.0 -1.0 0.0 -1.0 -3.0 0.0 -3.0 0.0 0.0 -3.0 -1.0 -4.0 -3.0 -2.0 -1.0 0.0 -2.0 -3.0 -3.0 -2.0 -1.0 -3.0 -4.0 0.0 119.0 0.0 -4.0 -1.0 -3.0 0.0 -1.0 0.0 -1.0 -4.0 0.0 
-4.0 -2.0 -1.0 -1.0 -1.0 -2.0 -2.0 0.0 -1.0 0.0 0.0 -2.0 -3.0 -3.0 -3.0 -4.0 -4.0 -1.0 0.0 -1.0 0.0 -1.0 -1.0 -4.0 -1.0 -2.0 -3.0 0.0 0.0 0.0 -2.0 -1.0 0.0 0.0 -2.0 -1.0 -4.0 -2.0 -3.0 -4.0 0.0 -3.0 -1.0 -2.0 -3.0 0.0 -3.0 -2.0 0.0 -3.0 0.0 -2.0 -2.0 -2.0 -3.0 112.0 -4.0 -4.0 -2.0 0.0 -2.0 -1.0 -2.0 -3.0 -2.0 
-3.0 -4.0 -3.0 -4.0 -1.0 -2.0 -4.0 -2.0 -2.0 0.0 0.0 0.0 -4.0 -2.0 -3.0 -1.0 -1.0 0.0 -3.0 0.0 -2.0 -2.0 -3.0 -2.0 -1.0 -1.0 -1.0 -4.0 -2.0 0.0 -4.0 -4.0 0.0 0.0 -2.0 -4.0 -4.0 -3.0 -2.0 0.0 -3.0 -1.0 -1.0 0.0 -2.0 -4.0 0.0 0.0 -4.0 -1.0 0.0 -2.0 0.0 0.0 -3.0 -4.0 127.0 -4.0 -2.0 0.0 -3.0 -1.0 -4.0 -4.0 -4.0 
-1.0 -4.0 -3.0 -1.0 -1.0 -3.0 -2.0 -3.0 -1.0 -4.0 -3.0 -2.0 -2.0 -2.0 -1.0 0.0 -2.0 0.0 -3.0 -1.0 -4.0 0.0 -4.0 -4.0 0.0 -2.0 -3.0 -1.0 -2.0 -1.0 -3.0 -2.0 -4.0 -4.0 -2.0 0.0 -3.0 -2.0 -1.0 0.0 -3.0 -4.0 -3.0 -2.0 -4.0 -2.0 0.0 0.0 -2.0 -1.0 -2.0 -2.0 0.0 -1.0 -2.0 -2.0 -1.0 131.0 -4.0 -3.0 0.0 -4.0 -4.0 -2.0 -2.0 
-1.0 -1.0 0.0 0.0 -1.0 -4.0 -3.0 -2.0 0.0 -2.0 -4.0 -1.0 -2.0 -2.0 -3.0 -2.0 -4.0 -1.0 -1.0 -1.0 0.0 0.0 -1.0 -2.0 -2.0 -1.0 -4.0 -1.0 0.0 -2.0 -2.0 0.0 -3.0 0.0 -4.0 -1.0 -2.0 0.0 -3.0 0.0 0.0 0.0 0.0 0.0 0.0 0.0 -3.0 -2.0 -2.0 -4.0 -4.0 -1.0 -2.0 -2.0 -3.0 -1.0 0.0 -1.0 101.0 -3.0 0.0 0.0 -4.0 -3.0 -3.0 
-4.0 0.0 0.0 0.0 -1.0 -4.0 -4.0 -4.0 -4.0 -4.0 -4.0 -2.0 -3.0 -1.0 -2.0 -1.0 0.0 -4.0 -3.0 -1.0 -4.0 0.0 -2.0 0.0 0.0 -2.0 -4.0 -3.0 -3.0 0.0 -1.0 0.0 -3.0 -4.0 -2.0 -3.0 -2.0 -4.0 0.0 -3.0 -1.0 -1.0 -3.0 -4.0 -1.0 -1.0 0.0 -1.0 -3.0 -3.0 -3.0 -1.0 0.0 -2.0 0.0 -4.0 -2.0 -3.0 -2.0 133.0 -3.0 -3.0 -3.0 -2.0 -1.0 
-2.0 -3.0 -4.0 -4.0 -1.0 -1.0 -3.0 -1.0 -1.0 -3.0 -2.0 -2.0 0.0 -4.0 -2.0 -3.0 -3.0 0.0 -2.0 -4.0 0.0 -1.0 -1.0 -2.0 -2.0 0.0 -3.0 -4.0 -4.0 -2.0 -3.0 -2.0 -3.0 -2.0 -2.0 -2.0 0.0 -1.0 0.0 -1.0 0.0 -2.0 -1.0 -4.0 -4.0 -3.0 -4.0 -3.0 -3.0 0.0 -2.0 -4.0 -4.0 -4.0 0.0 -1.0 0.0 0.0 -2.0 0.0 128.0 -2.0 -4.0 0.0 -1.0 
-2.0 -1.0 -2.0 -2.0 -2.0 -3.0 -1.0 0.0 -2.0 -3.0 -3.0 -2.0 -4.0 -2.0 -4.0 -4.0 -1.0 -1.0 -4.0 -1.0 -2.0 -2.0 0.0 -3.0 -4.0 -2.0 -3.0 -1.0 -1.0 -1.0 -1.0 -3.0 -1.0 -2.0 -3.0 -2.0 -3.0 -4.0 -2.0 -2.0 -1.0 -2.0 -1.0 -3.0 -3.0 -1.0 0.0 -3.0 0.0 -3.0 -4.0 0.0 -3.0 -3.0 -2.0 -2.0 -2.0 -3.0 -3.0 -4.0 -1.0 139.0 -3.0 -4.0 -2.0 
-3.0 -2.0 -1.0 -4.0 0.0 0.0 -2.0 -4.0 -3.0 -3.0 0.0 -4.0 -4.0 -2.0 -3.0 -2.0 -4.0 -3.0 -2.0 -1.0 0.0 0.0 -1.0 -1.0 -4.0 -4.0 -3.0 -1.0 -1.0 -3.0 -2.0 -4.0 -1.0 0.0 -1.0 -1.0 -3.0 -3.0 -4.0 -3.0 0.0 -2.0 -2.0 -1.0 -4.0 -3.0 -1.0 -1.0 -1.0 -4.0 -4.0 -3.0 -3.0 -2.0 -3.0 0.0 -2.0 -2.0 -3.0 0.0 -2.0 0.0 134.0 0.0 -4.0 
-4.0 -2.0 -1.0 0.0 -3.0 -3.0 0.0 -4.0 -4.0 -1.0 -3.0 0.0 0.0 0.0 -3.0 -3.0 0.0 -2.0 -3.0 -3.0 -1.0 -1.0 -2.0 -2.0 -3.0 0.0 -3.0 -2.0 -3.0 -1.0 -1.0 -2.0 -3.0 -2.0 0.0 -2.0 0.0 0.0 -3.0 0.0 -3.0 0.0 -2.0 -2.0 -4.0 -3.0 0.0 -3.0 -2.0 -1.0 0.0 -2.0 0.0 -1.0 -1.0 -1.0 -4.0 0.0 0.0 -2.0 -2.0 0.0 -4.0 111.0 -4.0 
-3.0 -1.0 -1.0 -2.0 -3.0 -2.0 -2.0 -1.0 -3.0 0.0 -4.0 -2.0 -4.0 -2.0 -2.0 -4.0 -2.0 -3.0 -2.0 -1.0 -4.0 -4.0 -2.0 0.0 -3.0 0.0 -4.0 -4.0 -3.0 0.0 -3.0 -2.0 -3.0 -1.0 -1.0 -2.0 0.0 -3.0 -3.0 -2.0 -2.0 -1.0 -4.0 -1.0 -2.0 -4.0 -2.0 -4.0 -3.0 -4.0 -1.0 -4.0 -4.0 0.0 -2.0 -1.0 -2.0 -4.0 -3.0 0.0 -3.0 -1.0 -3.0 -3.0 146.0 
