147.0 -3.0 -2.0 -3.0 -2.0 -4.0 -1.0 -3.0 -3.0 -3.0 -3.0 -3.0 -4.0 -2.0 -4.0 -3.0 0.0 -3.0 -2.0 -4.0 -3.0 0.0 -4.0 -4.0 -4.0 -1.0 -4.0 -2.0 0.0 -4.0 -4.0 -2.0 0.0 -3.0 0.0 -3.0 -4.0 -4.0 -3.0 0.0 0.0 -3.0 -1.0 -4.0 -1.0 -4.0 -1.0 -4.0 0.0 -4.0 -1.0 -1.0 -2.0 -4.0 0.0 -2.0 0.0 0.0 -3.0 -4.0 -3.0 -4.0 -3.0 -3.0 -2.0 -1.0 -3.0 -1.0 -4.0 -3.0 -3.0 -1.0 0.0 0.0 -2.0 -4.0 0.0 -3.0 0.0 0.0 -1.0 -4.0 -2.0 0.0 -2.0 -1.0 -2.0 -3.0 -4.0 -4.0 -4.0 0.0 -4.0 -3.0 -3.0 -4.0 -1.0 -3.0 -1.0 0.0 -2.0 0.0 -2.0 0.0 -2.0 -4.0 -4.0 -1.0 -4.0 -4.0 -3.0 -4.0 -1.0 -2.0 -2.0 
-3.0 241.0 -4.0 -3.0 -2.0 -3.0 -3.0 -2.0 -4.0 -4.0 -2.0 -3.0 0.0 -3.0 -3.0 0.0 0.0 -4.0 -1.0 -1.0 -4.0 -1.0 -3.0 -3.0 -2.0 0.0 -2.0 -1.0 -1.0 -3.0 -2.0 0.0 -4.0 -3.0 0.0 -3.0 0.0 0.0 0.0 0.0 -2.0 0.0 -3.0 0.0 -2.0 0.0 -4.0 0.0 -2.0 -3.0 -4.0 -3.0 -4.0 -3.0 -3.0 -3.0 -3.0 -3.0 -2.0 -3.0 0.0 -3.0 -4.0 0.0 -1.0 -2.0 0.0 -1.0 -1.0 -2.0 -2.0 -2.0 -2.0 0.0 -1.0 -3.0 -3.0 -4.0 -4.0 0.0 -3.0 -4.0 -1.0 -3.0 -4.0 -2.0 -2.0 -3.0 -3.0 -4.0 -3.0 -2.0 -3.0 -4.0 -1.0 -2.0 -2.0 0.0 -4.0 -1.0 -3.0 -1.0 0.0 -1.0 -2.0 -3.0 -3.0 0.0 -3.0 -2.0 -2.0 -2.0 -1.0 -4.0 -4.0 
-3.0 0.0 221.0 0.0 -1.0 0.0 -2.0 -3.0 -2.0 -4.0 -3.0 0.0 -2.0 -3.0 0.0 -1.0 -3.0 -1.0 -3.0 -2.0 -4.0 -2.0 -3.0 -1.0 -3.0 -3.0 -4.0 -3.0 -1.0 0.0 -4.0 0.0 -4.0 -3.0 -4.0 0.0 -1.0 0.0 -2.0 -4.0 -1.0 -2.0 -3.0 -1.0 -3.0 -1.0 -1.0 -2.0 -1.0 -4.0 -1.0 0.0 0.0 -3.0 -2.0 -4.0 -1.0 0.0 -3.0 -2.0 -1.0 -4.0 -1.0 -2.0 -3.0 -1.0 -4.0 -4.0 -1.0 0.0 -2.0 -1.0 -1.0 -3.0 -4.0 -2.0 -3.0 -1.0 -2.0 -1.0 0.0 -2.0 -4.0 -4.0 -1.0 -3.0 -4.0 -1.0 0.0 -1.0 -4.0 -2.0 -2.0 -2.0 -3.0 -1.0 0.0 -1.0 0.0 0.0 -3.0 -4.0 -2.0 0.0 -4.0 0.0 -4.0 -3.0 0.0 -1.0 0.0 -2.0 0.0 -4.0 -4.0 
-3.0 0.0 -1.0 244.0 -3.0 -2.0 -2.0 -4.0 -1.0 -4.0 -2.0 -2.0 -1.0 -3.0 -4.0 -1.0 -3.0 -4.0 -4.0 0.0 -1.0 0.0 0.0 0.0 -3.0 0.0 -4.0 -3.0 0.0 -1.0 -4.0 -1.0 -1.0 -2.0 -4.0 -1.0 0.0 -3.0 -3.0 -1.0 -3.0 0.0 -3.0 -1.0 -4.0 -4.0 -1.0 -3.0 -3.0 0.0 0.0 -2.0 -4.0 -1.0 -4.0 -1.0 -3.0 -4.0 -4.0 -3.0 -2.0 -3.0 -4.0 -3.0 -2.0 -3.0 -3.0 0.0 -3.0 -1.0 -3.0 -1.0 -3.0 -3.0 -1.0 -4.0 -2.0 -3.0 -1.0 -3.0 -3.0 0.0 -3.0 -1.0 -1.0 -2.0 -4.0 -4.0 -1.0 -3.0 0.0 -2.0 -4.0 0.0 -2.0 -3.0 -4.0 -4.0 -1.0 0.0 -3.0 -4.0 0.0 -4.0 0.0 -1.0 -4.0 -3.0 -1.0 -3.0 0.0 -2.0 -1.0 -3.0 -1.0 
-2.0 -4.0 -4.0 -2.0 213.0 0.0 0.0 -3.0 0.0 -1.0 -1.0 -2.0 -1.0 -3.0 -2.0 0.0 -3.0 0.0 0.0 -4.0 -1.0 -2.0 -3.0 -4.0 -3.0 0.0 -2.0 -1.0 -3.0 -2.0 -3.0 -2.0 0.0 -1.0 -1.0 0.0 -3.0 -1.0 -1.0 -4.0 -1.0 0.0 -1.0 -1.0 0.0 -1.0 -1.0 -2.0 -2.0 -1.0 -2.0 -3.0 -1.0 -3.0 -1.0 -3.0 -1.0 -3.0 -4.0 -1.0 -2.0 0.0 -4.0 0.0 -4.0 -2.0 -4.0 -3.0 0.0 -3.0 -1.0 -4.0 -1.0 -3.0 -4.0 -3.0 -3.0 0.0 -1.0 -2.0 -1.0 0.0 -1.0 0.0 -4.0 -2.0 -2.0 -3.0 0.0 -4.0 -1.0 -4.0 -3.0 -3.0 -2.0 -4.0 -1.0 -2.0 -4.0 0.0 -2.0 -1.0 -1.0 0.0 -2.0 0.0 -2.0 -4.0 -2.0 -1.0 -2.0 -3.0 0.0 -4.0 -3.0 
0.0 -3.0 -3.0 -1.0 0.0 213.0 -1.0 -1.0 0.0 0.0 0.0 -4.0 -3.0 0.0 0.0 -2.0 0.0 -3.0 -3.0 -3.0 -1.0 0.0 -3.0 -2.0 0.0 -3.0 0.0 -4.0 -1.0 0.0 0.0 0.0 -4.0 -2.0 -4.0 -4.0 0.0 -1.0 -1.0 -4.0 0.0 -4.0 -1.0 -4.0 -2.0 0.0 -2.0 -3.0 -4.0 -4.0 -2.0 -2.0 -4.0 -1.0 0.0 0.0 -4.0 -4.0 0.0 -2.0 0.0 -2.0 -1.0 0.0 0.0 -1.0 0.0 -2.0 -2.0 -2.0 -1.0 -1.0 -3.0 -1.0 -2.0 -3.0 -4.0 0.0 -4.0 -3.0 -3.0 -1.0 0.0 -1.0 -4.0 0.0 -3.0 -3.0 -3.0 -2.0 -4.0 -2.0 -1.0 -4.0 -1.0 0.0 -1.0 -2.0 -4.0 -3.0 -3.0 -4.0 -3.0 -2.0 -3.0 -1.0 -2.0 -2.0 -1.0 -2.0 -3.0 -3.0 -2.0 -2.0 -2.0 
-4.0 -1.0 -3.0 -2.0 -4.0 -1.0 225.0 -2.0 0.0 -3.0 0.0 -1.0 -1.0 -2.0 -1.0 -2.0 -1.0 -4.0 -3.0 0.0 -4.0 0.0 -3.0 0.0 -3.0 -3.0 0.0 -2.0 -3.0 -1.0 -3.0 -4.0 -1.0 -3.0 -3.0 -1.0 -4.0 -1.0 -2.0 -1.0 -4.0 -4.0 -3.0 -4.0 -2.0 -4.0 -2.0 -1.0 -1.0 -1.0 -2.0 -2.0 -1.0 -1.0 -2.0 -3.0 -4.0 0.0 0.0 -2.0 -1.0 0.0 -4.0 0.0 0.0 -4.0 -1.0 -4.0 -4.0 -1.0 -2.0 -2.0 -3.0 -4.0 0.0 0.0 0.0 -3.0 0.0 -3.0 -1.0 -2.0 -1.0 -1.0 0.0 -4.0 -4.0 0.0 -3.0 -3.0 -2.0 -1.0 0.0 0.0 -1.0 -2.0 -3.0 -3.0 -2.0 -2.0 -2.0 -3.0 0.0 0.0 0.0 -4.0 -3.0 -4.0 -2.0 -2.0 -2.0 -3.0 -3.0 -2.0 -4.0 
-1.0 -2.0 -2.0 -4.0 -2.0 -3.0 0.0 233.0 0.0 0.0 -2.0 -3.0 -2.0 -1.0 0.0 -2.0 -4.0 0.0 -1.0 -4.0 -1.0 -2.0 -2.0 -3.0 -4.0 0.0 0.0 -1.0 0.0 -2.0 -3.0 -1.0 -2.0 -1.0 -1.0 -3.0 -4.0 -4.0 -1.0 -3.0 -1.0 -3.0 -2.0 -1.0 0.0 -3.0 -4.0 -4.0 -1.0 -4.0 -4.0 0.0 0.0 -4.0 -3.0 -3.0 -4.0 -2.0 -1.0 -4.0 -1.0 -1.0 0.0 -4.0 -4.0 0.0 -2.0 -4.0 -2.0 -1.0 -3.0 -4.0 -2.0 -2.0 -4.0 -3.0 -1.0 -1.0 0.0 -4.0 -3.0 -2.0 -1.0 0.0 0.0 -4.0 -2.0 -2.0 -2.0 -2.0 -2.0 -1.0 -3.0 -3.0 0.0 0.0 -2.0 -4.0 -4.0 -4.0 -1.0 -1.0 -2.0 -1.0 0.0 0.0 -3.0 -3.0 -4.0 -3.0 -4.0 0.0 -3.0 -4.0 -1.0 
-3.0 -2.0 -1.0 -3.0 -2.0 -2.0 -3.0 -2.0 244.0 -4.0 0.0 -4.0 -2.0 -3.0 -3.0 0.0 -1.0 -3.0 0.0 -3.0 -4.0 0.0 -1.0 0.0 -4.0 -3.0 -4.0 -1.0 -2.0 -2.0 -3.0 -2.0 -4.0 -1.0 -3.0 -4.0 0.0 -3.0 0.0 -1.0 -2.0 -2.0 -2.0 -4.0 0.0 -2.0 -4.0 -2.0 -2.0 -3.0 -3.0 -4.0 -1.0 -3.0 -1.0 -1.0 -4.0 -3.0 0.0 -1.0 -1.0 -3.0 -3.0 -3.0 -3.0 0.0 -3.0 -2.0 0.0 -4.0 -3.0 -1.0 -1.0 0.0 -2.0 -3.0 -3.0 -4.0 -3.0 0.0 0.0 -1.0 -4.0 -4.0 0.0 -2.0 -4.0 -4.0 -3.0 0.0 -4.0 -4.0 -1.0 0.0 -2.0 -4.0 -4.0 -3.0 -3.0 0.0 -2.0 -4.0 -2.0 -1.0 -2.0 -4.0 -1.0 0.0 0.0 -2.0 -2.0 -3.0 -3.0 -2.0 0.0 
-3.0 -1.0 -2.0 0.0 -4.0 -4.0 -4.0 -2.0 -4.0 229.0 0.0 -3.0 -3.0 0.0 -1.0 -4.0 -2.0 0.0 0.0 -3.0 -2.0 -3.0 -3.0 -3.0 -1.0 -2.0 -1.0 -3.0 -1.0 -2.0 -1.0 -3.0 0.0 -3.0 -3.0 -2.0 0.0 -2.0 -3.0 -1.0 0.0 0.0 -1.0 -3.0 -1.0 -2.0 -2.0 -4.0 0.0 -4.0 -3.0 -3.0 -2.0 0.0 0.0 -2.0 -2.0 -2.0 -4.0 -1.0 -3.0 -2.0 -3.0 -1.0 -4.0 -1.0 -1.0 0.0 -3.0 -2.0 -4.0 -2.0 0.0 -3.0 -4.0 0.0 -4.0 0.0 0.0 -2.0 0.0 -3.0 -1.0 -2.0 0.0 -2.0 -4.0 -1.0 -3.0 0.0 -4.0 0.0 -3.0 -2.0 -3.0 -4.0 -3.0 -1.0 -3.0 -4.0 -3.0 0.0 -3.0 -4.0 -2.0 -2.0 -2.0 -1.0 0.0 -3.0 -4.0 -3.0 0.0 -1.0 -4.0 
-1.0 -1.0 -2.0 0.0 -1.0 -1.0 -4.0 -1.0 -2.0 0.0 218.0 -2.0 -4.0 -3.0 0.0 -2.0 0.0 -1.0 0.0 -1.0 -4.0 -3.0 -2.0 0.0 -1.0 -4.0 -1.0 -1.0 0.0 -4.0 -2.0 -2.0 -3.0 -1.0 0.0 -2.0 -2.0 -4.0 -1.0 -2.0 0.0 0.0 -1.0 -3.0 -4.0 0.0 -3.0 -1.0 -3.0 -1.0 -3.0 -4.0 -4.0 -2.0 -3.0 -1.0 -4.0 0.0 -4.0 -4.0 -3.0 -4.0 0.0 -1.0 0.0 -1.0 -4.0 0.0 -2.0 -1.0 -2.0 -2.0 -3.0 -3.0 -3.0 -1.0 -2.0 -1.0 -2.0 -4.0 -3.0 -3.0 -3.0 -3.0 -3.0 -1.0 -2.0 -1.0 0.0 -1.0 -2.0 -3.0 -2.0 -1.0 -2.0 -3.0 -2.0 0.0 -1.0 -4.0 0.0 0.0 -4.0 -4.0 -2.0 -2.0 -1.0 0.0 -2.0 0.0 -1.0 -4.0 -3.0 -2.0 -4.0 
-4.0 0.0 0.0 -3.0 -3.0 0.0 -1.0 0.0 -2.0 0.0 0.0 207.0 -3.0 0.0 0.0 -4.0 -1.0 -4.0 0.0 -3.0 -4.0 0.0 -3.0 -1.0 -2.0 -3.0 -3.0 -2.0 -2.0 -3.0 0.0 -1.0 -2.0 -4.0 0.0 0.0 0.0 -3.0 -3.0 -2.0 -3.0 0.0 -3.0 0.0 0.0 -2.0 -4.0 -3.0 -3.0 0.0 -3.0 -2.0 -1.0 -1.0 -2.0 0.0 -1.0 -2.0 0.0 -1.0 -3.0 -2.0 -1.0 -3.0 -3.0 -2.0 -3.0 -1.0 -4.0 -2.0 0.0 -4.0 -1.0 -1.0 -4.0 -3.0 0.0 -1.0 -1.0 -2.0 -4.0 0.0 -3.0 -2.0 -1.0 -2.0 -2.0 -1.0 0.0 -1.0 -3.0 0.0 0.0 -2.0 -4.0 -2.0 -4.0 -4.0 0.0 -1.0 0.0 -1.0 -3.0 -4.0 -2.0 -3.0 -1.0 -2.0 -2.0 -4.0 -3.0 -4.0 -1.0 -2.0 -1.0 
-3.0 -4.0 -2.0 -3.0 -3.0 -1.0 -4.0 -2.0 0.0 0.0 -4.0 0.0 243.0 -1.0 0.0 -1.0 -2.0 -4.0 -2.0 -3.0 -4.0 -2.0 0.0 -3.0 -2.0 0.0 -1.0 -4.0 -1.0 -1.0 -2.0 -3.0 -3.0 -1.0 0.0 -4.0 -4.0 -2.0 -1.0 -3.0 -3.0 -4.0 0.0 -3.0 -4.0 -3.0 -2.0 -3.0 -3.0 -2.0 -1.0 0.0 0.0 0.0 -1.0 -4.0 -1.0 -3.0 -4.0 -4.0 -4.0 0.0 -3.0 -3.0 -2.0 0.0 -1.0 -2.0 -4.0 -4.0 -2.0 -3.0 0.0 -2.0 -1.0 -4.0 -3.0 -4.0 -2.0 -3.0 -3.0 -4.0 -3.0 -2.0 0.0 -2.0 -3.0 -1.0 -4.0 -2.0 -1.0 -1.0 -3.0 -1.0 0.0 -4.0 -2.0 -1.0 -4.0 0.0 -1.0 -2.0 0.0 -3.0 -2.0 -2.0 0.0 -1.0 -4.0 -1.0 -4.0 -4.0 -3.0 -2.0 -1.0 
-1.0 -1.0 -2.0 -2.0 -1.0 -1.0 -4.0 -2.0 -1.0 -1.0 0.0 -4.0 -1.0 239.0 -1.0 -3.0 -2.0 -3.0 -2.0 -1.0 -1.0 0.0 0.0 -3.0 -3.0 -3.0 -1.0 0.0 -4.0 -4.0 -2.0 -2.0 0.0 -2.0 -2.0 -4.0 -1.0 -4.0 0.0 -1.0 -4.0 -4.0 -4.0 -1.0 0.0 -3.0 -1.0 -1.0 0.0 -4.0 -2.0 -2.0 -3.0 -3.0 0.0 -3.0 -4.0 -1.0 0.0 -2.0 -4.0 -3.0 -3.0 0.0 -2.0 -3.0 -1.0 -2.0 -4.0 -2.0 -4.0 -3.0 -3.0 -3.0 -4.0 -2.0 -2.0 -4.0 -3.0 -4.0 -3.0 -1.0 0.0 -4.0 -2.0 -4.0 -4.0 -1.0 -4.0 -4.0 -2.0 -3.0 0.0 0.0 -1.0 0.0 -4.0 -4.0 -3.0 -1.0 -1.0 -3.0 0.0 0.0 -3.0 0.0 0.0 0.0 -2.0 -3.0 -4.0 -4.0 0.0 -3.0 -3.0 
-2.0 -4.0 -3.0 -1.0 -4.0 -1.0 0.0 -3.0 -2.0 -4.0 -2.0 -3.0 -1.0 -4.0 219.0 -2.0 -2.0 -1.0 -4.0 -3.0 -1.0 0.0 -1.0 -1.0 -1.0 -4.0 0.0 0.0 -2.0 -3.0 0.0 -3.0 0.0 -4.0 -3.0 -1.0 0.0 -4.0 -4.0 -4.0 -1.0 -2.0 -2.0 -3.0 -1.0 0.0 -4.0 -1.0 -1.0 0.0 -4.0 -3.0 -3.0 -3.0 -2.0 -4.0 0.0 -1.0 -4.0 -4.0 -3.0 -3.0 -1.0 0.0 -2.0 -3.0 -4.0 0.0 -4.0 -2.0 -2.0 0.0 -1.0 -1.0 -2.0 -1.0 0.0 -1.0 -3.0 0.0 -3.0 -2.0 0.0 -1.0 0.0 -2.0 0.0 -2.0 -4.0 -1.0 0.0 -1.0 -3.0 -3.0 -3.0 -2.0 -4.0 0.0 0.0 0.0 -2.0 -1.0 0.0 -3.0 -3.0 0.0 -4.0 -1.0 -3.0 -4.0 -4.0 -1.0 -1.0 0.0 -3.0 
0.0 -1.0 -1.0 0.0 -1.0 -3.0 -1.0 -3.0 -3.0 0.0 0.0 -1.0 -2.0 -2.0 -3.0 221.0 -2.0 -1.0 -4.0 -4.0 -4.0 -4.0 -3.0 -4.0 0.0 -4.0 -4.0 0.0 -1.0 -1.0 -3.0 -3.0 -2.0 -2.0 0.0 -2.0 -2.0 -1.0 -3.0 -4.0 -3.0 -2.0 -4.0 -3.0 0.0 -3.0 -2.0 -1.0 0.0 -2.0 -4.0 -1.0 -3.0 0.0 -4.0 0.0 -1.0 -4.0 -1.0 0.0 -3.0 -3.0 0.0 0.0 -4.0 -1.0 -1.0 -1.0 0.0 -4.0 0.0 0.0 -3.0 0.0 -1.0 -4.0 -3.0 -1.0 -1.0 0.0 0.0 -3.0 -2.0 -1.0 -4.0 -4.0 -4.0 -2.0 -1.0 -1.0 -4.0 -4.0 -1.0 -3.0 -2.0 -1.0 0.0 0.0 -4.0 -2.0 -2.0 -2.0 -3.0 -2.0 -2.0 -4.0 -4.0 -4.0 -3.0 -1.0 -4.0 0.0 0.0 0.0 0.0 
-3.0 -4.0 -2.0 -3.0 -2.0 0.0 -3.0 0.0 -3.0 -4.0 -3.0 -4.0 0.0 0.0 -3.0 -4.0 245.0 -4.0 -1.0 -2.0 -3.0 -3.0 -3.0 -1.0 -1.0 0.0 -1.0 -2.0 -2.0 -2.0 -4.0 -2.0 -1.0 -3.0 -1.0 0.0 0.0 -2.0 -3.0 -1.0 0.0 -2.0 -4.0 -2.0 -4.0 0.0 0.0 -2.0 -4.0 -1.0 0.0 -2.0 -2.0 0.0 -2.0 -2.0 -3.0 -4.0 -2.0 -4.0 -3.0 -1.0 -2.0 -3.0 -4.0 -2.0 -3.0 -4.0 -4.0 -4.0 -2.0 -1.0 -3.0 -3.0 -3.0 -2.0 -3.0 -2.0 -4.0 0.0 -4.0 -2.0 -2.0 0.0 -1.0 -3.0 0.0 -3.0 -4.0 -4.0 -4.0 -2.0 0.0 -2.0 -2.0 -4.0 0.0 -4.0 -2.0 -2.0 -2.0 -1.0 -1.0 -3.0 -2.0 -3.0 -1.0 -2.0 -4.0 -2.0 -1.0 -1.0 0.0 -3.0 -1.0 
-2.0 -3.0 0.0 -1.0 0.0 0.0 -3.0 -2.0 -2.0 0.0 -4.0 -3.0 -1.0 -4.0 -1.0 -3.0 -3.0 227.0 -4.0 -4.0 0.0 -2.0 -4.0 -2.0 0.0 -1.0 -2.0 -4.0 -1.0 0.0 -3.0 -3.0 -3.0 -3.0 -1.0 -3.0 0.0 -4.0 -1.0 0.0 -2.0 -1.0 0.0 -4.0 -4.0 -4.0 0.0 -4.0 -1.0 0.0 -4.0 -3.0 0.0 0.0 -2.0 -1.0 -3.0 -1.0 -3.0 -2.0 0.0 -4.0 -1.0 0.0 -2.0 -4.0 -4.0 0.0 -4.0 -2.0 -3.0 0.0 0.0 0.0 -4.0 -2.0 -4.0 -3.0 -3.0 -3.0 -4.0 -3.0 -3.0 -4.0 -1.0 -3.0 -4.0 -2.0 -4.0 0.0 -4.0 -2.0 0.0 -2.0 -3.0 -1.0 0.0 -1.0 0.0 -2.0 -2.0 0.0 -2.0 -1.0 -2.0 -1.0 0.0 0.0 -4.0 -2.0 -3.0 -1.0 -1.0 -2.0 -4.0 
-2.0 -3.0 -3.0 -2.0 -2.0 0.0 -1.0 -1.0 0.0 -3.0 0.0 0.0 0.0 -3.0 0.0 -2.0 -3.0 -4.0 216.0 -3.0 -1.0 -1.0 -3.0 -4.0 -4.0 -2.0 0.0 -1.0 0.0 -2.0 -1.0 0.0 -1.0 -3.0 0.0 -4.0 -1.0 -3.0 0.0 0.0 -2.0 0.0 0.0 -3.0 0.0 0.0 -3.0 -4.0 -3.0 -1.0 -3.0 0.0 -4.0 -1.0 -1.0 -2.0 0.0 -2.0 -1.0 -3.0 -3.0 -1.0 0.0 -2.0 -2.0 -3.0 -4.0 -4.0 -1.0 -2.0 0.0 -3.0 -4.0 -4.0 -2.0 -2.0 -4.0 -2.0 -1.0 0.0 -3.0 -4.0 -4.0 -4.0 -2.0 -3.0 -2.0 -1.0 -1.0 -4.0 -2.0 -1.0 0.0 -2.0 0.0 -2.0 0.0 0.0 -2.0 -4.0 -4.0 0.0 -4.0 -4.0 -4.0 -1.0 -1.0 -3.0 -1.0 -4.0 -1.0 -4.0 -4.0 0.0 0.0 
0.0 0.0 -1.0 -2.0 -3.0 0.0 -4.0 0.0 0.0 -3.0 -2.0 -2.0 0.0 0.0 -2.0 -4.0 -1.0 -2.0 -4.0 212.0 0.0 -3.0 0.0 -3.0 -2.0 -2.0 -4.0 -3.0 -4.0 -2.0 -4.0 -1.0 -2.0 -4.0 -1.0 -2.0 0.0 -3.0 -2.0 0.0 -2.0 0.0 0.0 -2.0 -2.0 -4.0 -3.0 -4.0 -4.0 0.0 -1.0 -4.0 -1.0 -4.0 -3.0 0.0 -4.0 0.0 0.0 -1.0 -1.0 -2.0 -3.0 -1.0 -1.0 0.0 -1.0 -4.0 -2.0 -2.0 -4.0 -2.0 0.0 -1.0 -1.0 -2.0 -1.0 -1.0 -4.0 -2.0 0.0 -1.0 0.0 0.0 -4.0 -3.0 -2.0 -3.0 -1.0 -4.0 -4.0 -2.0 -4.0 -4.0 -3.0 0.0 -2.0 -3.0 -4.0 -1.0 -3.0 -1.0 0.0 -1.0 -3.0 0.0 0.0 -2.0 -1.0 -1.0 -2.0 -4.0 0.0 -3.0 0.0 
0.0 -3.0 -3.0 0.0 -1.0 0.0 -4.0 -1.0 0.0 0.0 -1.0 0.0 -2.0 0.0 0.0 0.0 0.0 -3.0 -4.0 -2.0 240.0 -4.0 -4.0 -3.0 -4.0 -4.0 -4.0 -4.0 -2.0 -2.0 -1.0 0.0 -3.0 -3.0 0.0 -4.0 -1.0 -4.0 0.0 -4.0 -3.0 -1.0 -4.0 0.0 0.0 -4.0 -1.0 -2.0 -2.0 -4.0 -4.0 0.0 -1.0 -2.0 -3.0 -3.0 -1.0 -1.0 -1.0 0.0 -3.0 -3.0 -4.0 -3.0 -4.0 -1.0 -1.0 -4.0 0.0 -4.0 -2.0 -2.0 -3.0 -2.0 -3.0 -4.0 -4.0 -1.0 0.0 -1.0 -4.0 -4.0 -2.0 -1.0 0.0 -4.0 -2.0 -1.0 0.0 -2.0 0.0 -3.0 -2.0 -4.0 -4.0 0.0 0.0 -1.0 -1.0 -4.0 -1.0 -3.0 -4.0 -3.0 -2.0 -1.0 -3.0 -2.0 -4.0 -3.0 -4.0 -4.0 0.0 -4.0 -2.0 
-3.0 -2.0 0.0 -3.0 -4.0 -3.0 -4.0 -1.0 -3.0 0.0 -2.0 -3.0 0.0 -2.0 -4.0 -4.0 0.0 -4.0 -2.0 -3.0 -2.0 215.0 -1.0 -1.0 -3.0 -3.0 -3.0 -2.0 -2.0 -3.0 -4.0 0.0 -2.0 0.0 -4.0 -2.0 0.0 -1.0 -2.0 -2.0 -3.0 -2.0 -4.0 -3.0 -4.0 -2.0 -1.0 -3.0 -4.0 0.0 -1.0 -2.0 -4.0 0.0 -3.0 -1.0 0.0 0.0 -4.0 0.0 -3.0 0.0 -1.0 0.0 0.0 -2.0 -3.0 0.0 0.0 0.0 0.0 -1.0 -4.0 -3.0 -2.0 -1.0 -2.0 -3.0 -2.0 0.0 -4.0 -2.0 0.0 -4.0 -2.0 0.0 -1.0 -3.0 -1.0 -1.0 -1.0 -3.0 -3.0 -1.0 -1.0 -4.0 -1.0 -1.0 -3.0 0.0 -1.0 -1.0 -4.0 0.0 -1.0 -2.0 -1.0 -3.0 -1.0 -2.0 -4.0 -3.0 -2.0 0.0 -2.0 
-4.0 -1.0 -3.0 0.0 -1.0 -3.0 -1.0 -1.0 -1.0 -4.0 0.0 -4.0 -2.0 -4.0 -4.0 -4.0 -4.0 -2.0 -2.0 0.0 -1.0 -1.0 236.0 -2.0 -2.0 -2.0 -1.0 0.0 -4.0 -4.0 0.0 -2.0 -2.0 -1.0 -2.0 -1.0 -1.0 0.0 -4.0 -1.0 -1.0 -3.0 -2.0 -2.0 -3.0 -4.0 -3.0 -3.0 -2.0 -2.0 -1.0 -4.0 -3.0 -3.0 -3.0 -1.0 -1.0 -1.0 0.0 -1.0 -1.0 -1.0 -1.0 0.0 -4.0 -4.0 0.0 -2.0 -4.0 -3.0 -3.0 -4.0 -2.0 -2.0 -3.0 -4.0 -1.0 0.0 0.0 0.0 -4.0 -4.0 -4.0 -4.0 -4.0 -3.0 -4.0 -2.0 0.0 -1.0 -2.0 -3.0 -2.0 -3.0 0.0 -4.0 -1.0 -2.0 0.0 -4.0 -1.0 -1.0 0.0 -1.0 -1.0 -3.0 -4.0 -3.0 -1.0 0.0 -2.0 -3.0 -2.0 -2.0 -3.0 
-4.0 -1.0 -2.0 -1.0 -3.0 -3.0 -2.0 -2.0 -1.0 0.0 -4.0 -3.0 0.0 -4.0 0.0 -4.0 -4.0 -3.0 0.0 0.0 -2.0 -1.0 -4.0 225.0 0.0 -2.0 -4.0 -4.0 -1.0 -1.0 -1.0 0.0 -4.0 -1.0 -3.0 -1.0 -4.0 -1.0 -4.0 -2.0 0.0 -3.0 -2.0 -2.0 -4.0 -2.0 0.0 -4.0 0.0 -2.0 -3.0 -2.0 -1.0 -3.0 -2.0 -2.0 0.0 -4.0 -1.0 -4.0 -3.0 -2.0 0.0 0.0 0.0 -1.0 -1.0 0.0 -4.0 -4.0 -1.0 0.0 -4.0 -4.0 -2.0 -1.0 -3.0 -1.0 0.0 -3.0 -1.0 -2.0 -1.0 -2.0 -4.0 -2.0 -1.0 -3.0 -4.0 -3.0 -4.0 0.0 -1.0 -2.0 -2.0 -1.0 -4.0 -3.0 -2.0 -2.0 0.0 -1.0 -4.0 0.0 -4.0 -3.0 -1.0 0.0 -1.0 0.0 -3.0 -3.0 0.0 -3.0 -2.0 
-4.0 -1.0 -2.0 0.0 -3.0 0.0 -2.0 -4.0 -3.0 -4.0 -1.0 -2.0 -4.0 -2.0 0.0 -2.0 -3.0 -1.0 -2.0 -2.0 -3.0 -2.0 -4.0 -1.0 233.0 -1.0 -4.0 -2.0 0.0 -1.0 0.0 -2.0 -2.0 -3.0 -1.0 -4.0 0.0 0.0 -4.0 -1.0 -2.0 -1.0 0.0 -2.0 -4.0 -4.0 -3.0 -2.0 0.0 -2.0 -2.0 -2.0 -1.0 -1.0 -2.0 0.0 -2.0 -2.0 -4.0 0.0 -1.0 -3.0 -3.0 -1.0 -3.0 -3.0 -1.0 -3.0 -2.0 -3.0 -2.0 -3.0 -1.0 -2.0 -2.0 -2.0 0.0 0.0 -4.0 0.0 0.0 -1.0 -4.0 -1.0 0.0 0.0 -3.0 -3.0 -3.0 -3.0 -2.0 -1.0 -3.0 -4.0 -3.0 -4.0 -4.0 0.0 -2.0 -3.0 -3.0 -4.0 -4.0 -2.0 -2.0 -2.0 0.0 -3.0 -4.0 -3.0 -3.0 -3.0 -1.0 0.0 -3.0 
-4.0 -4.0 -3.0 -4.0 -3.0 -3.0 0.0 -4.0 -2.0 -3.0 0.0 -3.0 0.0 -1.0 -4.0 -1.0 -2.0 -3.0 -4.0 -3.0 -3.0 -3.0 -1.0 -1.0 -2.0 226.0 -3.0 -2.0 -2.0 -1.0 -1.0 0.0 -3.0 -4.0 -3.0 -4.0 -1.0 -3.0 -2.0 -4.0 -2.0 -2.0 -3.0 0.0 0.0 -3.0 -1.0 -3.0 -3.0 -3.0 0.0 -4.0 -2.0 -2.0 -2.0 -1.0 -2.0 0.0 -2.0 -2.0 -1.0 -2.0 -4.0 -4.0 0.0 -1.0 -4.0 -3.0 -2.0 -1.0 -1.0 -1.0 -1.0 -1.0 0.0 -4.0 0.0 -2.0 -3.0 -1.0 -2.0 -2.0 -3.0 -2.0 -3.0 -3.0 0.0 0.0 -3.0 0.0 -3.0 0.0 0.0 0.0 -4.0 -3.0 -4.0 -2.0 -2.0 -3.0 -1.0 -2.0 -2.0 -2.0 0.0 -1.0 0.0 -2.0 0.0 -1.0 -2.0 -4.0 -3.0 0.0 0.0 
-4.0 -1.0 -2.0 -2.0 0.0 -1.0 -3.0 -1.0 -3.0 0.0 -1.0 -3.0 0.0 -2.0 -1.0 -1.0 -1.0 -4.0 -2.0 -2.0 -4.0 -4.0 -1.0 -4.0 0.0 -1.0 211.0 -2.0 -4.0 0.0 -4.0 -4.0 -1.0 0.0 -3.0 -2.0 0.0 0.0 0.0 -1.0 -4.0 -3.0 -2.0 -3.0 -2.0 -3.0 0.0 0.0 -3.0 0.0 -4.0 -1.0 0.0 -4.0 -1.0 -4.0 -1.0 -1.0 -1.0 -2.0 -1.0 0.0 -1.0 -1.0 -4.0 0.0 -2.0 -3.0 -1.0 -3.0 -1.0 -3.0 0.0 0.0 -4.0 -4.0 -2.0 0.0 -3.0 -2.0 -3.0 -4.0 -3.0 -2.0 0.0 -3.0 -1.0 -1.0 -3.0 -4.0 -1.0 0.0 -2.0 -2.0 -1.0 0.0 -2.0 -1.0 0.0 -1.0 -4.0 -2.0 -4.0 0.0 -2.0 0.0 -4.0 -4.0 -3.0 -1.0 0.0 -3.0 -2.0 -4.0 -1.0 
-3.0 -2.0 0.0 -2.0 -3.0 -2.0 -1.0 -3.0 -1.0 -4.0 0.0 -1.0 -1.0 -3.0 -1.0 -3.0 0.0 -1.0 -1.0 -3.0 -3.0 -2.0 -1.0 -1.0 -1.0 -4.0 0.0 221.0 0.0 -4.0 -4.0 -2.0 -3.0 0.0 -1.0 -1.0 0.0 -4.0 -1.0 -4.0 -4.0 -3.0 -2.0 -3.0 0.0 -2.0 -3.0 -3.0 -2.0 -3.0 -4.0 -2.0 -2.0 -3.0 -3.0 -1.0 -4.0 0.0 -4.0 -1.0 -1.0 0.0 0.0 -3.0 -2.0 0.0 0.0 -1.0 -4.0 -4.0 -2.0 -2.0 -1.0 -2.0 0.0 -3.0 -1.0 -2.0 -2.0 -1.0 -4.0 -1.0 -2.0 -3.0 -1.0 0.0 -4.0 -1.0 0.0 -4.0 0.0 -2.0 -2.0 -3.0 -1.0 -3.0 -1.0 -1.0 -3.0 -3.0 -3.0 -2.0 -2.0 -4.0 -4.0 0.0 -4.0 -3.0 -2.0 0.0 -1.0 -2.0 -3.0 0.0 -1.0 
-4.0 -2.0 0.0 -4.0 -1.0 -2.0 -4.0 -3.0 -4.0 -2.0 -1.0 0.0 -3.0 -1.0 -2.0 0.0 -3.0 -1.0 -2.0 -4.0 -4.0 -1.0 -3.0 -3.0 -1.0 -3.0 -1.0 -4.0 231.0 0.0 -1.0 -2.0 -1.0 0.0 0.0 -1.0 -4.0 -2.0 -1.0 -2.0 -2.0 -3.0 -2.0 -1.0 -4.0 -4.0 -3.0 -4.0 -1.0 -3.0 -1.0 0.0 -3.0 0.0 -2.0 0.0 -2.0 -1.0 -4.0 -4.0 -2.0 -1.0 -4.0 -3.0 -2.0 0.0 -4.0 -2.0 0.0 -2.0 -1.0 -4.0 -1.0 0.0 -2.0 -1.0 0.0 -2.0 -2.0 0.0 -2.0 -3.0 0.0 -3.0 -1.0 -1.0 0.0 -4.0 -3.0 -4.0 -2.0 -2.0 -1.0 -2.0 0.0 -3.0 -3.0 -3.0 -1.0 -2.0 -3.0 -2.0 -2.0 -4.0 -4.0 -1.0 -3.0 -1.0 0.0 -3.0 -3.0 -4.0 -2.0 -4.0 -1.0 
0.0 -4.0 -3.0 0.0 -1.0 0.0 0.0 0.0 0.0 -4.0 0.0 -4.0 0.0 -4.0 -1.0 0.0 -4.0 -2.0 -3.0 0.0 -3.0 0.0 -1.0 -1.0 -1.0 0.0 -2.0 -4.0 -2.0 210.0 -1.0 -4.0 -2.0 0.0 0.0 -1.0 -2.0 -2.0 -2.0 -3.0 0.0 -3.0 -3.0 -2.0 -3.0 -1.0 0.0 -1.0 -4.0 0.0 -4.0 -3.0 -3.0 -3.0 -1.0 -1.0 -3.0 -4.0 -4.0 0.0 -2.0 -4.0 -2.0 0.0 -3.0 -4.0 -2.0 -1.0 -3.0 0.0 0.0 0.0 -1.0 -2.0 -3.0 -4.0 -3.0 -4.0 -3.0 -1.0 -1.0 0.0 -2.0 -2.0 0.0 -4.0 -1.0 -4.0 -2.0 -2.0 -4.0 -1.0 -2.0 0.0 0.0 -1.0 -2.0 -3.0 -1.0 0.0 -3.0 -3.0 -3.0 -4.0 -1.0 -1.0 -4.0 -2.0 -1.0 -4.0 -1.0 0.0 -1.0 -1.0 -3.0 
0.0 -4.0 -1.0 -4.0 0.0 -4.0 -4.0 -2.0 0.0 -2.0 -1.0 -3.0 -1.0 0.0 -2.0 -1.0 -1.0 -2.0 -2.0 -1.0 -1.0 0.0 -2.0 -1.0 0.0 -4.0 -3.0 0.0 0.0 -1.0 235.0 -2.0 -4.0 -3.0 -3.0 -2.0 -2.0 -2.0 -3.0 0.0 -1.0 -3.0 -3.0 -1.0 -2.0 -2.0 -3.0 -1.0 -4.0 -2.0 -4.0 -3.0 -4.0 -4.0 -4.0 0.0 -2.0 -3.0 -1.0 -4.0 0.0 -3.0 -4.0 -4.0 0.0 -3.0 -4.0 -2.0 -4.0 -4.0 -4.0 -3.0 -3.0 0.0 -1.0 0.0 -1.0 -3.0 -2.0 -3.0 0.0 -2.0 -4.0 0.0 -1.0 -4.0 0.0 -4.0 -3.0 -1.0 0.0 -1.0 -2.0 -3.0 0.0 -4.0 -1.0 -1.0 -4.0 -3.0 -4.0 -1.0 -1.0 -1.0 -2.0 -1.0 0.0 -2.0 -1.0 -4.0 -3.0 -4.0 -1.0 -3.0 -2.0 
-2.0 -4.0 -2.0 -3.0 -4.0 -4.0 0.0 -1.0 -1.0 -4.0 -4.0 -2.0 -4.0 -1.0 -4.0 -1.0 -1.0 0.0 -1.0 0.0 -1.0 0.0 -1.0 -2.0 -2.0 -4.0 -1.0 -2.0 -3.0 -4.0 -1.0 230.0 -2.0 -2.0 -4.0 0.0 -2.0 -3.0 -2.0 0.0 -3.0 -4.0 -4.0 -1.0 -4.0 0.0 -2.0 0.0 0.0 0.0 -1.0 -4.0 -2.0 -3.0 0.0 -1.0 -4.0 -4.0 -2.0 0.0 0.0 0.0 0.0 -2.0 -1.0 -4.0 -3.0 -2.0 0.0 0.0 -1.0 -4.0 -4.0 0.0 -2.0 -4.0 -4.0 0.0 0.0 -4.0 -2.0 -4.0 -3.0 -4.0 0.0 -3.0 -4.0 -2.0 -2.0 -1.0 -4.0 -1.0 -2.0 -1.0 -2.0 -2.0 -2.0 -3.0 0.0 -3.0 -1.0 -4.0 -2.0 0.0 -1.0 0.0 -3.0 -4.0 -3.0 -4.0 -3.0 -2.0 -3.0 0.0 -2.0 
-1.0 -1.0 -4.0 -3.0 -2.0 -1.0 -1.0 -4.0 -1.0 -4.0 -2.0 -1.0 0.0 0.0 -3.0 -3.0 -3.0 0.0 -2.0 -3.0 0.0 0.0 -3.0 -4.0 -3.0 -1.0 -2.0 -4.0 -2.0 -4.0 -2.0 -2.0 203.0 -2.0 -1.0 0.0 -4.0 0.0 -3.0 -2.0 -1.0 -2.0 0.0 -3.0 0.0 0.0 0.0 -4.0 -2.0 0.0 0.0 0.0 -1.0 0.0 -4.0 0.0 0.0 0.0 -1.0 -3.0 -2.0 -4.0 -2.0 -2.0 -1.0 -2.0 -4.0 -4.0 -4.0 -1.0 -2.0 -4.0 -1.0 -1.0 -1.0 -1.0 -1.0 -3.0 0.0 -3.0 -4.0 -1.0 -2.0 -2.0 0.0 -1.0 0.0 -4.0 -3.0 -3.0 0.0 0.0 -2.0 -3.0 -3.0 0.0 -2.0 0.0 -2.0 -2.0 -3.0 -3.0 0.0 0.0 -3.0 -4.0 -1.0 -4.0 -3.0 -3.0 0.0 0.0 0.0 0.0 -3.0 
0.0 0.0 -3.0 -4.0 0.0 -4.0 -1.0 -1.0 -2.0 -2.0 0.0 -4.0 -4.0 -3.0 -2.0 0.0 -1.0 -1.0 0.0 -3.0 -4.0 -1.0 -3.0 -1.0 0.0 -3.0 -3.0 -4.0 -1.0 -3.0 -1.0 -4.0 -4.0 205.0 -3.0 0.0 -1.0 -1.0 0.0 -2.0 -4.0 -3.0 -1.0 -1.0 0.0 -1.0 -2.0 -2.0 -2.0 0.0 0.0 -1.0 -2.0 -1.0 -3.0 -1.0 -4.0 -4.0 -2.0 -1.0 -4.0 -2.0 -3.0 -1.0 -1.0 -2.0 -3.0 -3.0 -3.0 -2.0 -1.0 -2.0 -3.0 0.0 -2.0 -2.0 -1.0 0.0 -1.0 -3.0 -2.0 -1.0 -4.0 -1.0 -2.0 -2.0 -1.0 -2.0 -1.0 -4.0 -4.0 -2.0 -2.0 0.0 0.0 -1.0 -1.0 -4.0 0.0 -4.0 0.0 -3.0 -1.0 -2.0 0.0 -4.0 0.0 -1.0 -1.0 -1.0 0.0 0.0 -2.0 -1.0 -3.0 
-3.0 0.0 -2.0 -2.0 -4.0 -1.0 -3.0 -1.0 -3.0 0.0 -2.0 0.0 0.0 -2.0 -2.0 0.0 0.0 -3.0 -4.0 -4.0 -4.0 -2.0 -3.0 -1.0 0.0 -2.0 -2.0 -3.0 0.0 -4.0 0.0 -2.0 -4.0 -3.0 229.0 -4.0 -3.0 -4.0 -4.0 0.0 -4.0 -4.0 -4.0 -2.0 -1.0 -4.0 -1.0 -1.0 -1.0 -1.0 -3.0 0.0 -3.0 -1.0 -4.0 -2.0 -3.0 -1.0 -1.0 -3.0 0.0 -3.0 -1.0 -3.0 0.0 -2.0 -1.0 -2.0 -4.0 0.0 -4.0 -1.0 -3.0 0.0 -1.0 -4.0 -3.0 -4.0 -2.0 -2.0 0.0 -1.0 -1.0 -1.0 -4.0 0.0 -3.0 -2.0 -3.0 -3.0 -1.0 -4.0 -3.0 -3.0 0.0 -1.0 0.0 0.0 -4.0 0.0 -1.0 -4.0 -2.0 -3.0 -1.0 -1.0 -4.0 -3.0 -2.0 0.0 -2.0 -4.0 -1.0 0.0 -2.0 
-3.0 -3.0 0.0 -3.0 -4.0 0.0 0.0 -2.0 -1.0 -4.0 -1.0 -2.0 -1.0 0.0 -4.0 -2.0 -3.0 -3.0 -2.0 -3.0 -4.0 -1.0 -4.0 -3.0 0.0 0.0 -1.0 0.0 -4.0 -4.0 -1.0 0.0 0.0 -4.0 -4.0 235.0 -4.0 -3.0 -3.0 -4.0 -2.0 -1.0 -2.0 0.0 -2.0 -2.0 -3.0 -2.0 -2.0 -4.0 0.0 -1.0 -1.0 -3.0 -2.0 -4.0 -2.0 -1.0 0.0 -3.0 0.0 -3.0 0.0 -1.0 0.0 -4.0 -1.0 -1.0 -1.0 -4.0 -3.0 -2.0 0.0 0.0 -2.0 -4.0 -4.0 -3.0 -1.0 0.0 -4.0 -2.0 -3.0 -4.0 -3.0 -1.0 -3.0 -1.0 0.0 -2.0 -2.0 -4.0 -4.0 -2.0 0.0 -4.0 0.0 -4.0 -3.0 0.0 0.0 -1.0 -4.0 -1.0 -1.0 -4.0 -4.0 -1.0 -4.0 0.0 -2.0 -1.0 -3.0 -4.0 -3.0 
0.0 -2.0 0.0 -3.0 -2.0 -2.0 -4.0 -1.0 0.0 -1.0 0.0 -3.0 0.0 -2.0 0.0 -4.0 -4.0 -4.0 -3.0 -3.0 -4.0 -2.0 -2.0 0.0 -3.0 -2.0 -4.0 -3.0 -3.0 -4.0 -1.0 -2.0 -4.0 -2.0 -1.0 -2.0 236.0 0.0 -1.0 0.0 -4.0 -2.0 -4.0 -1.0 -1.0 -3.0 -3.0 -2.0 -4.0 0.0 -3.0 -1.0 -2.0 -3.0 -4.0 -4.0 -3.0 -3.0 -1.0 -4.0 -1.0 -4.0 -2.0 -3.0 -3.0 -1.0 -1.0 -1.0 -3.0 -3.0 -3.0 -1.0 0.0 -4.0 -2.0 -4.0 -1.0 -4.0 -3.0 -2.0 -2.0 -3.0 -2.0 -1.0 -3.0 -2.0 -2.0 -1.0 0.0 -2.0 -2.0 -1.0 -1.0 0.0 -1.0 0.0 -1.0 0.0 -4.0 -2.0 -2.0 -2.0 -3.0 0.0 -3.0 -3.0 -1.0 -3.0 0.0 -2.0 -2.0 -2.0 -2.0 -4.0 -1.0 
-3.0 -3.0 -4.0 -2.0 -1.0 -2.0 0.0 0.0 0.0 -3.0 -1.0 -3.0 0.0 -3.0 -2.0 -3.0 -4.0 -3.0 -4.0 -4.0 -1.0 -3.0 -3.0 -4.0 0.0 0.0 0.0 -1.0 -4.0 -2.0 -1.0 -1.0 -2.0 0.0 -3.0 -1.0 -2.0 225.0 -3.0 -1.0 -3.0 -1.0 0.0 -4.0 0.0 -3.0 -2.0 -3.0 0.0 -1.0 -2.0 -2.0 -1.0 -4.0 0.0 -1.0 -1.0 -3.0 -4.0 -4.0 -2.0 -4.0 -3.0 -2.0 -1.0 -4.0 -2.0 -4.0 -2.0 -1.0 -1.0 -4.0 -2.0 -3.0 0.0 0.0 -4.0 0.0 -1.0 -3.0 -4.0 0.0 -2.0 -3.0 0.0 -1.0 -3.0 0.0 -2.0 -4.0 0.0 0.0 0.0 -4.0 -3.0 0.0 -3.0 -1.0 -3.0 -2.0 -1.0 0.0 -1.0 -3.0 -4.0 0.0 -3.0 -3.0 -2.0 -2.0 -2.0 -2.0 0.0 -4.0 -4.0 
-4.0 -1.0 -1.0 -1.0 -3.0 -3.0 0.0 -2.0 -1.0 -3.0 -1.0 -4.0 -2.0 -2.0 -2.0 0.0 -4.0 -3.0 -4.0 -1.0 -2.0 -3.0 0.0 0.0 -2.0 -4.0 0.0 -3.0 -2.0 0.0 -1.0 0.0 -1.0 -1.0 -2.0 -4.0 -2.0 -3.0 239.0 -2.0 -2.0 0.0 -1.0 -1.0 -4.0 -3.0 -3.0 0.0 -2.0 -4.0 -1.0 -3.0 0.0 0.0 -3.0 -1.0 -2.0 -4.0 0.0 -3.0 -4.0 -4.0 -1.0 0.0 -2.0 0.0 -2.0 -1.0 -4.0 -3.0 -2.0 -1.0 -2.0 -4.0 -4.0 -2.0 -3.0 -3.0 0.0 -1.0 -2.0 -3.0 0.0 -4.0 -2.0 -3.0 -3.0 -1.0 -4.0 -4.0 -4.0 -2.0 -3.0 -1.0 -2.0 0.0 -2.0 -2.0 -3.0 -3.0 -4.0 -4.0 -3.0 -2.0 -4.0 -2.0 -1.0 -3.0 -2.0 -2.0 -4.0 -2.0 0.0 -1.0 -3.0 
0.0 -1.0 -1.0 0.0 -1.0 0.0 0.0 0.0 0.0 -3.0 -2.0 -4.0 -4.0 -4.0 -1.0 -3.0 0.0 -2.0 -4.0 -3.0 -4.0 -1.0 -1.0 -1.0 -4.0 0.0 -4.0 -1.0 -1.0 -4.0 -1.0 -4.0 -1.0 0.0 -3.0 -1.0 -4.0 -2.0 -1.0 228.0 -4.0 -4.0 -3.0 -1.0 -2.0 0.0 -4.0 -1.0 -1.0 -1.0 -3.0 0.0 -4.0 -3.0 0.0 -2.0 -3.0 -4.0 -2.0 -3.0 -4.0 -4.0 0.0 -1.0 -1.0 -4.0 -2.0 0.0 -2.0 -1.0 0.0 -2.0 -3.0 -4.0 -3.0 -2.0 -4.0 -2.0 -4.0 -3.0 -3.0 -1.0 -2.0 -4.0 -1.0 0.0 -4.0 -1.0 -2.0 -2.0 -2.0 -1.0 0.0 -2.0 -3.0 0.0 -2.0 -4.0 -2.0 -4.0 -1.0 -4.0 -2.0 -2.0 0.0 0.0 -2.0 -3.0 -4.0 -1.0 0.0 -2.0 -1.0 -4.0 0.0 
0.0 -3.0 0.0 -3.0 -4.0 0.0 0.0 0.0 0.0 -2.0 -2.0 -1.0 0.0 0.0 -3.0 -4.0 0.0 -3.0 -2.0 -2.0 0.0 -2.0 -4.0 -2.0 -2.0 -3.0 -1.0 0.0 -2.0 0.0 -1.0 -4.0 -2.0 -3.0 -3.0 -3.0 -4.0 -3.0 -2.0 -1.0 192.0 -4.0 -4.0 -4.0 -1.0 -1.0 -2.0 -1.0 -1.0 0.0 -2.0 -3.0 -3.0 -1.0 0.0 -4.0 -2.0 -3.0 0.0 -1.0 -4.0 -1.0 -2.0 -2.0 0.0 -1.0 0.0 -2.0 0.0 -1.0 0.0 -4.0 -2.0 0.0 -2.0 -2.0 0.0 -1.0 -1.0 -1.0 -1.0 -1.0 -1.0 0.0 -1.0 -4.0 -2.0 0.0 -2.0 0.0 -4.0 -4.0 -1.0 -1.0 -1.0 0.0 -4.0 -3.0 -1.0 -2.0 -1.0 0.0 0.0 -2.0 -3.0 -1.0 -1.0 -2.0 -4.0 -3.0 -4.0 0.0 -2.0 -2.0 0.0 
-1.0 -1.0 -4.0 -1.0 -4.0 0.0 0.0 -1.0 -2.0 -1.0 0.0 -3.0 0.0 0.0 0.0 -2.0 0.0 0.0 -1.0 -4.0 -2.0 -1.0 -1.0 -2.0 -1.0 -1.0 0.0 -4.0 0.0 -1.0 -3.0 0.0 -3.0 -2.0 -1.0 -4.0 0.0 -4.0 -3.0 -4.0 -4.0 224.0 -4.0 -2.0 -2.0 -4.0 -3.0 0.0 0.0 -2.0 -2.0 -3.0 0.0 -3.0 -4.0 -2.0 -4.0 -1.0 0.0 -2.0 -4.0 -2.0 -1.0 0.0 -2.0 -3.0 0.0 -4.0 -3.0 -4.0 -4.0 -2.0 -2.0 -1.0 0.0 0.0 -2.0 -3.0 -4.0 -2.0 -2.0 -1.0 -3.0 -4.0 -4.0 0.0 -1.0 -2.0 -4.0 -1.0 0.0 -1.0 -3.0 -4.0 -4.0 0.0 -4.0 -3.0 0.0 0.0 0.0 -4.0 -2.0 0.0 -1.0 -3.0 -3.0 -4.0 0.0 -3.0 -4.0 -4.0 0.0 -4.0 -4.0 
-2.0 -2.0 0.0 -1.0 -3.0 -2.0 -1.0 -4.0 -3.0 -1.0 -2.0 -2.0 -4.0 -4.0 0.0 -3.0 -1.0 -4.0 -3.0 -3.0 -4.0 0.0 -4.0 -2.0 -3.0 -4.0 -4.0 0.0 0.0 0.0 -3.0 -4.0 -2.0 -1.0 -2.0 -1.0 0.0 -3.0 -2.0 -2.0 -1.0 -3.0 230.0 -1.0 -2.0 -2.0 0.0 0.0 -2.0 -2.0 -1.0 -2.0 -4.0 -1.0 -3.0 -4.0 -2.0 -3.0 -4.0 -2.0 -3.0 -4.0 -4.0 -1.0 -1.0 -2.0 -4.0 -1.0 -3.0 -4.0 -3.0 -3.0 -4.0 0.0 -3.0 -2.0 0.0 -2.0 0.0 -2.0 0.0 -2.0 -4.0 -1.0 -3.0 -2.0 -4.0 -2.0 0.0 -4.0 -2.0 0.0 0.0 -2.0 0.0 -2.0 -2.0 -2.0 -4.0 0.0 -1.0 0.0 0.0 -2.0 0.0 -3.0 -3.0 -3.0 0.0 -1.0 -2.0 -4.0 -2.0 -1.0 -1.0 
-2.0 -1.0 -1.0 -1.0 -1.0 -4.0 -2.0 -3.0 -3.0 0.0 -3.0 -1.0 0.0 -1.0 -1.0 -1.0 -1.0 -2.0 -4.0 -2.0 0.0 -3.0 -2.0 -4.0 0.0 -3.0 -4.0 -2.0 0.0 0.0 -2.0 -4.0 0.0 -4.0 -2.0 -1.0 -4.0 -2.0 -2.0 -4.0 -4.0 -3.0 -3.0 216.0 -2.0 -3.0 -2.0 -1.0 0.0 0.0 -3.0 -1.0 -3.0 -4.0 -4.0 -1.0 -2.0 -1.0 -3.0 0.0 -3.0 0.0 0.0 -2.0 -3.0 -1.0 -4.0 -1.0 -1.0 -3.0 0.0 -1.0 -4.0 -1.0 -4.0 -3.0 0.0 -1.0 -1.0 -1.0 0.0 -2.0 -4.0 -2.0 -4.0 -4.0 -4.0 -4.0 -2.0 -2.0 0.0 -2.0 -2.0 -1.0 0.0 -1.0 -2.0 -1.0 0.0 -4.0 0.0 -3.0 -3.0 0.0 -2.0 -2.0 -1.0 -2.0 -1.0 -4.0 -2.0 0.0 0.0 -2.0 -2.0 
-4.0 -2.0 -1.0 -3.0 -3.0 0.0 -3.0 0.0 -4.0 -1.0 -2.0 -3.0 -4.0 -1.0 -1.0 -2.0 0.0 -1.0 -2.0 -1.0 -1.0 -1.0 -1.0 -1.0 -4.0 0.0 -1.0 0.0 -4.0 -3.0 -3.0 -4.0 -1.0 0.0 -3.0 -2.0 -1.0 -4.0 -1.0 -4.0 -2.0 -3.0 -4.0 0.0 222.0 0.0 -3.0 0.0 -1.0 0.0 -2.0 -2.0 -1.0 -3.0 -3.0 -4.0 -4.0 -3.0 -2.0 0.0 -3.0 -1.0 -3.0 -2.0 -4.0 0.0 0.0 -3.0 -4.0 -1.0 0.0 -4.0 -4.0 0.0 0.0 -1.0 -2.0 -1.0 0.0 -3.0 -4.0 -4.0 -4.0 -3.0 -2.0 0.0 -4.0 -2.0 -2.0 -2.0 -1.0 0.0 -3.0 -3.0 -2.0 0.0 -1.0 0.0 -1.0 -3.0 -3.0 -2.0 -3.0 -1.0 -1.0 -2.0 -1.0 -2.0 -4.0 -2.0 0.0 -2.0 -4.0 -4.0 0.0 
0.0 0.0 -4.0 -4.0 -3.0 0.0 -4.0 0.0 -3.0 -4.0 -4.0 0.0 -2.0 -3.0 0.0 -2.0 -4.0 -4.0 -4.0 -4.0 -4.0 -3.0 -2.0 -1.0 -1.0 -1.0 0.0 -1.0 0.0 -4.0 -2.0 -4.0 -2.0 -3.0 -2.0 -3.0 -1.0 -3.0 -4.0 -1.0 -3.0 -2.0 -2.0 -3.0 0.0 224.0 -1.0 -3.0 -2.0 0.0 -2.0 -3.0 -3.0 0.0 -1.0 -2.0 0.0 0.0 -3.0 0.0 -1.0 0.0 -1.0 -3.0 -3.0 0.0 -4.0 -3.0 -2.0 -4.0 -2.0 0.0 -2.0 -2.0 -2.0 -3.0 0.0 -4.0 0.0 -2.0 0.0 -1.0 -2.0 -2.0 -3.0 -2.0 -2.0 -4.0 -2.0 0.0 -1.0 -4.0 0.0 -4.0 -3.0 -3.0 -3.0 -1.0 -1.0 -4.0 0.0 0.0 -2.0 -4.0 0.0 -1.0 -3.0 0.0 0.0 -3.0 -3.0 -1.0 -1.0 -2.0 -3.0 
-3.0 -2.0 -1.0 -4.0 -4.0 -2.0 -4.0 -3.0 -3.0 -1.0 -2.0 0.0 0.0 -2.0 -3.0 -4.0 -4.0 -3.0 -4.0 -1.0 -4.0 -4.0 -2.0 -3.0 -1.0 -4.0 -4.0 -4.0 -4.0 -3.0 -4.0 -2.0 0.0 -3.0 -2.0 -1.0 -3.0 -1.0 0.0 -2.0 -4.0 -2.0 -4.0 -1.0 0.0 -1.0 247.0 0.0 -3.0 -3.0 0.0 0.0 -2.0 0.0 -4.0 -3.0 -2.0 -3.0 -3.0 -2.0 -1.0 -4.0 -1.0 -2.0 0.0 -3.0 -2.0 0.0 0.0 -3.0 -1.0 -3.0 -4.0 -3.0 -4.0 -3.0 -2.0 -1.0 -4.0 -2.0 -3.0 -1.0 -1.0 -2.0 -4.0 0.0 -3.0 -4.0 -1.0 0.0 0.0 -3.0 -1.0 -1.0 -1.0 -1.0 -1.0 -3.0 -2.0 -3.0 -4.0 0.0 -1.0 -3.0 -1.0 0.0 -2.0 -4.0 -3.0 -4.0 -1.0 -3.0 -1.0 -2.0 -2.0 
-2.0 -2.0 0.0 0.0 0.0 0.0 -3.0 -1.0 -3.0 -2.0 -2.0 -2.0 -2.0 -4.0 -4.0 -1.0 -3.0 -3.0 -4.0 -2.0 -3.0 0.0 0.0 -1.0 0.0 -4.0 -3.0 -4.0 -1.0 0.0 -4.0 -2.0 0.0 -1.0 -2.0 -4.0 -3.0 -1.0 -2.0 -4.0 -2.0 -2.0 -4.0 -3.0 -1.0 -3.0 -2.0 222.0 0.0 -1.0 -4.0 -4.0 0.0 -3.0 -3.0 -2.0 -1.0 -2.0 -3.0 -4.0 -3.0 -3.0 -4.0 -1.0 0.0 -3.0 -4.0 0.0 -2.0 -1.0 -1.0 -1.0 -2.0 -2.0 -2.0 0.0 -2.0 -2.0 -3.0 -2.0 -2.0 -2.0 -4.0 -3.0 0.0 -3.0 -4.0 -3.0 -2.0 -4.0 -3.0 -2.0 -2.0 -3.0 -2.0 -3.0 0.0 -4.0 0.0 -1.0 0.0 0.0 -2.0 -2.0 0.0 0.0 -1.0 -2.0 0.0 0.0 -1.0 -1.0 -1.0 -2.0 -2.0 
-4.0 -3.0 -1.0 -1.0 -3.0 -4.0 -2.0 -3.0 -4.0 0.0 -3.0 -3.0 -1.0 -1.0 -2.0 0.0 -1.0 -1.0 -3.0 -4.0 0.0 -2.0 -4.0 0.0 -3.0 -1.0 -4.0 -2.0 -1.0 -1.0 -4.0 -1.0 0.0 -2.0 -1.0 -2.0 -1.0 -2.0 0.0 0.0 -3.0 -2.0 -3.0 -1.0 -1.0 0.0 -4.0 -3.0 233.0 -2.0 -4.0 -4.0 -3.0 -2.0 -4.0 -4.0 -3.0 0.0 -3.0 -4.0 -4.0 -1.0 -2.0 0.0 0.0 -1.0 -3.0 0.0 -2.0 0.0 0.0 0.0 -1.0 -4.0 -2.0 -2.0 0.0 -3.0 -3.0 -4.0 -3.0 -4.0 -2.0 -4.0 -4.0 -2.0 -4.0 -1.0 0.0 -1.0 -3.0 -3.0 -3.0 -2.0 -2.0 -4.0 -3.0 -1.0 0.0 0.0 0.0 -3.0 -4.0 0.0 0.0 -3.0 -3.0 -3.0 -3.0 -3.0 -1.0 -4.0 -1.0 0.0 -2.0 
-4.0 -2.0 -1.0 -2.0 -4.0 0.0 -2.0 -4.0 -1.0 -1.0 -3.0 -1.0 -4.0 -1.0 -4.0 -1.0 -2.0 -2.0 -3.0 -2.0 -3.0 -1.0 -2.0 -2.0 -2.0 -1.0 -1.0 -2.0 -1.0 0.0 0.0 -3.0 -1.0 -4.0 0.0 -1.0 -2.0 -1.0 0.0 -4.0 -2.0 0.0 -3.0 -2.0 0.0 -2.0 -1.0 -3.0 -3.0 234.0 -3.0 -4.0 -2.0 -3.0 -4.0 0.0 0.0 -3.0 -1.0 0.0 -1.0 0.0 -2.0 0.0 -4.0 -2.0 -3.0 -3.0 -2.0 -1.0 -4.0 -4.0 -1.0 -3.0 -3.0 -3.0 0.0 -2.0 -4.0 -3.0 -4.0 -1.0 -3.0 -3.0 -1.0 -2.0 -2.0 0.0 -3.0 -2.0 -4.0 -3.0 -2.0 0.0 -3.0 -2.0 -2.0 -2.0 -3.0 -3.0 -1.0 -1.0 -4.0 -3.0 -4.0 -2.0 0.0 0.0 -1.0 -4.0 -3.0 -1.0 -2.0 -3.0 -4.0 
-3.0 -3.0 -3.0 -2.0 -2.0 -1.0 -2.0 -4.0 -2.0 0.0 -2.0 0.0 -3.0 -4.0 0.0 -4.0 -4.0 -1.0 -1.0 -3.0 -1.0 -4.0 -3.0 -4.0 -4.0 -3.0 0.0 -1.0 -2.0 0.0 -3.0 -3.0 -1.0 0.0 -4.0 -3.0 0.0 -2.0 -1.0 -3.0 -2.0 -4.0 -4.0 -2.0 -2.0 0.0 0.0 -2.0 -4.0 -2.0 240.0 -4.0 -3.0 -4.0 -1.0 0.0 -2.0 0.0 -4.0 0.0 0.0 -1.0 -4.0 0.0 -2.0 0.0 0.0 -4.0 -4.0 -2.0 0.0 -3.0 0.0 -1.0 -4.0 -2.0 -2.0 -2.0 -4.0 -2.0 -1.0 0.0 0.0 -4.0 -2.0 -3.0 -4.0 -4.0 -2.0 -4.0 -2.0 0.0 -4.0 -2.0 -2.0 -4.0 -3.0 0.0 -2.0 -4.0 -1.0 -1.0 0.0 -1.0 -2.0 -2.0 -2.0 -4.0 -4.0 -2.0 -1.0 -4.0 -4.0 -1.0 -1.0 
-3.0 -4.0 0.0 -3.0 -1.0 -3.0 -4.0 0.0 0.0 -1.0 -2.0 -4.0 -4.0 0.0 -4.0 -2.0 -2.0 0.0 -4.0 -4.0 -1.0 -1.0 -2.0 -4.0 -3.0 0.0 0.0 0.0 -1.0 -3.0 -3.0 -1.0 -1.0 -3.0 -4.0 -4.0 -4.0 0.0 -2.0 0.0 -2.0 -3.0 0.0 -4.0 -2.0 -2.0 -3.0 -2.0 0.0 -2.0 -1.0 226.0 0.0 -3.0 -1.0 -1.0 -2.0 -1.0 -3.0 -3.0 -2.0 -2.0 -1.0 -4.0 -2.0 -3.0 -4.0 -2.0 -3.0 0.0 -2.0 0.0 -1.0 0.0 -3.0 -3.0 -2.0 -4.0 -1.0 -4.0 -4.0 -1.0 -3.0 -2.0 -4.0 -3.0 -3.0 -2.0 0.0 0.0 -2.0 -2.0 -1.0 -4.0 -4.0 0.0 0.0 0.0 -2.0 0.0 -2.0 -2.0 -3.0 -2.0 0.0 -4.0 -1.0 0.0 -4.0 -4.0 -3.0 -3.0 0.0 0.0 -1.0 
-2.0 -4.0 -4.0 -4.0 -3.0 0.0 -4.0 0.0 -4.0 0.0 0.0 -3.0 -2.0 -1.0 -1.0 -1.0 -4.0 0.0 -4.0 -3.0 -3.0 -1.0 -1.0 -3.0 -4.0 -2.0 -2.0 -4.0 -3.0 -1.0 -1.0 0.0 -4.0 -4.0 -1.0 0.0 0.0 -3.0 -4.0 -2.0 -3.0 -2.0 -3.0 -2.0 -4.0 -2.0 -4.0 -1.0 -1.0 -1.0 -2.0 0.0 246.0 0.0 0.0 -3.0 -1.0 -1.0 -3.0 -4.0 -2.0 -1.0 -4.0 -1.0 -1.0 -1.0 -1.0 -1.0 -2.0 -4.0 -2.0 0.0 -2.0 -4.0 -4.0 -4.0 -4.0 -2.0 -3.0 -3.0 0.0 -4.0 -4.0 -3.0 -2.0 -2.0 -3.0 0.0 -3.0 -2.0 0.0 -2.0 -4.0 -3.0 -1.0 0.0 -2.0 -1.0 -4.0 -4.0 0.0 0.0 -3.0 0.0 0.0 -4.0 0.0 -3.0 -4.0 -4.0 -4.0 -4.0 -1.0 -1.0 -4.0 
-2.0 0.0 -3.0 0.0 0.0 -4.0 -1.0 -3.0 0.0 -2.0 -3.0 0.0 -1.0 0.0 -4.0 -4.0 -2.0 -2.0 -4.0 -1.0 -3.0 0.0 -3.0 -3.0 -3.0 -3.0 0.0 -1.0 0.0 -1.0 0.0 -4.0 -4.0 -4.0 -1.0 -4.0 0.0 -4.0 -3.0 -4.0 -3.0 -3.0 -3.0 -1.0 -3.0 -1.0 0.0 -3.0 -3.0 -2.0 -1.0 -4.0 -2.0 228.0 -2.0 -4.0 -3.0 -3.0 -1.0 -4.0 -3.0 -2.0 0.0 -2.0 -1.0 -1.0 -1.0 -4.0 -2.0 0.0 -2.0 -2.0 -2.0 -3.0 -3.0 -3.0 -4.0 -1.0 0.0 -2.0 -3.0 0.0 -1.0 0.0 -2.0 -2.0 -4.0 -1.0 0.0 -4.0 0.0 -4.0 -1.0 0.0 0.0 -3.0 -3.0 -4.0 -1.0 -4.0 0.0 -2.0 -4.0 -3.0 0.0 -3.0 -1.0 0.0 -1.0 -1.0 0.0 -2.0 -4.0 -3.0 -2.0 
-3.0 -2.0 -1.0 0.0 -3.0 -3.0 -2.0 -1.0 -2.0 -3.0 -1.0 0.0 -3.0 0.0 0.0 -4.0 -2.0 -1.0 -1.0 -4.0 -2.0 -4.0 -3.0 0.0 -3.0 -2.0 -3.0 -2.0 -3.0 -3.0 0.0 -2.0 -4.0 -2.0 -3.0 -4.0 0.0 -2.0 -1.0 -1.0 -3.0 -2.0 -4.0 -3.0 0.0 -2.0 -2.0 0.0 0.0 0.0 -3.0 -1.0 -4.0 -1.0 223.0 -2.0 0.0 -3.0 -1.0 0.0 -4.0 -3.0 -1.0 0.0 -1.0 -2.0 0.0 -1.0 0.0 -2.0 -3.0 0.0 -3.0 -4.0 0.0 -1.0 -1.0 -4.0 -2.0 0.0 0.0 -2.0 -4.0 -4.0 0.0 -4.0 0.0 -4.0 0.0 -3.0 -3.0 0.0 -2.0 -3.0 -2.0 -4.0 -2.0 -2.0 -4.0 0.0 -2.0 -4.0 -4.0 -3.0 0.0 -4.0 -2.0 -3.0 -2.0 -4.0 -2.0 -3.0 -2.0 0.0 -2.0 
-2.0 0.0 -2.0 -4.0 -3.0 -3.0 -4.0 0.0 0.0 -1.0 -2.0 -1.0 -3.0 -4.0 0.0 -3.0 -1.0 -3.0 -1.0 -2.0 -2.0 0.0 -1.0 -4.0 -2.0 -1.0 0.0 0.0 -3.0 -1.0 -4.0 0.0 -3.0 -1.0 -4.0 -4.0 -2.0 -2.0 -1.0 -3.0 -4.0 -1.0 -4.0 -2.0 -2.0 -4.0 -4.0 0.0 0.0 -2.0 -1.0 -4.0 -4.0 -2.0 -3.0 224.0 -3.0 -3.0 -1.0 0.0 -2.0 -2.0 -1.0 -3.0 -3.0 -4.0 -2.0 0.0 -3.0 -2.0 -3.0 0.0 -1.0 -3.0 -1.0 -3.0 -3.0 0.0 -3.0 -3.0 -2.0 -1.0 0.0 -3.0 -4.0 -3.0 -2.0 -1.0 0.0 -4.0 -2.0 0.0 -1.0 -4.0 0.0 -4.0 0.0 0.0 -4.0 -3.0 -4.0 -2.0 -1.0 -3.0 -2.0 0.0 -4.0 -2.0 -1.0 0.0 0.0 -1.0 -1.0 -2.0 0.0 
-3.0 -1.0 -3.0 -1.0 -4.0 -4.0 -4.0 0.0 -1.0 -1.0 -3.0 -1.0 -1.0 0.0 -2.0 -1.0 0.0 -2.0 0.0 -4.0 0.0 -1.0 0.0 -2.0 -2.0 -2.0 -4.0 -2.0 -4.0 -1.0 -4.0 -3.0 -4.0 -4.0 0.0 -4.0 -2.0 -3.0 -2.0 0.0 0.0 -2.0 -1.0 0.0 -3.0 -1.0 -2.0 0.0 -3.0 -2.0 -1.0 0.0 -1.0 -2.0 -3.0 -1.0 200.0 0.0 -2.0 -1.0 -1.0 -3.0 0.0 -3.0 -3.0 -2.0 -2.0 -2.0 0.0 0.0 -2.0 -2.0 -2.0 0.0 -1.0 -1.0 0.0 0.0 0.0 -2.0 0.0 -2.0 -2.0 0.0 -2.0 -1.0 0.0 -3.0 -3.0 -1.0 -4.0 0.0 -2.0 -4.0 -3.0 -1.0 -4.0 -1.0 -1.0 -1.0 0.0 -2.0 0.0 -3.0 -3.0 -1.0 -3.0 -2.0 -2.0 -1.0 -4.0 -2.0 -4.0 -4.0 -3.0 
-3.0 -4.0 0.0 0.0 -4.0 -4.0 -2.0 -3.0 -4.0 -1.0 -2.0 -3.0 -4.0 -4.0 0.0 0.0 -2.0 -1.0 -4.0 -3.0 -2.0 -2.0 0.0 0.0 -2.0 0.0 -4.0 -4.0 -4.0 -3.0 -3.0 -2.0 -2.0 -4.0 0.0 -2.0 -3.0 -1.0 -1.0 -1.0 -2.0 -4.0 -4.0 -3.0 0.0 -1.0 -2.0 -1.0 -2.0 -3.0 -1.0 0.0 -4.0 -3.0 0.0 -2.0 -1.0 231.0 -3.0 -3.0 0.0 -1.0 -4.0 0.0 -3.0 0.0 -3.0 0.0 -1.0 -1.0 -3.0 -2.0 0.0 -1.0 -2.0 0.0 -3.0 -1.0 -3.0 -4.0 -4.0 -2.0 -3.0 -4.0 -2.0 -1.0 -2.0 -3.0 -4.0 -3.0 -4.0 -2.0 -1.0 0.0 0.0 -2.0 -3.0 0.0 -2.0 -3.0 -3.0 -3.0 -4.0 0.0 -2.0 -4.0 0.0 0.0 0.0 0.0 -3.0 -1.0 -4.0 -1.0 -2.0 
-4.0 -1.0 -2.0 -4.0 -1.0 0.0 -4.0 -2.0 -3.0 -4.0 -4.0 -2.0 0.0 -1.0 0.0 -3.0 -1.0 -4.0 -4.0 0.0 -4.0 0.0 0.0 -1.0 -3.0 0.0 -2.0 0.0 -4.0 -1.0 -4.0 -3.0 0.0 -1.0 -4.0 -4.0 -3.0 -2.0 0.0 -3.0 -4.0 -3.0 -1.0 0.0 -3.0 0.0 -3.0 -4.0 -4.0 -2.0 -2.0 -4.0 0.0 -4.0 -4.0 0.0 -1.0 -3.0 227.0 -2.0 -4.0 -3.0 -2.0 -1.0 -4.0 -3.0 0.0 0.0 -1.0 -1.0 -4.0 0.0 0.0 -3.0 -3.0 -1.0 -3.0 -2.0 0.0 -3.0 0.0 -1.0 -1.0 0.0 -3.0 -2.0 -3.0 -1.0 -2.0 -2.0 -1.0 -2.0 -1.0 -4.0 0.0 -1.0 -3.0 -3.0 -2.0 0.0 0.0 0.0 -3.0 -4.0 -4.0 -1.0 -4.0 -3.0 0.0 -4.0 -1.0 -2.0 0.0 -1.0 -3.0 
-1.0 -3.0 -2.0 -4.0 -1.0 -1.0 0.0 -1.0 -3.0 -2.0 -4.0 -3.0 -3.0 -4.0 -3.0 -1.0 -4.0 -3.0 -4.0 0.0 -1.0 -3.0 -1.0 -3.0 -3.0 0.0 0.0 -2.0 -4.0 0.0 0.0 -1.0 -3.0 -3.0 0.0 -1.0 0.0 0.0 0.0 0.0 0.0 0.0 -4.0 -2.0 0.0 -2.0 -1.0 -1.0 -4.0 0.0 -2.0 -2.0 -3.0 -4.0 -4.0 -2.0 -1.0 -1.0 -3.0 218.0 -1.0 -3.0 -4.0 -2.0 0.0 -3.0 -2.0 -4.0 -1.0 -4.0 -4.0 0.0 -3.0 -2.0 -3.0 -4.0 0.0 -1.0 -2.0 -1.0 -3.0 0.0 0.0 -4.0 0.0 0.0 -2.0 -1.0 0.0 -2.0 -4.0 -4.0 -2.0 -1.0 -3.0 -2.0 -4.0 -4.0 -1.0 0.0 -4.0 -3.0 -3.0 -4.0 -2.0 -1.0 -1.0 0.0 0.0 0.0 -3.0 -4.0 -1.0 -3.0 0.0 
-3.0 -3.0 0.0 0.0 -2.0 -3.0 -2.0 -1.0 0.0 -1.0 -4.0 -2.0 -1.0 -1.0 -1.0 0.0 -1.0 -2.0 -4.0 -3.0 -4.0 0.0 -2.0 0.0 0.0 -2.0 -4.0 0.0 -1.0 -3.0 -3.0 0.0 -3.0 -1.0 -1.0 -2.0 -1.0 0.0 0.0 -1.0 0.0 0.0 -3.0 -2.0 -1.0 0.0 -4.0 -2.0 0.0 -3.0 -4.0 -3.0 -4.0 -1.0 -1.0 -3.0 -2.0 -3.0 0.0 0.0 205.0 -2.0 -3.0 -4.0 0.0 -1.0 -1.0 0.0 -4.0 -3.0 -3.0 -3.0 -4.0 -1.0 -1.0 0.0 -3.0 -4.0 -1.0 -3.0 0.0 -3.0 -2.0 -1.0 -3.0 -2.0 -3.0 -3.0 -1.0 -2.0 -3.0 -2.0 -4.0 -4.0 -3.0 0.0 -2.0 -2.0 0.0 -4.0 -1.0 -3.0 0.0 -2.0 -4.0 -2.0 0.0 0.0 -3.0 0.0 -1.0 -4.0 -1.0 -1.0 0.0 
-4.0 0.0 -4.0 -1.0 0.0 0.0 -4.0 0.0 -2.0 -3.0 -2.0 -1.0 -2.0 -2.0 -4.0 -2.0 -3.0 0.0 -1.0 0.0 -4.0 0.0 -4.0 -4.0 -4.0 -2.0 -2.0 0.0 -2.0 -3.0 -3.0 -3.0 0.0 -3.0 -2.0 -3.0 -3.0 -1.0 -4.0 -4.0 -3.0 -2.0 0.0 -2.0 0.0 0.0 0.0 -2.0 -1.0 -4.0 0.0 0.0 -3.0 -1.0 -3.0 0.0 0.0 0.0 -2.0 -1.0 -2.0 199.0 -3.0 -1.0 -1.0 -2.0 -1.0 -3.0 0.0 -2.0 -1.0 0.0 -2.0 0.0 -2.0 -1.0 -1.0 -4.0 -1.0 -1.0 -3.0 0.0 -2.0 -4.0 -2.0 0.0 0.0 0.0 0.0 -2.0 -3.0 -2.0 0.0 -1.0 -4.0 -2.0 -3.0 -1.0 -3.0 -4.0 0.0 0.0 0.0 -3.0 0.0 -2.0 -4.0 0.0 -1.0 -2.0 -2.0 -4.0 -3.0 -3.0 -1.0 
-2.0 0.0 -2.0 0.0 0.0 -1.0 -3.0 0.0 -2.0 -1.0 -1.0 -1.0 0.0 0.0 -1.0 -3.0 0.0 -1.0 -3.0 -1.0 0.0 -3.0 -1.0 -4.0 -2.0 -2.0 -1.0 -3.0 0.0 -1.0 0.0 -3.0 -1.0 -4.0 -2.0 -4.0 -2.0 -3.0 -2.0 -2.0 -3.0 0.0 0.0 -3.0 -1.0 0.0 -3.0 -2.0 -1.0 0.0 0.0 -4.0 0.0 -3.0 -3.0 -2.0 -1.0 -2.0 -4.0 0.0 -3.0 -3.0 202.0 -2.0 0.0 -4.0 -4.0 0.0 -1.0 -4.0 -3.0 -4.0 -4.0 -1.0 0.0 -3.0 -1.0 -2.0 -4.0 -1.0 -4.0 -3.0 0.0 -2.0 -1.0 0.0 -4.0 0.0 -3.0 -3.0 -2.0 -1.0 -1.0 -2.0 -3.0 -4.0 0.0 -3.0 -4.0 -2.0 0.0 -4.0 -3.0 -2.0 -3.0 0.0 -1.0 0.0 0.0 -3.0 0.0 -3.0 0.0 -2.0 -1.0 
-3.0 -3.0 -3.0 -1.0 -4.0 -4.0 -4.0 0.0 -4.0 -2.0 0.0 0.0 -1.0 -1.0 0.0 -1.0 -3.0 -4.0 -3.0 -1.0 0.0 -1.0 -1.0 -4.0 -2.0 -2.0 -1.0 -3.0 -2.0 -2.0 -1.0 -4.0 -3.0 -1.0 0.0 -4.0 -2.0 -2.0 -1.0 -2.0 -1.0 -2.0 -3.0 -1.0 0.0 0.0 0.0 0.0 -3.0 -3.0 -1.0 -3.0 -2.0 -3.0 -2.0 -3.0 -1.0 -3.0 -3.0 0.0 -3.0 -2.0 -4.0 227.0 -4.0 -3.0 -1.0 -2.0 -1.0 -2.0 -3.0 0.0 -2.0 -1.0 -2.0 0.0 -3.0 -4.0 0.0 -1.0 -1.0 -1.0 -1.0 -4.0 -3.0 0.0 0.0 -1.0 -4.0 -3.0 -4.0 -3.0 -2.0 -2.0 -1.0 -1.0 -4.0 -1.0 -3.0 0.0 -3.0 -3.0 -2.0 -3.0 -2.0 0.0 0.0 -4.0 -4.0 -4.0 0.0 0.0 -3.0 -4.0 -4.0 
-2.0 0.0 -1.0 -3.0 -1.0 0.0 -4.0 -4.0 -3.0 -1.0 -4.0 -1.0 -4.0 -3.0 0.0 -3.0 -1.0 -1.0 -3.0 -2.0 -1.0 -2.0 -3.0 -3.0 -3.0 -3.0 0.0 0.0 -1.0 -1.0 -3.0 0.0 -1.0 -1.0 -1.0 -1.0 -3.0 -1.0 -2.0 -4.0 -2.0 -4.0 -2.0 -4.0 -2.0 0.0 -2.0 -4.0 -2.0 -2.0 -1.0 -1.0 -2.0 -1.0 -2.0 -3.0 -2.0 -1.0 -1.0 -1.0 -4.0 -2.0 -4.0 -3.0 243.0 -4.0 -3.0 -3.0 0.0 -2.0 -4.0 -1.0 -3.0 -4.0 0.0 -4.0 -2.0 -1.0 -4.0 0.0 -1.0 -2.0 0.0 -3.0 -1.0 -1.0 -3.0 -3.0 -2.0 -2.0 -3.0 -4.0 0.0 -2.0 -2.0 -4.0 -1.0 -1.0 -2.0 -2.0 -3.0 -1.0 -1.0 -1.0 -3.0 -3.0 -4.0 -4.0 -4.0 -4.0 -2.0 -2.0 -4.0 -4.0 -2.0 
-3.0 -3.0 -3.0 0.0 -4.0 -3.0 -3.0 0.0 0.0 -3.0 0.0 -1.0 0.0 -1.0 0.0 0.0 -4.0 -4.0 0.0 -4.0 0.0 -2.0 -4.0 0.0 -4.0 0.0 -4.0 -1.0 -3.0 -2.0 -4.0 -4.0 -2.0 -1.0 0.0 -3.0 -3.0 0.0 -1.0 -2.0 -4.0 -2.0 -1.0 -3.0 -1.0 0.0 -3.0 -3.0 -3.0 -4.0 -3.0 -3.0 -3.0 -2.0 -3.0 -1.0 -1.0 -2.0 0.0 -4.0 -3.0 -1.0 -1.0 -3.0 -2.0 221.0 -3.0 0.0 -1.0 -4.0 -1.0 -2.0 -3.0 -3.0 0.0 0.0 -3.0 0.0 -1.0 0.0 -1.0 -1.0 -4.0 0.0 -1.0 -3.0 -4.0 -4.0 -2.0 -4.0 -3.0 -3.0 -3.0 0.0 -1.0 -2.0 -2.0 -4.0 -3.0 -4.0 -1.0 0.0 -1.0 -1.0 0.0 -4.0 -2.0 -2.0 -1.0 -1.0 0.0 -4.0 0.0 -1.0 -1.0 
0.0 -1.0 -1.0 -2.0 -1.0 -4.0 0.0 -4.0 0.0 -4.0 -2.0 0.0 -2.0 0.0 -1.0 -2.0 -3.0 -4.0 -1.0 -1.0 -1.0 -2.0 -1.0 -1.0 -1.0 -4.0 -1.0 -2.0 -2.0 -2.0 -3.0 -1.0 0.0 -4.0 -2.0 -3.0 -1.0 -4.0 -4.0 0.0 -4.0 0.0 -1.0 -2.0 -3.0 0.0 -1.0 -2.0 -4.0 0.0 -3.0 0.0 -3.0 -1.0 -2.0 -1.0 0.0 -1.0 0.0 -2.0 0.0 0.0 0.0 -3.0 0.0 -4.0 207.0 -4.0 0.0 0.0 0.0 -4.0 -2.0 -1.0 -4.0 -4.0 -1.0 -2.0 -4.0 -2.0 -4.0 -1.0 -4.0 -3.0 -3.0 -4.0 -4.0 -1.0 0.0 -3.0 -2.0 0.0 -2.0 0.0 -1.0 -4.0 -3.0 -3.0 -3.0 0.0 -1.0 0.0 -1.0 -1.0 -4.0 -4.0 -1.0 -3.0 -4.0 0.0 0.0 -3.0 -1.0 -1.0 -1.0 
-1.0 -3.0 -4.0 -1.0 -4.0 0.0 -2.0 -1.0 -4.0 -1.0 -1.0 -3.0 -3.0 -3.0 -4.0 -3.0 -4.0 -3.0 -4.0 -3.0 -4.0 0.0 0.0 -3.0 -2.0 -2.0 -2.0 -2.0 -1.0 -3.0 -4.0 0.0 -4.0 -4.0 -2.0 -4.0 0.0 0.0 -2.0 -3.0 -3.0 0.0 -4.0 0.0 -1.0 -4.0 0.0 -3.0 -3.0 -4.0 -3.0 -1.0 -4.0 -3.0 -4.0 0.0 -2.0 -4.0 -2.0 -2.0 -1.0 -3.0 -1.0 -4.0 -1.0 -3.0 -2.0 234.0 -3.0 -1.0 0.0 -2.0 -4.0 -1.0 0.0 -2.0 -1.0 -1.0 -2.0 -4.0 -2.0 0.0 0.0 -2.0 -4.0 0.0 0.0 -4.0 -4.0 0.0 -2.0 -1.0 -3.0 -2.0 0.0 0.0 -1.0 -1.0 -2.0 -3.0 -4.0 -2.0 -4.0 -2.0 -1.0 -1.0 -1.0 -2.0 -1.0 -1.0 0.0 -1.0 -4.0 0.0 -2.0 
-2.0 -1.0 0.0 0.0 -4.0 -2.0 -4.0 0.0 -3.0 0.0 -3.0 -1.0 -4.0 -1.0 -3.0 -1.0 -2.0 -4.0 -3.0 -2.0 0.0 -3.0 -4.0 0.0 -3.0 -1.0 -4.0 -4.0 -4.0 -1.0 0.0 -2.0 -1.0 -2.0 -2.0 -1.0 -3.0 -3.0 -3.0 -2.0 -3.0 -4.0 -2.0 -2.0 -4.0 -1.0 0.0 -4.0 -4.0 0.0 0.0 0.0 -4.0 -4.0 -2.0 -1.0 -3.0 -4.0 -3.0 0.0 0.0 -1.0 -4.0 -1.0 0.0 -1.0 -4.0 -3.0 237.0 0.0 0.0 -4.0 -4.0 -2.0 -3.0 -2.0 -1.0 -2.0 0.0 -3.0 -1.0 -3.0 0.0 -1.0 -1.0 -1.0 -4.0 0.0 -4.0 -3.0 0.0 -3.0 -3.0 0.0 -4.0 -4.0 -2.0 0.0 -1.0 -1.0 -4.0 -2.0 -4.0 0.0 -2.0 -4.0 -1.0 -2.0 -3.0 -2.0 -3.0 -1.0 -2.0 -4.0 -4.0 
0.0 -1.0 -4.0 -3.0 0.0 -1.0 -2.0 -4.0 -4.0 -2.0 0.0 -1.0 0.0 -2.0 -4.0 -2.0 -1.0 -4.0 -2.0 -1.0 -2.0 -3.0 -3.0 -2.0 -1.0 0.0 0.0 -3.0 -4.0 0.0 -1.0 -2.0 -1.0 -4.0 -2.0 -1.0 -1.0 0.0 -2.0 -2.0 -2.0 -1.0 0.0 0.0 -2.0 -2.0 -4.0 -1.0 -2.0 -4.0 -1.0 0.0 -2.0 -2.0 -4.0 -3.0 -2.0 -1.0 -4.0 -1.0 -4.0 -3.0 -1.0 -2.0 -2.0 -3.0 -2.0 -2.0 0.0 211.0 0.0 -1.0 0.0 0.0 -1.0 -1.0 0.0 0.0 -4.0 -3.0 0.0 -1.0 -3.0 -1.0 -2.0 -3.0 -3.0 -1.0 -3.0 -1.0 -2.0 -2.0 -3.0 0.0 -3.0 -2.0 -4.0 -2.0 -2.0 -1.0 -2.0 -3.0 -1.0 -3.0 0.0 -4.0 -4.0 -4.0 0.0 -1.0 -3.0 0.0 0.0 -4.0 -4.0 
-1.0 0.0 -4.0 -2.0 -3.0 -3.0 0.0 0.0 0.0 0.0 -1.0 -4.0 -4.0 -3.0 -4.0 -3.0 -2.0 0.0 0.0 -1.0 -2.0 -2.0 -2.0 -1.0 -4.0 -3.0 -2.0 -2.0 -3.0 0.0 -3.0 -4.0 -3.0 -3.0 -2.0 -1.0 0.0 -4.0 -1.0 -2.0 -4.0 -1.0 -2.0 -4.0 -2.0 0.0 -3.0 -2.0 -1.0 -3.0 -3.0 -2.0 -4.0 -4.0 0.0 -2.0 0.0 -2.0 0.0 0.0 0.0 -3.0 -3.0 0.0 -4.0 -4.0 -4.0 -2.0 -3.0 -1.0 237.0 -1.0 -4.0 -3.0 -3.0 -3.0 -1.0 -2.0 -4.0 -1.0 -3.0 -1.0 -3.0 -3.0 0.0 -3.0 -3.0 -2.0 -4.0 0.0 -1.0 -2.0 -2.0 0.0 -3.0 -2.0 -2.0 -1.0 -4.0 -2.0 -1.0 -2.0 -1.0 -3.0 -3.0 -4.0 0.0 -1.0 -2.0 -4.0 -3.0 -2.0 -2.0 -2.0 -2.0 
-3.0 -2.0 0.0 0.0 -2.0 -1.0 -4.0 -3.0 -1.0 0.0 -3.0 -2.0 -1.0 -1.0 0.0 -2.0 -3.0 -3.0 0.0 -4.0 -3.0 -1.0 -1.0 0.0 -2.0 -3.0 -3.0 -1.0 -1.0 -2.0 -3.0 -3.0 -4.0 0.0 -2.0 -2.0 0.0 -2.0 -1.0 -2.0 0.0 -1.0 0.0 -4.0 -1.0 -2.0 -4.0 -2.0 0.0 -3.0 -4.0 0.0 -4.0 -4.0 0.0 -2.0 -4.0 -1.0 0.0 -3.0 -4.0 -3.0 0.0 -4.0 -3.0 0.0 -2.0 -1.0 0.0 0.0 -2.0 228.0 -4.0 -3.0 0.0 0.0 -1.0 0.0 0.0 -4.0 0.0 -4.0 -1.0 -4.0 0.0 -4.0 -3.0 -4.0 -3.0 0.0 -2.0 -2.0 -3.0 -1.0 -4.0 -2.0 -4.0 0.0 -4.0 -4.0 -4.0 -3.0 -1.0 0.0 -1.0 -2.0 -4.0 -2.0 -1.0 -3.0 -3.0 -4.0 -4.0 -3.0 -3.0 
-3.0 -1.0 0.0 -1.0 -2.0 -3.0 -4.0 -2.0 -1.0 0.0 -1.0 -2.0 -4.0 -4.0 -4.0 -1.0 -1.0 -1.0 -2.0 -2.0 -2.0 -3.0 0.0 -3.0 -1.0 -4.0 -1.0 -3.0 -3.0 -3.0 -4.0 -3.0 0.0 -2.0 -3.0 -1.0 -1.0 -2.0 -4.0 -3.0 -3.0 -2.0 0.0 -1.0 -2.0 -3.0 -4.0 0.0 -4.0 -3.0 -4.0 -4.0 -2.0 -2.0 -4.0 -3.0 -2.0 0.0 -4.0 -1.0 0.0 -3.0 0.0 -3.0 -2.0 -4.0 -4.0 -2.0 -4.0 0.0 -1.0 -1.0 234.0 -1.0 0.0 -4.0 -3.0 0.0 -4.0 0.0 -1.0 0.0 0.0 -1.0 -1.0 0.0 -4.0 -1.0 -4.0 0.0 0.0 -2.0 0.0 -2.0 -2.0 -4.0 0.0 -4.0 -1.0 -4.0 0.0 -4.0 -2.0 -4.0 -4.0 -4.0 0.0 -4.0 -3.0 0.0 -2.0 -3.0 0.0 -2.0 -2.0 
-1.0 0.0 -4.0 0.0 -3.0 -1.0 -4.0 0.0 -4.0 -2.0 -1.0 -1.0 -3.0 -4.0 -2.0 -4.0 -1.0 0.0 -3.0 -4.0 0.0 0.0 0.0 0.0 -4.0 -2.0 -3.0 0.0 -3.0 -3.0 -2.0 0.0 -2.0 -2.0 -1.0 -3.0 -2.0 -3.0 -3.0 -1.0 0.0 -1.0 0.0 -4.0 -4.0 -3.0 -1.0 -2.0 -4.0 -2.0 -3.0 -4.0 -3.0 -3.0 -4.0 -3.0 -4.0 -1.0 -2.0 -2.0 0.0 0.0 -4.0 -4.0 -3.0 -2.0 -2.0 -1.0 -1.0 -1.0 -4.0 -3.0 0.0 240.0 -2.0 -3.0 -2.0 -3.0 -1.0 -1.0 -1.0 -2.0 -1.0 -2.0 0.0 -1.0 -2.0 -4.0 -4.0 0.0 -4.0 -1.0 0.0 -4.0 -4.0 -2.0 0.0 -4.0 -2.0 0.0 -4.0 -3.0 -4.0 0.0 0.0 -4.0 -3.0 -4.0 -2.0 -3.0 -4.0 -1.0 -1.0 -3.0 -3.0 
-4.0 -1.0 -4.0 -4.0 -4.0 -1.0 0.0 -3.0 -4.0 -3.0 -1.0 -2.0 -4.0 -4.0 -1.0 -2.0 -4.0 -4.0 -3.0 -4.0 -3.0 -1.0 0.0 -4.0 -3.0 -3.0 -2.0 -3.0 0.0 -4.0 -3.0 -4.0 -3.0 -1.0 -1.0 -1.0 -3.0 0.0 -1.0 0.0 -4.0 -3.0 -2.0 -3.0 0.0 -2.0 -1.0 -2.0 -3.0 0.0 -4.0 -1.0 -3.0 0.0 0.0 -4.0 -2.0 -4.0 -1.0 -2.0 -3.0 -3.0 -4.0 0.0 -2.0 -2.0 0.0 -3.0 -4.0 -3.0 0.0 -2.0 -3.0 -3.0 245.0 -1.0 -4.0 -3.0 -4.0 -3.0 0.0 0.0 -1.0 0.0 -3.0 -3.0 -3.0 -1.0 -1.0 -2.0 -4.0 -1.0 -1.0 -4.0 0.0 -2.0 -2.0 -1.0 -1.0 -4.0 -3.0 -4.0 0.0 -1.0 -4.0 -3.0 -4.0 -1.0 -1.0 0.0 0.0 -1.0 0.0 -1.0 -3.0 
0.0 -3.0 0.0 -4.0 0.0 -1.0 -1.0 0.0 -1.0 -3.0 -4.0 -3.0 -2.0 -4.0 -3.0 -3.0 0.0 -2.0 -4.0 -2.0 -2.0 -2.0 0.0 -2.0 -2.0 -2.0 0.0 -2.0 -2.0 -4.0 -1.0 -4.0 -1.0 -1.0 -2.0 -4.0 -1.0 -2.0 0.0 0.0 -2.0 -4.0 -3.0 -4.0 0.0 -1.0 -4.0 -1.0 0.0 -1.0 -4.0 -4.0 -3.0 -4.0 -4.0 -1.0 -2.0 -2.0 -4.0 -3.0 0.0 -2.0 0.0 -1.0 -1.0 -1.0 -1.0 0.0 -1.0 0.0 -3.0 0.0 -2.0 -1.0 -2.0 226.0 -3.0 0.0 0.0 -3.0 -3.0 -2.0 -4.0 -2.0 -2.0 -4.0 -4.0 -3.0 -2.0 0.0 -4.0 -4.0 -3.0 -1.0 -3.0 -1.0 0.0 0.0 -1.0 -4.0 -1.0 -2.0 -4.0 -3.0 0.0 -3.0 0.0 -3.0 -3.0 -4.0 -3.0 -4.0 0.0 0.0 -3.0 
-2.0 -2.0 0.0 -4.0 -2.0 0.0 0.0 -4.0 -1.0 -2.0 -1.0 -4.0 -4.0 0.0 -4.0 -4.0 0.0 -1.0 -3.0 -3.0 -1.0 -4.0 -3.0 -2.0 0.0 -2.0 0.0 -2.0 -4.0 0.0 0.0 -1.0 -2.0 -1.0 -2.0 0.0 -3.0 -1.0 -4.0 -4.0 0.0 -2.0 -2.0 -4.0 0.0 -2.0 -2.0 -1.0 -4.0 -2.0 -2.0 0.0 -3.0 -4.0 0.0 0.0 -2.0 -2.0 -4.0 -3.0 -1.0 -4.0 -2.0 0.0 -1.0 -4.0 -1.0 -2.0 -3.0 -2.0 -3.0 -1.0 -4.0 -1.0 -4.0 -3.0 238.0 0.0 0.0 0.0 -3.0 0.0 -1.0 -4.0 0.0 -3.0 -4.0 -1.0 -4.0 -3.0 -1.0 -2.0 -4.0 -4.0 -2.0 -1.0 -4.0 -3.0 -2.0 -2.0 -4.0 -2.0 -4.0 -4.0 -3.0 -1.0 -3.0 -2.0 -3.0 -2.0 0.0 -4.0 -1.0 -3.0 -2.0 
-4.0 -1.0 0.0 -2.0 -1.0 -4.0 -2.0 -4.0 -3.0 -1.0 -1.0 -2.0 -2.0 0.0 0.0 -3.0 -1.0 -1.0 -3.0 0.0 -1.0 -3.0 -4.0 0.0 -2.0 -1.0 -3.0 0.0 -3.0 -1.0 0.0 -1.0 -4.0 -3.0 0.0 -1.0 -3.0 -2.0 -2.0 0.0 0.0 -4.0 -4.0 -2.0 -1.0 0.0 -1.0 -4.0 -4.0 -1.0 -1.0 -2.0 -3.0 -4.0 -4.0 -2.0 -2.0 -3.0 -1.0 0.0 -2.0 -2.0 -3.0 -4.0 -1.0 0.0 -3.0 0.0 -2.0 -1.0 -1.0 -3.0 -3.0 -4.0 0.0 0.0 -3.0 235.0 -4.0 -3.0 0.0 -4.0 0.0 -4.0 -2.0 -2.0 -1.0 -2.0 -2.0 -4.0 -3.0 -4.0 0.0 -4.0 -4.0 -3.0 -4.0 0.0 -3.0 -3.0 -3.0 0.0 -4.0 -3.0 -2.0 -4.0 0.0 -2.0 -3.0 -2.0 -3.0 -1.0 0.0 -4.0 -4.0 
-1.0 -3.0 -2.0 0.0 -1.0 -3.0 -1.0 -2.0 -2.0 -4.0 -4.0 -3.0 -2.0 -1.0 0.0 0.0 -2.0 -4.0 -2.0 -4.0 -3.0 -4.0 -4.0 -4.0 0.0 -3.0 -3.0 -3.0 -3.0 -2.0 -4.0 -3.0 -2.0 -4.0 -1.0 -1.0 0.0 -1.0 -2.0 0.0 -2.0 -1.0 -4.0 -2.0 -1.0 -4.0 -3.0 -2.0 -3.0 0.0 -1.0 -3.0 -1.0 -4.0 -4.0 -4.0 -4.0 -3.0 -1.0 -4.0 -2.0 -3.0 0.0 -1.0 0.0 -2.0 -4.0 -1.0 -2.0 -2.0 -1.0 -2.0 -4.0 -3.0 -1.0 0.0 -4.0 -1.0 243.0 -2.0 0.0 -3.0 -3.0 0.0 -3.0 0.0 -1.0 0.0 -2.0 -3.0 -3.0 -4.0 -4.0 -1.0 -3.0 0.0 -4.0 -3.0 -1.0 -1.0 -2.0 -3.0 -1.0 -1.0 -2.0 -4.0 -3.0 -2.0 0.0 -4.0 -2.0 0.0 -1.0 -2.0 -3.0 
-1.0 -2.0 -2.0 -4.0 0.0 -2.0 -2.0 0.0 -2.0 -4.0 -1.0 -4.0 -1.0 0.0 -1.0 -1.0 -4.0 -2.0 -4.0 -4.0 -1.0 -4.0 -3.0 -4.0 0.0 -4.0 -2.0 -4.0 -4.0 -2.0 -4.0 -4.0 0.0 -2.0 0.0 -1.0 0.0 -2.0 -2.0 -1.0 -3.0 -2.0 -1.0 -3.0 -3.0 -2.0 -2.0 -4.0 -3.0 -4.0 -4.0 0.0 -2.0 -1.0 0.0 -1.0 -1.0 -4.0 -3.0 -3.0 -3.0 0.0 -4.0 -4.0 0.0 -1.0 -1.0 -4.0 -2.0 -4.0 -4.0 -3.0 -4.0 -4.0 -4.0 -3.0 -3.0 0.0 -4.0 260.0 -3.0 -1.0 0.0 0.0 -3.0 -4.0 -2.0 -2.0 -2.0 -3.0 -3.0 -2.0 0.0 -3.0 -2.0 -4.0 -2.0 -3.0 0.0 -3.0 -1.0 -3.0 -3.0 -2.0 -2.0 -1.0 -4.0 0.0 -1.0 -4.0 -4.0 -3.0 -1.0 -3.0 -3.0 
-2.0 -2.0 0.0 0.0 -1.0 0.0 -2.0 -3.0 -4.0 -2.0 0.0 -1.0 -2.0 -2.0 -1.0 -2.0 0.0 0.0 -1.0 0.0 0.0 -2.0 -2.0 0.0 -3.0 -1.0 -2.0 -1.0 0.0 -2.0 -2.0 0.0 -3.0 -3.0 -1.0 -3.0 -1.0 -3.0 -4.0 -1.0 -2.0 -1.0 0.0 0.0 -4.0 -4.0 0.0 -2.0 -1.0 0.0 -3.0 0.0 0.0 -3.0 -3.0 -4.0 0.0 -1.0 -1.0 -1.0 -4.0 -4.0 -3.0 -1.0 -3.0 -3.0 -1.0 -2.0 -4.0 -4.0 -3.0 -1.0 -3.0 -2.0 0.0 -4.0 0.0 -3.0 -3.0 -1.0 208.0 -2.0 -2.0 -3.0 -1.0 -1.0 -1.0 -1.0 -3.0 -3.0 -4.0 -3.0 -4.0 -3.0 0.0 0.0 -1.0 -4.0 0.0 -4.0 -2.0 -3.0 -1.0 -2.0 -1.0 -4.0 -3.0 -3.0 -2.0 0.0 -1.0 0.0 -3.0 -3.0 -2.0 
-3.0 -1.0 -1.0 -1.0 -1.0 -2.0 -1.0 -2.0 -4.0 -1.0 -2.0 -4.0 -4.0 -4.0 -1.0 -2.0 -3.0 -3.0 -2.0 -4.0 0.0 0.0 0.0 -1.0 -2.0 -1.0 -3.0 -4.0 -3.0 -3.0 -1.0 0.0 -2.0 -2.0 -2.0 -1.0 0.0 -2.0 0.0 -2.0 -1.0 -1.0 0.0 -4.0 -3.0 -3.0 -4.0 -2.0 -4.0 -2.0 -2.0 -1.0 -2.0 0.0 -4.0 -3.0 -2.0 -1.0 0.0 -3.0 -2.0 0.0 -2.0 -4.0 0.0 -1.0 -4.0 -2.0 0.0 -3.0 -4.0 -3.0 0.0 -2.0 0.0 -3.0 -1.0 -3.0 0.0 0.0 -2.0 209.0 0.0 -3.0 0.0 -2.0 0.0 -4.0 -1.0 -4.0 -2.0 0.0 -2.0 -1.0 -4.0 -3.0 -1.0 0.0 -4.0 -2.0 -4.0 -2.0 0.0 -1.0 0.0 -2.0 0.0 0.0 0.0 -2.0 -4.0 -3.0 -1.0 -4.0 0.0 
-1.0 -2.0 0.0 -4.0 -2.0 -4.0 -3.0 -1.0 -3.0 -2.0 -1.0 0.0 -2.0 0.0 0.0 -2.0 -2.0 -4.0 -3.0 -2.0 0.0 -1.0 0.0 -1.0 -2.0 -3.0 -1.0 -3.0 -4.0 -1.0 0.0 -1.0 -1.0 -3.0 -4.0 -1.0 -4.0 -4.0 -4.0 -3.0 0.0 -3.0 -1.0 0.0 -2.0 -1.0 -3.0 -2.0 -2.0 -3.0 -1.0 0.0 -4.0 -4.0 -1.0 -2.0 -4.0 -4.0 -3.0 -3.0 -2.0 -3.0 -1.0 -4.0 -2.0 -2.0 -4.0 -1.0 -4.0 0.0 -2.0 -3.0 -2.0 -1.0 -2.0 -1.0 -4.0 -1.0 -2.0 0.0 -2.0 -2.0 241.0 -4.0 -3.0 -2.0 -4.0 -4.0 -3.0 -3.0 -3.0 -3.0 -4.0 -2.0 -4.0 -3.0 -4.0 0.0 -1.0 -3.0 -2.0 -2.0 -2.0 -1.0 -2.0 0.0 -1.0 0.0 -1.0 0.0 -1.0 -4.0 -2.0 -3.0 -3.0 
0.0 0.0 -2.0 -1.0 -2.0 -2.0 -1.0 -1.0 -4.0 -2.0 -2.0 -3.0 -2.0 -3.0 0.0 -2.0 -4.0 -2.0 0.0 -1.0 -1.0 0.0 0.0 -3.0 0.0 -2.0 -4.0 -1.0 -4.0 -3.0 -2.0 -4.0 -3.0 -4.0 -1.0 -4.0 -1.0 -4.0 -2.0 -3.0 0.0 -2.0 -3.0 -3.0 -1.0 0.0 -2.0 -4.0 -4.0 -3.0 -1.0 0.0 0.0 -2.0 -4.0 -1.0 -4.0 -4.0 -2.0 -3.0 0.0 -1.0 -4.0 0.0 -3.0 -4.0 -4.0 -2.0 -4.0 0.0 -4.0 -3.0 -4.0 -1.0 -3.0 -4.0 -4.0 0.0 -4.0 -1.0 -3.0 0.0 -2.0 236.0 -3.0 -3.0 -4.0 -1.0 -3.0 0.0 -4.0 0.0 -3.0 -2.0 0.0 0.0 -1.0 -3.0 -3.0 -1.0 -3.0 -3.0 -3.0 -1.0 -4.0 -1.0 -2.0 0.0 -1.0 -4.0 -1.0 -1.0 -3.0 0.0 0.0 
-3.0 -1.0 0.0 -2.0 0.0 -1.0 -4.0 -3.0 -4.0 -1.0 0.0 -2.0 -4.0 -1.0 -2.0 -2.0 -2.0 -3.0 -2.0 0.0 -4.0 0.0 -2.0 -2.0 0.0 -3.0 -3.0 -4.0 -4.0 0.0 -4.0 -4.0 -1.0 -4.0 -3.0 -3.0 -1.0 -1.0 -1.0 0.0 -3.0 0.0 -4.0 -1.0 -1.0 -2.0 0.0 -4.0 -4.0 0.0 -3.0 -3.0 0.0 -2.0 0.0 -4.0 0.0 0.0 0.0 -3.0 -3.0 -2.0 -4.0 -3.0 -2.0 -2.0 -1.0 -3.0 -2.0 -1.0 -1.0 -2.0 0.0 -3.0 0.0 -1.0 -4.0 -2.0 -4.0 0.0 -2.0 -4.0 0.0 0.0 226.0 -3.0 -4.0 -4.0 -1.0 -2.0 0.0 -3.0 -1.0 -3.0 -2.0 -3.0 0.0 -4.0 -2.0 -1.0 -4.0 0.0 -3.0 -1.0 -3.0 -3.0 -3.0 -1.0 0.0 -1.0 -4.0 -1.0 -4.0 -3.0 -1.0 
-4.0 -3.0 -1.0 -3.0 -3.0 0.0 -4.0 -1.0 0.0 -1.0 -4.0 -2.0 -3.0 -1.0 -3.0 -4.0 -4.0 -3.0 -4.0 -2.0 -1.0 -4.0 -2.0 -1.0 -2.0 -4.0 -3.0 -3.0 -2.0 -2.0 -3.0 -1.0 -4.0 0.0 -3.0 -1.0 -4.0 0.0 -1.0 -4.0 -4.0 -4.0 -2.0 -2.0 -1.0 -3.0 -4.0 0.0 -1.0 -4.0 -2.0 0.0 0.0 0.0 -2.0 -1.0 -1.0 -3.0 0.0 -3.0 -4.0 -2.0 0.0 -1.0 -3.0 -2.0 0.0 -3.0 0.0 -2.0 -3.0 0.0 -4.0 -1.0 -4.0 0.0 -3.0 -3.0 -1.0 0.0 -2.0 -2.0 -3.0 -3.0 -4.0 252.0 -2.0 -2.0 -1.0 -3.0 0.0 -4.0 -3.0 -3.0 -4.0 -1.0 -2.0 -4.0 -2.0 -1.0 -2.0 -2.0 -2.0 -3.0 -4.0 -3.0 -1.0 -3.0 -4.0 0.0 -4.0 -2.0 -4.0 -4.0 0.0 
-2.0 -2.0 -3.0 -4.0 -2.0 0.0 -1.0 -2.0 0.0 -2.0 -4.0 -3.0 -2.0 -3.0 -1.0 -3.0 -3.0 -3.0 -2.0 -2.0 -4.0 -2.0 0.0 -2.0 -3.0 -2.0 -1.0 0.0 -2.0 -4.0 -1.0 -4.0 -2.0 -2.0 -3.0 -2.0 -1.0 0.0 -2.0 -3.0 -2.0 -3.0 -2.0 -1.0 -1.0 -4.0 -4.0 0.0 -2.0 -2.0 -2.0 -2.0 -2.0 -2.0 0.0 -2.0 0.0 -1.0 -1.0 -1.0 -4.0 0.0 -1.0 -4.0 -3.0 -3.0 0.0 -3.0 0.0 -2.0 -4.0 -4.0 -2.0 -3.0 -3.0 -4.0 -2.0 0.0 -1.0 -4.0 -2.0 0.0 -1.0 -4.0 0.0 0.0 240.0 -3.0 -2.0 -3.0 -1.0 -2.0 -1.0 -4.0 -1.0 -4.0 -4.0 -4.0 -3.0 -2.0 -2.0 -1.0 -4.0 -3.0 -2.0 -2.0 -2.0 0.0 -1.0 -4.0 -2.0 -4.0 -2.0 -2.0 -3.0 
-4.0 -3.0 -1.0 0.0 -3.0 -1.0 -1.0 -1.0 -4.0 -2.0 -3.0 -4.0 -3.0 -2.0 -2.0 -4.0 0.0 -2.0 0.0 -3.0 -3.0 -1.0 -1.0 -4.0 -2.0 -1.0 -2.0 -2.0 -1.0 0.0 0.0 -4.0 -4.0 -3.0 -3.0 -1.0 -2.0 0.0 -1.0 -3.0 -1.0 0.0 -1.0 -4.0 -3.0 -1.0 0.0 -3.0 -2.0 -3.0 -1.0 -4.0 -2.0 -1.0 -1.0 0.0 -4.0 0.0 -2.0 -2.0 -2.0 -4.0 0.0 -1.0 -4.0 -2.0 -4.0 -4.0 0.0 -3.0 -1.0 -2.0 0.0 -1.0 0.0 -1.0 -2.0 -3.0 -3.0 -3.0 -4.0 -4.0 -3.0 -4.0 -4.0 -2.0 -2.0 234.0 -4.0 -3.0 -4.0 -3.0 -3.0 -3.0 0.0 0.0 -1.0 0.0 0.0 -2.0 -4.0 -1.0 0.0 -3.0 -1.0 0.0 -3.0 -4.0 -2.0 -1.0 -3.0 -2.0 -3.0 -3.0 -2.0 
-1.0 -1.0 -1.0 -1.0 -2.0 -1.0 0.0 -1.0 -1.0 -4.0 -4.0 -4.0 -2.0 -2.0 -1.0 0.0 0.0 -1.0 -2.0 -3.0 -4.0 -2.0 -2.0 -4.0 -1.0 -2.0 -4.0 -1.0 -4.0 -1.0 -4.0 -2.0 -1.0 0.0 -4.0 -3.0 -4.0 -2.0 -1.0 -2.0 -1.0 -4.0 -1.0 -4.0 0.0 -4.0 -4.0 -2.0 0.0 -2.0 -1.0 -4.0 -3.0 -3.0 -2.0 -1.0 -3.0 -2.0 0.0 -3.0 -2.0 -2.0 -2.0 -1.0 -3.0 -4.0 -1.0 -4.0 -4.0 -3.0 -1.0 -4.0 -3.0 -3.0 -1.0 -2.0 -4.0 -3.0 -4.0 -3.0 -1.0 -1.0 -2.0 0.0 0.0 0.0 -2.0 -4.0 240.0 0.0 -3.0 -1.0 -2.0 -3.0 -4.0 0.0 -2.0 -4.0 -2.0 -3.0 -1.0 0.0 -3.0 -1.0 -4.0 -1.0 -4.0 -3.0 -1.0 -4.0 0.0 -1.0 -2.0 0.0 -3.0 
-2.0 -2.0 -3.0 -3.0 -3.0 -4.0 -4.0 -3.0 -4.0 0.0 -2.0 -2.0 -4.0 -3.0 -3.0 0.0 -4.0 0.0 -1.0 -4.0 -1.0 -4.0 -3.0 -4.0 -3.0 -1.0 -3.0 -3.0 -1.0 -3.0 -2.0 -1.0 -2.0 0.0 0.0 0.0 -1.0 -4.0 -4.0 0.0 -2.0 -4.0 -2.0 -1.0 -3.0 -1.0 0.0 -2.0 0.0 -2.0 -2.0 -3.0 -1.0 -4.0 -3.0 0.0 0.0 -1.0 -4.0 -4.0 -2.0 -2.0 -2.0 -2.0 -4.0 -1.0 -1.0 0.0 -4.0 -3.0 -3.0 -2.0 0.0 -1.0 -3.0 -3.0 -3.0 -4.0 -4.0 -1.0 -3.0 -1.0 -1.0 -3.0 -2.0 -2.0 0.0 -4.0 -1.0 238.0 -2.0 -1.0 -4.0 0.0 -2.0 -4.0 0.0 -1.0 -2.0 -4.0 0.0 -3.0 0.0 0.0 0.0 -2.0 -2.0 -1.0 0.0 -4.0 -2.0 -4.0 -1.0 -4.0 -3.0 
0.0 -1.0 -4.0 -4.0 0.0 -2.0 0.0 0.0 -3.0 -1.0 -1.0 0.0 -4.0 -2.0 -3.0 -3.0 0.0 -2.0 -2.0 -4.0 -3.0 0.0 -4.0 -1.0 -2.0 0.0 -3.0 -1.0 -4.0 -3.0 -2.0 -4.0 0.0 -2.0 -1.0 -3.0 -1.0 -1.0 0.0 -3.0 0.0 -2.0 0.0 0.0 -2.0 -2.0 0.0 -3.0 -3.0 0.0 -4.0 0.0 -4.0 -4.0 -4.0 -3.0 -4.0 -4.0 0.0 -3.0 -4.0 -4.0 -3.0 -1.0 -1.0 -3.0 -1.0 -2.0 0.0 -4.0 -3.0 -2.0 -1.0 0.0 -1.0 0.0 -4.0 -4.0 0.0 0.0 -3.0 -4.0 0.0 -2.0 -4.0 -3.0 -3.0 -4.0 -2.0 -2.0 238.0 -2.0 -4.0 -4.0 -1.0 -4.0 -2.0 -3.0 -4.0 -3.0 -1.0 -1.0 -3.0 -2.0 -1.0 -2.0 -2.0 -2.0 -1.0 -3.0 -1.0 -2.0 -4.0 -1.0 -4.0 
0.0 -4.0 -2.0 0.0 -4.0 0.0 -2.0 -4.0 -2.0 -3.0 -3.0 -2.0 -3.0 -4.0 -1.0 -2.0 -2.0 -2.0 0.0 -3.0 -1.0 -2.0 0.0 -2.0 -3.0 -3.0 -2.0 0.0 -4.0 -1.0 -1.0 0.0 -2.0 -4.0 -4.0 -3.0 -1.0 -3.0 -2.0 -4.0 -2.0 -3.0 -3.0 0.0 -2.0 -3.0 -2.0 -4.0 -2.0 -1.0 -1.0 -3.0 -1.0 0.0 -3.0 -1.0 -1.0 -2.0 -3.0 -1.0 -3.0 -4.0 -4.0 -4.0 -1.0 -4.0 0.0 -4.0 -2.0 0.0 -4.0 -2.0 -1.0 -3.0 -1.0 0.0 -4.0 -1.0 -4.0 -1.0 -1.0 -1.0 0.0 0.0 -4.0 0.0 -2.0 0.0 -4.0 0.0 -3.0 225.0 -2.0 -1.0 0.0 -3.0 -4.0 0.0 -4.0 -4.0 -3.0 -1.0 0.0 -4.0 0.0 -1.0 0.0 -4.0 0.0 -1.0 -2.0 -1.0 0.0 -4.0 -1.0 
-2.0 -1.0 -1.0 -4.0 0.0 -3.0 -3.0 0.0 -4.0 -4.0 -3.0 0.0 -3.0 -3.0 0.0 0.0 0.0 -4.0 -2.0 -2.0 -4.0 -2.0 -1.0 -4.0 0.0 0.0 -1.0 -2.0 -4.0 0.0 -1.0 -1.0 0.0 0.0 -2.0 -1.0 -3.0 -1.0 -4.0 -2.0 -3.0 -3.0 -2.0 -2.0 -2.0 0.0 -4.0 -4.0 -3.0 -1.0 0.0 -2.0 -4.0 -3.0 -3.0 -2.0 -4.0 -4.0 -2.0 0.0 -2.0 -3.0 -1.0 -3.0 -1.0 -3.0 -3.0 -2.0 -1.0 -4.0 -1.0 -3.0 0.0 -1.0 -1.0 -2.0 -3.0 -3.0 0.0 0.0 0.0 -1.0 -3.0 -2.0 -4.0 -3.0 -1.0 -4.0 0.0 -2.0 -4.0 0.0 226.0 0.0 -3.0 -1.0 -3.0 -4.0 0.0 -2.0 -3.0 -1.0 -4.0 -2.0 -3.0 -4.0 -4.0 -2.0 0.0 -1.0 -4.0 0.0 -3.0 -1.0 0.0 
-2.0 0.0 -4.0 0.0 -1.0 0.0 -3.0 -3.0 -2.0 -3.0 -4.0 -3.0 -3.0 -2.0 -1.0 0.0 -2.0 -2.0 -1.0 -4.0 0.0 -4.0 -4.0 0.0 0.0 -2.0 -1.0 0.0 -1.0 -3.0 -4.0 -4.0 -3.0 0.0 0.0 -3.0 -4.0 -3.0 -3.0 -3.0 -2.0 0.0 -2.0 -4.0 -2.0 -4.0 -2.0 -1.0 -2.0 -3.0 -1.0 -2.0 -2.0 0.0 0.0 -2.0 -4.0 -1.0 0.0 -4.0 -1.0 -3.0 -2.0 -3.0 -4.0 -4.0 0.0 0.0 -3.0 -2.0 -2.0 0.0 -3.0 -1.0 -1.0 -1.0 -1.0 0.0 -1.0 0.0 -1.0 -1.0 -1.0 0.0 0.0 0.0 -3.0 -3.0 0.0 -2.0 -4.0 -2.0 -1.0 218.0 -2.0 0.0 -2.0 -4.0 -3.0 -2.0 -3.0 -2.0 -2.0 -4.0 0.0 -4.0 -4.0 0.0 0.0 -4.0 -4.0 -1.0 -2.0 -4.0 -1.0 
-4.0 0.0 -2.0 -4.0 0.0 -3.0 -1.0 0.0 -3.0 0.0 -4.0 -4.0 0.0 -4.0 -1.0 0.0 -1.0 -3.0 -3.0 0.0 -3.0 0.0 -2.0 -3.0 -1.0 -1.0 -2.0 -4.0 0.0 -4.0 0.0 -2.0 -1.0 -1.0 -2.0 -1.0 0.0 -3.0 -3.0 -1.0 -1.0 -4.0 -1.0 -4.0 -2.0 0.0 -2.0 -2.0 -4.0 -1.0 -1.0 -3.0 -2.0 -2.0 0.0 -2.0 0.0 -2.0 0.0 -2.0 -3.0 -1.0 -4.0 -4.0 -3.0 -4.0 -3.0 -3.0 -1.0 -4.0 -2.0 -3.0 -1.0 -3.0 -4.0 0.0 -3.0 0.0 -4.0 -1.0 -3.0 -3.0 -2.0 0.0 -2.0 0.0 -3.0 -2.0 0.0 -3.0 0.0 -4.0 -4.0 0.0 215.0 -3.0 -2.0 -4.0 0.0 -4.0 0.0 -3.0 0.0 -2.0 -2.0 0.0 -2.0 0.0 -3.0 -4.0 -2.0 0.0 0.0 0.0 -1.0 
-2.0 -3.0 -1.0 -1.0 0.0 -1.0 -2.0 0.0 -2.0 -3.0 -2.0 0.0 -3.0 -3.0 -2.0 -4.0 0.0 0.0 0.0 -4.0 -3.0 0.0 -4.0 -2.0 -3.0 -2.0 -1.0 -3.0 -4.0 0.0 -1.0 0.0 -2.0 0.0 -3.0 -4.0 -2.0 -1.0 -3.0 -4.0 0.0 -2.0 -1.0 0.0 -3.0 -4.0 -3.0 -4.0 0.0 -4.0 -1.0 -4.0 0.0 0.0 -3.0 -4.0 -4.0 -2.0 -3.0 -2.0 0.0 -1.0 -3.0 -1.0 -1.0 -3.0 -3.0 0.0 0.0 -3.0 -4.0 -1.0 -3.0 0.0 -2.0 -4.0 -3.0 -4.0 -2.0 -4.0 -2.0 -3.0 -4.0 -4.0 -1.0 0.0 -1.0 0.0 0.0 -1.0 0.0 -3.0 0.0 0.0 -2.0 221.0 -3.0 -4.0 -4.0 0.0 -4.0 -1.0 -1.0 -3.0 0.0 0.0 -3.0 -1.0 0.0 -3.0 -4.0 -2.0 -3.0 -1.0 -2.0 
0.0 -3.0 -2.0 -4.0 -4.0 -3.0 0.0 -2.0 -1.0 -3.0 -3.0 -4.0 0.0 -4.0 -3.0 -3.0 -1.0 -2.0 -3.0 -3.0 0.0 -3.0 -2.0 -3.0 -3.0 -4.0 -1.0 -3.0 -2.0 -3.0 -4.0 -2.0 -1.0 -3.0 -3.0 -2.0 0.0 -4.0 -4.0 -4.0 -2.0 -2.0 -4.0 -3.0 -4.0 -4.0 0.0 0.0 -4.0 -3.0 -2.0 0.0 -1.0 -4.0 -1.0 -3.0 -3.0 -4.0 -2.0 -1.0 -1.0 -3.0 0.0 -4.0 -3.0 -1.0 -2.0 -4.0 -1.0 0.0 -2.0 -3.0 -1.0 -3.0 -1.0 -3.0 -4.0 -3.0 -2.0 -4.0 -2.0 -2.0 -1.0 -1.0 -1.0 0.0 -4.0 -3.0 -4.0 -2.0 0.0 -3.0 0.0 -2.0 0.0 -4.0 250.0 -1.0 0.0 -3.0 -4.0 -1.0 -3.0 -2.0 -1.0 0.0 -1.0 -1.0 -4.0 -1.0 -1.0 -2.0 -3.0 -2.0 0.0 
-4.0 0.0 0.0 -1.0 -4.0 -2.0 -4.0 -1.0 -3.0 -4.0 -4.0 -4.0 -1.0 -2.0 -1.0 -2.0 -4.0 -1.0 -3.0 -2.0 -1.0 -4.0 0.0 0.0 -3.0 0.0 -3.0 -4.0 -4.0 -2.0 -4.0 -4.0 0.0 0.0 0.0 -4.0 -3.0 -2.0 -1.0 -3.0 -3.0 -1.0 0.0 -3.0 -2.0 -1.0 0.0 -2.0 -3.0 0.0 0.0 -3.0 -1.0 -2.0 -2.0 -2.0 -4.0 -1.0 -4.0 -2.0 -1.0 -4.0 -4.0 -4.0 -2.0 -3.0 -1.0 0.0 -2.0 -1.0 -2.0 -3.0 -3.0 -1.0 -2.0 -4.0 -4.0 -2.0 -1.0 -4.0 -1.0 -2.0 -4.0 -3.0 -4.0 -2.0 -3.0 -3.0 -2.0 0.0 -1.0 -3.0 -4.0 -3.0 -3.0 0.0 0.0 248.0 -3.0 -2.0 -1.0 -4.0 -1.0 -2.0 -4.0 0.0 0.0 -4.0 -1.0 -3.0 -2.0 -2.0 -4.0 -4.0 0.0 
-3.0 -2.0 -3.0 -4.0 -2.0 -3.0 -2.0 -2.0 -3.0 0.0 -4.0 -4.0 -3.0 -2.0 -2.0 -1.0 -1.0 -2.0 0.0 -1.0 -2.0 -2.0 -4.0 -3.0 0.0 0.0 -3.0 0.0 -3.0 -4.0 -3.0 -3.0 0.0 -3.0 -3.0 -1.0 -2.0 0.0 -1.0 0.0 -3.0 0.0 -1.0 -4.0 -4.0 -1.0 -1.0 -4.0 0.0 -3.0 -3.0 -3.0 -2.0 -4.0 0.0 0.0 -3.0 -1.0 -4.0 -4.0 -3.0 -4.0 0.0 -2.0 0.0 -1.0 -1.0 -4.0 -2.0 -3.0 -2.0 -4.0 -4.0 -2.0 -1.0 -3.0 0.0 -2.0 -4.0 -2.0 -4.0 -2.0 -3.0 0.0 -3.0 -3.0 -1.0 -1.0 -4.0 0.0 -4.0 -2.0 -3.0 -2.0 0.0 -2.0 0.0 -3.0 242.0 -2.0 -1.0 -4.0 -1.0 -4.0 -3.0 -3.0 -1.0 -2.0 -2.0 0.0 -4.0 -4.0 -1.0 -3.0 0.0 
-3.0 -4.0 -3.0 -4.0 -3.0 -2.0 -2.0 -3.0 -2.0 0.0 -4.0 -1.0 -2.0 -2.0 -4.0 -4.0 -4.0 -4.0 -1.0 0.0 -4.0 -4.0 -3.0 -3.0 -4.0 0.0 -4.0 -3.0 -3.0 -2.0 -3.0 -2.0 -1.0 -3.0 -1.0 -4.0 0.0 -2.0 -1.0 -2.0 -4.0 -1.0 -4.0 0.0 -1.0 -1.0 -4.0 -1.0 -3.0 -3.0 -3.0 -4.0 -4.0 -3.0 -2.0 -1.0 0.0 -1.0 0.0 -4.0 -1.0 0.0 -1.0 -2.0 -2.0 -4.0 -1.0 -3.0 -3.0 -1.0 -3.0 -3.0 -4.0 -4.0 0.0 -2.0 -4.0 -4.0 -4.0 -2.0 -3.0 -2.0 -1.0 -1.0 -2.0 -1.0 -2.0 0.0 -4.0 -1.0 -4.0 -2.0 0.0 -3.0 -4.0 -1.0 -2.0 0.0 -2.0 261.0 -3.0 -1.0 -1.0 -2.0 0.0 -3.0 -3.0 -4.0 -3.0 0.0 -3.0 -2.0 -3.0 -2.0 -3.0 
-3.0 -1.0 -3.0 -1.0 -4.0 -2.0 0.0 -3.0 -3.0 -4.0 -4.0 -1.0 0.0 0.0 -4.0 -2.0 -2.0 -3.0 -4.0 -2.0 -2.0 -3.0 -1.0 -3.0 -2.0 -4.0 -4.0 -1.0 -3.0 0.0 -2.0 -1.0 -1.0 -4.0 -4.0 -4.0 0.0 -4.0 -4.0 -2.0 -3.0 -2.0 -2.0 -2.0 -4.0 -3.0 0.0 -1.0 -4.0 -1.0 -2.0 -1.0 -1.0 -1.0 -1.0 0.0 0.0 0.0 -4.0 -4.0 -2.0 -3.0 -1.0 -2.0 0.0 -3.0 -3.0 -4.0 -4.0 -4.0 -2.0 -4.0 -4.0 -3.0 -2.0 0.0 -4.0 -3.0 -4.0 -3.0 0.0 -3.0 -4.0 -4.0 -4.0 -1.0 0.0 -2.0 -1.0 -2.0 -4.0 0.0 -2.0 0.0 -1.0 0.0 0.0 -4.0 -2.0 -2.0 247.0 0.0 -4.0 0.0 0.0 -3.0 -4.0 0.0 -1.0 0.0 -3.0 -3.0 -4.0 0.0 -3.0 
-4.0 0.0 0.0 -2.0 -2.0 -2.0 -4.0 -1.0 -2.0 -2.0 -1.0 -1.0 -4.0 -4.0 -2.0 -3.0 -1.0 -1.0 -3.0 -3.0 -3.0 -1.0 -4.0 -2.0 -1.0 -1.0 0.0 -3.0 -1.0 0.0 0.0 -1.0 0.0 -3.0 -3.0 -1.0 -4.0 -4.0 -1.0 -2.0 -4.0 -3.0 -3.0 -4.0 -1.0 -3.0 -4.0 -3.0 0.0 0.0 -2.0 -2.0 -3.0 -4.0 -2.0 -2.0 -3.0 -2.0 0.0 -4.0 -1.0 -3.0 -4.0 -1.0 0.0 -2.0 0.0 -1.0 -1.0 -3.0 -1.0 -3.0 -3.0 0.0 -2.0 -2.0 -2.0 -4.0 -1.0 -4.0 -2.0 -2.0 -1.0 -2.0 -1.0 -1.0 0.0 0.0 -4.0 0.0 -2.0 -3.0 0.0 -4.0 -3.0 -2.0 -3.0 -3.0 -2.0 -2.0 -1.0 232.0 -2.0 -4.0 -4.0 -3.0 -1.0 -3.0 -1.0 -3.0 -3.0 0.0 -3.0 -1.0 -2.0 
-2.0 0.0 -3.0 -4.0 -4.0 0.0 -3.0 -2.0 -2.0 -2.0 -4.0 -1.0 -3.0 -2.0 -3.0 -2.0 -2.0 -4.0 0.0 -1.0 -4.0 -3.0 -2.0 0.0 -4.0 0.0 -4.0 0.0 -1.0 -2.0 -2.0 0.0 -3.0 -4.0 -3.0 -2.0 -4.0 -1.0 -2.0 -4.0 -3.0 -2.0 0.0 -1.0 -1.0 0.0 -2.0 -4.0 -3.0 -1.0 -3.0 -4.0 -4.0 -3.0 -1.0 0.0 -3.0 0.0 -3.0 -4.0 -4.0 -2.0 -1.0 -2.0 0.0 -3.0 -1.0 -3.0 -4.0 -1.0 -3.0 -2.0 0.0 -1.0 -1.0 -2.0 -3.0 -2.0 -4.0 -3.0 -4.0 -2.0 -4.0 -3.0 0.0 0.0 0.0 -2.0 -4.0 -4.0 -3.0 -1.0 0.0 -3.0 -4.0 0.0 -3.0 -3.0 -2.0 -2.0 -4.0 -4.0 254.0 -2.0 -4.0 -3.0 0.0 -4.0 -3.0 0.0 -2.0 -4.0 -3.0 -1.0 -3.0 
-1.0 -2.0 -3.0 0.0 -4.0 -2.0 -3.0 -3.0 -3.0 0.0 -3.0 0.0 -3.0 -3.0 -2.0 -4.0 -3.0 -3.0 -2.0 -3.0 -2.0 -2.0 0.0 -2.0 0.0 -3.0 -2.0 -3.0 -4.0 -4.0 -1.0 0.0 0.0 -2.0 -4.0 -3.0 -4.0 -2.0 -1.0 -4.0 -4.0 0.0 -3.0 -2.0 -2.0 -4.0 -3.0 -2.0 -1.0 -2.0 -3.0 -2.0 -3.0 -4.0 -2.0 0.0 0.0 -3.0 0.0 0.0 -1.0 -1.0 0.0 0.0 -1.0 -2.0 -1.0 -4.0 -1.0 -1.0 0.0 0.0 -2.0 -3.0 -4.0 -2.0 -1.0 0.0 -3.0 -2.0 -3.0 -1.0 0.0 -3.0 -4.0 0.0 -1.0 -4.0 -4.0 -2.0 -1.0 -1.0 -4.0 -3.0 -1.0 -3.0 -2.0 0.0 -3.0 0.0 -1.0 -2.0 -2.0 228.0 -4.0 -3.0 -4.0 -1.0 -2.0 -2.0 -1.0 -4.0 0.0 -1.0 -2.0 
-3.0 0.0 -3.0 -4.0 -1.0 -1.0 -4.0 0.0 -3.0 -4.0 -3.0 0.0 0.0 -2.0 -4.0 -3.0 -3.0 -2.0 -2.0 0.0 -2.0 -2.0 -2.0 -2.0 -3.0 0.0 -4.0 -3.0 -1.0 -4.0 -3.0 -4.0 0.0 -4.0 -3.0 -2.0 -4.0 0.0 -4.0 -2.0 -3.0 -4.0 -1.0 -1.0 -4.0 0.0 -2.0 -3.0 -2.0 -3.0 -2.0 -3.0 -3.0 -4.0 -2.0 -1.0 0.0 -2.0 -1.0 -4.0 -4.0 -4.0 -2.0 0.0 0.0 -3.0 -4.0 -1.0 -2.0 -3.0 -2.0 -3.0 -2.0 -2.0 -3.0 -4.0 0.0 -1.0 -3.0 0.0 -2.0 -1.0 -2.0 -1.0 -2.0 -4.0 -2.0 0.0 0.0 -4.0 0.0 -4.0 -3.0 -4.0 -3.0 -1.0 -4.0 -2.0 -1.0 -4.0 -3.0 0.0 -2.0 -4.0 259.0 -4.0 -1.0 -4.0 -4.0 0.0 -3.0 -3.0 -4.0 -2.0 -2.0 
-3.0 -1.0 -3.0 -1.0 -2.0 -1.0 0.0 -1.0 -4.0 -3.0 -4.0 -2.0 -1.0 -4.0 -1.0 -3.0 -1.0 -3.0 0.0 -1.0 -2.0 -1.0 -3.0 -2.0 -3.0 -3.0 -2.0 0.0 -3.0 -2.0 -2.0 0.0 -2.0 0.0 -1.0 -4.0 -3.0 -4.0 -1.0 0.0 0.0 0.0 0.0 -3.0 -2.0 -1.0 -4.0 -4.0 0.0 -2.0 0.0 -4.0 -2.0 -4.0 -2.0 -2.0 -4.0 -3.0 -2.0 -2.0 0.0 -3.0 -3.0 0.0 0.0 -1.0 -3.0 0.0 -4.0 -4.0 -2.0 -1.0 -4.0 0.0 0.0 0.0 -4.0 -1.0 -1.0 -2.0 -2.0 0.0 0.0 -3.0 -4.0 -3.0 -4.0 -1.0 -1.0 -1.0 -2.0 -1.0 0.0 -1.0 -1.0 0.0 -1.0 0.0 -3.0 -1.0 -1.0 -1.0 -4.0 -4.0 -1.0 206.0 -1.0 -3.0 -4.0 0.0 -2.0 -1.0 -2.0 -2.0 0.0 
0.0 -3.0 -1.0 0.0 -2.0 -2.0 -3.0 -3.0 -4.0 -1.0 -4.0 -4.0 -4.0 -1.0 -3.0 0.0 0.0 -4.0 -1.0 -2.0 -1.0 -2.0 -2.0 -2.0 -3.0 -3.0 -4.0 0.0 -2.0 -1.0 -1.0 -3.0 -1.0 -4.0 -3.0 -1.0 -1.0 -2.0 0.0 -2.0 -2.0 -1.0 -3.0 -4.0 -4.0 -4.0 -4.0 -2.0 0.0 -3.0 -3.0 -4.0 0.0 -3.0 0.0 -2.0 -2.0 -3.0 -3.0 -4.0 0.0 -1.0 -3.0 0.0 -4.0 0.0 -1.0 -3.0 -3.0 -3.0 -4.0 0.0 -4.0 -3.0 -3.0 0.0 0.0 -1.0 -4.0 -1.0 -2.0 -3.0 -2.0 0.0 -2.0 -1.0 -3.0 -3.0 -2.0 -3.0 -3.0 -4.0 -2.0 -1.0 -2.0 -1.0 -2.0 -4.0 -1.0 0.0 -3.0 -4.0 -2.0 0.0 -2.0 -4.0 245.0 -1.0 -3.0 0.0 -1.0 -4.0 -4.0 -3.0 -4.0 
-2.0 -2.0 -2.0 -4.0 0.0 0.0 -1.0 -1.0 -4.0 0.0 -3.0 -2.0 -4.0 -1.0 -2.0 -1.0 -3.0 -2.0 -3.0 -1.0 -1.0 -3.0 -3.0 -4.0 -4.0 -4.0 0.0 0.0 -3.0 -2.0 -4.0 -4.0 -4.0 -1.0 -3.0 -3.0 -3.0 0.0 -2.0 -4.0 -4.0 -2.0 -2.0 -1.0 0.0 -2.0 -2.0 0.0 -1.0 -1.0 -2.0 0.0 -4.0 0.0 -4.0 -2.0 -1.0 -2.0 -1.0 -2.0 -3.0 -1.0 -4.0 -2.0 -2.0 -4.0 -1.0 -1.0 0.0 -4.0 -4.0 -1.0 -1.0 0.0 -3.0 0.0 -3.0 -1.0 -3.0 -4.0 -1.0 -3.0 0.0 -4.0 -4.0 -3.0 -1.0 -1.0 -2.0 -2.0 -1.0 -4.0 -3.0 -3.0 -1.0 -1.0 -3.0 -3.0 -2.0 0.0 -3.0 0.0 -4.0 -1.0 -1.0 -3.0 -2.0 231.0 -1.0 -1.0 0.0 -3.0 -2.0 -1.0 -2.0 
-1.0 -4.0 -2.0 0.0 -3.0 0.0 -4.0 0.0 -4.0 -2.0 -2.0 -2.0 0.0 0.0 -4.0 -1.0 0.0 -2.0 -4.0 -1.0 -2.0 -1.0 -2.0 0.0 -2.0 0.0 0.0 -1.0 -1.0 -2.0 -2.0 0.0 -1.0 -1.0 -2.0 -1.0 -4.0 0.0 0.0 -4.0 0.0 -2.0 -3.0 -2.0 -1.0 0.0 0.0 -1.0 -2.0 -4.0 -3.0 -3.0 -3.0 -4.0 -2.0 -3.0 -1.0 -3.0 -2.0 0.0 -3.0 -3.0 -1.0 -4.0 -4.0 -3.0 -1.0 0.0 -2.0 0.0 -2.0 -2.0 0.0 -4.0 -2.0 -1.0 -3.0 -2.0 -4.0 -1.0 -1.0 -2.0 -1.0 -2.0 -3.0 0.0 -2.0 -1.0 0.0 -4.0 -2.0 -4.0 -4.0 -1.0 -1.0 -4.0 -2.0 -4.0 0.0 -4.0 0.0 0.0 -2.0 -2.0 -4.0 -3.0 -1.0 0.0 214.0 -4.0 -1.0 -4.0 -4.0 -1.0 -3.0 
-1.0 -2.0 -4.0 -3.0 0.0 -1.0 0.0 -3.0 -4.0 -2.0 -1.0 -2.0 -1.0 -1.0 -1.0 -2.0 0.0 -1.0 -2.0 -4.0 -3.0 -1.0 -2.0 -4.0 -3.0 -2.0 -2.0 -3.0 -2.0 0.0 -2.0 -4.0 -4.0 0.0 -1.0 -1.0 0.0 -4.0 -4.0 -2.0 -2.0 -1.0 -1.0 -1.0 -1.0 -4.0 0.0 -4.0 -4.0 -1.0 0.0 0.0 -2.0 -2.0 -1.0 -1.0 -4.0 -2.0 -2.0 -1.0 0.0 -2.0 -3.0 -1.0 -4.0 -1.0 -2.0 -2.0 -2.0 -2.0 -4.0 -3.0 -2.0 -2.0 -2.0 -1.0 -2.0 -3.0 -3.0 -4.0 -1.0 -4.0 -3.0 -2.0 0.0 -1.0 0.0 0.0 -2.0 0.0 0.0 -2.0 -1.0 -4.0 0.0 -1.0 -2.0 -2.0 0.0 -1.0 -4.0 -3.0 -1.0 -4.0 -4.0 -4.0 -3.0 0.0 -1.0 223.0 -2.0 -4.0 -4.0 -2.0 -3.0 
-3.0 -1.0 -4.0 -3.0 -3.0 -1.0 -4.0 -1.0 -2.0 -2.0 0.0 -1.0 -2.0 0.0 -2.0 -2.0 -2.0 -1.0 -3.0 -3.0 0.0 -4.0 -2.0 -2.0 -2.0 -4.0 -1.0 -2.0 -3.0 -4.0 -4.0 0.0 -4.0 -2.0 -3.0 0.0 -3.0 -4.0 -1.0 -1.0 -4.0 -2.0 -3.0 -1.0 0.0 -1.0 -4.0 -1.0 -3.0 0.0 -3.0 -4.0 -4.0 0.0 0.0 -1.0 -1.0 -1.0 0.0 -2.0 -4.0 -1.0 -1.0 -3.0 -1.0 -2.0 -3.0 -1.0 -2.0 0.0 -1.0 -4.0 0.0 0.0 -4.0 -4.0 -3.0 -3.0 -1.0 0.0 -4.0 -2.0 0.0 -4.0 -3.0 -3.0 -1.0 -2.0 -1.0 -4.0 -3.0 -2.0 -2.0 -1.0 -2.0 -3.0 -1.0 -2.0 -2.0 -2.0 -3.0 -1.0 -1.0 -2.0 -2.0 -3.0 -1.0 -2.0 -3.0 -1.0 231.0 -4.0 -4.0 -1.0 0.0 
-1.0 -2.0 -3.0 -1.0 -2.0 -1.0 0.0 0.0 0.0 -2.0 -1.0 -3.0 -2.0 0.0 -1.0 -3.0 -4.0 -2.0 -3.0 -4.0 -2.0 -2.0 -2.0 -4.0 -4.0 -2.0 -3.0 0.0 -1.0 -2.0 -1.0 -3.0 0.0 0.0 -4.0 -2.0 -1.0 0.0 -2.0 -1.0 -3.0 -1.0 -2.0 -2.0 0.0 -2.0 -2.0 -2.0 -2.0 -1.0 -4.0 -2.0 -2.0 -4.0 0.0 -4.0 -4.0 -4.0 -1.0 0.0 -4.0 0.0 -3.0 -4.0 -3.0 -4.0 -1.0 -1.0 0.0 0.0 -3.0 -4.0 -2.0 -4.0 -2.0 -3.0 -3.0 0.0 -4.0 -2.0 0.0 -2.0 -2.0 -1.0 -1.0 0.0 -2.0 -3.0 -4.0 0.0 -4.0 0.0 0.0 -3.0 -3.0 0.0 0.0 -1.0 -4.0 -4.0 -2.0 -3.0 -3.0 -4.0 -2.0 -2.0 0.0 -2.0 -2.0 -2.0 -2.0 226.0 -4.0 -2.0 -2.0 
-1.0 -4.0 -1.0 -1.0 -2.0 0.0 -4.0 -4.0 -4.0 -2.0 -2.0 -3.0 -3.0 0.0 -4.0 -1.0 -3.0 -1.0 -3.0 -4.0 -3.0 -2.0 -3.0 0.0 -3.0 -4.0 0.0 -2.0 -1.0 -1.0 -4.0 -2.0 -2.0 -2.0 0.0 -1.0 -4.0 0.0 -1.0 -4.0 -3.0 -4.0 -2.0 -4.0 -3.0 -1.0 -1.0 0.0 0.0 -3.0 0.0 -4.0 -2.0 0.0 -3.0 -1.0 -3.0 -2.0 -4.0 0.0 -1.0 -1.0 -3.0 -4.0 -1.0 -4.0 -3.0 -2.0 -4.0 -1.0 -3.0 -2.0 0.0 0.0 -1.0 -2.0 -2.0 0.0 -4.0 -4.0 -2.0 -3.0 -4.0 -4.0 -3.0 -2.0 -1.0 -2.0 -3.0 -1.0 -1.0 -3.0 -1.0 0.0 0.0 -1.0 -3.0 -2.0 -3.0 0.0 -4.0 -2.0 -2.0 -1.0 0.0 -4.0 -1.0 0.0 -1.0 -4.0 -3.0 -1.0 234.0 -1.0 -3.0 
-2.0 -4.0 -2.0 -3.0 -3.0 -1.0 -1.0 -3.0 -1.0 -2.0 -2.0 -3.0 -1.0 0.0 0.0 -2.0 -3.0 -3.0 -2.0 0.0 0.0 -1.0 -4.0 0.0 -2.0 -1.0 -4.0 0.0 0.0 -1.0 0.0 -3.0 -4.0 -4.0 0.0 -1.0 -4.0 0.0 -4.0 -1.0 -1.0 -1.0 -1.0 -2.0 -1.0 -1.0 -2.0 0.0 0.0 -2.0 -4.0 -2.0 -2.0 -4.0 -4.0 -1.0 0.0 -1.0 -2.0 0.0 -4.0 -1.0 0.0 -1.0 -1.0 -4.0 -4.0 -4.0 0.0 -2.0 -3.0 -4.0 -2.0 -1.0 -4.0 -4.0 -1.0 0.0 -2.0 -1.0 0.0 -4.0 -2.0 -2.0 -1.0 -1.0 -1.0 -1.0 -2.0 0.0 0.0 0.0 -1.0 -4.0 -2.0 -1.0 0.0 -4.0 -4.0 -1.0 -2.0 -4.0 -3.0 -3.0 -3.0 -4.0 -3.0 -2.0 0.0 -2.0 0.0 0.0 0.0 205.0 -2.0 
-1.0 -2.0 0.0 -2.0 -3.0 -2.0 -3.0 -4.0 0.0 -1.0 0.0 -3.0 0.0 -3.0 0.0 -4.0 -3.0 0.0 -3.0 -2.0 -4.0 -4.0 -3.0 -1.0 -3.0 -2.0 -4.0 -2.0 0.0 0.0 -4.0 -1.0 -3.0 -3.0 0.0 -4.0 0.0 -2.0 0.0 -2.0 -4.0 -2.0 -2.0 0.0 -1.0 -4.0 -3.0 -2.0 0.0 -1.0 -4.0 0.0 -1.0 -1.0 -1.0 -4.0 -1.0 -1.0 -3.0 -4.0 -3.0 -4.0 0.0 -2.0 -1.0 -2.0 -3.0 -4.0 -3.0 -2.0 -3.0 -4.0 0.0 0.0 0.0 -4.0 0.0 -3.0 -3.0 -1.0 -3.0 -3.0 -4.0 -4.0 -4.0 0.0 0.0 -1.0 -1.0 -4.0 0.0 -2.0 -1.0 -2.0 -2.0 -2.0 -2.0 -1.0 -2.0 -1.0 0.0 -4.0 0.0 0.0 -2.0 0.0 0.0 0.0 -3.0 0.0 -2.0 -4.0 -1.0 -1.0 215.0 
