193.6 -4.0 -3.0 0.0 -1.0 0.0 -1.0 0.0 -3.0 0.0 -4.0 0.0 -2.0 -3.0 -2.0 -3.0 -2.0 -3.0 -1.0 -1.0 -1.0 0.0 -3.0 -2.0 -4.0 -1.0 -2.0 0.0 -2.0 -1.0 -2.0 -1.0 -2.0 -4.0 -2.0 -3.0 0.0 -2.0 -3.0 -1.0 0.0 -2.0 0.0 0.0 -2.0 0.0 -3.0 -4.0 -1.0 -4.0 -3.0 -1.0 -3.0 0.0 -2.0 0.0 -2.0 0.0 -2.0 -3.0 -3.0 -3.0 -3.0 -4.0 -3.0 -1.0 0.0 -3.0 -1.0 -1.0 -4.0 -1.0 0.0 -2.0 -1.0 -1.0 -3.0 -1.0 -2.0 -3.0 -2.0 -1.0 -3.0 0.0 -1.0 0.0 -3.0 0.0 -4.0 -3.0 0.0 -4.0 0.0 -4.0 0.0 -2.0 0.0 -1.0 -1.0 -1.0 -1.0 0.0 -3.0 -3.0 -3.0 -2.0 -3.0 -4.0 0.0 -1.0 -3.0 -4.0 -3.0 0.0 -4.0 
0.0 225.0 -3.0 0.0 -1.0 -4.0 0.0 0.0 -4.0 -2.0 -3.0 -1.0 -3.0 -1.0 -3.0 0.0 -1.0 0.0 -4.0 -2.0 -3.0 0.0 -2.0 -3.0 0.0 -1.0 -3.0 -3.0 -2.0 -4.0 -4.0 -4.0 -2.0 -2.0 -2.0 -2.0 -4.0 -3.0 0.0 -3.0 -2.0 -3.0 -2.0 -4.0 0.0 -4.0 -4.0 0.0 -4.0 -2.0 -4.0 -4.0 -1.0 -4.0 -2.0 -3.0 0.0 -4.0 0.0 0.0 -3.0 -1.0 -1.0 0.0 -1.0 -4.0 -3.0 -3.0 0.0 -2.0 0.0 -1.0 -4.0 -3.0 -1.0 -1.0 -4.0 0.0 -2.0 -2.0 -3.0 -2.0 -2.0 -3.0 -1.0 0.0 -2.0 -2.0 -2.0 -2.0 -3.0 -1.0 -2.0 0.0 -3.0 0.0 -2.0 -2.0 -3.0 -3.0 -4.0 -2.0 -1.0 -3.0 -2.0 0.0 -3.0 -1.0 -3.0 -1.0 0.0 -3.0 -2.0 0.0 0.0 
-3.0 -3.0 248.0 -4.0 -1.0 -3.0 -2.0 -3.0 -4.0 -1.0 -2.0 -1.0 0.0 -3.0 0.0 -4.0 0.0 -1.0 -3.0 -2.0 -4.0 -1.0 0.0 -4.0 -3.0 -4.0 -1.0 -4.0 -4.0 0.0 -3.0 -3.0 0.0 -1.0 -3.0 -2.0 -4.0 -4.0 -1.0 -3.0 -2.0 0.0 -4.0 -3.0 -3.0 -4.0 -3.0 -4.0 -3.0 -1.0 -4.0 -4.0 -4.0 0.0 -4.0 -3.0 -2.0 -4.0 -1.0 -3.0 0.0 -1.0 -1.0 -4.0 -3.0 -3.0 -2.0 -3.0 0.0 0.0 -2.0 0.0 -4.0 -2.0 -3.0 -4.0 0.0 -2.0 0.0 -3.0 -3.0 -1.0 -4.0 -3.0 0.0 -2.0 -2.0 0.0 -3.0 -3.0 0.0 0.0 -3.0 -4.0 -4.0 -2.0 0.0 -1.0 0.0 -2.0 -2.0 -1.0 -3.0 0.0 -1.0 -4.0 -3.0 -3.0 -2.0 -1.0 -3.0 -1.0 -3.0 -1.0 -1.0 
0.0 -3.0 -1.0 218.0 -4.0 -1.0 -4.0 -2.0 -2.0 -2.0 0.0 -1.0 -3.0 -2.0 -1.0 -2.0 -3.0 0.0 0.0 0.0 -1.0 -2.0 -1.0 -3.0 -3.0 -2.0 -1.0 -3.0 -1.0 -2.0 -2.0 -4.0 0.0 0.0 0.0 0.0 -1.0 -4.0 -3.0 -2.0 -3.0 0.0 -4.0 -4.0 -2.0 -4.0 -1.0 -2.0 -2.0 -3.0 -2.0 -1.0 -3.0 -1.0 -3.0 -4.0 0.0 -1.0 -2.0 -3.0 -4.0 -2.0 -1.0 -2.0 0.0 -2.0 -3.0 -1.0 -4.0 -3.0 -2.0 0.0 -4.0 0.0 0.0 -3.0 -4.0 -3.0 -3.0 0.0 -1.0 -2.0 -4.0 -1.0 0.0 -3.0 0.0 -1.0 0.0 -1.0 0.0 -2.0 -4.0 -3.0 -1.0 -4.0 -4.0 -4.0 0.0 -4.0 -3.0 -4.0 0.0 -2.0 -3.0 -4.0 -2.0 -1.0 0.0 0.0 0.0 -2.0 -1.0 -4.0 -1.0 
-3.0 -4.0 0.0 -4.0 233.0 -2.0 -4.0 0.0 0.0 -1.0 -2.0 0.0 -2.0 0.0 -4.0 -4.0 -2.0 -2.0 -2.0 -4.0 0.0 -4.0 -1.0 -1.0 -3.0 -3.0 -1.0 -2.0 -2.0 -2.0 -3.0 -2.0 -4.0 -2.0 0.0 -2.0 -1.0 -4.0 -2.0 0.0 -3.0 -2.0 -2.0 -1.0 0.0 -2.0 -2.0 -1.0 -4.0 -4.0 -2.0 -3.0 -3.0 -1.0 -3.0 -2.0 -3.0 0.0 -2.0 -3.0 -4.0 -1.0 0.0 -3.0 -4.0 -4.0 -1.0 -3.0 -2.0 -3.0 -4.0 -4.0 -3.0 -3.0 -4.0 -1.0 -2.0 0.0 -2.0 -1.0 -1.0 -2.0 -2.0 -4.0 -4.0 -2.0 0.0 -3.0 0.0 -4.0 -2.0 -1.0 -1.0 -3.0 -1.0 -2.0 0.0 -2.0 0.0 -2.0 -4.0 -3.0 -2.0 -3.0 0.0 -4.0 -1.0 -2.0 -1.0 -1.0 0.0 0.0 -2.0 -1.0 -2.0 
-2.0 -4.0 -1.0 -4.0 -3.0 236.0 -4.0 -4.0 -4.0 -2.0 -2.0 0.0 0.0 -2.0 0.0 -4.0 -4.0 -2.0 -2.0 -1.0 -3.0 -2.0 -3.0 -3.0 -1.0 -3.0 0.0 -3.0 -3.0 -4.0 0.0 0.0 -1.0 -1.0 -4.0 0.0 -3.0 -4.0 -2.0 -2.0 -2.0 0.0 -2.0 -4.0 -2.0 -1.0 -1.0 -4.0 -3.0 -2.0 -3.0 -1.0 -4.0 -1.0 -4.0 -2.0 0.0 -2.0 -1.0 0.0 -1.0 -2.0 -3.0 -4.0 -4.0 0.0 0.0 -4.0 -3.0 -3.0 -4.0 0.0 -2.0 -1.0 0.0 -4.0 0.0 -4.0 -3.0 -4.0 -3.0 -3.0 0.0 -2.0 -2.0 0.0 -1.0 0.0 -1.0 -3.0 -4.0 0.0 -2.0 -2.0 -2.0 -3.0 -1.0 0.0 0.0 0.0 -2.0 -3.0 0.0 -4.0 -1.0 -4.0 -3.0 -1.0 -3.0 -4.0 -2.0 -4.0 0.0 0.0 -4.0 
-3.0 0.0 -3.0 -1.0 -3.0 0.0 236.0 -4.0 -3.0 -4.0 -4.0 0.0 -1.0 0.0 -2.0 -1.0 0.0 -2.0 -2.0 0.0 0.0 -2.0 -3.0 -4.0 -4.0 -1.0 -4.0 -1.0 -4.0 -2.0 -3.0 -4.0 -2.0 -2.0 -2.0 0.0 -3.0 -4.0 -1.0 -1.0 -2.0 0.0 -3.0 -2.0 -3.0 -4.0 -1.0 -3.0 -4.0 -3.0 0.0 -3.0 -4.0 -4.0 -4.0 -1.0 -3.0 -3.0 -1.0 0.0 -1.0 -3.0 -1.0 0.0 0.0 -4.0 -1.0 -3.0 -2.0 -4.0 -3.0 -3.0 0.0 -4.0 -4.0 0.0 0.0 -1.0 -4.0 -4.0 -1.0 0.0 -3.0 -3.0 -3.0 -1.0 0.0 -3.0 0.0 0.0 -1.0 0.0 -2.0 -2.0 -2.0 0.0 -2.0 -1.0 -2.0 -2.0 -3.0 -3.0 -1.0 0.0 -4.0 -1.0 -3.0 -3.0 -4.0 -3.0 -3.0 -2.0 -3.0 -2.0 -3.0 
-2.0 -1.0 -2.0 0.0 -3.0 -1.0 -3.0 244.0 0.0 -4.0 -3.0 -1.0 -1.0 -4.0 -3.0 -2.0 -4.0 0.0 -3.0 -2.0 -2.0 -2.0 -4.0 -4.0 0.0 0.0 -3.0 0.0 -4.0 -3.0 -3.0 -3.0 -1.0 -2.0 -1.0 -3.0 -4.0 -2.0 -1.0 -3.0 0.0 -2.0 -4.0 -3.0 -2.0 0.0 -1.0 -1.0 -3.0 -3.0 -1.0 -3.0 0.0 -2.0 -3.0 -4.0 0.0 -4.0 -4.0 -3.0 -1.0 -1.0 -1.0 0.0 -1.0 -4.0 -1.0 -1.0 -2.0 -4.0 -4.0 -3.0 -4.0 -4.0 -3.0 -3.0 0.0 -3.0 -2.0 -1.0 -4.0 -3.0 -2.0 -3.0 -3.0 -1.0 -2.0 -1.0 0.0 0.0 0.0 -1.0 0.0 0.0 -2.0 -4.0 -2.0 -2.0 0.0 -4.0 -3.0 -1.0 -4.0 -4.0 -4.0 -3.0 -2.0 -3.0 0.0 -4.0 -4.0 -4.0 -3.0 0.0 -1.0 
0.0 -3.0 0.0 -4.0 -3.0 -1.0 -2.0 -2.0 256.0 -3.0 -1.0 -4.0 -4.0 -3.0 -4.0 -3.0 -1.0 -2.0 0.0 -2.0 0.0 -1.0 -4.0 -3.0 -1.0 -2.0 -4.0 -1.0 0.0 0.0 -1.0 -4.0 -4.0 -1.0 -2.0 -4.0 -3.0 0.0 0.0 0.0 -1.0 -3.0 -4.0 -4.0 -1.0 -1.0 -1.0 0.0 -2.0 -3.0 -2.0 -4.0 -4.0 -3.0 0.0 -1.0 -4.0 -2.0 -2.0 -4.0 -1.0 -2.0 -1.0 -2.0 -3.0 0.0 -2.0 0.0 -3.0 -3.0 -4.0 -2.0 0.0 -3.0 -1.0 -4.0 -2.0 -3.0 -3.0 -4.0 0.0 -1.0 -1.0 -3.0 -4.0 -1.0 -3.0 -1.0 0.0 -4.0 -4.0 -3.0 -4.0 -2.0 0.0 -2.0 -2.0 -4.0 -3.0 -4.0 -4.0 -3.0 0.0 -2.0 0.0 -3.0 -4.0 -3.0 -3.0 -2.0 -4.0 -4.0 -4.0 -4.0 -4.0 
0.0 0.0 -3.0 0.0 -2.0 -1.0 0.0 -4.0 0.0 219.0 -4.0 -1.0 -1.0 -4.0 0.0 -1.0 -1.0 0.0 -1.0 -4.0 -3.0 0.0 0.0 0.0 -2.0 0.0 -4.0 -2.0 -3.0 -1.0 -3.0 -4.0 -4.0 -4.0 -1.0 -1.0 -2.0 -4.0 0.0 0.0 -4.0 0.0 -1.0 0.0 -2.0 -4.0 -3.0 0.0 0.0 0.0 -2.0 -1.0 -3.0 0.0 -3.0 -2.0 -4.0 -4.0 -3.0 -1.0 -4.0 -3.0 -3.0 -2.0 0.0 0.0 -2.0 0.0 -3.0 -4.0 -1.0 -2.0 -2.0 -2.0 -1.0 0.0 -2.0 0.0 -3.0 0.0 -4.0 0.0 -3.0 0.0 -4.0 -4.0 -4.0 0.0 -4.0 -2.0 -4.0 -4.0 -3.0 -4.0 -1.0 -3.0 -3.0 -4.0 -2.0 -2.0 -2.0 -4.0 -3.0 -3.0 0.0 0.0 -3.0 -2.0 -1.0 -3.0 -1.0 -1.0 0.0 -1.0 -4.0 
0.0 0.0 -2.0 -2.0 0.0 -1.0 -2.0 -3.0 -2.0 -3.0 244.0 0.0 -4.0 -1.0 -4.0 -1.0 -4.0 -4.0 -4.0 -3.0 -3.0 -3.0 -1.0 -4.0 -2.0 -3.0 -3.0 -2.0 -1.0 0.0 -3.0 -1.0 -2.0 -1.0 0.0 -4.0 -2.0 -2.0 -2.0 -1.0 -4.0 -3.0 0.0 0.0 -4.0 0.0 -4.0 -1.0 -2.0 0.0 -2.0 -2.0 -2.0 -2.0 -3.0 -2.0 -3.0 -3.0 -4.0 0.0 -4.0 -3.0 -4.0 0.0 -4.0 0.0 -2.0 -1.0 0.0 -1.0 -1.0 -1.0 -4.0 0.0 -2.0 -4.0 -3.0 -2.0 -2.0 -3.0 0.0 -2.0 -1.0 -4.0 -1.0 -2.0 -2.0 -3.0 -3.0 -1.0 -4.0 -1.0 0.0 -3.0 0.0 -1.0 -3.0 -3.0 -4.0 -3.0 -2.0 -3.0 -3.0 -4.0 -2.0 -1.0 0.0 -4.0 -1.0 -3.0 -4.0 -3.0 -4.0 -4.0 -3.0 
0.0 0.0 -3.0 -1.0 -1.0 0.0 -1.0 -1.0 -2.0 0.0 -4.0 228.0 0.0 -4.0 0.0 -3.0 0.0 -3.0 0.0 0.0 -2.0 0.0 -2.0 -2.0 -1.0 -1.0 -2.0 -4.0 -3.0 -2.0 -2.0 -2.0 -2.0 -1.0 -1.0 -1.0 -3.0 -3.0 -3.0 -4.0 0.0 0.0 -2.0 -2.0 -1.0 -3.0 -4.0 -4.0 -2.0 -4.0 -4.0 -2.0 -4.0 -3.0 -4.0 -4.0 -3.0 0.0 -3.0 0.0 -2.0 -4.0 0.0 -4.0 -1.0 -1.0 -4.0 -4.0 -1.0 -1.0 -2.0 -3.0 -4.0 -4.0 -3.0 0.0 -1.0 -1.0 -4.0 -3.0 -2.0 0.0 -3.0 -2.0 -1.0 -4.0 -2.0 -2.0 -2.0 -2.0 -1.0 -1.0 -2.0 0.0 0.0 0.0 0.0 0.0 -4.0 -1.0 -4.0 -4.0 -3.0 -4.0 -2.0 -2.0 -2.0 -2.0 -3.0 -1.0 -4.0 -4.0 -1.0 -3.0 0.0 
0.0 -1.0 -3.0 -4.0 -1.0 -3.0 -2.0 -2.0 -3.0 -3.0 0.0 -2.0 224.0 -1.0 -1.0 -3.0 0.0 0.0 0.0 -3.0 -1.0 -1.0 -2.0 -3.0 -3.0 -4.0 -4.0 -3.0 -1.0 -2.0 0.0 -1.0 -1.0 -3.0 -3.0 -3.0 -4.0 -2.0 0.0 -2.0 -2.0 -4.0 -4.0 -3.0 -4.0 -3.0 -4.0 -1.0 -3.0 -4.0 -1.0 -3.0 0.0 -2.0 -1.0 -3.0 0.0 0.0 -1.0 -1.0 -1.0 -4.0 -4.0 -2.0 -1.0 -1.0 -1.0 -1.0 -3.0 -1.0 -3.0 0.0 -3.0 0.0 -1.0 -3.0 -3.0 -2.0 -1.0 -3.0 -1.0 -3.0 0.0 -1.0 -3.0 -1.0 -1.0 -2.0 -2.0 0.0 -4.0 -3.0 0.0 -2.0 -4.0 -4.0 -2.0 -1.0 -2.0 0.0 -1.0 -1.0 -1.0 -2.0 -3.0 -3.0 -1.0 -2.0 -3.0 -3.0 -4.0 0.0 -3.0 -4.0 0.0 
0.0 0.0 0.0 -2.0 0.0 -1.0 -4.0 -2.0 0.0 0.0 -3.0 -4.0 -2.0 192.0 -4.0 -1.0 -2.0 -2.0 -3.0 0.0 -1.0 -4.0 -1.0 -3.0 -3.0 -4.0 -1.0 -1.0 -1.0 0.0 -1.0 0.0 -2.0 -1.0 -3.0 -4.0 -3.0 0.0 -4.0 0.0 -1.0 -4.0 0.0 -3.0 -2.0 -1.0 -1.0 0.0 -1.0 -3.0 -4.0 -2.0 -2.0 -2.0 -4.0 0.0 -1.0 -1.0 0.0 0.0 -4.0 -2.0 -1.0 -4.0 -3.0 -1.0 -2.0 -3.0 -1.0 -2.0 -3.0 -1.0 0.0 -2.0 -4.0 -4.0 -1.0 -2.0 -1.0 0.0 -1.0 0.0 -1.0 -2.0 0.0 -1.0 0.0 -1.0 -2.0 -1.0 0.0 -4.0 -1.0 -2.0 -1.0 -2.0 -3.0 -2.0 -4.0 0.0 -2.0 -1.0 0.0 0.0 -1.0 -2.0 -3.0 -3.0 0.0 -2.0 0.0 -4.0 -1.0 -4.0 -1.0 
-4.0 -3.0 -3.0 -1.0 -1.0 -2.0 -3.0 -3.0 -3.0 -3.0 -3.0 -2.0 0.0 0.0 222.0 0.0 -4.0 -1.0 -1.0 -1.0 -1.0 -2.0 -4.0 -3.0 -4.0 -4.0 0.0 -1.0 -3.0 -2.0 -2.0 -3.0 -1.0 -1.0 0.0 -1.0 0.0 -4.0 -4.0 -1.0 0.0 0.0 0.0 -1.0 0.0 -3.0 0.0 -2.0 -4.0 -2.0 -3.0 -3.0 -2.0 0.0 -4.0 -3.0 -2.0 -3.0 -4.0 -2.0 -4.0 -4.0 -3.0 -4.0 0.0 0.0 -3.0 -2.0 -4.0 -4.0 -3.0 -2.0 -4.0 -1.0 -3.0 -1.0 -3.0 -1.0 -3.0 -1.0 -3.0 -2.0 -2.0 0.0 -3.0 -1.0 -3.0 -4.0 -1.0 0.0 0.0 -1.0 -2.0 0.0 -4.0 -4.0 -1.0 0.0 -1.0 0.0 -3.0 0.0 -3.0 -2.0 -1.0 0.0 -4.0 -4.0 0.0 0.0 0.0 -4.0 0.0 0.0 -2.0 
0.0 -4.0 -3.0 -2.0 -2.0 -2.0 0.0 -4.0 -4.0 -4.0 -4.0 -3.0 -1.0 -3.0 -3.0 241.0 -1.0 -3.0 -2.0 -3.0 -3.0 -4.0 0.0 -1.0 -3.0 -2.0 -1.0 -2.0 0.0 0.0 -3.0 -1.0 -4.0 -2.0 -4.0 -4.0 -1.0 -2.0 -4.0 0.0 -1.0 0.0 0.0 0.0 -3.0 -2.0 -1.0 0.0 -2.0 0.0 0.0 -1.0 -4.0 0.0 -1.0 -2.0 -4.0 -1.0 -3.0 -2.0 -3.0 -4.0 -3.0 -2.0 -2.0 -2.0 -4.0 -3.0 -1.0 -3.0 -1.0 0.0 -3.0 -1.0 -4.0 -4.0 -4.0 0.0 -4.0 -4.0 -2.0 -3.0 -2.0 0.0 -1.0 0.0 -3.0 -1.0 0.0 -1.0 -3.0 0.0 -4.0 -4.0 -4.0 -3.0 -2.0 0.0 -2.0 -1.0 -4.0 0.0 -3.0 -4.0 -2.0 -3.0 -3.0 0.0 -4.0 0.0 -1.0 -4.0 -1.0 -4.0 -4.0 
0.0 -1.0 0.0 -1.0 0.0 -2.0 -1.0 -3.0 -4.0 -1.0 0.0 -4.0 -4.0 -4.0 -2.0 -1.0 218.0 -1.0 0.0 -3.0 0.0 -1.0 -3.0 0.0 -1.0 0.0 -2.0 -3.0 -2.0 0.0 0.0 -1.0 0.0 -4.0 0.0 -4.0 -2.0 -3.0 -2.0 0.0 -3.0 -4.0 -3.0 -2.0 -1.0 -2.0 -3.0 -2.0 -3.0 0.0 -4.0 -1.0 -3.0 -3.0 -3.0 0.0 0.0 -2.0 -2.0 0.0 -4.0 0.0 -2.0 -1.0 -2.0 -4.0 -3.0 -3.0 -3.0 -2.0 0.0 -2.0 -1.0 -1.0 0.0 -1.0 -4.0 -3.0 0.0 -1.0 -3.0 -3.0 -1.0 -4.0 -4.0 -2.0 -3.0 -4.0 -4.0 0.0 -4.0 -4.0 -2.0 -4.0 -1.0 -1.0 -2.0 -3.0 -2.0 -1.0 -2.0 -4.0 -2.0 -3.0 0.0 -1.0 -3.0 -1.0 0.0 0.0 -2.0 -2.0 -2.0 -3.0 -3.0 
-4.0 0.0 -1.0 -2.0 -2.0 0.0 -4.0 -1.0 0.0 0.0 -4.0 -1.0 -1.0 -2.0 -2.0 -3.0 -4.0 233.0 -1.0 0.0 -4.0 -4.0 -3.0 -3.0 -1.0 -2.0 -2.0 0.0 -4.0 -2.0 -3.0 0.0 -1.0 -2.0 -1.0 -2.0 -2.0 -2.0 -1.0 -4.0 0.0 -3.0 -3.0 0.0 -2.0 -2.0 0.0 0.0 -3.0 0.0 -3.0 -4.0 -3.0 -2.0 0.0 -3.0 -4.0 -1.0 0.0 -4.0 -1.0 -1.0 -1.0 -1.0 -4.0 -1.0 -4.0 -3.0 -2.0 -1.0 0.0 -3.0 -1.0 -4.0 0.0 -2.0 -2.0 -2.0 -3.0 -2.0 -4.0 -3.0 -1.0 -4.0 -3.0 -1.0 -3.0 -2.0 -2.0 -1.0 0.0 -4.0 -2.0 -4.0 -1.0 -4.0 0.0 -2.0 -2.0 -4.0 -3.0 -4.0 -1.0 -4.0 -4.0 -3.0 0.0 -4.0 -2.0 -3.0 -4.0 0.0 -1.0 -1.0 -2.0 
-2.0 0.0 0.0 -3.0 -3.0 -4.0 -4.0 -2.0 0.0 -3.0 -1.0 0.0 -2.0 -3.0 0.0 -3.0 -2.0 -1.0 213.0 -4.0 -4.0 -1.0 0.0 -2.0 0.0 -2.0 -1.0 -1.0 0.0 -1.0 -1.0 0.0 -4.0 -2.0 -3.0 0.0 0.0 -2.0 0.0 -4.0 -3.0 -3.0 0.0 -4.0 -1.0 -2.0 -1.0 -1.0 -3.0 -2.0 -3.0 -2.0 -4.0 -4.0 -3.0 -2.0 -3.0 0.0 -4.0 0.0 -1.0 -2.0 -4.0 0.0 -4.0 -2.0 -2.0 -3.0 -3.0 -4.0 -1.0 -4.0 0.0 0.0 -1.0 -4.0 0.0 -2.0 0.0 -3.0 0.0 0.0 -2.0 -2.0 -2.0 -2.0 -4.0 -3.0 -2.0 -2.0 -2.0 -4.0 -1.0 -1.0 -1.0 0.0 -4.0 0.0 0.0 -2.0 -2.0 -1.0 -3.0 -2.0 0.0 -4.0 -4.0 -2.0 -2.0 -1.0 -3.0 -1.0 -3.0 -1.0 0.0 
-4.0 -1.0 -2.0 -4.0 -2.0 -2.0 -3.0 -4.0 -1.0 -3.0 -1.0 -1.0 0.0 0.0 0.0 0.0 -3.0 -3.0 -1.0 223.0 -3.0 0.0 -4.0 -3.0 0.0 -2.0 -3.0 0.0 -1.0 -1.0 -4.0 -2.0 -2.0 -1.0 -1.0 -3.0 -4.0 -1.0 -1.0 -2.0 -1.0 -2.0 0.0 -2.0 -1.0 -3.0 0.0 -4.0 -3.0 0.0 -1.0 -1.0 -1.0 0.0 0.0 0.0 -4.0 -4.0 0.0 -1.0 -2.0 -3.0 -2.0 -3.0 -3.0 0.0 -2.0 -4.0 0.0 0.0 0.0 -4.0 -4.0 -4.0 0.0 -2.0 -1.0 -4.0 0.0 -4.0 -1.0 -3.0 -1.0 -2.0 -4.0 -2.0 -2.0 -4.0 -2.0 -2.0 -1.0 -4.0 -3.0 -3.0 0.0 -3.0 0.0 -3.0 -2.0 0.0 -4.0 0.0 -2.0 -3.0 -3.0 -2.0 -3.0 -2.0 -4.0 -3.0 -4.0 -4.0 -2.0 -1.0 -1.0 
-3.0 -3.0 -4.0 0.0 -4.0 -2.0 -2.0 -2.0 -3.0 -1.0 -2.0 -2.0 -1.0 -3.0 -4.0 -2.0 0.0 -2.0 -3.0 -3.0 217.0 -2.0 0.0 -2.0 -4.0 -1.0 -4.0 -4.0 -1.0 0.0 -2.0 0.0 -4.0 0.0 -2.0 -1.0 -1.0 -2.0 -2.0 -2.0 -2.0 -3.0 0.0 -1.0 -2.0 -2.0 -4.0 -3.0 -3.0 -1.0 -1.0 -2.0 -1.0 -2.0 -2.0 -1.0 -4.0 -1.0 -2.0 0.0 -3.0 -1.0 -1.0 -2.0 -2.0 0.0 -2.0 -1.0 -4.0 -2.0 -1.0 -2.0 -4.0 -2.0 0.0 0.0 -1.0 -3.0 -1.0 -3.0 -3.0 0.0 -2.0 0.0 0.0 -2.0 -2.0 -2.0 -1.0 0.0 0.0 -2.0 -4.0 -3.0 -3.0 0.0 -2.0 -3.0 -1.0 -3.0 0.0 -4.0 0.0 0.0 -4.0 -1.0 -4.0 -4.0 -1.0 -1.0 -3.0 -3.0 -3.0 0.0 -4.0 
-1.0 -2.0 0.0 -1.0 -4.0 -4.0 -3.0 -1.0 -2.0 -2.0 -4.0 -3.0 -2.0 -3.0 -4.0 -4.0 -3.0 -1.0 -4.0 -4.0 -3.0 230.0 -1.0 0.0 -1.0 -3.0 -1.0 -3.0 -1.0 -4.0 -3.0 -2.0 -3.0 -3.0 -4.0 -2.0 -3.0 0.0 -1.0 -1.0 -2.0 -1.0 -3.0 -4.0 -3.0 -2.0 -1.0 -1.0 -1.0 0.0 -1.0 -1.0 -2.0 0.0 -4.0 -2.0 0.0 -4.0 -4.0 -4.0 -1.0 -3.0 0.0 0.0 -1.0 -1.0 0.0 -1.0 -2.0 -1.0 -1.0 -1.0 -4.0 -3.0 -3.0 -1.0 -2.0 0.0 -1.0 -3.0 -1.0 -1.0 -2.0 -4.0 -3.0 -1.0 0.0 -4.0 -3.0 0.0 -4.0 0.0 0.0 -3.0 -3.0 -1.0 -2.0 -4.0 -3.0 -3.0 -3.0 -3.0 -3.0 -4.0 0.0 0.0 0.0 -4.0 -2.0 -1.0 -3.0 0.0 -2.0 -3.0 0.0 
-1.0 0.0 -3.0 -4.0 -4.0 -3.0 -3.0 -3.0 -2.0 -1.0 -2.0 -2.0 -4.0 -1.0 -2.0 -1.0 -1.0 -2.0 -1.0 -1.0 -2.0 0.0 232.0 -3.0 0.0 -3.0 -1.0 -3.0 -2.0 -2.0 -1.0 -4.0 -4.0 0.0 -1.0 -4.0 -1.0 -4.0 -4.0 -3.0 -1.0 -3.0 -4.0 -1.0 -3.0 0.0 0.0 -1.0 -3.0 -1.0 -2.0 0.0 -1.0 -2.0 -2.0 -4.0 -4.0 -2.0 -1.0 -1.0 -2.0 -2.0 -4.0 -2.0 -1.0 -2.0 -2.0 -4.0 0.0 -1.0 -3.0 -2.0 -3.0 -4.0 -1.0 -4.0 -1.0 -2.0 0.0 -2.0 -4.0 -2.0 -2.0 -2.0 -4.0 -1.0 -1.0 0.0 -2.0 -4.0 -4.0 0.0 -1.0 -1.0 -4.0 -1.0 0.0 -2.0 -2.0 -3.0 -4.0 -2.0 -4.0 -3.0 -4.0 -1.0 -1.0 -1.0 -2.0 -2.0 -2.0 0.0 -4.0 -1.0 0.0 
-4.0 0.0 -4.0 0.0 -1.0 -1.0 -2.0 -3.0 -3.0 0.0 0.0 -3.0 -3.0 0.0 -2.0 -4.0 -4.0 0.0 -3.0 -2.0 -1.0 -3.0 -4.0 221.0 -2.0 -1.0 -1.0 -1.0 -2.0 -1.0 -1.0 -1.0 -3.0 -4.0 -1.0 0.0 -2.0 0.0 -1.0 0.0 -2.0 -4.0 -1.0 -4.0 -4.0 -1.0 0.0 -4.0 0.0 -4.0 -2.0 -4.0 0.0 -4.0 -1.0 -3.0 -2.0 -2.0 -1.0 -3.0 -3.0 -3.0 -1.0 -3.0 -2.0 -1.0 -3.0 0.0 0.0 -1.0 -3.0 0.0 -1.0 -2.0 -3.0 -1.0 -4.0 -4.0 -1.0 -3.0 0.0 -4.0 -2.0 -3.0 -4.0 -3.0 -1.0 0.0 -1.0 -3.0 -1.0 -4.0 -2.0 -2.0 -2.0 -3.0 -1.0 -3.0 -2.0 -1.0 -2.0 -2.0 -2.0 0.0 -2.0 -2.0 -1.0 -2.0 -3.0 -1.0 -2.0 -2.0 -4.0 -1.0 0.0 
-3.0 -2.0 -1.0 -3.0 0.0 -4.0 -4.0 -4.0 -1.0 -1.0 -3.0 -2.0 -3.0 -2.0 -1.0 -4.0 -3.0 -2.0 -3.0 -2.0 -3.0 -1.0 0.0 -1.0 235.0 -4.0 -4.0 -3.0 -1.0 -4.0 -4.0 -3.0 -1.0 -3.0 -2.0 -1.0 -1.0 -1.0 -4.0 -1.0 -3.0 -2.0 -4.0 -2.0 -2.0 -3.0 -3.0 0.0 -1.0 0.0 -3.0 -4.0 -2.0 0.0 0.0 -3.0 -2.0 -4.0 -1.0 -2.0 -1.0 -4.0 -1.0 -4.0 -1.0 -2.0 0.0 0.0 0.0 -4.0 -3.0 0.0 -4.0 -2.0 -4.0 -2.0 -2.0 -4.0 -1.0 -2.0 -1.0 0.0 -1.0 -1.0 0.0 0.0 -4.0 0.0 -3.0 -4.0 -4.0 -3.0 -2.0 0.0 -1.0 -3.0 -1.0 -1.0 -1.0 -4.0 -2.0 0.0 -3.0 -4.0 -4.0 0.0 -3.0 -3.0 0.0 -3.0 -2.0 0.0 0.0 -3.0 -2.0 
-4.0 -2.0 -3.0 -3.0 -4.0 -1.0 -3.0 -1.0 0.0 -2.0 -1.0 -3.0 -3.0 -3.0 0.0 -1.0 0.0 -4.0 -4.0 -1.0 -4.0 -2.0 0.0 0.0 0.0 205.0 -4.0 -3.0 -2.0 -3.0 -2.0 -1.0 -1.0 -1.0 -3.0 -3.0 -2.0 -4.0 -1.0 0.0 -3.0 -1.0 0.0 -4.0 -2.0 -1.0 -1.0 -2.0 -3.0 0.0 -3.0 0.0 -3.0 -3.0 -1.0 -2.0 -4.0 0.0 0.0 0.0 -3.0 0.0 0.0 -3.0 -3.0 -3.0 0.0 -1.0 -4.0 -1.0 0.0 -1.0 -3.0 -1.0 -4.0 -1.0 -1.0 -4.0 -1.0 0.0 0.0 -3.0 0.0 0.0 -2.0 0.0 -2.0 -4.0 0.0 0.0 -1.0 -3.0 -3.0 -1.0 -4.0 0.0 -2.0 -1.0 -4.0 0.0 -2.0 -3.0 -4.0 0.0 0.0 -1.0 0.0 -4.0 0.0 0.0 -3.0 -2.0 -4.0 -3.0 -3.0 
-1.0 -2.0 -3.0 0.0 0.0 0.0 0.0 0.0 -4.0 -1.0 0.0 -3.0 -1.0 0.0 -2.0 -4.0 -3.0 -3.0 0.0 -3.0 -2.0 -4.0 -4.0 -4.0 -2.0 -1.0 218.0 0.0 -3.0 0.0 -2.0 -4.0 -4.0 -2.0 -2.0 -2.0 -3.0 -4.0 -2.0 -2.0 -2.0 -3.0 -2.0 0.0 -1.0 -1.0 -3.0 0.0 -3.0 -1.0 -1.0 -1.0 -1.0 -2.0 -4.0 -3.0 -3.0 -3.0 -2.0 -2.0 -1.0 -3.0 -2.0 -3.0 0.0 -3.0 -2.0 0.0 -3.0 -3.0 -1.0 0.0 -3.0 -2.0 0.0 -1.0 -1.0 0.0 -1.0 -2.0 -3.0 -3.0 0.0 0.0 -2.0 -3.0 -2.0 -2.0 -4.0 0.0 -4.0 -1.0 -3.0 -3.0 -4.0 0.0 -3.0 -4.0 0.0 -2.0 -1.0 -2.0 -3.0 -4.0 -1.0 -1.0 -4.0 -2.0 0.0 -4.0 -1.0 -1.0 0.0 -2.0 -3.0 
-4.0 0.0 0.0 -2.0 0.0 -1.0 -3.0 -1.0 -1.0 -4.0 0.0 -1.0 -2.0 -3.0 -2.0 -1.0 -2.0 -3.0 -4.0 0.0 0.0 -1.0 -4.0 -1.0 -1.0 -2.0 -4.0 231.0 0.0 -2.0 -1.0 -4.0 -1.0 -4.0 -2.0 0.0 -1.0 -4.0 0.0 -1.0 -2.0 0.0 -2.0 0.0 -4.0 -4.0 0.0 -4.0 -2.0 -2.0 -3.0 -4.0 -1.0 -2.0 -2.0 -3.0 -4.0 -3.0 -4.0 -4.0 -4.0 -2.0 -3.0 -3.0 -1.0 -1.0 -1.0 0.0 -2.0 -1.0 0.0 0.0 -3.0 0.0 -3.0 -2.0 -3.0 -3.0 -4.0 -1.0 -2.0 -4.0 -2.0 -4.0 -3.0 -4.0 -3.0 -2.0 -2.0 -3.0 -2.0 0.0 0.0 -1.0 -1.0 -1.0 -1.0 -3.0 0.0 -2.0 -1.0 -3.0 -4.0 -3.0 -4.0 -2.0 -4.0 -2.0 -2.0 -1.0 -4.0 -2.0 -4.0 -1.0 0.0 
-2.0 -3.0 0.0 0.0 -3.0 -2.0 -2.0 -4.0 0.0 -3.0 -4.0 -2.0 -3.0 0.0 -4.0 0.0 -4.0 -4.0 0.0 -4.0 -4.0 -2.0 -4.0 -4.0 -1.0 -4.0 -4.0 -3.0 280.0 -4.0 -4.0 -3.0 -1.0 -4.0 -4.0 0.0 -2.0 -2.0 0.0 -4.0 -4.0 -2.0 -2.0 -2.0 -4.0 0.0 -1.0 -1.0 -2.0 0.0 -4.0 0.0 -3.0 -4.0 0.0 -4.0 -2.0 0.0 -4.0 -3.0 -2.0 -2.0 -3.0 -1.0 -1.0 -3.0 -3.0 -4.0 0.0 -1.0 -4.0 -3.0 -4.0 -3.0 -2.0 -3.0 -2.0 -4.0 -4.0 -4.0 -1.0 -1.0 -3.0 -4.0 -3.0 -1.0 0.0 -3.0 -2.0 0.0 -4.0 -3.0 -4.0 -1.0 -3.0 -4.0 -2.0 -4.0 -3.0 -1.0 -1.0 -3.0 -4.0 -4.0 0.0 -2.0 -4.0 -4.0 -1.0 -4.0 0.0 -4.0 -4.0 -4.0 -1.0 
-2.0 -1.0 -2.0 -3.0 0.0 -4.0 -3.0 0.0 -3.0 -1.0 -4.0 -3.0 -1.0 0.0 0.0 -4.0 -1.0 -3.0 -2.0 -4.0 -2.0 -3.0 -3.0 -4.0 0.0 -1.0 -4.0 -1.0 -4.0 233.0 -3.0 -3.0 0.0 -4.0 0.0 -3.0 -2.0 0.0 0.0 -4.0 0.0 0.0 -2.0 0.0 -1.0 -1.0 -2.0 -4.0 -2.0 -1.0 -4.0 -4.0 -2.0 -1.0 -4.0 -3.0 -4.0 -4.0 -2.0 -3.0 -2.0 -2.0 0.0 -4.0 -1.0 -1.0 0.0 -4.0 -3.0 -4.0 -3.0 -1.0 -3.0 -4.0 -2.0 -1.0 0.0 -4.0 -3.0 0.0 -2.0 -1.0 -3.0 -3.0 0.0 0.0 -1.0 -4.0 -3.0 -1.0 -1.0 -2.0 -3.0 -2.0 0.0 -3.0 -3.0 -1.0 -2.0 -4.0 0.0 -4.0 -1.0 -1.0 0.0 -2.0 -3.0 -3.0 -1.0 -3.0 0.0 -2.0 -4.0 0.0 -2.0 
0.0 -3.0 0.0 -3.0 -3.0 -2.0 -1.0 0.0 -3.0 0.0 -4.0 -3.0 -4.0 0.0 -1.0 -1.0 0.0 -3.0 -3.0 -4.0 0.0 -4.0 0.0 -2.0 -1.0 -4.0 -3.0 -1.0 -2.0 -2.0 201.0 -3.0 -3.0 -2.0 0.0 -2.0 -4.0 0.0 0.0 -1.0 -2.0 -2.0 -1.0 -3.0 -4.0 -4.0 -2.0 -2.0 -2.0 -4.0 -1.0 -4.0 -2.0 -4.0 0.0 -4.0 -4.0 0.0 -2.0 -4.0 -2.0 0.0 0.0 -3.0 0.0 0.0 0.0 -4.0 0.0 -4.0 -1.0 -1.0 -4.0 -1.0 0.0 0.0 -1.0 -4.0 -2.0 -4.0 0.0 -1.0 -3.0 -1.0 0.0 -2.0 0.0 -2.0 0.0 0.0 -3.0 0.0 -3.0 0.0 -1.0 -1.0 -2.0 -2.0 -1.0 -3.0 -1.0 0.0 0.0 -3.0 -2.0 0.0 0.0 -4.0 -2.0 -4.0 0.0 -4.0 0.0 -2.0 0.0 
0.0 0.0 -3.0 -2.0 -4.0 -1.0 -4.0 -1.0 -1.0 -3.0 0.0 -2.0 0.0 -3.0 -4.0 -1.0 -1.0 -2.0 -4.0 -1.0 -1.0 -4.0 -4.0 -2.0 -4.0 -1.0 -1.0 -2.0 -2.0 -2.0 -4.0 230.0 -3.0 0.0 -4.0 -2.0 -1.0 -4.0 -3.0 -2.0 -1.0 -2.0 -1.0 0.0 -3.0 -2.0 -2.0 -1.0 -4.0 0.0 -4.0 -2.0 -3.0 -3.0 -2.0 -3.0 -4.0 -1.0 -3.0 -3.0 -1.0 -2.0 -1.0 -4.0 -1.0 -1.0 -1.0 -2.0 -4.0 -1.0 0.0 0.0 0.0 0.0 -2.0 0.0 -4.0 -2.0 -2.0 -1.0 -1.0 -1.0 -4.0 -2.0 -1.0 -4.0 -1.0 0.0 -3.0 -2.0 0.0 -1.0 0.0 -4.0 -3.0 0.0 -4.0 -3.0 -4.0 -4.0 -1.0 -4.0 0.0 -2.0 -2.0 -3.0 -2.0 0.0 -2.0 -3.0 -2.0 -4.0 -4.0 -3.0 0.0 
-1.0 -2.0 -3.0 -4.0 -3.0 -1.0 0.0 0.0 -4.0 -1.0 -4.0 -1.0 -2.0 -1.0 -3.0 -2.0 -2.0 -3.0 -4.0 -1.0 -2.0 0.0 -2.0 -2.0 0.0 -4.0 -4.0 -3.0 -1.0 -4.0 -1.0 -4.0 219.0 -4.0 0.0 -2.0 -4.0 -1.0 -2.0 -1.0 0.0 0.0 0.0 -4.0 -2.0 -3.0 0.0 0.0 -2.0 -2.0 -4.0 -3.0 -4.0 -3.0 -2.0 -3.0 0.0 -4.0 0.0 -4.0 -1.0 -2.0 -3.0 -4.0 -3.0 -2.0 -4.0 0.0 0.0 -4.0 0.0 0.0 -1.0 -4.0 -4.0 -2.0 -1.0 0.0 -2.0 -1.0 -3.0 0.0 -2.0 -1.0 0.0 -1.0 -4.0 -1.0 0.0 -2.0 -2.0 0.0 -3.0 0.0 0.0 -4.0 -1.0 -2.0 -1.0 -3.0 -1.0 -1.0 -2.0 -4.0 -2.0 -1.0 -4.0 -1.0 -1.0 -2.0 -2.0 -3.0 -3.0 0.0 -1.0 
-3.0 0.0 -1.0 -4.0 -2.0 -2.0 -3.0 0.0 -4.0 -2.0 -4.0 -1.0 -2.0 -1.0 -2.0 -1.0 -1.0 -4.0 -3.0 -4.0 -2.0 -3.0 -2.0 -4.0 -1.0 0.0 -3.0 -4.0 -4.0 0.0 -2.0 -4.0 -3.0 244.0 -2.0 -3.0 0.0 -3.0 -4.0 0.0 -3.0 -4.0 0.0 -2.0 -2.0 -4.0 -1.0 -3.0 -3.0 -4.0 0.0 -2.0 -4.0 0.0 -3.0 -3.0 -3.0 -2.0 -3.0 -1.0 0.0 -4.0 0.0 -3.0 -1.0 -1.0 0.0 -1.0 0.0 -2.0 -3.0 0.0 -2.0 0.0 -2.0 -1.0 -3.0 -4.0 0.0 0.0 -3.0 -1.0 -4.0 0.0 -1.0 -2.0 -2.0 -3.0 -4.0 -1.0 0.0 -2.0 -3.0 -1.0 -1.0 -4.0 -3.0 -4.0 -1.0 -3.0 -2.0 -2.0 -4.0 -4.0 -4.0 -3.0 -2.0 0.0 -4.0 -4.0 -4.0 -1.0 -1.0 -2.0 -2.0 
-1.0 -2.0 -2.0 0.0 -1.0 -3.0 -2.0 0.0 -2.0 -3.0 -3.0 0.0 -3.0 -2.0 -4.0 -1.0 -3.0 -1.0 -4.0 0.0 0.0 -3.0 -3.0 0.0 0.0 -3.0 -4.0 -3.0 -3.0 -2.0 -2.0 0.0 -4.0 -4.0 221.0 -3.0 -3.0 -2.0 0.0 -4.0 0.0 -2.0 -2.0 -2.0 -3.0 -3.0 0.0 0.0 -1.0 -2.0 -2.0 -3.0 -1.0 0.0 -3.0 -3.0 0.0 -1.0 -1.0 -3.0 -3.0 -3.0 -4.0 -1.0 0.0 -2.0 0.0 0.0 0.0 -2.0 -3.0 -4.0 -2.0 -4.0 -1.0 -3.0 -1.0 -3.0 -1.0 -1.0 -3.0 -3.0 -1.0 -4.0 -2.0 -3.0 -2.0 -3.0 -2.0 -2.0 0.0 0.0 -2.0 -3.0 -2.0 -1.0 -4.0 -1.0 -1.0 -3.0 -1.0 -4.0 -4.0 -1.0 -1.0 -4.0 -2.0 -1.0 -2.0 -4.0 -1.0 -2.0 -2.0 0.0 0.0 
-2.0 -3.0 -4.0 -4.0 -3.0 -3.0 -3.0 -4.0 -4.0 -2.0 -3.0 -4.0 0.0 -4.0 -2.0 -3.0 -3.0 0.0 -2.0 -3.0 -1.0 -3.0 -4.0 -3.0 0.0 -4.0 -1.0 -2.0 0.0 -3.0 -4.0 -2.0 -4.0 -2.0 0.0 256.0 -2.0 -2.0 -2.0 -4.0 0.0 -3.0 -3.0 -3.0 -4.0 -2.0 -2.0 -4.0 -2.0 -2.0 -3.0 -1.0 -3.0 0.0 -3.0 -3.0 -1.0 -2.0 -4.0 -3.0 -2.0 0.0 0.0 -1.0 -4.0 -3.0 -4.0 -4.0 0.0 -2.0 -1.0 0.0 -2.0 -4.0 0.0 0.0 0.0 -2.0 -2.0 -3.0 -1.0 -2.0 -1.0 -2.0 -2.0 0.0 -4.0 -1.0 -3.0 -3.0 -3.0 -4.0 -4.0 -2.0 -4.0 -2.0 -1.0 -4.0 -2.0 -2.0 -1.0 0.0 -3.0 -3.0 0.0 -1.0 0.0 -3.0 -3.0 0.0 -2.0 -4.0 -4.0 -3.0 -1.0 
0.0 -4.0 -2.0 -4.0 -3.0 -2.0 -2.0 -1.0 -1.0 -3.0 -3.0 -1.0 -3.0 -1.0 0.0 -1.0 -1.0 -2.0 -3.0 -1.0 -2.0 -4.0 -1.0 -4.0 -4.0 0.0 -3.0 -1.0 0.0 0.0 -3.0 -1.0 -4.0 -2.0 -4.0 -4.0 231.0 -4.0 0.0 -2.0 -3.0 -2.0 -3.0 -1.0 -1.0 0.0 -4.0 -1.0 -4.0 -3.0 -2.0 -3.0 -2.0 -1.0 0.0 -1.0 0.0 -3.0 0.0 -1.0 -2.0 0.0 -4.0 -3.0 -2.0 -2.0 -2.0 -4.0 -3.0 -4.0 -1.0 -4.0 -1.0 -3.0 -4.0 -3.0 -1.0 0.0 -4.0 -2.0 -2.0 -4.0 -1.0 0.0 -4.0 -4.0 0.0 -4.0 -3.0 -4.0 0.0 -1.0 -3.0 0.0 -1.0 0.0 0.0 0.0 -2.0 0.0 -4.0 -3.0 -3.0 -1.0 0.0 -1.0 -3.0 -2.0 -4.0 -4.0 -4.0 0.0 -1.0 -3.0 0.0 
0.0 -4.0 -2.0 -1.0 -4.0 -1.0 -3.0 -1.0 -3.0 -1.0 -4.0 -3.0 -2.0 -1.0 0.0 -3.0 -4.0 0.0 0.0 -1.0 -3.0 -3.0 -3.0 -1.0 -4.0 -1.0 -4.0 -1.0 -2.0 -3.0 -4.0 -4.0 -3.0 -3.0 -3.0 0.0 -2.0 250.0 -2.0 0.0 -2.0 -2.0 -4.0 0.0 -3.0 -4.0 -2.0 0.0 -2.0 -3.0 -4.0 0.0 -1.0 -1.0 -1.0 0.0 -3.0 -4.0 -1.0 -3.0 -3.0 -2.0 -4.0 -2.0 -2.0 -4.0 -3.0 -1.0 -4.0 0.0 -2.0 -3.0 -2.0 0.0 -4.0 -4.0 -1.0 -1.0 0.0 -2.0 0.0 0.0 -4.0 -4.0 -1.0 -1.0 -2.0 -1.0 0.0 -2.0 -3.0 -2.0 -3.0 -2.0 -2.0 -3.0 -4.0 0.0 -4.0 -4.0 -4.0 -4.0 -3.0 -4.0 -2.0 0.0 -3.0 -2.0 -4.0 0.0 -3.0 -3.0 -4.0 -2.0 -2.0 
-1.0 -4.0 -1.0 -4.0 -1.0 0.0 -2.0 -2.0 -1.0 -1.0 -1.0 -3.0 0.0 -1.0 -1.0 -4.0 -3.0 -2.0 0.0 -4.0 -3.0 0.0 -1.0 -3.0 -1.0 -2.0 -2.0 0.0 -3.0 -3.0 -2.0 -3.0 -4.0 -3.0 -2.0 -2.0 -2.0 -3.0 233.0 0.0 0.0 -4.0 0.0 -4.0 -4.0 0.0 0.0 -2.0 -1.0 0.0 -4.0 -3.0 -1.0 -2.0 0.0 -2.0 -4.0 -1.0 -3.0 -4.0 -3.0 0.0 -2.0 -3.0 -3.0 -2.0 -3.0 -1.0 -4.0 0.0 -2.0 -2.0 -2.0 0.0 -3.0 -3.0 0.0 -1.0 -4.0 -3.0 0.0 -2.0 -3.0 -2.0 -2.0 -2.0 -4.0 0.0 -4.0 -2.0 -1.0 -3.0 -1.0 -4.0 -4.0 -3.0 -4.0 -1.0 -2.0 0.0 -1.0 -2.0 -2.0 -3.0 -1.0 -4.0 -2.0 -4.0 -2.0 -2.0 -1.0 -4.0 -1.0 -4.0 -1.0 
-4.0 -2.0 -4.0 0.0 0.0 -1.0 0.0 -3.0 -2.0 0.0 -2.0 -3.0 0.0 -2.0 -4.0 0.0 0.0 0.0 -4.0 0.0 -3.0 -1.0 -3.0 -2.0 -3.0 -4.0 -3.0 -1.0 -1.0 -4.0 -1.0 -3.0 -3.0 -4.0 -1.0 -3.0 -2.0 -4.0 -1.0 225.0 -3.0 -1.0 -2.0 -4.0 -3.0 -1.0 0.0 -2.0 0.0 -2.0 -4.0 -1.0 -3.0 -1.0 -3.0 -3.0 0.0 -1.0 -2.0 0.0 -1.0 0.0 0.0 -3.0 -3.0 -4.0 -2.0 -2.0 -1.0 -2.0 -4.0 0.0 -1.0 -2.0 0.0 0.0 -4.0 -4.0 -3.0 -2.0 -1.0 -1.0 -4.0 -4.0 -3.0 0.0 -3.0 -2.0 -1.0 -3.0 0.0 -4.0 -2.0 0.0 -3.0 -1.0 0.0 -4.0 -3.0 -2.0 -2.0 -2.0 0.0 -2.0 -2.0 -4.0 -1.0 -2.0 0.0 -2.0 0.0 -3.0 -4.0 -4.0 -4.0 
-4.0 -2.0 -2.0 -3.0 -4.0 -2.0 -4.0 -4.0 -3.0 -4.0 -2.0 -3.0 -1.0 -4.0 -3.0 -1.0 -4.0 -1.0 -1.0 -3.0 -2.0 -2.0 -3.0 -3.0 -3.0 -3.0 -1.0 -1.0 -1.0 0.0 -2.0 -3.0 -4.0 -1.0 -3.0 -2.0 -3.0 -1.0 -3.0 -4.0 269.0 0.0 0.0 -2.0 -3.0 -4.0 -1.0 -3.0 0.0 0.0 -2.0 -4.0 -4.0 -3.0 0.0 -1.0 -4.0 -3.0 -2.0 -3.0 -4.0 -1.0 0.0 -2.0 -3.0 0.0 -3.0 -2.0 -1.0 -2.0 0.0 -2.0 -3.0 -3.0 -1.0 -1.0 0.0 -2.0 -4.0 -3.0 -2.0 -4.0 -3.0 -4.0 -4.0 -1.0 -2.0 -4.0 -4.0 -3.0 -3.0 -4.0 -2.0 -1.0 -2.0 -3.0 -3.0 -4.0 -3.0 -3.0 -4.0 -1.0 -3.0 -4.0 -2.0 -4.0 -1.0 -4.0 -3.0 -2.0 -1.0 0.0 -1.0 -2.0 -2.0 
-2.0 -2.0 -4.0 0.0 -2.0 -4.0 0.0 -3.0 0.0 -1.0 -1.0 -2.0 -4.0 0.0 -2.0 -4.0 0.0 -2.0 -4.0 -3.0 -4.0 -2.0 -4.0 -3.0 0.0 0.0 -4.0 -4.0 -1.0 0.0 0.0 -4.0 -2.0 -4.0 0.0 0.0 -4.0 0.0 -4.0 -1.0 -2.0 219.0 -2.0 -3.0 -3.0 -3.0 0.0 -1.0 0.0 -2.0 -1.0 -1.0 -4.0 -2.0 -4.0 -1.0 -1.0 -1.0 -1.0 -3.0 -2.0 -1.0 -1.0 0.0 -2.0 -2.0 -3.0 -1.0 0.0 0.0 -4.0 -1.0 -1.0 -3.0 -1.0 -2.0 -2.0 -1.0 -3.0 -2.0 0.0 0.0 0.0 -2.0 -3.0 -3.0 -3.0 -2.0 -1.0 -1.0 -3.0 -1.0 -2.0 -1.0 -4.0 -4.0 -4.0 0.0 -1.0 -1.0 -2.0 -4.0 -2.0 -2.0 -2.0 -3.0 -4.0 -3.0 -1.0 -4.0 -2.0 -4.0 -1.0 0.0 -1.0 
-3.0 -2.0 -4.0 -4.0 0.0 -3.0 -1.0 -3.0 -2.0 0.0 0.0 -3.0 -2.0 -2.0 -2.0 0.0 -3.0 -1.0 -1.0 -1.0 -4.0 -3.0 -1.0 -4.0 -2.0 -4.0 -1.0 -2.0 -2.0 -2.0 -4.0 0.0 0.0 -1.0 -4.0 -4.0 -3.0 -2.0 -2.0 -3.0 -4.0 -4.0 233.0 0.0 -1.0 -2.0 -3.0 -1.0 -2.0 -3.0 -1.0 -2.0 -4.0 -3.0 -3.0 -3.0 -2.0 -2.0 0.0 -2.0 -2.0 -3.0 -4.0 -4.0 -2.0 -4.0 0.0 -4.0 -2.0 -3.0 -2.0 -1.0 -2.0 -4.0 0.0 -4.0 -2.0 -1.0 -1.0 -1.0 -2.0 -2.0 0.0 0.0 0.0 -2.0 0.0 0.0 -2.0 -4.0 -4.0 -4.0 -4.0 0.0 0.0 -1.0 -1.0 0.0 0.0 -2.0 -1.0 -2.0 -3.0 0.0 -4.0 -4.0 -4.0 -2.0 0.0 -1.0 -3.0 0.0 -4.0 -1.0 -3.0 
-2.0 -4.0 -1.0 0.0 -1.0 -4.0 -1.0 -2.0 -4.0 -3.0 -3.0 0.0 -2.0 -3.0 -1.0 -1.0 -4.0 -2.0 -3.0 -2.0 -3.0 -3.0 0.0 -3.0 -4.0 -2.0 -4.0 -1.0 -2.0 0.0 -2.0 -4.0 -3.0 -1.0 -3.0 -1.0 -3.0 -1.0 -1.0 -4.0 0.0 0.0 -2.0 249.0 -2.0 -4.0 -4.0 -4.0 -3.0 -1.0 -4.0 -2.0 -4.0 -3.0 -1.0 0.0 -4.0 -2.0 -2.0 -3.0 -4.0 -4.0 -3.0 -2.0 0.0 -3.0 -4.0 -4.0 -4.0 0.0 0.0 -3.0 -1.0 0.0 -1.0 -3.0 -3.0 -1.0 -4.0 -4.0 -2.0 -4.0 0.0 -2.0 -3.0 0.0 -1.0 -1.0 -4.0 -1.0 -1.0 -3.0 -3.0 -3.0 -3.0 -2.0 -1.0 -3.0 -2.0 0.0 -2.0 0.0 0.0 -3.0 -3.0 -3.0 0.0 -3.0 0.0 -4.0 0.0 -2.0 -4.0 -2.0 -3.0 
0.0 -2.0 -3.0 -1.0 -2.0 -1.0 -1.0 -4.0 0.0 -4.0 -3.0 -2.0 -1.0 -4.0 -1.0 -2.0 0.0 -2.0 -1.0 -2.0 -3.0 -1.0 -2.0 -1.0 -4.0 0.0 -3.0 0.0 -1.0 -4.0 -1.0 -1.0 -3.0 -3.0 0.0 -4.0 0.0 -1.0 -4.0 -4.0 -2.0 -3.0 -2.0 -1.0 251.0 -1.0 -2.0 -4.0 -2.0 -1.0 -1.0 -2.0 -3.0 -3.0 -3.0 -1.0 0.0 -1.0 -4.0 -1.0 -4.0 -2.0 -4.0 -4.0 -1.0 -4.0 -2.0 -4.0 0.0 -3.0 -2.0 -2.0 -3.0 -4.0 -2.0 -4.0 -1.0 -2.0 -4.0 -2.0 -1.0 -3.0 -1.0 -1.0 -4.0 0.0 -2.0 -4.0 -4.0 -4.0 -4.0 -1.0 -3.0 -3.0 -3.0 -2.0 0.0 -3.0 -2.0 -4.0 -2.0 -1.0 -4.0 0.0 -4.0 0.0 -4.0 -4.0 -1.0 -2.0 -1.0 -3.0 -2.0 -4.0 -3.0 
-3.0 0.0 -1.0 0.0 -1.0 0.0 -4.0 -3.0 -2.0 -4.0 0.0 -1.0 -4.0 0.0 -2.0 0.0 -3.0 0.0 -2.0 -4.0 -2.0 -4.0 -1.0 -1.0 -3.0 -3.0 0.0 -3.0 -1.0 -3.0 0.0 -2.0 -3.0 0.0 -4.0 -3.0 -2.0 0.0 -1.0 -1.0 0.0 -2.0 -4.0 0.0 -3.0 228.0 0.0 -1.0 -2.0 -1.0 0.0 0.0 -2.0 -1.0 -1.0 -3.0 -1.0 0.0 0.0 -4.0 -2.0 -4.0 -3.0 0.0 -4.0 -2.0 -4.0 -1.0 -4.0 -4.0 -1.0 0.0 -1.0 -3.0 -4.0 -3.0 -2.0 -3.0 -3.0 -4.0 -4.0 -1.0 -4.0 -1.0 -3.0 -2.0 -4.0 -2.0 0.0 -1.0 -4.0 -1.0 0.0 -3.0 -4.0 0.0 0.0 -1.0 -3.0 -4.0 -3.0 -1.0 -4.0 -2.0 -4.0 -2.0 0.0 -4.0 0.0 -3.0 -3.0 -2.0 -2.0 -4.0 -4.0 
0.0 -1.0 0.0 0.0 -4.0 -3.0 0.0 -3.0 -3.0 0.0 0.0 -3.0 -2.0 0.0 0.0 -4.0 -2.0 0.0 -4.0 -4.0 -1.0 -1.0 -1.0 -2.0 0.0 0.0 0.0 -2.0 0.0 -3.0 -3.0 -3.0 -1.0 -3.0 0.0 -1.0 -1.0 -2.0 -2.0 -3.0 -2.0 -1.0 -1.0 0.0 0.0 0.0 194.0 -3.0 -1.0 -4.0 -3.0 -1.0 -1.0 -4.0 -3.0 0.0 0.0 -3.0 0.0 -2.0 -2.0 -4.0 -2.0 -4.0 -4.0 -1.0 0.0 -2.0 -2.0 -1.0 -1.0 0.0 -2.0 0.0 0.0 -3.0 -2.0 0.0 -4.0 -4.0 -3.0 0.0 -1.0 -1.0 -2.0 0.0 -3.0 -3.0 -4.0 -4.0 0.0 -2.0 0.0 -1.0 -1.0 -4.0 -1.0 -1.0 -4.0 0.0 0.0 -1.0 0.0 -4.0 -2.0 -3.0 -1.0 -2.0 -3.0 -2.0 -4.0 -2.0 -3.0 0.0 -3.0 
-4.0 -2.0 -4.0 -1.0 -4.0 0.0 -4.0 -2.0 -1.0 -2.0 0.0 -1.0 -4.0 -3.0 -3.0 -4.0 -1.0 -4.0 -3.0 -1.0 -2.0 -1.0 0.0 0.0 -1.0 -2.0 -1.0 -4.0 -1.0 -1.0 -3.0 -3.0 -4.0 0.0 -1.0 -4.0 -4.0 -2.0 -3.0 -2.0 -1.0 -2.0 -1.0 0.0 -2.0 0.0 -1.0 242.0 -3.0 0.0 -4.0 -4.0 -1.0 -1.0 -3.0 -2.0 -3.0 -1.0 -2.0 -1.0 -1.0 -3.0 0.0 -3.0 -4.0 -4.0 -2.0 -2.0 -2.0 -4.0 -3.0 -4.0 -1.0 0.0 -4.0 0.0 0.0 -2.0 -4.0 -4.0 0.0 -4.0 -3.0 -4.0 -4.0 -4.0 -4.0 0.0 -2.0 -3.0 0.0 0.0 -1.0 -4.0 -2.0 -1.0 -4.0 0.0 -4.0 -3.0 -1.0 -4.0 -1.0 -3.0 -4.0 -1.0 -1.0 -3.0 -1.0 -1.0 -4.0 -2.0 -1.0 0.0 -2.0 
-4.0 0.0 -1.0 -4.0 -2.0 -2.0 -1.0 -2.0 -1.0 0.0 -2.0 -2.0 0.0 -2.0 -1.0 -2.0 -2.0 -3.0 0.0 -4.0 -1.0 -1.0 -2.0 -1.0 0.0 -2.0 -4.0 -1.0 0.0 0.0 -2.0 -4.0 -4.0 -3.0 -3.0 -2.0 -3.0 -1.0 0.0 0.0 -1.0 -3.0 -1.0 -2.0 -1.0 -2.0 -2.0 -3.0 208.0 -3.0 -4.0 -3.0 0.0 -3.0 -3.0 -4.0 -4.0 -3.0 -2.0 -1.0 -1.0 -2.0 0.0 -1.0 -3.0 -4.0 -2.0 0.0 -3.0 0.0 -3.0 -2.0 0.0 -4.0 -1.0 0.0 0.0 -3.0 -1.0 -4.0 -1.0 -1.0 -1.0 -3.0 -1.0 -4.0 -4.0 0.0 -2.0 0.0 -3.0 -1.0 0.0 0.0 -1.0 0.0 -3.0 -1.0 -2.0 0.0 -2.0 -2.0 -4.0 -4.0 -2.0 -1.0 -2.0 -3.0 -1.0 -1.0 -2.0 -3.0 -1.0 -1.0 -3.0 
-2.0 -3.0 -1.0 -2.0 -4.0 0.0 -2.0 0.0 -3.0 -2.0 -4.0 -4.0 -1.0 -1.0 0.0 -4.0 -1.0 -2.0 -3.0 -3.0 -4.0 -2.0 -2.0 0.0 0.0 -4.0 0.0 0.0 -1.0 -4.0 -4.0 0.0 -1.0 -2.0 -2.0 -4.0 -2.0 -3.0 -3.0 -3.0 -1.0 -3.0 -2.0 -4.0 -3.0 -4.0 -1.0 -2.0 -4.0 245.0 -1.0 -2.0 -4.0 -1.0 -4.0 -2.0 -1.0 -4.0 -2.0 -1.0 0.0 -2.0 0.0 -3.0 -1.0 -1.0 -2.0 -1.0 0.0 -3.0 -2.0 -3.0 -3.0 0.0 -3.0 -2.0 -4.0 -3.0 0.0 -3.0 -3.0 -2.0 -2.0 -4.0 -1.0 0.0 -3.0 -2.0 -2.0 -3.0 -3.0 -3.0 -3.0 -2.0 -2.0 0.0 -2.0 -2.0 0.0 0.0 -2.0 0.0 -2.0 -1.0 -4.0 -1.0 -4.0 0.0 -4.0 -3.0 -4.0 -4.0 -4.0 -4.0 -4.0 
-4.0 -1.0 -4.0 -2.0 -2.0 -1.0 -4.0 -2.0 -2.0 -4.0 -2.0 -1.0 -2.0 -1.0 -1.0 -1.0 0.0 -4.0 -4.0 -4.0 -1.0 0.0 0.0 -4.0 0.0 -4.0 -3.0 0.0 -3.0 -4.0 -2.0 -1.0 -4.0 -4.0 -4.0 -1.0 -1.0 -1.0 -3.0 -1.0 -4.0 -2.0 -4.0 -4.0 -2.0 -4.0 0.0 -3.0 -4.0 0.0 229.0 0.0 -4.0 -4.0 -3.0 -1.0 -3.0 -1.0 -2.0 -1.0 -1.0 0.0 -2.0 -1.0 0.0 -3.0 -3.0 -2.0 0.0 0.0 -2.0 0.0 -1.0 0.0 0.0 -4.0 -1.0 -1.0 -2.0 -4.0 -4.0 0.0 -2.0 0.0 -1.0 -2.0 -1.0 0.0 -2.0 -2.0 -4.0 -1.0 0.0 -3.0 -3.0 -2.0 -1.0 -2.0 -4.0 0.0 -4.0 -1.0 -2.0 -1.0 -4.0 -4.0 -1.0 -3.0 -2.0 -1.0 -2.0 -2.0 -1.0 -4.0 -3.0 
0.0 0.0 -4.0 -1.0 -3.0 0.0 -2.0 -2.0 -2.0 -3.0 -4.0 -1.0 0.0 -4.0 -2.0 -3.0 -2.0 -3.0 -4.0 -4.0 -4.0 -4.0 0.0 -1.0 -4.0 0.0 -2.0 0.0 -3.0 -2.0 0.0 -1.0 0.0 0.0 -1.0 -1.0 -2.0 -1.0 -2.0 -2.0 -3.0 -4.0 -4.0 -3.0 0.0 -4.0 -1.0 -4.0 -2.0 0.0 0.0 234.0 -3.0 0.0 -1.0 -3.0 -4.0 -1.0 -2.0 -4.0 -4.0 -3.0 -2.0 0.0 -3.0 -3.0 -3.0 -1.0 -3.0 -1.0 -2.0 0.0 0.0 -2.0 0.0 -1.0 -3.0 -3.0 -2.0 -1.0 -4.0 -1.0 -2.0 -2.0 -4.0 -1.0 -3.0 -1.0 -2.0 -1.0 0.0 -3.0 -3.0 -2.0 -3.0 0.0 0.0 -3.0 -3.0 0.0 -3.0 -1.0 -3.0 -3.0 0.0 -4.0 -1.0 -2.0 -4.0 -4.0 -3.0 -3.0 -4.0 -3.0 -4.0 
-2.0 0.0 -4.0 -3.0 -4.0 -4.0 0.0 -1.0 -3.0 0.0 0.0 -2.0 -2.0 -2.0 -2.0 -2.0 -4.0 -2.0 -2.0 -2.0 -1.0 -4.0 -4.0 -3.0 -2.0 -2.0 0.0 -3.0 -4.0 -1.0 -1.0 -4.0 -4.0 0.0 -1.0 -3.0 -4.0 0.0 -2.0 -1.0 -2.0 0.0 -4.0 -3.0 -4.0 -4.0 0.0 0.0 0.0 -4.0 -1.0 -2.0 253.0 -2.0 -1.0 -2.0 -3.0 -3.0 -4.0 -2.0 -3.0 -3.0 -4.0 -1.0 -3.0 0.0 -4.0 0.0 -4.0 -2.0 -3.0 -1.0 -3.0 -4.0 -2.0 -1.0 -2.0 -4.0 -4.0 -1.0 0.0 -4.0 -4.0 0.0 0.0 -4.0 -2.0 -4.0 -2.0 0.0 0.0 -2.0 -3.0 -3.0 -1.0 -2.0 -2.0 0.0 0.0 -3.0 -3.0 -4.0 -3.0 -3.0 -3.0 -1.0 0.0 -3.0 -4.0 -3.0 -2.0 -4.0 -1.0 -4.0 -4.0 
0.0 -1.0 -2.0 -1.0 -1.0 -1.0 -1.0 -2.0 0.0 0.0 -4.0 -4.0 -2.0 -3.0 0.0 -1.0 -4.0 -2.0 -1.0 0.0 -2.0 -2.0 0.0 -1.0 -3.0 0.0 -3.0 -3.0 -1.0 -3.0 -4.0 -2.0 -3.0 -3.0 -1.0 -1.0 -2.0 -4.0 -3.0 -2.0 -3.0 -1.0 -2.0 -3.0 0.0 -3.0 -2.0 0.0 -3.0 -2.0 -3.0 -1.0 -3.0 220.0 -3.0 -1.0 0.0 -3.0 -1.0 -3.0 -2.0 -1.0 -4.0 -2.0 0.0 -3.0 -2.0 -2.0 -3.0 -2.0 -4.0 0.0 -1.0 -1.0 -2.0 -1.0 -4.0 -2.0 -4.0 -1.0 -1.0 -1.0 -3.0 -4.0 -1.0 -3.0 -4.0 0.0 -1.0 0.0 -2.0 -1.0 0.0 -3.0 -3.0 -2.0 -4.0 0.0 0.0 -4.0 0.0 -4.0 -3.0 -2.0 -2.0 -4.0 0.0 -2.0 -2.0 -2.0 -3.0 -1.0 -4.0 -3.0 0.0 
-1.0 0.0 0.0 -1.0 -2.0 -3.0 -3.0 -2.0 0.0 -3.0 -2.0 -2.0 -1.0 -4.0 -2.0 0.0 -4.0 -2.0 -4.0 -2.0 -2.0 -4.0 0.0 0.0 -4.0 0.0 -3.0 -2.0 -3.0 -3.0 -3.0 -2.0 0.0 -3.0 -4.0 -1.0 0.0 -3.0 -2.0 -4.0 -3.0 -2.0 -1.0 -4.0 -4.0 -2.0 -2.0 0.0 0.0 -2.0 -3.0 -3.0 -1.0 -1.0 221.0 -1.0 -1.0 -2.0 -4.0 -1.0 -3.0 -1.0 -1.0 0.0 -3.0 0.0 0.0 -4.0 -1.0 -2.0 0.0 -3.0 -4.0 -2.0 -3.0 -2.0 -2.0 -4.0 -2.0 -1.0 -2.0 -3.0 -2.0 0.0 -2.0 -4.0 0.0 -1.0 -4.0 0.0 -4.0 0.0 -3.0 -1.0 -4.0 -1.0 -1.0 -1.0 0.0 -2.0 -2.0 -4.0 -2.0 -1.0 -1.0 -1.0 0.0 -2.0 -4.0 -2.0 -4.0 -2.0 -3.0 -1.0 -1.0 
-1.0 -2.0 0.0 -1.0 -3.0 -3.0 0.0 -4.0 0.0 -4.0 -2.0 -4.0 -1.0 -1.0 -4.0 -4.0 -1.0 0.0 -4.0 0.0 -2.0 -3.0 0.0 -1.0 0.0 -3.0 -1.0 -1.0 0.0 -2.0 -2.0 -2.0 0.0 -3.0 -2.0 -4.0 -1.0 -1.0 -1.0 0.0 -4.0 -4.0 -4.0 -2.0 -3.0 -2.0 -2.0 -3.0 -2.0 -1.0 -1.0 -3.0 -2.0 -1.0 -2.0 234.0 -1.0 0.0 -4.0 -3.0 -3.0 -4.0 -4.0 -1.0 -3.0 -2.0 -1.0 -4.0 -3.0 -3.0 -3.0 -4.0 -4.0 -3.0 -4.0 -3.0 -1.0 0.0 -2.0 -4.0 0.0 0.0 -1.0 -4.0 -3.0 -3.0 -3.0 -2.0 -4.0 -2.0 -1.0 -3.0 0.0 -1.0 -3.0 -3.0 -3.0 -1.0 0.0 -4.0 -4.0 -4.0 0.0 -2.0 0.0 0.0 -1.0 -4.0 -2.0 0.0 -2.0 0.0 -1.0 -3.0 -2.0 
0.0 0.0 -2.0 -4.0 0.0 -3.0 -3.0 -4.0 -4.0 0.0 -1.0 -4.0 0.0 -4.0 -4.0 -2.0 -1.0 -3.0 -1.0 -3.0 0.0 -2.0 -3.0 -1.0 -3.0 -3.0 -3.0 -2.0 -2.0 -3.0 -1.0 0.0 -3.0 -4.0 -1.0 -4.0 -4.0 -2.0 -2.0 -3.0 -2.0 -1.0 -1.0 -1.0 -1.0 0.0 -1.0 -3.0 0.0 -4.0 -2.0 -3.0 0.0 -2.0 -2.0 -2.0 232.0 -1.0 -2.0 -4.0 0.0 -1.0 -4.0 -2.0 0.0 -2.0 -1.0 -3.0 -2.0 0.0 -2.0 -2.0 -3.0 -2.0 -4.0 -2.0 -1.0 -1.0 -3.0 -2.0 0.0 -2.0 -1.0 -2.0 -3.0 -3.0 -4.0 -4.0 -4.0 0.0 -1.0 -4.0 -1.0 -1.0 0.0 -4.0 0.0 -2.0 0.0 -3.0 -2.0 -3.0 -4.0 -2.0 -1.0 -1.0 0.0 -2.0 -3.0 -3.0 -4.0 -4.0 0.0 -4.0 -2.0 
-2.0 0.0 -1.0 -4.0 -3.0 0.0 -2.0 0.0 0.0 -1.0 -4.0 0.0 -2.0 -4.0 -3.0 0.0 -3.0 -1.0 -1.0 -1.0 -2.0 -3.0 -1.0 0.0 -2.0 -3.0 -3.0 -1.0 0.0 0.0 -4.0 -4.0 -1.0 -2.0 0.0 -1.0 0.0 -4.0 -1.0 -3.0 0.0 -4.0 -4.0 -3.0 -1.0 -2.0 -1.0 0.0 -4.0 -3.0 -2.0 -1.0 -3.0 -4.0 -1.0 -3.0 0.0 220.0 -3.0 -1.0 -4.0 0.0 -1.0 -1.0 -3.0 -3.0 -1.0 -4.0 -2.0 0.0 0.0 -4.0 -4.0 0.0 -3.0 -4.0 -1.0 -1.0 0.0 -3.0 -4.0 0.0 -4.0 -4.0 -2.0 -4.0 -2.0 -2.0 -2.0 -3.0 -4.0 -1.0 0.0 -3.0 0.0 -4.0 -3.0 -3.0 0.0 -1.0 -4.0 -2.0 -4.0 0.0 -3.0 -1.0 -2.0 -3.0 -1.0 -1.0 0.0 -3.0 -4.0 0.0 0.0 
-4.0 -4.0 0.0 -4.0 -2.0 -3.0 -2.0 -1.0 -4.0 -1.0 -3.0 0.0 -3.0 -1.0 -4.0 -4.0 0.0 -3.0 0.0 -2.0 -2.0 -2.0 0.0 0.0 -2.0 -4.0 0.0 -3.0 -4.0 -3.0 -3.0 -4.0 -2.0 0.0 -1.0 0.0 -1.0 -2.0 -2.0 -1.0 -3.0 -2.0 0.0 -4.0 -3.0 0.0 -2.0 -2.0 0.0 0.0 -1.0 -3.0 0.0 -3.0 -2.0 0.0 -2.0 0.0 207.0 -1.0 -1.0 0.0 -3.0 -3.0 -3.0 -2.0 -3.0 -4.0 0.0 0.0 -2.0 -2.0 0.0 0.0 -2.0 -2.0 -2.0 -3.0 0.0 0.0 -1.0 -4.0 -3.0 -1.0 -3.0 -4.0 -2.0 -1.0 -4.0 0.0 -1.0 -2.0 -3.0 -2.0 -3.0 -3.0 0.0 -3.0 -1.0 0.0 -4.0 -1.0 -1.0 0.0 -2.0 0.0 -1.0 0.0 -1.0 -2.0 -3.0 -2.0 -3.0 -1.0 -4.0 
-3.0 0.0 -3.0 -4.0 -3.0 -4.0 0.0 -1.0 0.0 -4.0 -2.0 -2.0 -4.0 -3.0 -3.0 -3.0 -4.0 -1.0 -3.0 0.0 -3.0 -1.0 -3.0 -1.0 -1.0 -3.0 -1.0 -3.0 -4.0 0.0 -4.0 -2.0 -3.0 -1.0 -4.0 -4.0 -1.0 0.0 -4.0 -2.0 -1.0 -2.0 -4.0 0.0 -4.0 -3.0 -3.0 -3.0 -1.0 -3.0 -1.0 -1.0 -4.0 -3.0 -4.0 -4.0 0.0 -4.0 -1.0 268.0 -1.0 -1.0 -4.0 -4.0 -4.0 -2.0 0.0 -4.0 -4.0 -2.0 -4.0 -4.0 -1.0 -1.0 -3.0 -1.0 -1.0 -3.0 0.0 -4.0 0.0 0.0 -3.0 -1.0 0.0 -4.0 -4.0 -3.0 -3.0 -2.0 -3.0 -3.0 -3.0 -2.0 -4.0 -4.0 -4.0 -3.0 -1.0 0.0 -4.0 0.0 -4.0 -3.0 -4.0 -3.0 -1.0 -2.0 -2.0 -4.0 -2.0 -2.0 -2.0 0.0 -2.0 
-4.0 -3.0 -4.0 -3.0 0.0 -2.0 -2.0 -3.0 -4.0 0.0 -2.0 -2.0 0.0 -3.0 -3.0 -2.0 -2.0 -4.0 0.0 -4.0 -3.0 -1.0 -1.0 0.0 0.0 -2.0 0.0 0.0 -3.0 -1.0 -3.0 -2.0 -1.0 -3.0 -4.0 0.0 -2.0 0.0 0.0 -4.0 -1.0 -1.0 -1.0 -4.0 -1.0 -4.0 0.0 -4.0 -2.0 0.0 -4.0 -1.0 -1.0 -3.0 0.0 0.0 -3.0 0.0 -1.0 -3.0 217.0 -2.0 -2.0 -2.0 -3.0 -4.0 0.0 -4.0 -3.0 -1.0 -4.0 -1.0 -2.0 -2.0 0.0 -2.0 -2.0 -2.0 -3.0 -3.0 -2.0 -3.0 -3.0 -1.0 -3.0 0.0 0.0 -4.0 -1.0 -1.0 -3.0 -3.0 -2.0 -4.0 -2.0 -2.0 -2.0 -2.0 -4.0 -2.0 -1.0 0.0 0.0 0.0 -3.0 -1.0 0.0 -1.0 -2.0 -4.0 -2.0 -1.0 0.0 -1.0 -4.0 
-4.0 -3.0 -2.0 -1.0 -2.0 -4.0 -2.0 -4.0 -2.0 -4.0 -3.0 -1.0 -1.0 -4.0 0.0 -2.0 -2.0 -4.0 -3.0 -1.0 -1.0 -2.0 -1.0 0.0 -3.0 -4.0 -1.0 0.0 -2.0 -1.0 0.0 0.0 0.0 -2.0 -4.0 -4.0 0.0 -3.0 -3.0 -1.0 -3.0 -1.0 -2.0 -2.0 0.0 -2.0 -1.0 -4.0 0.0 -1.0 -2.0 0.0 0.0 -1.0 -1.0 -3.0 -1.0 0.0 -1.0 -2.0 0.0 208.0 -4.0 -1.0 -1.0 -3.0 0.0 0.0 -4.0 -4.0 0.0 0.0 0.0 -4.0 0.0 -1.0 -1.0 -2.0 -1.0 -1.0 -1.0 0.0 -4.0 -1.0 -1.0 -3.0 -2.0 -4.0 -4.0 -4.0 -2.0 0.0 -3.0 -2.0 -1.0 -2.0 0.0 -2.0 -3.0 -2.0 -1.0 -4.0 -2.0 -1.0 0.0 -3.0 -4.0 -3.0 0.0 -3.0 -2.0 0.0 -3.0 -2.0 -4.0 
-2.0 -2.0 0.0 0.0 -3.0 0.0 0.0 -3.0 -3.0 0.0 -4.0 -4.0 -1.0 0.0 -4.0 -2.0 -2.0 -1.0 -4.0 -3.0 -4.0 -2.0 -4.0 -1.0 -2.0 -4.0 -2.0 0.0 -4.0 -3.0 -4.0 -4.0 -1.0 0.0 -3.0 -3.0 -4.0 -1.0 -2.0 -1.0 0.0 -4.0 -4.0 0.0 -3.0 -4.0 0.0 -3.0 0.0 0.0 0.0 -4.0 -2.0 -2.0 0.0 -1.0 -1.0 -2.0 -4.0 0.0 -3.0 -1.0 220.0 -2.0 -1.0 -4.0 -1.0 -4.0 0.0 -4.0 -2.0 0.0 -2.0 -4.0 -1.0 -3.0 0.0 0.0 -3.0 0.0 0.0 0.0 -3.0 -4.0 0.0 -4.0 -4.0 -2.0 -4.0 -1.0 -3.0 -2.0 -2.0 -1.0 -2.0 0.0 -4.0 -1.0 0.0 -1.0 -3.0 -2.0 0.0 -1.0 -2.0 -3.0 -2.0 -1.0 -2.0 -3.0 0.0 -3.0 -2.0 0.0 -2.0 
-2.0 0.0 -1.0 -2.0 0.0 0.0 -1.0 -4.0 0.0 0.0 0.0 -4.0 -1.0 -1.0 -1.0 -4.0 -2.0 -1.0 -1.0 -4.0 -4.0 -1.0 -3.0 -1.0 -1.0 0.0 0.0 -3.0 -3.0 -4.0 -4.0 -4.0 -4.0 -2.0 -4.0 -1.0 -4.0 -3.0 -2.0 -3.0 -4.0 0.0 -3.0 0.0 0.0 -4.0 -4.0 -1.0 -4.0 0.0 -1.0 0.0 -2.0 -1.0 -4.0 0.0 -1.0 -4.0 -1.0 -2.0 -2.0 -1.0 0.0 233.0 -3.0 -2.0 -2.0 -2.0 -4.0 -4.0 0.0 -4.0 -1.0 0.0 -4.0 -1.0 -2.0 -3.0 -1.0 0.0 -4.0 -3.0 -1.0 -4.0 -4.0 -2.0 -4.0 0.0 -3.0 -1.0 -4.0 -3.0 -2.0 0.0 -4.0 -2.0 -2.0 -3.0 -4.0 -3.0 -1.0 0.0 -3.0 -4.0 -1.0 -3.0 0.0 -4.0 -4.0 0.0 -2.0 -1.0 -1.0 0.0 -4.0 
-4.0 -1.0 0.0 0.0 -3.0 -4.0 -4.0 -2.0 -4.0 0.0 -2.0 -1.0 -3.0 0.0 -1.0 -1.0 0.0 -2.0 -1.0 -4.0 -2.0 -2.0 0.0 -2.0 -3.0 -1.0 -2.0 -4.0 0.0 -1.0 0.0 -4.0 -2.0 -2.0 -4.0 -4.0 -3.0 -4.0 -2.0 -2.0 0.0 -4.0 -4.0 -3.0 0.0 0.0 -3.0 -1.0 -3.0 -2.0 -3.0 -4.0 -1.0 -4.0 -2.0 -2.0 -3.0 0.0 -2.0 -3.0 -4.0 -2.0 -1.0 -1.0 257.0 -4.0 -3.0 -4.0 -4.0 0.0 -4.0 -4.0 0.0 -4.0 -2.0 -4.0 -2.0 -4.0 0.0 -4.0 0.0 -2.0 -4.0 -1.0 -3.0 -4.0 -4.0 -3.0 -3.0 -3.0 -2.0 -4.0 -2.0 -4.0 -4.0 -3.0 0.0 0.0 -3.0 -2.0 -1.0 -2.0 -4.0 -2.0 -3.0 -4.0 0.0 -4.0 -2.0 -2.0 -1.0 -2.0 -2.0 0.0 -1.0 
-4.0 -1.0 0.0 -3.0 -4.0 -2.0 -4.0 -1.0 -2.0 -1.0 -1.0 -2.0 -4.0 -1.0 -4.0 -1.0 -2.0 -1.0 -3.0 -3.0 0.0 0.0 -3.0 -3.0 -4.0 -1.0 -4.0 -2.0 -3.0 -2.0 -1.0 -4.0 -4.0 -1.0 -2.0 -4.0 -3.0 -1.0 -2.0 -4.0 -1.0 -2.0 -2.0 -4.0 -1.0 -1.0 -3.0 -2.0 -2.0 -2.0 -1.0 -2.0 -2.0 -4.0 -1.0 -1.0 -2.0 -2.0 0.0 -1.0 -1.0 0.0 -2.0 -4.0 -2.0 233.0 -3.0 -4.0 -2.0 -4.0 0.0 0.0 -1.0 -4.0 0.0 -4.0 -3.0 -2.0 -1.0 0.0 -4.0 -1.0 -2.0 0.0 -4.0 -2.0 -4.0 -3.0 0.0 -1.0 -3.0 -2.0 -3.0 -3.0 -1.0 0.0 -1.0 -2.0 -4.0 -1.0 0.0 -2.0 -3.0 -2.0 -4.0 -2.0 -1.0 0.0 -2.0 -1.0 -4.0 -2.0 -1.0 -1.0 -2.0 
-4.0 -2.0 -4.0 -1.0 -2.0 -3.0 -3.0 0.0 -4.0 -3.0 -1.0 -2.0 -2.0 -3.0 -1.0 -3.0 -2.0 -3.0 0.0 -4.0 -4.0 -4.0 -3.0 -4.0 -1.0 -1.0 0.0 -2.0 -1.0 -2.0 0.0 0.0 -4.0 -3.0 -4.0 -2.0 -1.0 0.0 -3.0 -3.0 -4.0 -3.0 -2.0 -2.0 0.0 0.0 -3.0 0.0 -3.0 -2.0 -2.0 -2.0 -3.0 -2.0 -1.0 0.0 -2.0 -1.0 -2.0 -1.0 -4.0 -2.0 -2.0 0.0 -2.0 -4.0 229.0 -2.0 -3.0 -3.0 -2.0 0.0 -3.0 -3.0 0.0 -3.0 -4.0 -2.0 -4.0 -1.0 0.0 0.0 -4.0 -3.0 -4.0 -3.0 0.0 -1.0 0.0 0.0 -3.0 -3.0 -4.0 -1.0 -1.0 0.0 -4.0 -4.0 0.0 -2.0 -1.0 -4.0 -1.0 -1.0 -1.0 0.0 -2.0 -3.0 -1.0 -4.0 0.0 -1.0 0.0 -2.0 -3.0 
0.0 -1.0 -1.0 -3.0 0.0 -1.0 -2.0 -3.0 -4.0 0.0 0.0 -4.0 -1.0 -2.0 -3.0 -1.0 -2.0 -2.0 -3.0 -3.0 -2.0 -3.0 0.0 -4.0 -4.0 -1.0 -1.0 -4.0 -4.0 -2.0 0.0 -1.0 -3.0 -3.0 -2.0 -2.0 -4.0 -1.0 -3.0 0.0 -3.0 -2.0 -4.0 0.0 0.0 0.0 -1.0 0.0 0.0 -2.0 -1.0 -2.0 -4.0 -3.0 0.0 -3.0 0.0 0.0 -3.0 -1.0 -1.0 0.0 0.0 0.0 -1.0 0.0 -3.0 223.0 -4.0 -1.0 -1.0 -4.0 -4.0 -4.0 -3.0 -2.0 -4.0 -4.0 -1.0 -2.0 -3.0 -2.0 -4.0 -4.0 -3.0 -1.0 -2.0 -1.0 -3.0 -3.0 -3.0 -1.0 -4.0 -2.0 -2.0 -2.0 -1.0 -2.0 -1.0 0.0 -2.0 -4.0 -2.0 -1.0 -1.0 -4.0 -4.0 0.0 -1.0 -4.0 0.0 -1.0 -2.0 -4.0 -1.0 
-4.0 -4.0 -3.0 -3.0 -3.0 -3.0 -3.0 0.0 -4.0 -2.0 -3.0 0.0 0.0 0.0 -3.0 -2.0 0.0 0.0 -2.0 -3.0 -3.0 -2.0 -4.0 0.0 0.0 -2.0 -2.0 0.0 -3.0 -1.0 -4.0 -1.0 -4.0 -2.0 -3.0 0.0 0.0 -2.0 0.0 -3.0 -2.0 0.0 -4.0 -3.0 -1.0 -3.0 0.0 -2.0 -4.0 -2.0 -1.0 -3.0 -3.0 -2.0 0.0 -3.0 -3.0 -3.0 0.0 -1.0 -4.0 -1.0 -2.0 -4.0 0.0 -2.0 -3.0 -2.0 222.0 -4.0 -1.0 0.0 0.0 -3.0 -4.0 0.0 -2.0 0.0 0.0 -1.0 0.0 0.0 -4.0 -3.0 -4.0 -4.0 -3.0 -2.0 -2.0 -1.0 -2.0 0.0 -4.0 -3.0 -3.0 -3.0 0.0 -2.0 -4.0 -3.0 -1.0 -2.0 -4.0 -1.0 0.0 -4.0 -1.0 0.0 0.0 -1.0 -3.0 -2.0 -1.0 -3.0 -1.0 
-3.0 -3.0 -4.0 -2.0 -4.0 0.0 -3.0 -1.0 0.0 -4.0 -4.0 -3.0 -2.0 -3.0 0.0 -3.0 -4.0 -3.0 -1.0 -4.0 -2.0 -2.0 -1.0 -3.0 0.0 0.0 -2.0 -1.0 -3.0 -3.0 -4.0 0.0 -3.0 0.0 -1.0 -3.0 -1.0 -3.0 -4.0 0.0 -4.0 0.0 -2.0 -1.0 -4.0 -2.0 0.0 -4.0 0.0 -4.0 -2.0 0.0 0.0 -3.0 -3.0 -4.0 -4.0 -2.0 0.0 0.0 -1.0 0.0 -1.0 0.0 -1.0 -3.0 -4.0 0.0 -2.0 220.0 -3.0 -2.0 -1.0 0.0 0.0 0.0 -4.0 -1.0 -1.0 0.0 -4.0 -4.0 0.0 -3.0 0.0 -1.0 -3.0 -1.0 0.0 -4.0 0.0 -2.0 -3.0 -3.0 -2.0 0.0 -1.0 0.0 0.0 -2.0 -2.0 0.0 -4.0 -2.0 -3.0 -2.0 -4.0 -2.0 -3.0 -2.0 -4.0 -3.0 -1.0 -1.0 -4.0 
-1.0 -2.0 0.0 -4.0 -3.0 -2.0 -3.0 0.0 0.0 -1.0 -3.0 0.0 -1.0 -4.0 0.0 -1.0 -4.0 0.0 0.0 -3.0 -4.0 -4.0 -2.0 0.0 -4.0 -1.0 -3.0 -1.0 -4.0 -4.0 -3.0 -3.0 -2.0 0.0 -3.0 -3.0 -4.0 -2.0 -4.0 -3.0 -1.0 -4.0 -3.0 -3.0 -2.0 -3.0 -4.0 -1.0 -4.0 -3.0 -3.0 0.0 -2.0 -2.0 0.0 0.0 0.0 0.0 -2.0 -4.0 -1.0 0.0 -2.0 0.0 -2.0 -1.0 -1.0 -2.0 -1.0 -2.0 217.0 -4.0 -4.0 -1.0 -4.0 -4.0 -4.0 -1.0 -1.0 0.0 -1.0 -2.0 -4.0 0.0 -1.0 0.0 0.0 0.0 -1.0 -2.0 -4.0 -4.0 -3.0 0.0 0.0 -1.0 -1.0 0.0 -3.0 -2.0 0.0 -1.0 -3.0 -2.0 -2.0 -3.0 -1.0 0.0 -1.0 -2.0 -1.0 -2.0 -4.0 -4.0 0.0 
-3.0 -3.0 0.0 -2.0 -1.0 -3.0 -1.0 -2.0 0.0 0.0 0.0 0.0 -1.0 -4.0 -3.0 -3.0 -1.0 -2.0 -3.0 -3.0 -1.0 -2.0 -2.0 -2.0 -3.0 -3.0 -4.0 -2.0 -3.0 -2.0 -3.0 0.0 -3.0 -1.0 -4.0 -3.0 -2.0 0.0 -3.0 -1.0 -3.0 0.0 -3.0 0.0 -1.0 -3.0 -4.0 -2.0 -2.0 -2.0 -2.0 -3.0 -2.0 -3.0 -3.0 0.0 -1.0 0.0 0.0 0.0 -4.0 0.0 -1.0 -3.0 -1.0 -4.0 -4.0 -4.0 -1.0 -4.0 -4.0 243.0 0.0 -4.0 -3.0 -4.0 -4.0 -3.0 -3.0 0.0 -4.0 -3.0 -2.0 -3.0 -4.0 -1.0 -1.0 -3.0 -4.0 -4.0 -1.0 -2.0 -4.0 -4.0 -4.0 0.0 -1.0 -2.0 -1.0 -2.0 0.0 0.0 -4.0 0.0 -3.0 0.0 -1.0 -3.0 -3.0 -4.0 0.0 -1.0 -2.0 -4.0 -4.0 
-1.0 -2.0 -1.0 0.0 0.0 -4.0 -4.0 -2.0 -3.0 -4.0 -1.0 -2.0 -4.0 0.0 -1.0 -1.0 0.0 -4.0 -3.0 -4.0 -2.0 -4.0 0.0 -2.0 0.0 -3.0 -2.0 -3.0 -1.0 -4.0 -3.0 -1.0 -4.0 -2.0 -4.0 -2.0 -3.0 -3.0 -3.0 0.0 0.0 -3.0 0.0 -1.0 -2.0 -3.0 -3.0 -2.0 -3.0 -1.0 -4.0 -1.0 -2.0 -4.0 -3.0 -2.0 -2.0 -4.0 -4.0 -3.0 -4.0 -3.0 -3.0 -4.0 0.0 -4.0 -3.0 -1.0 -4.0 -2.0 0.0 -3.0 262.0 -3.0 -4.0 -3.0 -4.0 -4.0 0.0 -2.0 -1.0 -1.0 -4.0 -3.0 -2.0 -1.0 -3.0 -4.0 -4.0 -4.0 -3.0 -3.0 0.0 -2.0 -4.0 -3.0 -2.0 -2.0 -3.0 -3.0 0.0 -4.0 -2.0 0.0 0.0 -2.0 -3.0 -3.0 -3.0 0.0 -1.0 -4.0 0.0 -2.0 -1.0 
0.0 -2.0 -1.0 -1.0 -4.0 -2.0 -4.0 -1.0 -1.0 -3.0 -4.0 -1.0 -2.0 0.0 -1.0 -1.0 -3.0 -2.0 -3.0 -3.0 -2.0 -3.0 0.0 0.0 -4.0 -4.0 -2.0 -2.0 -3.0 -1.0 -3.0 0.0 -3.0 -2.0 -3.0 -4.0 -3.0 -1.0 0.0 -1.0 -3.0 -2.0 -2.0 0.0 -2.0 0.0 -1.0 -3.0 -2.0 -3.0 -2.0 -4.0 -3.0 -2.0 -1.0 0.0 -4.0 -2.0 -4.0 -1.0 -4.0 0.0 -1.0 -2.0 -1.0 0.0 -3.0 -2.0 -1.0 0.0 -4.0 -3.0 -1.0 220.0 -3.0 0.0 -3.0 0.0 -3.0 -3.0 -2.0 -2.0 -1.0 0.0 -3.0 -1.0 -1.0 0.0 -3.0 0.0 -4.0 -3.0 -1.0 -3.0 -4.0 0.0 -3.0 -2.0 0.0 -3.0 -1.0 -3.0 -3.0 -1.0 -3.0 -2.0 -2.0 0.0 -3.0 -1.0 -2.0 -1.0 -3.0 -3.0 -1.0 
-4.0 -4.0 -1.0 -2.0 -2.0 -4.0 -3.0 0.0 -2.0 -3.0 0.0 0.0 -4.0 -2.0 -2.0 -3.0 -3.0 0.0 0.0 0.0 -2.0 -1.0 0.0 -2.0 -3.0 -1.0 -4.0 -4.0 -2.0 -3.0 -4.0 -4.0 -1.0 -2.0 -4.0 -3.0 -4.0 -2.0 -3.0 -1.0 -4.0 -2.0 0.0 -3.0 -2.0 0.0 -2.0 -3.0 -2.0 0.0 -3.0 -3.0 -3.0 -1.0 -3.0 -3.0 -3.0 -2.0 -3.0 -3.0 -1.0 -2.0 0.0 0.0 -1.0 -3.0 -2.0 -2.0 -3.0 -3.0 -1.0 -4.0 -4.0 0.0 244.0 -3.0 -2.0 -2.0 -2.0 -2.0 -4.0 0.0 0.0 -1.0 0.0 -2.0 -3.0 -3.0 -3.0 -1.0 -2.0 0.0 -4.0 -4.0 -1.0 -4.0 -1.0 -2.0 0.0 -3.0 -3.0 -3.0 -3.0 -1.0 -3.0 -4.0 -2.0 -4.0 -1.0 -3.0 -1.0 -1.0 -2.0 -2.0 -2.0 
-2.0 -2.0 -4.0 -1.0 -2.0 0.0 0.0 0.0 -4.0 -2.0 -3.0 0.0 -2.0 -4.0 -1.0 -3.0 -2.0 -3.0 0.0 -3.0 -4.0 -4.0 -2.0 -4.0 -2.0 -1.0 0.0 -2.0 -4.0 -1.0 -4.0 -4.0 0.0 0.0 -1.0 0.0 -3.0 -1.0 -3.0 -1.0 -2.0 -4.0 0.0 -1.0 -2.0 0.0 -3.0 -1.0 -3.0 -3.0 -1.0 -1.0 -3.0 -1.0 -4.0 -1.0 -1.0 0.0 -2.0 -3.0 -4.0 -1.0 0.0 -2.0 -2.0 0.0 0.0 -4.0 -3.0 0.0 -4.0 0.0 0.0 0.0 -4.0 213.0 -1.0 -4.0 -3.0 -2.0 0.0 -1.0 -1.0 -2.0 -1.0 -4.0 -4.0 -3.0 -1.0 -2.0 -2.0 -4.0 -2.0 0.0 -1.0 0.0 -3.0 -2.0 -1.0 -1.0 -4.0 -2.0 -2.0 -3.0 -1.0 0.0 0.0 -3.0 0.0 -4.0 -2.0 -4.0 -1.0 0.0 -3.0 
-4.0 -1.0 -2.0 -3.0 -2.0 -4.0 -3.0 0.0 -3.0 -2.0 -3.0 -2.0 -1.0 -4.0 -3.0 -1.0 -4.0 -2.0 -2.0 -1.0 -1.0 -2.0 -1.0 -3.0 -1.0 -4.0 -1.0 -2.0 0.0 -3.0 -2.0 -2.0 -2.0 0.0 -2.0 -4.0 -2.0 -2.0 -1.0 -3.0 -2.0 -4.0 -3.0 -2.0 -2.0 -4.0 -4.0 -4.0 -2.0 -1.0 0.0 0.0 0.0 -4.0 -2.0 -4.0 0.0 -4.0 0.0 -4.0 -1.0 -3.0 -3.0 -1.0 -4.0 -4.0 -1.0 -1.0 -1.0 -4.0 -1.0 -2.0 -3.0 -2.0 0.0 -4.0 236.0 -4.0 0.0 -4.0 -1.0 -4.0 0.0 0.0 -1.0 -3.0 -3.0 0.0 -4.0 -2.0 -4.0 -2.0 0.0 -4.0 0.0 -1.0 -3.0 0.0 -3.0 0.0 -4.0 -1.0 -2.0 0.0 -2.0 0.0 0.0 0.0 -4.0 0.0 -2.0 -4.0 -3.0 -1.0 -4.0 
-4.0 -4.0 0.0 -2.0 -3.0 -1.0 -3.0 0.0 0.0 0.0 -1.0 -3.0 0.0 -2.0 -4.0 -4.0 -3.0 -2.0 -2.0 -3.0 -1.0 -1.0 -3.0 0.0 -4.0 -1.0 -2.0 0.0 -1.0 -3.0 0.0 -1.0 -3.0 -2.0 -4.0 -2.0 -3.0 0.0 -1.0 -1.0 -1.0 -1.0 0.0 -2.0 -1.0 -4.0 -1.0 -2.0 -3.0 -3.0 -4.0 -1.0 -3.0 -1.0 -2.0 0.0 0.0 -3.0 -2.0 -3.0 0.0 -1.0 0.0 0.0 -1.0 -1.0 -1.0 -3.0 -2.0 -2.0 -1.0 -1.0 -3.0 -3.0 -3.0 -2.0 -1.0 212.0 -2.0 -4.0 -1.0 0.0 -2.0 -1.0 -2.0 -3.0 -1.0 -3.0 -4.0 -4.0 -4.0 -4.0 -4.0 -2.0 0.0 -1.0 0.0 0.0 -2.0 -2.0 -2.0 -1.0 -2.0 -1.0 -1.0 -4.0 -3.0 -4.0 0.0 -4.0 -1.0 -1.0 -4.0 -1.0 -1.0 
-3.0 0.0 0.0 -2.0 -3.0 0.0 0.0 -4.0 -3.0 -1.0 -3.0 -4.0 -3.0 -2.0 0.0 -3.0 -2.0 -3.0 -4.0 -2.0 -4.0 -3.0 -3.0 -1.0 -3.0 0.0 -3.0 -4.0 -4.0 -1.0 -4.0 -4.0 0.0 0.0 -1.0 -3.0 0.0 -1.0 0.0 -3.0 -4.0 -2.0 -4.0 -2.0 -2.0 -1.0 0.0 -4.0 0.0 0.0 0.0 0.0 0.0 -4.0 -4.0 -3.0 0.0 0.0 -4.0 -4.0 -2.0 -4.0 -4.0 -3.0 -2.0 -4.0 0.0 0.0 -4.0 -4.0 -1.0 -4.0 0.0 -1.0 -1.0 -3.0 -3.0 -3.0 237.0 -3.0 -3.0 -3.0 0.0 -2.0 -2.0 -1.0 -4.0 -3.0 -1.0 0.0 -4.0 0.0 -4.0 -3.0 -4.0 -1.0 -3.0 -4.0 -3.0 0.0 -3.0 -2.0 -2.0 0.0 -3.0 -1.0 -3.0 0.0 0.0 0.0 -2.0 -3.0 -4.0 -1.0 0.0 
-1.0 -4.0 0.0 -3.0 -1.0 -1.0 -3.0 -3.0 -4.0 -4.0 -3.0 -3.0 -4.0 -2.0 -3.0 -2.0 -1.0 -1.0 -1.0 -3.0 0.0 -3.0 -4.0 -4.0 0.0 -2.0 0.0 -4.0 -1.0 -2.0 0.0 -1.0 -4.0 -4.0 -3.0 0.0 -3.0 -4.0 -3.0 0.0 0.0 -3.0 -4.0 -4.0 -4.0 -1.0 -1.0 0.0 -3.0 -3.0 -1.0 -3.0 0.0 -1.0 -4.0 -4.0 -4.0 0.0 -4.0 -4.0 0.0 -4.0 -3.0 0.0 -2.0 -1.0 -3.0 -4.0 -3.0 -2.0 -3.0 -4.0 -4.0 -2.0 -1.0 -1.0 -3.0 -1.0 -3.0 258.0 -3.0 -1.0 0.0 -3.0 -3.0 -1.0 -1.0 0.0 -4.0 -1.0 -4.0 -4.0 0.0 -4.0 -4.0 0.0 -4.0 0.0 0.0 -4.0 -1.0 -4.0 -2.0 -2.0 -4.0 -4.0 -3.0 -1.0 -1.0 -1.0 -2.0 -2.0 -4.0 -4.0 -1.0 
-4.0 0.0 -4.0 -4.0 -2.0 -3.0 -3.0 -2.0 0.0 0.0 -3.0 0.0 -4.0 -4.0 -1.0 -4.0 -3.0 -3.0 -3.0 -1.0 -2.0 0.0 -1.0 -3.0 -4.0 -3.0 0.0 -3.0 0.0 -1.0 -4.0 0.0 -2.0 0.0 -3.0 -1.0 -1.0 -2.0 -2.0 -4.0 -1.0 -2.0 -1.0 0.0 -4.0 -3.0 -3.0 -4.0 -2.0 -2.0 -4.0 -1.0 -4.0 -1.0 -1.0 -1.0 -3.0 -4.0 -1.0 -3.0 -4.0 -4.0 -4.0 -3.0 0.0 -3.0 -3.0 0.0 -3.0 -3.0 -4.0 -4.0 -3.0 -3.0 -1.0 0.0 -2.0 -2.0 -2.0 -1.0 269.0 0.0 0.0 -3.0 -1.0 -1.0 -3.0 -4.0 -4.0 -4.0 -4.0 -3.0 -3.0 -2.0 -4.0 -1.0 -1.0 -4.0 -2.0 -3.0 -4.0 -4.0 -4.0 -3.0 -3.0 -3.0 -4.0 -3.0 0.0 -2.0 -2.0 -3.0 -3.0 -3.0 -3.0 
0.0 -2.0 -1.0 -1.0 -2.0 -1.0 -2.0 -3.0 0.0 -1.0 -2.0 -4.0 -2.0 -1.0 -2.0 -3.0 -2.0 -3.0 -3.0 -4.0 -4.0 -3.0 -1.0 -2.0 -3.0 -3.0 -4.0 0.0 -1.0 -4.0 -1.0 -1.0 -2.0 0.0 -1.0 -1.0 -4.0 -3.0 -1.0 0.0 -1.0 -2.0 0.0 -1.0 -3.0 0.0 -4.0 -4.0 0.0 -3.0 -1.0 -2.0 -4.0 -3.0 0.0 0.0 0.0 0.0 -3.0 -2.0 -4.0 -3.0 -4.0 -2.0 0.0 -1.0 -1.0 0.0 -2.0 -2.0 -1.0 -4.0 -1.0 -4.0 -1.0 -2.0 -1.0 -3.0 -4.0 -2.0 -1.0 224.0 -4.0 -1.0 -3.0 0.0 -4.0 -1.0 -1.0 -3.0 -3.0 -2.0 0.0 -2.0 0.0 -1.0 -4.0 -3.0 -3.0 0.0 -2.0 -3.0 -4.0 -2.0 -2.0 -4.0 -1.0 -2.0 -1.0 0.0 -3.0 -3.0 -4.0 -2.0 -2.0 
-1.0 -3.0 -4.0 -4.0 0.0 -3.0 -2.0 -4.0 0.0 -2.0 0.0 0.0 0.0 0.0 -1.0 -1.0 -2.0 -2.0 -4.0 -1.0 -1.0 0.0 -3.0 -1.0 -3.0 -2.0 -2.0 -4.0 0.0 -1.0 -4.0 -3.0 -3.0 0.0 -4.0 -4.0 -4.0 -1.0 -1.0 -2.0 -1.0 -3.0 -1.0 -2.0 -4.0 -1.0 -4.0 -1.0 -4.0 0.0 0.0 -4.0 -2.0 -4.0 -3.0 0.0 -3.0 -2.0 -2.0 -4.0 -1.0 -4.0 0.0 0.0 0.0 -2.0 -1.0 -1.0 0.0 -4.0 0.0 -4.0 -4.0 -4.0 -2.0 -1.0 -2.0 -1.0 -1.0 -2.0 0.0 -3.0 217.0 -2.0 -2.0 -4.0 -3.0 -2.0 -3.0 -1.0 -4.0 0.0 -3.0 -3.0 -3.0 0.0 0.0 0.0 -3.0 -3.0 0.0 0.0 -3.0 -2.0 -1.0 0.0 -1.0 -4.0 -1.0 -1.0 -2.0 -3.0 -2.0 -1.0 -1.0 
0.0 -1.0 -4.0 -1.0 -4.0 -1.0 -2.0 -1.0 -3.0 -2.0 0.0 -3.0 -1.0 -3.0 0.0 -3.0 -4.0 -1.0 -4.0 -4.0 -1.0 -4.0 0.0 -4.0 -4.0 -2.0 0.0 -4.0 -1.0 -3.0 -3.0 -4.0 -4.0 -1.0 -1.0 0.0 0.0 0.0 -3.0 -3.0 0.0 -2.0 0.0 0.0 -4.0 0.0 -2.0 -3.0 -4.0 -4.0 -1.0 -4.0 0.0 -2.0 -2.0 -3.0 -2.0 -1.0 -3.0 -3.0 -1.0 -3.0 -3.0 -2.0 -1.0 0.0 -3.0 -3.0 -3.0 0.0 -1.0 -1.0 -4.0 -1.0 -2.0 -4.0 -4.0 -3.0 -3.0 -3.0 0.0 -4.0 -2.0 239.0 0.0 -1.0 -1.0 -3.0 -2.0 -4.0 -1.0 -4.0 -1.0 -1.0 -3.0 -4.0 -1.0 -1.0 -2.0 -2.0 -4.0 -4.0 -1.0 -4.0 0.0 -4.0 0.0 -1.0 -2.0 -4.0 -3.0 -2.0 -1.0 -3.0 0.0 
-3.0 -4.0 -2.0 -3.0 -2.0 0.0 -3.0 -4.0 -2.0 -3.0 -3.0 0.0 -4.0 -1.0 -1.0 0.0 -3.0 -1.0 0.0 0.0 -3.0 0.0 -1.0 -3.0 0.0 -4.0 -1.0 0.0 -2.0 -4.0 -4.0 -2.0 -1.0 -1.0 -4.0 0.0 -4.0 -3.0 -4.0 -3.0 -1.0 -2.0 -2.0 0.0 -1.0 -1.0 -4.0 -2.0 -3.0 -2.0 0.0 -2.0 -3.0 -1.0 -4.0 0.0 -3.0 -3.0 -4.0 0.0 -3.0 -2.0 -3.0 -2.0 -3.0 -2.0 -4.0 -4.0 -3.0 -4.0 -2.0 0.0 -4.0 -3.0 0.0 -2.0 -3.0 -3.0 0.0 -1.0 -3.0 -3.0 -1.0 -1.0 233.0 0.0 0.0 -4.0 0.0 0.0 -3.0 -4.0 -4.0 -3.0 -1.0 -1.0 -3.0 0.0 0.0 -1.0 -1.0 -4.0 0.0 -3.0 -2.0 -4.0 -3.0 -4.0 0.0 0.0 -2.0 -2.0 -2.0 -4.0 -1.0 
-3.0 -3.0 -4.0 -4.0 -4.0 -2.0 -3.0 -1.0 -4.0 -2.0 -4.0 0.0 -2.0 -4.0 -1.0 -2.0 -4.0 -3.0 0.0 0.0 -2.0 0.0 -2.0 -3.0 -4.0 -3.0 -1.0 0.0 -3.0 -1.0 -1.0 -1.0 -4.0 0.0 -4.0 -4.0 0.0 0.0 -4.0 -4.0 -4.0 -2.0 -1.0 -4.0 -2.0 0.0 -2.0 -2.0 -2.0 0.0 -3.0 -3.0 -3.0 0.0 -4.0 -4.0 -1.0 -1.0 0.0 -3.0 0.0 -4.0 -3.0 -1.0 -1.0 -3.0 0.0 -4.0 -1.0 -2.0 -4.0 -2.0 -1.0 -1.0 -4.0 -4.0 -2.0 -1.0 -4.0 -2.0 -4.0 -1.0 -4.0 0.0 -4.0 250.0 -2.0 -3.0 -2.0 -4.0 -2.0 -3.0 0.0 -1.0 -1.0 -1.0 -3.0 -4.0 -3.0 0.0 -2.0 -3.0 0.0 -3.0 -1.0 -4.0 -2.0 -4.0 -3.0 -3.0 0.0 -1.0 -2.0 -1.0 -3.0 
0.0 -3.0 0.0 -1.0 -4.0 -3.0 -1.0 -4.0 -4.0 -2.0 -4.0 0.0 -3.0 0.0 -4.0 -4.0 -2.0 0.0 -1.0 -2.0 0.0 -2.0 -2.0 -3.0 -3.0 0.0 -3.0 -3.0 -2.0 -2.0 -2.0 -3.0 -2.0 -1.0 -2.0 0.0 0.0 -1.0 0.0 0.0 -3.0 -3.0 -3.0 0.0 -4.0 -4.0 -1.0 -1.0 0.0 0.0 -2.0 -2.0 -1.0 -1.0 -2.0 -3.0 -1.0 -2.0 -2.0 -1.0 -4.0 -2.0 -4.0 -4.0 -4.0 -4.0 -2.0 -3.0 -2.0 -3.0 -1.0 -1.0 -4.0 -3.0 -2.0 -4.0 -4.0 -2.0 0.0 -2.0 0.0 -1.0 -4.0 -1.0 -3.0 -1.0 233.0 0.0 -4.0 -4.0 -3.0 -3.0 -3.0 -4.0 -3.0 -1.0 0.0 -4.0 0.0 0.0 -2.0 0.0 -2.0 0.0 -4.0 -4.0 -4.0 -4.0 -4.0 -1.0 -3.0 -1.0 0.0 0.0 -1.0 
0.0 0.0 0.0 -4.0 -2.0 -2.0 -2.0 -4.0 -4.0 -3.0 -4.0 0.0 -3.0 -2.0 -1.0 -4.0 -2.0 -3.0 -1.0 0.0 -4.0 -2.0 -3.0 -4.0 -1.0 0.0 0.0 0.0 -2.0 0.0 -1.0 -4.0 -2.0 -4.0 -2.0 -2.0 -4.0 -1.0 -2.0 -4.0 0.0 -4.0 -3.0 -3.0 -3.0 -4.0 -2.0 -2.0 -3.0 -3.0 -2.0 -1.0 0.0 -2.0 0.0 -1.0 -1.0 0.0 -2.0 -4.0 -3.0 -4.0 -2.0 0.0 -4.0 -2.0 -4.0 -2.0 -2.0 -2.0 -2.0 -3.0 -1.0 -3.0 -2.0 -3.0 -3.0 -3.0 -3.0 -1.0 -3.0 0.0 -4.0 -3.0 0.0 -1.0 -3.0 226.0 -2.0 0.0 -1.0 -3.0 -1.0 -2.0 -1.0 -2.0 -1.0 0.0 -4.0 -1.0 -1.0 -1.0 -2.0 -4.0 -2.0 -1.0 -3.0 0.0 0.0 -1.0 -1.0 0.0 -2.0 0.0 -4.0 
0.0 0.0 -2.0 0.0 -4.0 -4.0 0.0 -4.0 -2.0 -3.0 -4.0 -4.0 -2.0 -4.0 -2.0 0.0 0.0 0.0 -4.0 -4.0 -3.0 -4.0 -3.0 -3.0 -2.0 -4.0 -2.0 0.0 -3.0 -2.0 -3.0 -3.0 -1.0 -3.0 -4.0 -3.0 -3.0 0.0 -2.0 -2.0 -3.0 -2.0 -4.0 -4.0 -3.0 -4.0 0.0 -3.0 -2.0 -3.0 -1.0 -3.0 -3.0 -3.0 -2.0 -3.0 0.0 -1.0 -4.0 -4.0 -1.0 -4.0 0.0 -4.0 -3.0 -3.0 -4.0 -3.0 -3.0 -2.0 0.0 0.0 -3.0 -1.0 -1.0 -3.0 -2.0 0.0 -4.0 -1.0 -2.0 -4.0 -3.0 -3.0 -2.0 -4.0 0.0 -2.0 259.0 -4.0 -3.0 -4.0 -3.0 -4.0 -4.0 -2.0 -2.0 -1.0 -3.0 -4.0 -1.0 -2.0 -2.0 0.0 -3.0 0.0 -3.0 -1.0 0.0 -3.0 -2.0 -1.0 0.0 0.0 0.0 
-1.0 0.0 -4.0 0.0 0.0 -4.0 -1.0 -4.0 0.0 -3.0 -1.0 -3.0 -3.0 -3.0 -3.0 0.0 0.0 -4.0 -4.0 -4.0 0.0 0.0 -3.0 -3.0 -3.0 -2.0 -2.0 -1.0 -4.0 -4.0 -2.0 -3.0 0.0 0.0 -3.0 -4.0 -4.0 -3.0 0.0 -1.0 0.0 -3.0 -4.0 -3.0 0.0 -2.0 -3.0 0.0 0.0 0.0 -3.0 0.0 -3.0 -4.0 -2.0 -3.0 -1.0 -2.0 -1.0 -4.0 0.0 -2.0 -4.0 -2.0 -3.0 -1.0 -3.0 -3.0 -1.0 -4.0 -2.0 -4.0 -4.0 -1.0 -1.0 -3.0 -1.0 -3.0 -1.0 -2.0 -4.0 -2.0 -1.0 -1.0 0.0 -1.0 -1.0 -2.0 -2.0 223.0 -1.0 0.0 -4.0 -2.0 -1.0 -2.0 -2.0 -1.0 -1.0 -4.0 -4.0 0.0 -4.0 -2.0 0.0 0.0 0.0 0.0 -1.0 -4.0 -4.0 -1.0 -1.0 -1.0 -2.0 
-1.0 0.0 -1.0 -4.0 -1.0 -2.0 -2.0 -1.0 -4.0 -3.0 0.0 0.0 -1.0 -4.0 -4.0 -1.0 -1.0 -4.0 0.0 -4.0 -2.0 -1.0 -3.0 -4.0 0.0 -2.0 -3.0 -3.0 -2.0 0.0 0.0 0.0 -3.0 -3.0 -3.0 -3.0 -1.0 -2.0 -4.0 0.0 -4.0 0.0 -3.0 -1.0 0.0 -2.0 -2.0 0.0 0.0 -3.0 0.0 -4.0 -1.0 -4.0 -2.0 -3.0 -3.0 -4.0 0.0 -1.0 0.0 0.0 0.0 -1.0 -4.0 -1.0 -3.0 0.0 -1.0 -3.0 -2.0 0.0 0.0 -2.0 -4.0 -3.0 -4.0 -4.0 -4.0 -4.0 -2.0 0.0 -1.0 -1.0 0.0 -4.0 -1.0 0.0 0.0 0.0 212.0 -4.0 -1.0 -1.0 -4.0 -4.0 -1.0 -1.0 -3.0 0.0 0.0 -1.0 -2.0 0.0 0.0 -3.0 -4.0 0.0 -3.0 -3.0 -4.0 -4.0 -2.0 -4.0 0.0 
-4.0 -4.0 0.0 -3.0 -2.0 -3.0 -3.0 0.0 -3.0 -1.0 -1.0 -1.0 -3.0 -3.0 -1.0 -4.0 -3.0 -2.0 -2.0 -3.0 0.0 0.0 -3.0 0.0 -3.0 -2.0 -3.0 -3.0 0.0 -2.0 -1.0 -1.0 -4.0 0.0 -4.0 -1.0 -2.0 0.0 -2.0 -1.0 -4.0 -2.0 0.0 -4.0 -4.0 -2.0 0.0 -2.0 -3.0 -4.0 -4.0 -2.0 -1.0 -3.0 -2.0 -1.0 -2.0 -1.0 -2.0 -3.0 -1.0 -4.0 -1.0 -1.0 -3.0 -2.0 -1.0 0.0 -1.0 -4.0 -3.0 0.0 -4.0 -3.0 -2.0 -4.0 -3.0 -1.0 -1.0 -1.0 -4.0 -2.0 -3.0 0.0 -3.0 -1.0 -4.0 -2.0 -4.0 0.0 -4.0 241.0 -3.0 -1.0 -4.0 -2.0 -3.0 -4.0 -3.0 -1.0 0.0 -1.0 -3.0 -4.0 -1.0 0.0 -2.0 -1.0 -4.0 -4.0 -2.0 -2.0 0.0 -4.0 -1.0 
-1.0 -2.0 -3.0 -2.0 -3.0 -1.0 -1.0 -1.0 -3.0 -3.0 -1.0 -3.0 -4.0 0.0 -1.0 -3.0 -4.0 -2.0 -4.0 -2.0 -2.0 -2.0 -4.0 -1.0 -3.0 0.0 -2.0 0.0 -2.0 0.0 -3.0 -3.0 -4.0 -3.0 -1.0 -4.0 -4.0 -3.0 -4.0 -3.0 -4.0 -1.0 -4.0 -2.0 -2.0 -1.0 -1.0 -4.0 -2.0 -2.0 -4.0 -3.0 -2.0 -4.0 -4.0 -1.0 -4.0 -2.0 -1.0 -3.0 -1.0 -2.0 -3.0 0.0 -1.0 -3.0 -4.0 -1.0 -4.0 -2.0 -3.0 0.0 -4.0 -1.0 -2.0 0.0 0.0 -3.0 -3.0 -2.0 -1.0 -2.0 -4.0 -3.0 -2.0 0.0 -2.0 -1.0 -3.0 -3.0 0.0 -2.0 256.0 -3.0 -2.0 -2.0 -3.0 -4.0 -2.0 -2.0 -4.0 -3.0 -2.0 -2.0 -2.0 0.0 -3.0 -4.0 -1.0 -2.0 -3.0 -4.0 0.0 -3.0 0.0 
-1.0 -4.0 -4.0 -3.0 -4.0 -4.0 -2.0 -1.0 -4.0 -4.0 -4.0 -4.0 -4.0 0.0 -4.0 -2.0 -3.0 -3.0 -2.0 0.0 -2.0 -4.0 -2.0 0.0 -4.0 -4.0 -1.0 -1.0 -4.0 0.0 -1.0 -3.0 -3.0 -2.0 -1.0 -4.0 -4.0 -4.0 -4.0 0.0 0.0 -4.0 -4.0 -1.0 -2.0 0.0 -2.0 -3.0 -1.0 -1.0 -4.0 -3.0 -4.0 -3.0 -1.0 -3.0 0.0 -3.0 -3.0 -1.0 -2.0 0.0 0.0 -4.0 -1.0 -4.0 -1.0 -1.0 -2.0 0.0 -3.0 0.0 -2.0 -1.0 0.0 0.0 0.0 -2.0 -4.0 -3.0 -3.0 -1.0 -3.0 -4.0 -3.0 0.0 -3.0 -1.0 -2.0 -3.0 -1.0 -1.0 -2.0 252.0 -1.0 0.0 -2.0 -1.0 -2.0 -4.0 -4.0 -4.0 -2.0 -1.0 -4.0 -2.0 -4.0 -3.0 0.0 0.0 -4.0 -2.0 -2.0 -4.0 -1.0 
0.0 -1.0 0.0 -3.0 -4.0 -3.0 -1.0 0.0 -2.0 -2.0 -4.0 0.0 -1.0 -2.0 -4.0 -4.0 -2.0 -4.0 0.0 -2.0 -2.0 -1.0 -3.0 -2.0 -3.0 -3.0 0.0 -1.0 -2.0 -4.0 -4.0 -2.0 -4.0 -4.0 -4.0 -1.0 -1.0 0.0 -1.0 -1.0 0.0 -1.0 -4.0 -4.0 -1.0 -1.0 0.0 -2.0 -2.0 -1.0 -2.0 -4.0 -1.0 -2.0 -1.0 0.0 -2.0 0.0 -2.0 -3.0 0.0 -4.0 -3.0 -4.0 -4.0 -3.0 -1.0 -4.0 -3.0 -4.0 -2.0 -3.0 0.0 -2.0 -2.0 -3.0 0.0 -1.0 0.0 -1.0 -4.0 0.0 0.0 0.0 -2.0 -3.0 0.0 -3.0 -2.0 -2.0 0.0 -1.0 0.0 -4.0 212.0 -3.0 0.0 -1.0 0.0 -1.0 -2.0 -1.0 -1.0 -3.0 -1.0 -4.0 0.0 -3.0 -1.0 0.0 -2.0 -2.0 0.0 -3.0 -4.0 
-1.0 -2.0 0.0 -1.0 0.0 0.0 0.0 -2.0 -3.0 -4.0 -2.0 -3.0 -4.0 -1.0 0.0 -1.0 -3.0 -3.0 -4.0 -3.0 -3.0 -1.0 -4.0 -2.0 0.0 0.0 -3.0 -1.0 -1.0 -3.0 -4.0 -3.0 -3.0 -2.0 -4.0 -3.0 -3.0 -3.0 -1.0 0.0 -1.0 -4.0 -1.0 -3.0 -4.0 -3.0 -2.0 0.0 -4.0 0.0 -2.0 -2.0 -2.0 -3.0 -3.0 -4.0 -2.0 0.0 -2.0 -4.0 -2.0 -1.0 -3.0 -3.0 0.0 -1.0 0.0 0.0 -3.0 0.0 -3.0 -4.0 -1.0 -2.0 -4.0 0.0 -2.0 -4.0 -1.0 -4.0 -2.0 -2.0 -2.0 -4.0 0.0 -4.0 -1.0 -2.0 -3.0 -3.0 0.0 -2.0 -3.0 -2.0 -3.0 234.0 -2.0 -2.0 0.0 -2.0 -3.0 -4.0 -3.0 -1.0 -3.0 0.0 -1.0 -1.0 -1.0 -4.0 -2.0 0.0 -3.0 -1.0 -3.0 
-4.0 0.0 0.0 -1.0 -4.0 -4.0 0.0 -4.0 -3.0 0.0 -3.0 -3.0 -1.0 -3.0 -3.0 -1.0 -4.0 -4.0 -4.0 -3.0 -3.0 -3.0 -3.0 0.0 0.0 0.0 -3.0 -2.0 -2.0 0.0 0.0 -2.0 0.0 -1.0 -1.0 -1.0 -4.0 -2.0 -4.0 -2.0 -2.0 -1.0 -4.0 -4.0 -3.0 -1.0 -3.0 -3.0 0.0 0.0 -4.0 -3.0 0.0 0.0 0.0 -2.0 0.0 -1.0 0.0 -3.0 -2.0 -3.0 -3.0 -2.0 0.0 -3.0 -4.0 -1.0 -1.0 -4.0 -2.0 -1.0 -2.0 -4.0 -1.0 -3.0 -1.0 -2.0 -3.0 -3.0 -3.0 0.0 -2.0 -2.0 -2.0 -3.0 -2.0 -1.0 -4.0 -3.0 -3.0 -2.0 0.0 0.0 0.0 -1.0 222.0 -4.0 -2.0 0.0 0.0 -2.0 -2.0 -1.0 0.0 -2.0 -3.0 -3.0 -2.0 -1.0 -2.0 -1.0 -3.0 -3.0 -2.0 
-3.0 -1.0 -4.0 -2.0 0.0 -4.0 0.0 0.0 -4.0 -4.0 -1.0 0.0 -2.0 0.0 0.0 -1.0 -1.0 0.0 -2.0 0.0 -4.0 -1.0 0.0 -2.0 -3.0 -2.0 0.0 -1.0 -2.0 -4.0 0.0 -1.0 -4.0 -4.0 -3.0 -3.0 -1.0 -1.0 -2.0 -2.0 0.0 -4.0 0.0 0.0 -1.0 -1.0 -3.0 -2.0 0.0 -2.0 -1.0 -3.0 -3.0 0.0 -4.0 -1.0 -3.0 0.0 -2.0 -4.0 -2.0 -1.0 -3.0 -3.0 -2.0 -3.0 -4.0 -2.0 -2.0 -3.0 -4.0 -3.0 -4.0 0.0 0.0 -2.0 0.0 -3.0 -3.0 -3.0 -2.0 -1.0 -1.0 -1.0 -4.0 -4.0 -1.0 -4.0 0.0 -1.0 -1.0 -2.0 -3.0 -4.0 -2.0 -2.0 -4.0 228.0 -4.0 -1.0 -4.0 -3.0 -2.0 -4.0 -1.0 -1.0 0.0 -2.0 -2.0 -2.0 -3.0 -4.0 -2.0 -2.0 -4.0 
-4.0 -4.0 -4.0 -4.0 0.0 -3.0 0.0 -1.0 0.0 -2.0 -3.0 -4.0 -2.0 -3.0 0.0 -3.0 -3.0 -3.0 -3.0 0.0 -3.0 -1.0 -3.0 -4.0 0.0 -2.0 -3.0 -4.0 0.0 -2.0 -3.0 0.0 -2.0 -4.0 -3.0 -2.0 -4.0 -3.0 -3.0 0.0 -2.0 0.0 -3.0 -4.0 -2.0 -1.0 -2.0 -4.0 -4.0 -2.0 -1.0 0.0 -4.0 -4.0 -2.0 -2.0 -3.0 0.0 -3.0 -1.0 -4.0 -3.0 -1.0 -1.0 0.0 -3.0 -1.0 0.0 0.0 -1.0 -3.0 -4.0 0.0 -4.0 -1.0 -3.0 0.0 0.0 -4.0 -1.0 -2.0 -3.0 -3.0 -2.0 -4.0 -1.0 -3.0 -1.0 -1.0 0.0 -1.0 -4.0 -1.0 -3.0 -4.0 -2.0 -1.0 -1.0 240.0 0.0 -3.0 0.0 -3.0 -2.0 -4.0 -4.0 0.0 0.0 -4.0 -2.0 -1.0 -3.0 0.0 -4.0 -3.0 
-1.0 -3.0 -1.0 0.0 0.0 -4.0 -2.0 -1.0 -4.0 -1.0 0.0 -1.0 0.0 -2.0 -2.0 0.0 -2.0 0.0 -4.0 -4.0 -3.0 -1.0 -4.0 -2.0 -1.0 0.0 0.0 0.0 -2.0 -3.0 0.0 -2.0 -1.0 -3.0 -1.0 0.0 -1.0 -3.0 -2.0 -1.0 0.0 -2.0 -2.0 0.0 -3.0 -1.0 -3.0 -3.0 -2.0 0.0 -2.0 -3.0 -1.0 -2.0 -1.0 -4.0 -3.0 -2.0 0.0 0.0 -1.0 -4.0 -2.0 -4.0 0.0 -2.0 0.0 -2.0 -1.0 -1.0 0.0 0.0 -3.0 0.0 -4.0 0.0 0.0 -2.0 0.0 -4.0 -3.0 -1.0 -4.0 -1.0 -2.0 -3.0 -1.0 -3.0 -2.0 -3.0 0.0 -3.0 -3.0 -1.0 -3.0 -4.0 -2.0 0.0 -3.0 199.0 -1.0 -1.0 -4.0 -1.0 -2.0 -1.0 0.0 -2.0 -1.0 -4.0 -1.0 -4.0 -3.0 -2.0 -4.0 
-1.0 -2.0 -1.0 -4.0 -3.0 -2.0 -4.0 -1.0 0.0 -4.0 -4.0 -2.0 -3.0 -2.0 -2.0 -2.0 -1.0 -1.0 -3.0 -1.0 -3.0 -3.0 -1.0 0.0 -4.0 0.0 0.0 0.0 -1.0 -2.0 0.0 -2.0 -4.0 -1.0 0.0 -3.0 -1.0 -4.0 -3.0 -3.0 -4.0 -1.0 0.0 -4.0 -4.0 0.0 -3.0 -4.0 -1.0 -1.0 0.0 -1.0 -3.0 -4.0 -3.0 -3.0 -4.0 -3.0 -2.0 -4.0 0.0 0.0 0.0 -2.0 -2.0 -1.0 0.0 0.0 -3.0 -1.0 -4.0 0.0 -3.0 -1.0 -3.0 -2.0 -3.0 -2.0 0.0 -3.0 -1.0 -2.0 0.0 -4.0 0.0 -3.0 -4.0 0.0 0.0 -1.0 0.0 -3.0 -3.0 0.0 -1.0 -1.0 -2.0 -1.0 -4.0 -1.0 216.0 0.0 -4.0 -4.0 -4.0 0.0 -2.0 -4.0 -3.0 0.0 -3.0 -4.0 0.0 0.0 0.0 
-3.0 0.0 -2.0 -3.0 -4.0 -4.0 -1.0 -4.0 -2.0 -1.0 0.0 0.0 -1.0 -4.0 -4.0 -3.0 0.0 0.0 -4.0 -4.0 -3.0 -2.0 -2.0 -4.0 -4.0 0.0 0.0 -3.0 -3.0 -2.0 -4.0 -1.0 -4.0 -3.0 -2.0 -1.0 -3.0 0.0 -3.0 -2.0 0.0 -2.0 -3.0 -3.0 -3.0 -2.0 -1.0 -4.0 -1.0 -2.0 -1.0 0.0 -4.0 0.0 0.0 0.0 -3.0 -2.0 0.0 -4.0 -2.0 -1.0 -3.0 -2.0 0.0 -4.0 -1.0 -3.0 -2.0 -1.0 0.0 -4.0 0.0 -2.0 -2.0 -4.0 -2.0 -1.0 -4.0 -4.0 -4.0 -4.0 -1.0 -1.0 -1.0 0.0 -2.0 0.0 -4.0 -2.0 0.0 -3.0 -4.0 0.0 -1.0 -4.0 -4.0 0.0 -1.0 -1.0 0.0 226.0 -2.0 0.0 0.0 -4.0 0.0 -4.0 -4.0 -1.0 0.0 -4.0 -2.0 0.0 -1.0 
-1.0 -4.0 0.0 -3.0 -4.0 0.0 -2.0 -4.0 -3.0 -1.0 -1.0 -1.0 0.0 -3.0 -2.0 -1.0 0.0 -1.0 -3.0 0.0 -1.0 -4.0 -1.0 -1.0 -2.0 -4.0 -2.0 0.0 -1.0 -1.0 0.0 -3.0 -4.0 -4.0 -1.0 -3.0 -3.0 0.0 -1.0 0.0 0.0 -4.0 0.0 -1.0 -2.0 0.0 -4.0 -4.0 -4.0 0.0 -4.0 0.0 -1.0 -4.0 -3.0 -1.0 -4.0 0.0 -2.0 -2.0 -4.0 -2.0 0.0 -1.0 -3.0 -4.0 -3.0 -4.0 -3.0 -4.0 -4.0 -3.0 -4.0 -3.0 -2.0 -4.0 -3.0 -3.0 -4.0 -4.0 -4.0 -3.0 -1.0 0.0 -1.0 -2.0 -2.0 -1.0 -3.0 -1.0 -4.0 -3.0 0.0 -4.0 -2.0 -4.0 0.0 0.0 -3.0 -4.0 -4.0 -2.0 249.0 -3.0 -3.0 -2.0 -2.0 -3.0 -4.0 -1.0 -3.0 -3.0 -3.0 -2.0 0.0 
0.0 -3.0 0.0 -1.0 -2.0 -1.0 -3.0 -3.0 -2.0 -4.0 0.0 0.0 -2.0 -1.0 -2.0 -3.0 0.0 0.0 -2.0 -2.0 -4.0 -2.0 -1.0 -4.0 -4.0 -4.0 -2.0 -3.0 -4.0 -1.0 -3.0 -3.0 -3.0 0.0 -2.0 -4.0 -3.0 -4.0 -2.0 -1.0 -4.0 -2.0 0.0 0.0 -1.0 -1.0 0.0 -1.0 -1.0 -1.0 -1.0 -2.0 -1.0 -4.0 -2.0 -3.0 -4.0 0.0 -1.0 -3.0 0.0 -1.0 -1.0 -1.0 0.0 0.0 -4.0 -1.0 -1.0 0.0 0.0 0.0 -3.0 -4.0 -2.0 -4.0 0.0 -3.0 0.0 -2.0 0.0 -4.0 -2.0 -2.0 -2.0 0.0 0.0 -4.0 -2.0 -4.0 -2.0 -4.0 -1.0 -4.0 -3.0 -4.0 -3.0 -3.0 -3.0 -2.0 -3.0 -3.0 -2.0 225.0 -2.0 -4.0 -3.0 0.0 -1.0 -4.0 -1.0 -1.0 -4.0 -2.0 -2.0 
0.0 -2.0 0.0 -4.0 -1.0 0.0 -3.0 -3.0 0.0 -3.0 0.0 -1.0 -2.0 -1.0 0.0 -4.0 -1.0 -3.0 -2.0 0.0 -1.0 -2.0 -4.0 -3.0 0.0 -1.0 0.0 0.0 -3.0 -3.0 -4.0 0.0 -2.0 -4.0 -4.0 -1.0 -2.0 -1.0 0.0 0.0 -3.0 0.0 -1.0 -1.0 -4.0 -3.0 0.0 -1.0 -3.0 -3.0 0.0 -3.0 -4.0 0.0 -1.0 -1.0 -3.0 -3.0 -3.0 0.0 0.0 -4.0 -4.0 0.0 0.0 0.0 -4.0 -1.0 0.0 -3.0 -2.0 0.0 -1.0 -2.0 -4.0 -3.0 0.0 -4.0 0.0 -3.0 -1.0 -3.0 -4.0 -2.0 -4.0 -2.0 -2.0 -2.0 -3.0 -3.0 -2.0 0.0 0.0 -4.0 0.0 -4.0 -2.0 -2.0 -4.0 -3.0 -2.0 -3.0 -1.0 -1.0 213.0 0.0 -2.0 -3.0 -1.0 -4.0 -3.0 -2.0 -1.0 -3.0 -3.0 
-3.0 -1.0 -3.0 -3.0 -2.0 0.0 -3.0 0.0 -1.0 -4.0 -2.0 0.0 -3.0 -1.0 -4.0 -4.0 -1.0 -4.0 0.0 -3.0 -2.0 -3.0 0.0 0.0 -1.0 -3.0 -3.0 -2.0 -2.0 -1.0 -2.0 -3.0 -1.0 -1.0 0.0 -3.0 -2.0 0.0 0.0 -1.0 0.0 -2.0 -2.0 0.0 -1.0 -3.0 -3.0 -1.0 0.0 -1.0 -1.0 -2.0 -3.0 -4.0 -2.0 -2.0 -3.0 -1.0 -4.0 -2.0 -2.0 -4.0 0.0 -3.0 -3.0 0.0 -3.0 -1.0 -4.0 -1.0 -3.0 -4.0 -2.0 -3.0 -4.0 0.0 -3.0 -2.0 0.0 -3.0 0.0 -4.0 -1.0 -2.0 -2.0 -3.0 -2.0 0.0 -2.0 -3.0 0.0 -1.0 0.0 -3.0 -2.0 0.0 -1.0 0.0 -2.0 -3.0 0.0 -1.0 -4.0 -2.0 -3.0 217.0 -4.0 -2.0 -3.0 -2.0 -2.0 -2.0 -4.0 -1.0 -2.0 
-3.0 -3.0 -1.0 -1.0 -3.0 -4.0 0.0 -2.0 -4.0 -2.0 -2.0 -1.0 -4.0 -4.0 -4.0 -3.0 -3.0 -1.0 -3.0 -2.0 -1.0 0.0 -2.0 -4.0 -4.0 -2.0 -2.0 -3.0 0.0 -2.0 0.0 -3.0 0.0 -2.0 -3.0 -2.0 -1.0 -1.0 -1.0 -4.0 -1.0 -1.0 -2.0 -2.0 0.0 -3.0 -4.0 -2.0 -2.0 -4.0 -3.0 -3.0 -4.0 -2.0 0.0 0.0 0.0 -2.0 -4.0 0.0 -2.0 -1.0 -3.0 0.0 -3.0 -3.0 -3.0 0.0 -3.0 -4.0 -4.0 -3.0 -2.0 -1.0 -2.0 -4.0 -1.0 0.0 -3.0 0.0 -4.0 0.0 0.0 -3.0 -3.0 -2.0 -1.0 0.0 -2.0 -4.0 -2.0 0.0 -3.0 -1.0 -3.0 -2.0 -2.0 0.0 0.0 -4.0 -4.0 -2.0 -1.0 -1.0 -4.0 0.0 229.0 -3.0 0.0 -1.0 -4.0 -2.0 0.0 -2.0 -1.0 
-4.0 0.0 0.0 -2.0 -4.0 -4.0 -2.0 0.0 0.0 0.0 -3.0 -2.0 -3.0 -3.0 -1.0 -1.0 -4.0 -4.0 -4.0 -3.0 0.0 -4.0 -2.0 0.0 -3.0 -3.0 -4.0 -1.0 0.0 -1.0 -1.0 0.0 -2.0 0.0 -2.0 -3.0 0.0 -4.0 -3.0 -4.0 0.0 -3.0 -1.0 -3.0 -4.0 -3.0 -1.0 -3.0 -3.0 -2.0 -4.0 0.0 0.0 0.0 -2.0 -2.0 -3.0 0.0 -2.0 -3.0 -2.0 -2.0 -2.0 -1.0 -1.0 0.0 -2.0 -1.0 -4.0 -3.0 -2.0 -2.0 -4.0 -1.0 -2.0 0.0 -4.0 0.0 -3.0 -1.0 -1.0 0.0 -2.0 0.0 -2.0 -3.0 -3.0 -1.0 -1.0 0.0 -1.0 -3.0 -3.0 0.0 -4.0 -4.0 -4.0 -1.0 -3.0 -4.0 -4.0 -2.0 0.0 -3.0 -3.0 -3.0 -4.0 227.0 0.0 -4.0 -3.0 -1.0 -1.0 0.0 -2.0 
-3.0 -1.0 0.0 -1.0 -4.0 -3.0 -1.0 0.0 -2.0 -1.0 -2.0 0.0 0.0 -4.0 -2.0 -2.0 -3.0 -1.0 0.0 -3.0 -3.0 -2.0 0.0 -2.0 -4.0 -2.0 -2.0 0.0 -1.0 -3.0 -2.0 0.0 -3.0 -2.0 -4.0 0.0 -2.0 0.0 0.0 -2.0 -1.0 -1.0 -3.0 0.0 -2.0 0.0 -1.0 -2.0 -4.0 -1.0 0.0 -3.0 -4.0 -4.0 0.0 -2.0 -3.0 -4.0 -1.0 -1.0 0.0 -1.0 -2.0 -1.0 -1.0 -1.0 -4.0 -4.0 -1.0 -4.0 -1.0 0.0 -3.0 0.0 -2.0 -3.0 -3.0 0.0 -4.0 -3.0 0.0 0.0 -4.0 -2.0 -4.0 -3.0 -3.0 -4.0 -3.0 -1.0 -3.0 0.0 0.0 -3.0 -2.0 -2.0 -3.0 -4.0 0.0 -1.0 -2.0 -1.0 -1.0 -2.0 -4.0 -1.0 -1.0 -1.0 210.0 -4.0 -2.0 -1.0 -2.0 -1.0 -3.0 
-2.0 -1.0 -1.0 0.0 -4.0 -3.0 -1.0 0.0 -2.0 -1.0 0.0 -4.0 -3.0 -4.0 -3.0 -2.0 0.0 -3.0 -3.0 0.0 -2.0 -1.0 -2.0 0.0 -4.0 -3.0 -1.0 -1.0 0.0 -2.0 -1.0 -4.0 -4.0 -4.0 -3.0 -2.0 -3.0 -2.0 -2.0 -1.0 -2.0 -3.0 0.0 -2.0 -4.0 -3.0 -1.0 -3.0 -1.0 0.0 -1.0 0.0 -2.0 -2.0 -2.0 -3.0 -4.0 -1.0 0.0 -3.0 -2.0 0.0 -2.0 0.0 0.0 -1.0 0.0 0.0 -1.0 -1.0 -2.0 -2.0 -2.0 -4.0 -1.0 0.0 0.0 -2.0 -3.0 -2.0 0.0 -3.0 0.0 -2.0 -2.0 -3.0 -3.0 -4.0 -3.0 -1.0 -3.0 -2.0 -4.0 -4.0 -3.0 -2.0 -2.0 -3.0 -4.0 -2.0 0.0 -2.0 -3.0 -2.0 -1.0 -2.0 -1.0 -3.0 -4.0 220.0 0.0 -4.0 -1.0 -2.0 -4.0 
-2.0 0.0 -3.0 -2.0 -1.0 0.0 0.0 0.0 -3.0 0.0 -4.0 -1.0 -2.0 -4.0 0.0 -2.0 -3.0 -1.0 -1.0 -4.0 -2.0 -1.0 -2.0 -4.0 0.0 -3.0 -2.0 -1.0 -1.0 -2.0 0.0 -2.0 -3.0 -4.0 -2.0 -2.0 0.0 -1.0 -2.0 -4.0 0.0 -3.0 -3.0 -4.0 -4.0 -1.0 -4.0 -4.0 -1.0 -4.0 -4.0 -1.0 -4.0 0.0 -2.0 -1.0 -2.0 -1.0 0.0 -2.0 0.0 0.0 -3.0 -3.0 0.0 0.0 -3.0 -1.0 -1.0 0.0 -4.0 -4.0 -2.0 0.0 -2.0 0.0 -2.0 -4.0 -2.0 0.0 0.0 -3.0 -1.0 -1.0 -3.0 -3.0 -1.0 -3.0 -3.0 -4.0 -1.0 -2.0 0.0 -4.0 -1.0 -3.0 -3.0 -2.0 0.0 -1.0 0.0 -3.0 0.0 0.0 -3.0 -4.0 0.0 -2.0 0.0 -4.0 213.0 -3.0 -4.0 -3.0 -1.0 
-3.0 0.0 -2.0 -3.0 -1.0 -2.0 -4.0 0.0 -2.0 -4.0 -4.0 -1.0 0.0 -3.0 -2.0 0.0 -1.0 -3.0 -1.0 -1.0 -2.0 -3.0 -3.0 0.0 -1.0 -1.0 -1.0 -2.0 -4.0 0.0 -4.0 -2.0 -1.0 -1.0 0.0 -4.0 -3.0 -2.0 -3.0 -1.0 -1.0 -2.0 -4.0 0.0 -3.0 0.0 -2.0 -1.0 -1.0 -2.0 0.0 -1.0 -1.0 0.0 -3.0 -1.0 -2.0 -1.0 -3.0 -3.0 -4.0 -4.0 -2.0 -4.0 -2.0 -1.0 -3.0 -1.0 -2.0 -3.0 -1.0 -3.0 -1.0 -3.0 0.0 -2.0 -3.0 0.0 -3.0 -3.0 -2.0 -2.0 0.0 -3.0 0.0 -3.0 -2.0 -3.0 0.0 -2.0 -3.0 -2.0 -4.0 -4.0 -3.0 -3.0 -3.0 -3.0 -4.0 -2.0 0.0 -1.0 -2.0 -3.0 0.0 -1.0 0.0 0.0 -2.0 -1.0 -2.0 222.0 -4.0 -4.0 -3.0 
0.0 -1.0 0.0 0.0 -1.0 -2.0 -1.0 -3.0 -3.0 -1.0 0.0 -3.0 -3.0 -1.0 -1.0 -4.0 -4.0 -3.0 -3.0 0.0 0.0 -4.0 -2.0 -2.0 -4.0 -1.0 -4.0 -4.0 0.0 -4.0 0.0 -1.0 0.0 -3.0 -3.0 -4.0 -4.0 -3.0 -3.0 -3.0 -3.0 -1.0 0.0 -1.0 0.0 -1.0 -3.0 -4.0 -1.0 -1.0 -2.0 -2.0 -2.0 -1.0 -3.0 -3.0 -1.0 -3.0 -1.0 -1.0 -3.0 -4.0 -4.0 0.0 -3.0 -2.0 -3.0 -1.0 -2.0 -2.0 -2.0 -3.0 -2.0 -3.0 -4.0 0.0 0.0 -4.0 -3.0 -1.0 -3.0 -3.0 -2.0 0.0 -4.0 -3.0 -4.0 -4.0 -4.0 0.0 -2.0 -3.0 -4.0 -4.0 0.0 -3.0 -2.0 -4.0 -2.0 -2.0 0.0 0.0 -2.0 -3.0 -1.0 -3.0 -1.0 -1.0 -4.0 -2.0 -3.0 -2.0 244.0 -3.0 -3.0 
-2.0 -4.0 -2.0 -3.0 0.0 -1.0 -1.0 -2.0 -4.0 -3.0 -1.0 -2.0 -3.0 0.0 0.0 -1.0 0.0 -3.0 -1.0 -3.0 -2.0 0.0 -4.0 -4.0 -4.0 -3.0 0.0 -4.0 -1.0 0.0 -4.0 -1.0 0.0 -2.0 -4.0 -4.0 -3.0 -3.0 -2.0 -4.0 -4.0 0.0 -2.0 -3.0 -3.0 -2.0 -1.0 -4.0 -4.0 -4.0 -4.0 -1.0 -1.0 -1.0 -4.0 0.0 -1.0 -3.0 -4.0 -4.0 -2.0 -4.0 -3.0 0.0 0.0 0.0 0.0 -4.0 -1.0 -4.0 0.0 -4.0 0.0 -3.0 -2.0 -4.0 0.0 -3.0 -1.0 0.0 -1.0 -3.0 -1.0 -1.0 0.0 -4.0 -4.0 -1.0 -1.0 -3.0 -1.0 -2.0 -2.0 0.0 -2.0 -3.0 0.0 -3.0 -2.0 -1.0 0.0 -2.0 -2.0 -3.0 -4.0 -3.0 -4.0 -1.0 -2.0 -2.0 -2.0 -1.0 -3.0 234.0 0.0 
-2.0 -4.0 0.0 -1.0 -4.0 -3.0 0.0 0.0 -2.0 -2.0 -3.0 -4.0 -4.0 -1.0 -2.0 -4.0 0.0 -3.0 0.0 -2.0 -3.0 -1.0 -2.0 -1.0 -2.0 -3.0 -3.0 -2.0 0.0 -2.0 -1.0 -2.0 0.0 -4.0 -1.0 -2.0 0.0 -3.0 -1.0 -2.0 0.0 0.0 -1.0 -2.0 -1.0 0.0 0.0 -3.0 -2.0 -3.0 -3.0 -3.0 -3.0 -2.0 -1.0 0.0 0.0 -2.0 0.0 -1.0 -1.0 -2.0 0.0 -1.0 -1.0 -3.0 -1.0 0.0 0.0 0.0 -3.0 -1.0 0.0 -2.0 -1.0 -3.0 -3.0 -1.0 0.0 -2.0 0.0 -3.0 -3.0 -2.0 -2.0 0.0 -4.0 0.0 -2.0 -3.0 0.0 0.0 -2.0 -2.0 -4.0 -2.0 -4.0 0.0 -2.0 -1.0 -3.0 0.0 0.0 -1.0 -1.0 -4.0 -2.0 -3.0 -4.0 -2.0 -4.0 -3.0 -2.0 -4.0 197.0 
