27.6 -3.0 -4.0 -1.0 -1.0 -1.0 -1.0 -2.0 -4.0 -2.0 0.0 -4.0 -2.0 -3.0 -1.0 
0.0 23.0 -4.0 -1.0 -2.0 -2.0 -3.0 -2.0 0.0 -1.0 -3.0 0.0 0.0 -4.0 -1.0 
-4.0 -2.0 28.0 -3.0 -1.0 0.0 -3.0 -4.0 -1.0 -4.0 0.0 0.0 -2.0 -2.0 -2.0 
-4.0 -3.0 -2.0 30.0 -4.0 0.0 -3.0 -4.0 -1.0 -2.0 -1.0 -3.0 -2.0 0.0 -1.0 
0.0 -4.0 -4.0 -1.0 31.0 -2.0 -3.0 -1.0 -3.0 -4.0 -2.0 0.0 -2.0 -4.0 -1.0 
-1.0 0.0 -1.0 -1.0 -4.0 17.0 -2.0 -1.0 -1.0 -1.0 -1.0 0.0 -1.0 -3.0 0.0 
-3.0 -3.0 0.0 -1.0 -3.0 -1.0 31.0 -2.0 -3.0 -4.0 -3.0 -3.0 -3.0 -2.0 0.0 
0.0 -4.0 -2.0 -3.0 0.0 0.0 -4.0 31.0 -1.0 -4.0 -2.0 -3.0 -1.0 -4.0 -3.0 
-2.0 -1.0 -1.0 0.0 -1.0 -4.0 -2.0 -4.0 23.0 -2.0 0.0 -2.0 0.0 -1.0 -3.0 
-2.0 -1.0 -3.0 0.0 -1.0 -4.0 -4.0 -1.0 -4.0 27.0 -3.0 -1.0 0.0 -2.0 -1.0 
0.0 -1.0 -2.0 0.0 -1.0 -2.0 0.0 -2.0 -1.0 0.0 19.0 -4.0 -3.0 -3.0 0.0 
0.0 -2.0 -1.0 -1.0 0.0 0.0 0.0 -2.0 -1.0 -4.0 -3.0 21.0 -4.0 -1.0 -2.0 
0.0 -3.0 -2.0 -4.0 0.0 -3.0 -4.0 -4.0 -1.0 -2.0 -4.0 -1.0 32.0 0.0 -4.0 
-3.0 -2.0 0.0 -2.0 -2.0 -1.0 -2.0 -2.0 -4.0 -1.0 -3.0 -3.0 -4.0 31.0 -2.0 
-1.0 -3.0 -2.0 -2.0 -3.0 -2.0 -1.0 -1.0 -2.0 -3.0 -2.0 -3.0 0.0 -2.0 27.0 
