109.6 0.0 -2.0 -1.0 0.0 -3.0 -1.0 -1.0 -3.0 -3.0 -2.0 0.0 0.0 -3.0 -2.0 -1.0 -4.0 -1.0 -4.0 -1.0 -1.0 -2.0 0.0 -3.0 -1.0 -2.0 -3.0 -2.0 0.0 -3.0 -1.0 0.0 -1.0 -2.0 0.0 -4.0 -2.0 -2.0 -2.0 -3.0 -4.0 -4.0 -4.0 -3.0 0.0 0.0 -2.0 0.0 -2.0 -2.0 -2.0 0.0 -3.0 -1.0 0.0 -3.0 -4.0 0.0 -4.0 -1.0 -2.0 -1.0 -4.0 -1.0 -3.0 
-4.0 105.0 -4.0 -2.0 0.0 0.0 0.0 -2.0 -2.0 -1.0 -4.0 -2.0 -2.0 -1.0 -3.0 -3.0 0.0 0.0 0.0 0.0 -4.0 -3.0 -3.0 0.0 0.0 -2.0 -4.0 -2.0 -2.0 -3.0 0.0 -1.0 -1.0 -3.0 0.0 0.0 -3.0 0.0 -2.0 -4.0 -3.0 -1.0 -2.0 0.0 0.0 0.0 -4.0 -2.0 -2.0 0.0 0.0 0.0 -1.0 -1.0 -3.0 -4.0 -3.0 0.0 -4.0 -2.0 -1.0 0.0 -2.0 -3.0 0.0 
-1.0 -1.0 108.0 -1.0 0.0 0.0 -4.0 -2.0 -3.0 0.0 -1.0 -2.0 -4.0 0.0 -4.0 -3.0 -1.0 -3.0 -1.0 -1.0 -4.0 -4.0 0.0 -1.0 -1.0 -1.0 0.0 -3.0 -3.0 -3.0 0.0 -1.0 -3.0 -1.0 -3.0 -3.0 -2.0 0.0 -4.0 -1.0 -3.0 -3.0 -1.0 -1.0 0.0 -1.0 -3.0 -1.0 -1.0 -2.0 -1.0 -1.0 -1.0 0.0 -3.0 -1.0 -2.0 -1.0 -1.0 0.0 -4.0 0.0 -2.0 -3.0 -2.0 
0.0 0.0 -3.0 135.0 -1.0 -3.0 -1.0 0.0 -1.0 -1.0 -2.0 -3.0 -1.0 0.0 0.0 -4.0 -3.0 0.0 -3.0 -1.0 0.0 -3.0 -3.0 -3.0 -4.0 -2.0 -4.0 -4.0 -1.0 -3.0 -4.0 -3.0 -3.0 0.0 -3.0 -2.0 -4.0 -1.0 -3.0 0.0 -2.0 -3.0 -1.0 -2.0 -3.0 -3.0 -1.0 -1.0 -4.0 -2.0 -1.0 0.0 -4.0 -4.0 -1.0 -2.0 -2.0 -1.0 -2.0 -3.0 -4.0 -2.0 -4.0 -3.0 -3.0 
-2.0 -4.0 -1.0 -3.0 134.0 0.0 -2.0 0.0 0.0 -1.0 -2.0 -2.0 -4.0 0.0 -3.0 -4.0 -2.0 -3.0 0.0 0.0 -3.0 -3.0 -4.0 -4.0 -1.0 -2.0 -3.0 -4.0 -4.0 -2.0 -1.0 -1.0 -4.0 -1.0 -1.0 -2.0 -2.0 -3.0 -3.0 -1.0 -3.0 0.0 -1.0 0.0 -2.0 0.0 -3.0 -3.0 -4.0 -1.0 0.0 -4.0 -3.0 -2.0 -2.0 -2.0 -3.0 -4.0 -1.0 -2.0 -3.0 -4.0 -4.0 -1.0 0.0 
-1.0 -4.0 -2.0 -1.0 -4.0 124.0 -2.0 -1.0 -2.0 -4.0 -4.0 -3.0 0.0 -2.0 0.0 -2.0 0.0 -2.0 -3.0 -1.0 -3.0 -4.0 -2.0 0.0 0.0 -3.0 0.0 -1.0 0.0 -1.0 -3.0 0.0 0.0 -3.0 0.0 0.0 0.0 -3.0 -4.0 -4.0 -3.0 -3.0 0.0 -3.0 -3.0 -4.0 -3.0 -4.0 -2.0 -3.0 0.0 0.0 -1.0 -3.0 -1.0 -4.0 -4.0 -1.0 0.0 0.0 0.0 -2.0 -4.0 -3.0 -4.0 
-1.0 -4.0 -3.0 0.0 -2.0 0.0 118.0 -2.0 -3.0 0.0 0.0 -2.0 -3.0 -4.0 -1.0 -3.0 -3.0 0.0 -4.0 -4.0 -1.0 -3.0 -4.0 0.0 0.0 -1.0 0.0 -2.0 -2.0 -3.0 0.0 0.0 -4.0 -4.0 0.0 -2.0 -3.0 -3.0 -1.0 -3.0 -2.0 0.0 0.0 -3.0 -2.0 0.0 -4.0 0.0 -1.0 -1.0 -2.0 -3.0 -2.0 -2.0 -1.0 -3.0 0.0 -3.0 -1.0 0.0 -2.0 -3.0 -4.0 -2.0 -2.0 
-2.0 -2.0 -1.0 -3.0 -3.0 -4.0 -1.0 117.0 -1.0 -1.0 -3.0 -4.0 0.0 0.0 -2.0 -1.0 -4.0 0.0 -4.0 -3.0 -3.0 0.0 -3.0 -2.0 -1.0 0.0 0.0 -4.0 0.0 -1.0 0.0 -4.0 -2.0 0.0 -4.0 -2.0 -2.0 0.0 -1.0 -1.0 -1.0 -1.0 -3.0 -3.0 -1.0 -3.0 -3.0 -4.0 -1.0 -2.0 -1.0 -1.0 0.0 0.0 0.0 -2.0 -1.0 -4.0 -3.0 -4.0 -2.0 0.0 -1.0 -4.0 -3.0 
-3.0 0.0 -3.0 -4.0 -1.0 -1.0 -3.0 -2.0 124.0 -2.0 -3.0 -4.0 0.0 -3.0 0.0 -3.0 0.0 -4.0 -4.0 -2.0 -1.0 -4.0 0.0 -3.0 -2.0 0.0 -2.0 -3.0 -1.0 -3.0 -4.0 -2.0 -2.0 -4.0 -3.0 -3.0 -1.0 -1.0 -2.0 -3.0 -1.0 0.0 -1.0 -1.0 0.0 -4.0 -3.0 -3.0 0.0 0.0 -4.0 -1.0 -1.0 -2.0 0.0 0.0 -1.0 -4.0 -2.0 0.0 0.0 -3.0 -3.0 -4.0 0.0 
-2.0 -4.0 0.0 -4.0 -4.0 -4.0 -1.0 -1.0 -2.0 126.0 0.0 -2.0 -2.0 -4.0 -1.0 0.0 -4.0 -2.0 -4.0 -2.0 -4.0 0.0 -3.0 -1.0 -3.0 -2.0 0.0 -1.0 -1.0 -2.0 0.0 0.0 -3.0 -2.0 0.0 0.0 -4.0 -1.0 -4.0 -3.0 -2.0 -1.0 0.0 -3.0 -3.0 -3.0 -2.0 0.0 0.0 0.0 -4.0 0.0 -4.0 -3.0 0.0 -4.0 -4.0 -2.0 -1.0 -1.0 -2.0 -4.0 -1.0 -4.0 -1.0 
-2.0 -2.0 -1.0 -4.0 -2.0 -3.0 -3.0 0.0 -3.0 -3.0 142.0 0.0 -3.0 -1.0 -2.0 -3.0 -3.0 -2.0 -2.0 -3.0 -4.0 0.0 0.0 -4.0 -3.0 -4.0 -4.0 0.0 -3.0 -3.0 -3.0 -3.0 -2.0 -2.0 -4.0 -2.0 -3.0 0.0 -2.0 0.0 -4.0 -1.0 -1.0 -4.0 -4.0 -2.0 0.0 0.0 -3.0 -4.0 -2.0 -2.0 -2.0 0.0 0.0 -4.0 -3.0 0.0 -1.0 -3.0 -1.0 -3.0 -3.0 -4.0 -3.0 
-3.0 0.0 -1.0 -1.0 -3.0 -3.0 -2.0 -4.0 -3.0 -2.0 0.0 136.0 0.0 -4.0 0.0 0.0 -2.0 -4.0 -2.0 -4.0 -4.0 -1.0 -2.0 -4.0 0.0 0.0 -4.0 -4.0 0.0 -2.0 -3.0 -3.0 -4.0 0.0 -4.0 -4.0 -3.0 -4.0 -1.0 -4.0 -3.0 -2.0 -1.0 0.0 -1.0 -4.0 -4.0 -1.0 -2.0 -3.0 -2.0 0.0 -4.0 -2.0 -3.0 0.0 -2.0 -2.0 -2.0 -1.0 -3.0 -2.0 -1.0 -1.0 -1.0 
-4.0 -1.0 -4.0 0.0 0.0 -2.0 -1.0 0.0 -3.0 -3.0 -3.0 -4.0 135.0 -2.0 0.0 0.0 -4.0 0.0 -4.0 -1.0 -4.0 -3.0 -4.0 0.0 -2.0 -1.0 0.0 -1.0 -4.0 0.0 -1.0 -2.0 -2.0 -1.0 -2.0 -2.0 0.0 -4.0 -4.0 -1.0 -4.0 -3.0 -1.0 -4.0 -1.0 -1.0 -4.0 -1.0 -3.0 -1.0 -4.0 -4.0 0.0 -1.0 -1.0 -4.0 -3.0 -4.0 -4.0 0.0 -4.0 -4.0 -4.0 0.0 -1.0 
0.0 -2.0 -3.0 -1.0 -1.0 -3.0 -3.0 -4.0 0.0 -3.0 0.0 -4.0 -3.0 124.0 0.0 -4.0 -4.0 0.0 -2.0 -1.0 -3.0 0.0 -4.0 -3.0 -4.0 -1.0 0.0 -4.0 -3.0 -1.0 -3.0 0.0 -2.0 0.0 -2.0 -2.0 -1.0 -4.0 0.0 -4.0 -4.0 -1.0 -4.0 -2.0 -1.0 -1.0 -4.0 0.0 -2.0 -3.0 -3.0 0.0 -2.0 -2.0 -2.0 0.0 -1.0 -2.0 0.0 -3.0 -3.0 0.0 -4.0 -1.0 0.0 
-4.0 -2.0 0.0 -1.0 -1.0 -4.0 -4.0 -4.0 0.0 -4.0 -3.0 -2.0 -2.0 -1.0 143.0 0.0 -4.0 -3.0 -3.0 -1.0 -1.0 -1.0 -1.0 -3.0 -3.0 -3.0 -3.0 -2.0 -1.0 -3.0 -3.0 -3.0 -2.0 0.0 -4.0 -4.0 -1.0 0.0 -4.0 -1.0 -1.0 -1.0 -2.0 -4.0 0.0 -2.0 -2.0 -4.0 -4.0 -3.0 -1.0 -3.0 -2.0 0.0 -2.0 -4.0 -2.0 -4.0 0.0 -4.0 -4.0 -1.0 -4.0 -2.0 -1.0 
-1.0 -2.0 0.0 -3.0 -3.0 0.0 -1.0 -3.0 -3.0 -4.0 -2.0 -1.0 -4.0 0.0 -2.0 120.0 0.0 -4.0 -4.0 -3.0 0.0 -3.0 -3.0 -1.0 -3.0 0.0 0.0 -1.0 -4.0 -4.0 -1.0 0.0 -1.0 -1.0 -4.0 -4.0 0.0 -3.0 -1.0 -3.0 0.0 -2.0 -3.0 -3.0 -3.0 -3.0 0.0 0.0 0.0 -2.0 -2.0 -1.0 -2.0 0.0 -2.0 0.0 -4.0 -1.0 -3.0 0.0 0.0 -4.0 -4.0 -3.0 -1.0 
-1.0 0.0 -1.0 0.0 -2.0 -4.0 -3.0 0.0 -1.0 -3.0 -2.0 -2.0 -3.0 -4.0 0.0 -2.0 131.0 -4.0 -1.0 -1.0 -3.0 0.0 -4.0 0.0 0.0 -1.0 0.0 -2.0 -1.0 -3.0 0.0 -4.0 -3.0 -4.0 -4.0 -2.0 -2.0 -3.0 -1.0 -1.0 -3.0 -4.0 -1.0 -2.0 -4.0 -2.0 -1.0 0.0 -2.0 -2.0 -4.0 -1.0 -4.0 -4.0 -1.0 -1.0 -3.0 -3.0 -4.0 -4.0 -3.0 -3.0 -1.0 -2.0 0.0 
-2.0 -2.0 -1.0 -2.0 -2.0 -1.0 0.0 -4.0 -3.0 -2.0 -2.0 -2.0 0.0 -4.0 -1.0 0.0 -3.0 112.0 -1.0 -1.0 -1.0 0.0 -4.0 -2.0 -3.0 0.0 0.0 -1.0 -1.0 0.0 0.0 -3.0 -3.0 -1.0 -3.0 -1.0 -2.0 -4.0 -4.0 0.0 -2.0 -2.0 -2.0 -1.0 0.0 -4.0 0.0 0.0 -2.0 0.0 -1.0 0.0 -1.0 -4.0 -2.0 -2.0 -1.0 -3.0 -3.0 -3.0 -3.0 -2.0 -3.0 -1.0 -4.0 
-3.0 -1.0 -3.0 -2.0 -1.0 0.0 -1.0 -2.0 -1.0 -4.0 -3.0 0.0 0.0 -1.0 0.0 -4.0 0.0 -2.0 129.0 -1.0 -4.0 -4.0 -2.0 0.0 -3.0 -2.0 -1.0 0.0 -4.0 -1.0 -4.0 -3.0 -4.0 -1.0 -2.0 -4.0 -3.0 -4.0 -2.0 -2.0 -1.0 -2.0 -2.0 -2.0 -4.0 -1.0 -3.0 -4.0 -3.0 -4.0 -2.0 -1.0 -3.0 -2.0 0.0 0.0 -4.0 0.0 0.0 -1.0 -4.0 0.0 -1.0 -2.0 -4.0 
-2.0 -4.0 -4.0 -2.0 -2.0 0.0 0.0 -2.0 -4.0 -2.0 -4.0 -2.0 0.0 -4.0 -3.0 0.0 -2.0 0.0 -2.0 134.0 -2.0 -1.0 -4.0 -4.0 -3.0 -1.0 -4.0 -2.0 -3.0 0.0 -1.0 -2.0 -3.0 -4.0 -3.0 -3.0 0.0 -1.0 -1.0 -1.0 -1.0 -4.0 -3.0 -3.0 -1.0 -1.0 -2.0 -2.0 -1.0 -4.0 0.0 -4.0 -3.0 -4.0 -1.0 0.0 0.0 -2.0 -2.0 -3.0 -2.0 0.0 -1.0 -4.0 -4.0 
0.0 0.0 -3.0 -2.0 -1.0 -1.0 -1.0 -2.0 -3.0 -3.0 -1.0 -3.0 0.0 -2.0 -4.0 -2.0 -1.0 0.0 -4.0 -3.0 125.0 -4.0 -2.0 -2.0 -1.0 -4.0 0.0 -3.0 -4.0 -3.0 -4.0 -4.0 -1.0 -2.0 0.0 -1.0 -1.0 -1.0 -2.0 -4.0 -1.0 -3.0 0.0 0.0 0.0 -3.0 -2.0 -2.0 -4.0 -1.0 0.0 -1.0 -3.0 -3.0 -3.0 0.0 0.0 -2.0 -2.0 -2.0 -2.0 -3.0 -1.0 -4.0 -4.0 
-2.0 -3.0 0.0 0.0 0.0 -4.0 -2.0 -3.0 0.0 -4.0 -1.0 0.0 0.0 -3.0 -1.0 -1.0 0.0 0.0 0.0 0.0 -2.0 109.0 -3.0 -2.0 0.0 -2.0 -2.0 -3.0 -4.0 0.0 -2.0 -1.0 -2.0 -1.0 -1.0 -2.0 -3.0 -3.0 0.0 -1.0 -3.0 -2.0 -3.0 -3.0 -3.0 0.0 -4.0 -4.0 0.0 -3.0 -2.0 -3.0 0.0 -1.0 -4.0 -2.0 -4.0 -2.0 -1.0 0.0 -1.0 -4.0 -2.0 0.0 0.0 
-3.0 -4.0 -3.0 -3.0 0.0 -3.0 -3.0 -3.0 -3.0 -2.0 -4.0 0.0 -2.0 -3.0 -2.0 0.0 -3.0 -2.0 -4.0 0.0 -4.0 -2.0 142.0 -3.0 -3.0 -1.0 -1.0 -4.0 -2.0 -4.0 -1.0 -3.0 -4.0 -1.0 -4.0 -1.0 -2.0 -3.0 -2.0 0.0 0.0 -4.0 0.0 -2.0 0.0 -3.0 -1.0 -1.0 -3.0 -4.0 -3.0 -2.0 0.0 -1.0 -4.0 -2.0 -3.0 -4.0 -1.0 0.0 -2.0 -4.0 -4.0 0.0 -2.0 
-3.0 -3.0 -1.0 -3.0 -4.0 0.0 -1.0 -1.0 -1.0 -2.0 -4.0 -2.0 -3.0 -3.0 0.0 0.0 -1.0 -3.0 -2.0 -2.0 -4.0 -3.0 -2.0 128.0 -1.0 -1.0 -2.0 -4.0 -3.0 -4.0 0.0 -4.0 -2.0 -4.0 -4.0 0.0 -3.0 -4.0 0.0 0.0 -1.0 -3.0 -1.0 -2.0 -1.0 -4.0 -3.0 -2.0 -1.0 0.0 0.0 -1.0 -2.0 -1.0 -4.0 -2.0 -4.0 -2.0 -1.0 -4.0 -1.0 -3.0 -1.0 0.0 0.0 
-2.0 0.0 0.0 0.0 -2.0 -2.0 -4.0 0.0 -1.0 0.0 -4.0 -2.0 -2.0 0.0 -1.0 0.0 0.0 -3.0 -1.0 -1.0 -4.0 -4.0 0.0 -4.0 109.0 -4.0 0.0 -1.0 -4.0 -3.0 -2.0 0.0 -4.0 -2.0 -2.0 0.0 0.0 0.0 0.0 0.0 0.0 -4.0 -2.0 -3.0 -4.0 -4.0 -4.0 -4.0 -3.0 -4.0 -1.0 -1.0 -4.0 -1.0 0.0 -3.0 -1.0 0.0 -1.0 -1.0 -2.0 0.0 0.0 0.0 -3.0 
-2.0 -2.0 -3.0 -3.0 0.0 -1.0 -4.0 -2.0 -2.0 -4.0 0.0 0.0 -1.0 0.0 0.0 -4.0 -1.0 0.0 -3.0 -1.0 -2.0 -2.0 -2.0 -4.0 -2.0 123.0 0.0 -1.0 -3.0 -1.0 -2.0 0.0 0.0 -4.0 -4.0 -4.0 -1.0 0.0 -1.0 -2.0 -4.0 -3.0 -3.0 -4.0 -2.0 -3.0 -3.0 -4.0 -2.0 -4.0 -1.0 0.0 0.0 -2.0 0.0 -3.0 0.0 -3.0 -2.0 -1.0 -4.0 -4.0 -2.0 0.0 -1.0 
-3.0 0.0 0.0 -2.0 -3.0 -4.0 -2.0 0.0 0.0 -3.0 0.0 -1.0 0.0 0.0 0.0 -3.0 -2.0 -3.0 -2.0 -1.0 -4.0 0.0 -2.0 -2.0 0.0 -4.0 125.0 -3.0 0.0 0.0 0.0 -3.0 -2.0 -4.0 -3.0 -4.0 0.0 0.0 -1.0 -1.0 -2.0 -4.0 -4.0 -4.0 -2.0 -1.0 -2.0 -2.0 -4.0 -4.0 -2.0 -4.0 -3.0 -4.0 0.0 -1.0 -1.0 -3.0 -2.0 -1.0 -2.0 -4.0 -4.0 0.0 -3.0 
0.0 -2.0 0.0 -4.0 -4.0 0.0 -4.0 -4.0 -2.0 -1.0 -1.0 -4.0 0.0 -4.0 -3.0 -3.0 -4.0 -2.0 -4.0 0.0 -1.0 -3.0 0.0 0.0 -3.0 -3.0 0.0 120.0 0.0 0.0 0.0 0.0 -2.0 -1.0 0.0 -3.0 -2.0 0.0 -4.0 0.0 -4.0 -2.0 -4.0 0.0 -4.0 -1.0 -4.0 -2.0 -2.0 0.0 -2.0 -3.0 -2.0 0.0 0.0 0.0 -1.0 -3.0 -3.0 -3.0 0.0 -1.0 -4.0 -3.0 -4.0 
-3.0 -4.0 -2.0 -3.0 -4.0 -1.0 -1.0 -3.0 -2.0 -4.0 -4.0 -2.0 0.0 -4.0 -1.0 -2.0 -1.0 -1.0 -1.0 -1.0 0.0 -1.0 -3.0 -2.0 -3.0 -4.0 -1.0 -4.0 128.0 -4.0 -3.0 0.0 -1.0 -4.0 -3.0 0.0 -1.0 -1.0 -3.0 -1.0 -1.0 -2.0 0.0 -1.0 0.0 0.0 -1.0 0.0 -3.0 -2.0 0.0 -2.0 -3.0 0.0 -3.0 -4.0 -4.0 -2.0 -1.0 -4.0 -4.0 0.0 -2.0 -2.0 -4.0 
-1.0 -3.0 -3.0 -2.0 -1.0 -2.0 -4.0 -4.0 0.0 -1.0 -2.0 -4.0 -2.0 -1.0 0.0 -2.0 -4.0 -1.0 0.0 -1.0 -3.0 -3.0 -2.0 -2.0 -1.0 -1.0 -4.0 -1.0 0.0 134.0 -2.0 -3.0 -1.0 -3.0 -2.0 -4.0 -4.0 -3.0 -3.0 -1.0 -1.0 -4.0 -2.0 -3.0 0.0 -3.0 -3.0 -2.0 -3.0 0.0 -3.0 -3.0 0.0 -4.0 -4.0 0.0 0.0 -3.0 -2.0 -2.0 -3.0 0.0 -3.0 -2.0 -3.0 
0.0 -3.0 -3.0 -3.0 -4.0 -3.0 -4.0 -4.0 0.0 -1.0 0.0 -3.0 -2.0 0.0 0.0 -4.0 -3.0 -4.0 -3.0 -1.0 0.0 0.0 -2.0 -3.0 -2.0 -3.0 -3.0 -1.0 -2.0 -1.0 128.0 -3.0 -1.0 -4.0 -1.0 -3.0 -2.0 -1.0 -4.0 -2.0 -1.0 -2.0 -2.0 -4.0 0.0 -3.0 -4.0 -3.0 0.0 -1.0 0.0 -2.0 -1.0 0.0 -2.0 -1.0 0.0 -2.0 -3.0 0.0 -1.0 -3.0 -4.0 -2.0 -4.0 
-2.0 -1.0 -4.0 0.0 -1.0 -1.0 -3.0 -4.0 -1.0 -4.0 -4.0 -1.0 -3.0 -3.0 0.0 -1.0 -3.0 0.0 -1.0 -2.0 -2.0 -1.0 0.0 -3.0 0.0 -2.0 -4.0 -4.0 -2.0 -3.0 -3.0 136.0 -4.0 -3.0 -1.0 -2.0 -4.0 -4.0 0.0 0.0 -4.0 -3.0 -2.0 -1.0 -4.0 -2.0 -4.0 0.0 -3.0 -3.0 -2.0 0.0 -4.0 -2.0 0.0 -4.0 -2.0 -2.0 0.0 -2.0 0.0 -1.0 -4.0 -3.0 -3.0 
0.0 -3.0 0.0 -1.0 -2.0 -2.0 -2.0 -4.0 -3.0 -1.0 -3.0 -1.0 -4.0 -3.0 -2.0 -1.0 -3.0 0.0 0.0 -1.0 0.0 -1.0 -4.0 -4.0 -4.0 -4.0 -4.0 -2.0 -1.0 -4.0 -2.0 0.0 130.0 -4.0 -1.0 -3.0 -2.0 -1.0 0.0 -1.0 0.0 -3.0 -4.0 -4.0 0.0 -2.0 -1.0 -4.0 -3.0 -1.0 -4.0 -3.0 0.0 0.0 0.0 -4.0 -3.0 -2.0 -3.0 -3.0 -1.0 -2.0 -3.0 -2.0 0.0 
-1.0 -4.0 -1.0 0.0 -3.0 -4.0 -1.0 -3.0 -3.0 -1.0 -1.0 -3.0 -2.0 -1.0 -3.0 -1.0 -2.0 -1.0 -3.0 -3.0 0.0 -2.0 0.0 -4.0 -2.0 -4.0 -3.0 -4.0 -3.0 -2.0 0.0 0.0 0.0 129.0 -3.0 -3.0 -3.0 -3.0 0.0 -2.0 -4.0 -2.0 -3.0 -3.0 -2.0 0.0 -2.0 -3.0 0.0 -4.0 0.0 0.0 -2.0 -2.0 -2.0 -4.0 -2.0 -2.0 -1.0 -2.0 -3.0 0.0 -3.0 -2.0 -2.0 
-2.0 0.0 -2.0 -1.0 0.0 -3.0 -4.0 -1.0 -2.0 -2.0 -2.0 -4.0 0.0 -3.0 0.0 -3.0 -3.0 -1.0 -1.0 -2.0 0.0 -1.0 -1.0 -4.0 -2.0 -2.0 -1.0 -2.0 -1.0 -4.0 -3.0 0.0 -2.0 -4.0 119.0 -2.0 -4.0 0.0 0.0 -3.0 -4.0 -2.0 -3.0 -2.0 -3.0 -3.0 -4.0 -3.0 0.0 -2.0 -1.0 0.0 -2.0 0.0 -3.0 -3.0 -1.0 -2.0 -1.0 -2.0 -4.0 0.0 0.0 0.0 -2.0 
-3.0 -4.0 -1.0 0.0 -1.0 -4.0 -2.0 -4.0 -2.0 -4.0 -4.0 0.0 -1.0 -2.0 -4.0 -4.0 0.0 -2.0 -2.0 -1.0 -1.0 -1.0 -3.0 -3.0 -3.0 0.0 -3.0 -4.0 -2.0 -1.0 -4.0 0.0 -4.0 -2.0 0.0 136.0 -2.0 -2.0 0.0 -4.0 -1.0 -1.0 -2.0 -3.0 -4.0 0.0 -2.0 -1.0 -3.0 -2.0 -3.0 -1.0 -2.0 -2.0 -4.0 0.0 -4.0 0.0 0.0 -4.0 -2.0 -4.0 -3.0 -2.0 -2.0 
-4.0 -2.0 -1.0 -3.0 -1.0 -2.0 -4.0 -2.0 -2.0 -1.0 -1.0 -4.0 -4.0 -4.0 -1.0 -3.0 -1.0 -4.0 -3.0 -3.0 -4.0 -4.0 -1.0 -2.0 -1.0 0.0 -2.0 0.0 0.0 0.0 0.0 -4.0 -4.0 -1.0 -4.0 -4.0 151.0 -4.0 -3.0 -3.0 -3.0 -1.0 -2.0 0.0 -4.0 -2.0 0.0 -4.0 -1.0 -4.0 -1.0 -3.0 -4.0 -3.0 -3.0 -4.0 -4.0 -1.0 -4.0 -2.0 -3.0 -1.0 -1.0 -4.0 -1.0 
-2.0 -3.0 -1.0 -1.0 -2.0 -3.0 -3.0 0.0 -2.0 -4.0 -1.0 -3.0 0.0 -2.0 0.0 -2.0 -1.0 -1.0 -1.0 -4.0 -2.0 -2.0 -4.0 -1.0 0.0 -1.0 -3.0 -1.0 -2.0 0.0 -3.0 -4.0 -2.0 -1.0 0.0 -3.0 0.0 117.0 -1.0 0.0 -4.0 -2.0 -2.0 -3.0 -1.0 -2.0 -3.0 -1.0 -4.0 -3.0 -3.0 -1.0 -1.0 -1.0 -1.0 -2.0 -4.0 0.0 -2.0 0.0 -2.0 -2.0 -3.0 0.0 -4.0 
0.0 -1.0 -4.0 0.0 -2.0 0.0 -1.0 -4.0 -4.0 -1.0 0.0 0.0 -3.0 -1.0 -4.0 0.0 -1.0 0.0 -2.0 -2.0 -3.0 -1.0 -3.0 -2.0 -1.0 -4.0 -3.0 -3.0 -1.0 -3.0 -1.0 -4.0 -1.0 0.0 -2.0 0.0 -4.0 -1.0 112.0 -3.0 -4.0 -2.0 0.0 -1.0 -2.0 -3.0 -3.0 0.0 0.0 -4.0 -1.0 -1.0 -1.0 0.0 -4.0 -4.0 -2.0 0.0 -2.0 -2.0 -2.0 -1.0 -1.0 -2.0 0.0 
-2.0 -1.0 -2.0 -4.0 -3.0 -1.0 -1.0 -3.0 -1.0 0.0 -3.0 -2.0 -3.0 0.0 -3.0 -1.0 0.0 -3.0 -2.0 -2.0 -2.0 -3.0 0.0 -1.0 -1.0 0.0 -4.0 -3.0 -1.0 -3.0 -4.0 0.0 -4.0 0.0 0.0 -2.0 -2.0 -1.0 -3.0 114.0 -2.0 -1.0 -2.0 -2.0 -1.0 -2.0 -3.0 -2.0 -2.0 0.0 0.0 -4.0 -2.0 -3.0 0.0 -3.0 0.0 0.0 -4.0 -1.0 0.0 0.0 -2.0 -4.0 -3.0 
0.0 -4.0 -1.0 -3.0 0.0 -2.0 0.0 -4.0 -1.0 -1.0 0.0 -4.0 -1.0 -1.0 -3.0 -1.0 -3.0 -1.0 -3.0 -2.0 -2.0 -1.0 -3.0 -3.0 -3.0 0.0 -2.0 -2.0 0.0 0.0 -4.0 -4.0 0.0 -2.0 -3.0 -1.0 -1.0 -4.0 0.0 -3.0 124.0 -2.0 -1.0 -4.0 -3.0 0.0 -3.0 0.0 -4.0 0.0 -4.0 0.0 0.0 -3.0 -2.0 -4.0 -3.0 -4.0 -1.0 -4.0 -3.0 -1.0 -1.0 -3.0 -1.0 
0.0 -1.0 -4.0 -3.0 -1.0 -1.0 -2.0 -4.0 -3.0 -3.0 -1.0 -4.0 0.0 -1.0 -1.0 -1.0 -3.0 -1.0 -4.0 -2.0 -4.0 -3.0 -4.0 0.0 -2.0 -4.0 -1.0 -3.0 -4.0 -3.0 -3.0 -3.0 0.0 -4.0 -1.0 -4.0 -4.0 0.0 0.0 0.0 -1.0 124.0 -3.0 -1.0 -1.0 0.0 -4.0 -4.0 -1.0 -4.0 -1.0 -1.0 0.0 -2.0 0.0 -2.0 -1.0 -2.0 -1.0 -1.0 0.0 0.0 -2.0 -2.0 -3.0 
-4.0 -3.0 -4.0 -1.0 -4.0 -2.0 -3.0 0.0 -1.0 -2.0 -4.0 -2.0 -3.0 -3.0 -1.0 -4.0 0.0 0.0 -2.0 -3.0 -1.0 -4.0 -2.0 -4.0 -2.0 0.0 -2.0 0.0 -4.0 0.0 -2.0 -3.0 -3.0 0.0 0.0 0.0 -4.0 -2.0 -4.0 -2.0 -1.0 -4.0 132.0 -3.0 -2.0 -2.0 -4.0 -2.0 0.0 -3.0 -2.0 -2.0 -3.0 -1.0 -4.0 0.0 0.0 -2.0 -3.0 -3.0 -2.0 0.0 0.0 -2.0 -2.0 
-1.0 -3.0 -1.0 -1.0 -2.0 -4.0 -1.0 0.0 -4.0 -1.0 -1.0 -4.0 -4.0 -4.0 0.0 -4.0 -3.0 0.0 -3.0 -3.0 -1.0 -1.0 -1.0 0.0 -2.0 -4.0 -1.0 -2.0 -3.0 -3.0 -1.0 0.0 -2.0 0.0 0.0 0.0 0.0 -3.0 -2.0 -4.0 -3.0 -2.0 0.0 120.0 0.0 0.0 -2.0 -4.0 -3.0 -3.0 -3.0 0.0 -4.0 -3.0 0.0 0.0 -4.0 -2.0 -2.0 0.0 -2.0 0.0 -2.0 -4.0 -3.0 
-2.0 0.0 -1.0 -4.0 0.0 -3.0 -1.0 0.0 -2.0 -4.0 -1.0 -2.0 -4.0 -4.0 -3.0 -1.0 -2.0 -3.0 0.0 -2.0 -4.0 -4.0 0.0 -4.0 -3.0 0.0 0.0 -1.0 -1.0 -3.0 -3.0 -3.0 -1.0 -1.0 -1.0 -1.0 0.0 -3.0 -3.0 -1.0 0.0 -1.0 -4.0 -4.0 122.0 -1.0 -1.0 -4.0 0.0 -1.0 -4.0 -1.0 -1.0 -2.0 0.0 -2.0 -3.0 0.0 0.0 -3.0 -4.0 -3.0 -3.0 -1.0 -3.0 
-1.0 -4.0 -2.0 -3.0 -1.0 -4.0 -2.0 0.0 0.0 0.0 -3.0 0.0 0.0 -1.0 -4.0 -3.0 -4.0 -4.0 -3.0 -4.0 0.0 -3.0 0.0 -2.0 0.0 -1.0 -4.0 -4.0 -4.0 -4.0 -4.0 -3.0 -4.0 -1.0 -2.0 0.0 -4.0 -1.0 -2.0 -1.0 -2.0 0.0 0.0 -2.0 -4.0 126.0 -1.0 0.0 -3.0 -1.0 0.0 -3.0 -1.0 -2.0 -3.0 0.0 -3.0 -1.0 -1.0 0.0 -1.0 -2.0 -3.0 -2.0 -4.0 
0.0 0.0 -3.0 -4.0 -2.0 -3.0 -2.0 -1.0 -4.0 -2.0 -1.0 -3.0 -3.0 -3.0 -3.0 -4.0 -4.0 0.0 -1.0 -1.0 -1.0 -4.0 -1.0 -1.0 0.0 -4.0 0.0 -4.0 -4.0 -1.0 -4.0 -4.0 -1.0 -3.0 -1.0 -4.0 -3.0 -2.0 0.0 -1.0 -4.0 -2.0 -3.0 -4.0 -3.0 -2.0 148.0 -4.0 -4.0 -2.0 0.0 -4.0 -2.0 -3.0 -1.0 -4.0 -2.0 -4.0 -3.0 -1.0 -2.0 -1.0 -3.0 -3.0 0.0 
-1.0 -2.0 -4.0 0.0 -3.0 0.0 -2.0 -4.0 -3.0 -4.0 -1.0 -2.0 -1.0 0.0 -1.0 0.0 0.0 -4.0 -4.0 -2.0 -1.0 -2.0 -1.0 0.0 -4.0 0.0 -3.0 -2.0 -1.0 -2.0 -4.0 0.0 -2.0 -1.0 -4.0 -2.0 -1.0 -3.0 -3.0 -3.0 0.0 -4.0 0.0 -3.0 -1.0 0.0 -1.0 126.0 -4.0 -2.0 -4.0 0.0 -4.0 0.0 -2.0 -2.0 -3.0 0.0 -4.0 -2.0 -4.0 -1.0 -2.0 -3.0 -3.0 
-4.0 0.0 -1.0 -3.0 0.0 -4.0 -2.0 -4.0 -3.0 -2.0 -2.0 -1.0 -3.0 -3.0 -4.0 0.0 0.0 -3.0 -2.0 -4.0 -3.0 -3.0 0.0 -4.0 -4.0 0.0 -1.0 -1.0 0.0 0.0 -4.0 -1.0 -2.0 -2.0 -2.0 -2.0 -3.0 -1.0 -1.0 -3.0 -2.0 0.0 -3.0 -3.0 -2.0 -2.0 -4.0 -1.0 124.0 -2.0 0.0 -4.0 -4.0 -1.0 -4.0 0.0 -1.0 0.0 -1.0 0.0 -3.0 -4.0 0.0 -1.0 0.0 
-1.0 0.0 -1.0 -3.0 -2.0 -3.0 -4.0 -1.0 -1.0 -3.0 -1.0 0.0 0.0 -4.0 -3.0 -3.0 -2.0 -4.0 -1.0 0.0 -1.0 -2.0 -1.0 -4.0 0.0 -1.0 -3.0 -3.0 -4.0 -3.0 0.0 -2.0 -3.0 -4.0 0.0 -2.0 0.0 -2.0 -1.0 -1.0 0.0 -3.0 -1.0 -3.0 -2.0 -2.0 -3.0 -4.0 0.0 118.0 -2.0 -2.0 -2.0 -1.0 -4.0 -1.0 -3.0 -1.0 -1.0 -3.0 -2.0 -2.0 -2.0 0.0 0.0 
-2.0 -4.0 -4.0 0.0 0.0 -3.0 -2.0 -3.0 0.0 -4.0 -4.0 -1.0 0.0 -4.0 -2.0 -4.0 -1.0 -3.0 -2.0 0.0 -4.0 -4.0 -1.0 -2.0 -2.0 -4.0 -1.0 -2.0 -3.0 -4.0 -1.0 -2.0 -2.0 -3.0 -2.0 -2.0 -4.0 -3.0 -4.0 -1.0 -4.0 -1.0 -1.0 -3.0 -1.0 -4.0 -2.0 -1.0 -2.0 0.0 142.0 -1.0 -4.0 -3.0 0.0 -3.0 -1.0 -3.0 0.0 -4.0 0.0 0.0 -4.0 -3.0 -3.0 
0.0 -1.0 -3.0 -3.0 -1.0 -1.0 -3.0 -4.0 -2.0 -2.0 -2.0 -4.0 -1.0 -2.0 -3.0 -2.0 -2.0 -2.0 -3.0 -2.0 -3.0 -2.0 -4.0 -1.0 -4.0 -1.0 -3.0 -1.0 -4.0 0.0 0.0 -3.0 -3.0 0.0 0.0 -3.0 -4.0 -3.0 -1.0 0.0 -3.0 -4.0 0.0 -4.0 -2.0 -4.0 -4.0 -2.0 -4.0 -3.0 -4.0 147.0 -3.0 -4.0 0.0 -2.0 -3.0 -4.0 -1.0 -2.0 -3.0 -3.0 -1.0 -4.0 0.0 
0.0 0.0 -3.0 -3.0 -1.0 -3.0 0.0 -4.0 -1.0 -4.0 -4.0 -2.0 0.0 -3.0 -3.0 -2.0 -3.0 -1.0 -3.0 -2.0 0.0 -4.0 -1.0 0.0 0.0 -3.0 -3.0 0.0 -1.0 -4.0 -1.0 -2.0 -1.0 -4.0 0.0 -4.0 -3.0 0.0 -4.0 0.0 -3.0 0.0 -3.0 -2.0 0.0 -2.0 -4.0 -1.0 0.0 -2.0 -4.0 -4.0 126.0 0.0 -4.0 0.0 -4.0 0.0 -4.0 0.0 -2.0 -2.0 -1.0 -3.0 -4.0 
0.0 0.0 -1.0 0.0 -4.0 -3.0 0.0 0.0 -4.0 -1.0 -2.0 -3.0 0.0 -2.0 -1.0 0.0 -2.0 -2.0 0.0 -3.0 0.0 -1.0 -4.0 -4.0 0.0 -3.0 -3.0 -3.0 -2.0 0.0 -4.0 -1.0 -1.0 -2.0 0.0 -1.0 -3.0 -2.0 -2.0 -2.0 -2.0 0.0 -4.0 -3.0 0.0 0.0 -3.0 -3.0 -1.0 -3.0 -4.0 0.0 -1.0 107.0 0.0 -3.0 -3.0 -3.0 -1.0 -2.0 0.0 -3.0 -1.0 0.0 -1.0 
-2.0 -1.0 -1.0 -4.0 -4.0 -1.0 -3.0 0.0 0.0 -3.0 -2.0 -2.0 -3.0 -2.0 -3.0 0.0 0.0 -4.0 -3.0 -2.0 0.0 -1.0 -1.0 -4.0 0.0 -1.0 -3.0 -4.0 -4.0 -1.0 -4.0 -3.0 0.0 -1.0 -3.0 0.0 0.0 -3.0 -2.0 -2.0 -1.0 -3.0 -2.0 -3.0 -3.0 -2.0 -3.0 -3.0 -1.0 -4.0 -2.0 -4.0 -2.0 -4.0 132.0 -1.0 -3.0 -1.0 0.0 -4.0 -4.0 -1.0 0.0 -3.0 -1.0 
-1.0 -1.0 -2.0 -2.0 -2.0 -3.0 -3.0 -2.0 0.0 0.0 -4.0 -2.0 0.0 -3.0 -4.0 0.0 -2.0 -2.0 -1.0 -4.0 -1.0 0.0 0.0 -4.0 -2.0 -3.0 -1.0 -4.0 -3.0 -3.0 -4.0 -4.0 -1.0 -2.0 0.0 -2.0 0.0 -2.0 -2.0 -4.0 -1.0 -2.0 -2.0 -4.0 -2.0 -2.0 -4.0 -4.0 0.0 0.0 -3.0 -3.0 -2.0 -4.0 -2.0 136.0 -4.0 -4.0 -2.0 -1.0 0.0 -3.0 -2.0 -1.0 -4.0 
0.0 -3.0 -1.0 -1.0 -1.0 -4.0 0.0 -1.0 -4.0 0.0 -3.0 -1.0 0.0 -3.0 -1.0 -2.0 -1.0 0.0 -4.0 0.0 -4.0 -3.0 -3.0 0.0 -1.0 -1.0 -4.0 -4.0 0.0 0.0 -2.0 -3.0 -1.0 -4.0 -1.0 0.0 -2.0 -3.0 -3.0 -3.0 -2.0 0.0 -4.0 -4.0 -4.0 0.0 -4.0 -1.0 -4.0 -3.0 0.0 0.0 -1.0 -1.0 0.0 -2.0 119.0 -3.0 -2.0 -2.0 -3.0 -4.0 -1.0 0.0 -2.0 
0.0 -4.0 -3.0 -3.0 -1.0 -1.0 -1.0 -4.0 -3.0 -4.0 -2.0 -2.0 -3.0 -3.0 -1.0 -1.0 -2.0 -4.0 -2.0 -2.0 -3.0 -3.0 -4.0 -3.0 -1.0 -2.0 0.0 -2.0 -3.0 -4.0 -3.0 -1.0 -2.0 -3.0 -1.0 -1.0 -2.0 -1.0 -4.0 -3.0 -3.0 0.0 -3.0 0.0 -2.0 -1.0 -4.0 0.0 0.0 -3.0 0.0 0.0 -1.0 0.0 -1.0 -2.0 -4.0 130.0 -4.0 -1.0 -2.0 -4.0 0.0 -1.0 -2.0 
-4.0 -4.0 -4.0 -3.0 -3.0 -4.0 -3.0 -4.0 0.0 -2.0 -1.0 0.0 0.0 -2.0 -1.0 -4.0 0.0 -2.0 0.0 -1.0 -3.0 -4.0 -2.0 -1.0 -1.0 -2.0 -1.0 -3.0 0.0 -2.0 -2.0 -4.0 -1.0 -2.0 -3.0 -2.0 -2.0 -2.0 -1.0 -4.0 -3.0 -4.0 -1.0 -2.0 -4.0 -2.0 0.0 -4.0 -1.0 -1.0 -3.0 -3.0 -1.0 -2.0 -2.0 -3.0 -3.0 -2.0 136.0 -3.0 -2.0 0.0 -1.0 -3.0 -2.0 
0.0 -2.0 0.0 -4.0 -4.0 0.0 -2.0 0.0 -1.0 -4.0 -3.0 -2.0 -1.0 -2.0 -3.0 -1.0 -4.0 -4.0 -1.0 -4.0 0.0 -1.0 -4.0 -3.0 -4.0 -1.0 -4.0 0.0 -1.0 -3.0 -1.0 0.0 0.0 0.0 -1.0 -2.0 -4.0 -3.0 -4.0 -1.0 -1.0 0.0 -2.0 0.0 -1.0 -1.0 -3.0 -1.0 -2.0 -2.0 0.0 0.0 -3.0 -3.0 -2.0 -4.0 -4.0 -3.0 -2.0 123.0 -3.0 -1.0 -1.0 -4.0 -1.0 
-2.0 -1.0 -4.0 -1.0 -4.0 -2.0 0.0 0.0 0.0 -4.0 -1.0 -2.0 -4.0 -3.0 -3.0 0.0 0.0 -2.0 -1.0 -4.0 -1.0 -3.0 -1.0 -1.0 -4.0 -1.0 0.0 -1.0 -2.0 -3.0 -3.0 -2.0 -3.0 -1.0 0.0 -3.0 -3.0 -2.0 -1.0 -4.0 -1.0 -2.0 0.0 -1.0 -2.0 0.0 -1.0 -2.0 -2.0 0.0 -1.0 0.0 0.0 -3.0 0.0 -1.0 -2.0 -1.0 -4.0 0.0 110.0 -3.0 -1.0 -2.0 -4.0 
-2.0 0.0 -4.0 -4.0 0.0 -3.0 0.0 -1.0 -1.0 -3.0 0.0 -4.0 -4.0 -4.0 0.0 0.0 -4.0 -1.0 -2.0 -3.0 0.0 -1.0 -3.0 0.0 0.0 -3.0 -4.0 -3.0 -1.0 -2.0 0.0 -2.0 -2.0 -4.0 -2.0 0.0 -4.0 -4.0 0.0 -4.0 -1.0 -2.0 -1.0 -2.0 0.0 -2.0 -2.0 -3.0 0.0 -4.0 -3.0 -3.0 0.0 -3.0 -4.0 -2.0 -4.0 -3.0 0.0 -4.0 -4.0 132.0 -2.0 -1.0 -3.0 
0.0 0.0 -4.0 -4.0 -4.0 -1.0 -4.0 -2.0 -2.0 -3.0 -2.0 -4.0 -4.0 -2.0 -2.0 -4.0 -1.0 -3.0 -2.0 0.0 -4.0 -2.0 -1.0 -2.0 0.0 -2.0 -4.0 -2.0 -4.0 -1.0 -3.0 -3.0 -3.0 -2.0 -3.0 -2.0 -4.0 -4.0 0.0 -2.0 -2.0 0.0 0.0 -3.0 -1.0 -3.0 -4.0 0.0 -1.0 -3.0 -1.0 -1.0 0.0 -2.0 0.0 -1.0 -2.0 -2.0 -4.0 -4.0 -1.0 -2.0 135.0 -2.0 0.0 
-1.0 0.0 -4.0 -1.0 -4.0 -4.0 -1.0 0.0 -1.0 -2.0 -4.0 0.0 -4.0 -3.0 -1.0 -3.0 -2.0 -2.0 0.0 -2.0 -1.0 -1.0 -3.0 -1.0 0.0 -1.0 0.0 -3.0 -2.0 -4.0 -4.0 0.0 -4.0 0.0 -1.0 -3.0 -2.0 -1.0 -3.0 -4.0 0.0 0.0 0.0 -4.0 -4.0 -1.0 0.0 -3.0 -2.0 -3.0 -2.0 -1.0 -1.0 -4.0 -4.0 -1.0 0.0 -4.0 -2.0 -4.0 0.0 -4.0 0.0 124.0 -3.0 
-2.0 -2.0 -2.0 -1.0 -1.0 -2.0 -3.0 -4.0 -2.0 -3.0 -2.0 -2.0 -1.0 -3.0 -2.0 0.0 -3.0 -1.0 -3.0 -3.0 0.0 -3.0 -2.0 -4.0 -4.0 -3.0 0.0 -1.0 -4.0 -4.0 -3.0 -3.0 -4.0 -3.0 -4.0 -1.0 0.0 -3.0 -2.0 0.0 -1.0 -3.0 0.0 0.0 -4.0 -3.0 -3.0 -2.0 -3.0 -1.0 0.0 -4.0 -3.0 -4.0 -1.0 -1.0 -1.0 -4.0 -2.0 0.0 -1.0 -2.0 0.0 -1.0 134.0 
