124.36 -3.0 -4.0 -2.0 -1.0 0.0 -2.0 0.0 -2.0 0.0 -2.0 -1.0 -1.0 -2.0 -4.0 -3.0 0.0 -1.0 -1.0 -4.0 -2.0 0.0 -2.0 -4.0 -3.0 -4.0 -4.0 -4.0 0.0 -1.0 -1.0 -2.0 -4.0 -1.0 -2.0 -4.0 -4.0 -2.0 -2.0 0.0 -2.0 -4.0 0.0 -3.0 0.0 -2.0 -1.0 -4.0 0.0 0.0 -1.0 0.0 -4.0 -2.0 -1.0 -4.0 -1.0 0.0 -3.0 -1.0 -3.0 -1.0 -1.0 -4.0 -4.0 
-4.0 139.0 -4.0 -1.0 -3.0 0.0 -1.0 -2.0 -3.0 -3.0 -1.0 -4.0 0.0 -3.0 -2.0 0.0 -1.0 -4.0 -3.0 -3.0 -3.0 -2.0 0.0 -1.0 -4.0 -1.0 -4.0 -3.0 -3.0 0.0 -3.0 -1.0 0.0 -4.0 -3.0 -2.0 0.0 -4.0 -1.0 -3.0 -3.0 -4.0 -4.0 -4.0 0.0 0.0 -4.0 -1.0 -4.0 0.0 -4.0 -1.0 -1.0 -2.0 -4.0 -4.0 -2.0 0.0 -2.0 -1.0 -2.0 0.0 -4.0 -1.0 -3.0 
0.0 -2.0 125.0 -2.0 -3.0 -2.0 0.0 -1.0 -2.0 -4.0 -3.0 -3.0 -2.0 -3.0 -3.0 -4.0 -3.0 -2.0 -1.0 -4.0 -1.0 -3.0 -3.0 0.0 -2.0 -2.0 0.0 -2.0 -4.0 -2.0 -3.0 0.0 0.0 -3.0 -3.0 -2.0 -1.0 -3.0 -1.0 -3.0 -3.0 -1.0 0.0 -3.0 -1.0 -2.0 -1.0 -2.0 -2.0 -1.0 -3.0 -1.0 -2.0 -1.0 -4.0 -3.0 -1.0 -1.0 -4.0 -3.0 -1.0 0.0 -1.0 -1.0 -1.0 
-2.0 -1.0 0.0 114.0 -3.0 -1.0 -1.0 0.0 -3.0 -2.0 -3.0 -1.0 -3.0 -4.0 -4.0 -1.0 -4.0 -2.0 0.0 -2.0 -3.0 -2.0 -2.0 -2.0 -3.0 -4.0 0.0 -4.0 -1.0 -1.0 0.0 -1.0 0.0 0.0 -1.0 -4.0 -1.0 -4.0 0.0 0.0 -1.0 -1.0 -1.0 0.0 -1.0 -3.0 -2.0 0.0 0.0 -2.0 -3.0 -4.0 -4.0 -2.0 -1.0 -1.0 0.0 -1.0 -1.0 -3.0 -1.0 -2.0 -3.0 -4.0 -3.0 
-3.0 -1.0 -1.0 0.0 127.0 -2.0 -2.0 -3.0 -2.0 -1.0 -4.0 -1.0 -4.0 -2.0 -3.0 -3.0 -1.0 -3.0 -2.0 -2.0 -1.0 0.0 -2.0 0.0 0.0 -1.0 0.0 0.0 -2.0 -1.0 -4.0 -3.0 -1.0 -2.0 -2.0 -2.0 -3.0 -4.0 -3.0 -4.0 -3.0 -2.0 -2.0 -1.0 -2.0 -4.0 -2.0 -4.0 -4.0 -3.0 -3.0 0.0 -3.0 -4.0 -2.0 -4.0 0.0 -2.0 -3.0 0.0 -2.0 0.0 0.0 -1.0 -1.0 
-4.0 -3.0 -1.0 -1.0 -3.0 126.0 -2.0 0.0 -2.0 -4.0 0.0 -1.0 -1.0 0.0 -2.0 -4.0 -3.0 -1.0 0.0 -1.0 -4.0 -2.0 -3.0 0.0 -2.0 0.0 -3.0 -4.0 -3.0 -1.0 -4.0 0.0 0.0 -3.0 -3.0 -4.0 -1.0 0.0 -4.0 -1.0 -1.0 -1.0 0.0 -3.0 -4.0 -4.0 0.0 -3.0 0.0 -3.0 -1.0 -1.0 -4.0 -3.0 -3.0 0.0 0.0 -3.0 -4.0 -3.0 -2.0 -1.0 -1.0 -4.0 -2.0 
-1.0 -2.0 -2.0 -4.0 -3.0 -4.0 135.0 -2.0 -3.0 0.0 -2.0 -3.0 -2.0 -4.0 -1.0 -3.0 -3.0 0.0 -2.0 -3.0 -2.0 -1.0 -4.0 0.0 -4.0 -4.0 0.0 -1.0 -1.0 -4.0 -1.0 0.0 -1.0 -2.0 0.0 -3.0 0.0 -3.0 -4.0 -1.0 -3.0 -1.0 -2.0 0.0 -1.0 -4.0 -2.0 -4.0 -1.0 -2.0 -3.0 -2.0 -4.0 -4.0 0.0 -4.0 -1.0 -1.0 -3.0 -1.0 -3.0 -3.0 0.0 -3.0 -3.0 
0.0 -2.0 -3.0 -3.0 -2.0 0.0 -2.0 134.0 -3.0 -3.0 -1.0 0.0 -4.0 -2.0 -4.0 -1.0 -1.0 -1.0 0.0 -2.0 -2.0 -1.0 -3.0 -3.0 0.0 0.0 -3.0 -4.0 0.0 -4.0 -4.0 0.0 -4.0 -3.0 0.0 -3.0 -4.0 -4.0 -3.0 -4.0 -3.0 -3.0 0.0 -1.0 -1.0 -4.0 0.0 -3.0 -4.0 0.0 -2.0 -3.0 -2.0 -2.0 -4.0 -4.0 -4.0 -2.0 0.0 -1.0 -3.0 -1.0 -4.0 0.0 0.0 
0.0 -2.0 -1.0 -3.0 -1.0 -1.0 0.0 -2.0 136.0 -1.0 -2.0 -2.0 -4.0 -4.0 -2.0 -3.0 -1.0 -3.0 -2.0 -1.0 -1.0 -3.0 -2.0 -1.0 -4.0 -3.0 0.0 -2.0 -3.0 -3.0 -4.0 -4.0 -3.0 0.0 -3.0 -1.0 0.0 -3.0 -3.0 -4.0 -2.0 0.0 -1.0 -4.0 -3.0 -2.0 -4.0 -2.0 -1.0 -1.0 -3.0 -1.0 -4.0 -3.0 -4.0 -2.0 -1.0 -3.0 -3.0 -4.0 -2.0 0.0 -3.0 -1.0 0.0 
-3.0 -1.0 -2.0 -3.0 -3.0 -2.0 -3.0 0.0 -2.0 127.0 0.0 -4.0 -2.0 -4.0 -3.0 -4.0 -3.0 -4.0 0.0 -2.0 -3.0 0.0 -3.0 -4.0 -1.0 -3.0 0.0 -1.0 -1.0 0.0 0.0 0.0 -3.0 -2.0 -4.0 -4.0 -1.0 -4.0 -4.0 0.0 -3.0 -1.0 -1.0 -2.0 -1.0 -1.0 -4.0 0.0 0.0 -1.0 -2.0 -4.0 -1.0 -3.0 -1.0 0.0 -4.0 -2.0 -2.0 0.0 -4.0 0.0 -3.0 -4.0 0.0 
0.0 -4.0 0.0 -1.0 -3.0 -4.0 -3.0 -3.0 -3.0 -4.0 128.0 0.0 0.0 0.0 -1.0 -1.0 -2.0 -3.0 -2.0 -4.0 -2.0 0.0 -2.0 -4.0 -3.0 0.0 -3.0 -4.0 -4.0 -4.0 0.0 0.0 0.0 -1.0 -4.0 -3.0 0.0 -3.0 -2.0 -4.0 0.0 -3.0 -2.0 -2.0 -3.0 -1.0 -4.0 -4.0 -4.0 -1.0 -2.0 -2.0 -1.0 -1.0 -4.0 -1.0 0.0 -3.0 -1.0 -2.0 -3.0 0.0 -3.0 0.0 0.0 
-2.0 -1.0 0.0 -4.0 -2.0 -3.0 -2.0 -3.0 -4.0 -1.0 -1.0 151.0 -4.0 -2.0 0.0 -2.0 -1.0 -2.0 -1.0 -3.0 -3.0 -4.0 -4.0 -3.0 -3.0 -4.0 -3.0 -2.0 -4.0 -4.0 -4.0 -2.0 -2.0 0.0 -1.0 -2.0 -2.0 -3.0 -3.0 0.0 -1.0 -3.0 0.0 -2.0 -4.0 -4.0 -3.0 -3.0 -3.0 -3.0 -3.0 -3.0 -4.0 -1.0 -4.0 0.0 -4.0 -1.0 0.0 -4.0 -4.0 -4.0 -2.0 0.0 0.0 
-4.0 -4.0 -1.0 -4.0 -3.0 -3.0 -4.0 -1.0 0.0 -3.0 -3.0 -2.0 133.0 -1.0 0.0 -1.0 0.0 -4.0 -1.0 -2.0 -1.0 0.0 0.0 -1.0 -1.0 -1.0 -3.0 -1.0 -4.0 -4.0 -4.0 -1.0 -2.0 -2.0 -1.0 0.0 -4.0 -1.0 -1.0 -4.0 -3.0 -4.0 -2.0 -4.0 -4.0 0.0 -3.0 -3.0 -2.0 -3.0 0.0 -3.0 -4.0 0.0 -4.0 -1.0 -3.0 -3.0 0.0 0.0 -1.0 -4.0 -3.0 -1.0 -1.0 
-4.0 -1.0 0.0 0.0 -2.0 0.0 -2.0 -4.0 -4.0 -1.0 -1.0 -4.0 -4.0 133.0 -2.0 -3.0 -3.0 -4.0 -4.0 -1.0 -3.0 -1.0 -1.0 -1.0 -4.0 -4.0 0.0 -4.0 0.0 -1.0 0.0 -2.0 -4.0 -4.0 -2.0 -2.0 -4.0 -4.0 -1.0 -1.0 -2.0 0.0 -2.0 0.0 -3.0 -2.0 0.0 -1.0 -3.0 -3.0 -4.0 -2.0 -1.0 0.0 -4.0 -3.0 0.0 -2.0 -3.0 -2.0 -1.0 -3.0 -1.0 -2.0 -2.0 
-2.0 -2.0 -2.0 -1.0 -3.0 -4.0 -1.0 0.0 0.0 -1.0 -2.0 -3.0 -2.0 -4.0 128.0 -4.0 -4.0 0.0 -2.0 -3.0 -2.0 -1.0 -1.0 -4.0 -1.0 -3.0 -1.0 -4.0 -2.0 -1.0 -4.0 -2.0 -2.0 -1.0 -2.0 -4.0 -3.0 -3.0 -2.0 -1.0 -3.0 -1.0 -3.0 -2.0 -1.0 -3.0 0.0 -3.0 -1.0 0.0 -4.0 -2.0 -3.0 0.0 -1.0 -2.0 -1.0 -4.0 0.0 -1.0 -4.0 -3.0 0.0 0.0 -2.0 
0.0 -4.0 -4.0 -1.0 -3.0 -2.0 -3.0 -4.0 -3.0 -1.0 -4.0 -4.0 -4.0 -1.0 -3.0 151.0 -3.0 -4.0 0.0 0.0 -4.0 -4.0 -3.0 0.0 -3.0 -1.0 -1.0 -3.0 -4.0 -2.0 -3.0 0.0 -2.0 -4.0 -1.0 -1.0 -3.0 -3.0 -4.0 -2.0 -2.0 -1.0 -4.0 -2.0 0.0 0.0 -3.0 -4.0 -3.0 -4.0 -1.0 0.0 -2.0 -4.0 -1.0 -1.0 -4.0 -2.0 -1.0 -3.0 -3.0 -2.0 -3.0 -3.0 -2.0 
-3.0 0.0 -3.0 -4.0 -4.0 -1.0 0.0 -4.0 0.0 -2.0 -4.0 0.0 0.0 -1.0 -1.0 -2.0 116.0 -3.0 0.0 0.0 -1.0 -1.0 -3.0 0.0 -3.0 -4.0 -1.0 -3.0 -3.0 -2.0 0.0 -2.0 0.0 -2.0 0.0 0.0 -4.0 -4.0 -1.0 -2.0 -1.0 0.0 0.0 -3.0 -4.0 0.0 -4.0 0.0 -3.0 -2.0 -3.0 -3.0 -2.0 -2.0 0.0 0.0 -3.0 -3.0 0.0 -3.0 -3.0 -2.0 -2.0 -2.0 -3.0 
-2.0 -1.0 -3.0 -4.0 -3.0 -2.0 0.0 -2.0 -1.0 -2.0 0.0 -3.0 -2.0 -3.0 -3.0 -2.0 -4.0 133.0 -2.0 -3.0 0.0 -1.0 -1.0 -3.0 -2.0 -1.0 0.0 -3.0 -3.0 -2.0 0.0 -2.0 -1.0 -2.0 -1.0 -4.0 -3.0 0.0 -1.0 -2.0 -4.0 -2.0 -3.0 -1.0 0.0 0.0 -1.0 -4.0 -3.0 -1.0 -1.0 -3.0 0.0 -1.0 -3.0 -2.0 -2.0 -2.0 -3.0 -4.0 -4.0 -4.0 -3.0 -4.0 -4.0 
-3.0 -4.0 -1.0 -3.0 -3.0 -4.0 -3.0 -4.0 -4.0 -2.0 -4.0 -1.0 -3.0 0.0 -4.0 0.0 -4.0 -2.0 133.0 -2.0 -2.0 0.0 -2.0 -4.0 0.0 -2.0 0.0 0.0 -2.0 -4.0 -2.0 0.0 -1.0 -4.0 -4.0 -4.0 -4.0 -4.0 -1.0 -2.0 -1.0 -1.0 -2.0 -1.0 0.0 -1.0 -1.0 0.0 -3.0 -1.0 0.0 -2.0 -4.0 -2.0 0.0 -2.0 -2.0 -2.0 -3.0 0.0 -1.0 -4.0 -4.0 0.0 -3.0 
-2.0 -3.0 -4.0 0.0 -4.0 -3.0 -3.0 -2.0 -2.0 0.0 -4.0 -1.0 -1.0 0.0 -1.0 -1.0 -4.0 -3.0 -1.0 123.0 -3.0 -3.0 0.0 -1.0 -1.0 -1.0 0.0 -1.0 -1.0 -4.0 -1.0 -1.0 -4.0 -4.0 -3.0 0.0 0.0 -4.0 -1.0 -2.0 -3.0 -4.0 -4.0 -4.0 -1.0 -3.0 0.0 0.0 0.0 -2.0 -2.0 -3.0 -1.0 -4.0 -1.0 -3.0 0.0 -3.0 -1.0 0.0 0.0 -3.0 0.0 -4.0 -3.0 
-2.0 -3.0 -4.0 -3.0 -4.0 -3.0 -3.0 -3.0 -1.0 -2.0 -1.0 0.0 -4.0 0.0 -3.0 -4.0 -2.0 -4.0 -2.0 0.0 132.0 -3.0 -1.0 -4.0 -1.0 -3.0 -2.0 -4.0 0.0 -3.0 -2.0 -4.0 -1.0 -4.0 -3.0 -2.0 0.0 -1.0 -3.0 -1.0 0.0 -2.0 -1.0 -2.0 -3.0 0.0 -4.0 -3.0 0.0 -2.0 -3.0 0.0 -1.0 0.0 0.0 -4.0 -3.0 -2.0 -1.0 -4.0 0.0 -3.0 -3.0 -1.0 0.0 
0.0 -1.0 -1.0 -1.0 -4.0 -2.0 -4.0 -3.0 -2.0 -2.0 0.0 -2.0 -3.0 -1.0 0.0 -4.0 -4.0 -4.0 0.0 -1.0 -4.0 116.0 0.0 0.0 -1.0 -1.0 -4.0 0.0 -1.0 -2.0 0.0 0.0 -2.0 -1.0 -2.0 -3.0 -3.0 -3.0 -4.0 0.0 0.0 -2.0 -1.0 -4.0 -1.0 -4.0 -3.0 -1.0 0.0 -4.0 -2.0 -3.0 0.0 -1.0 0.0 0.0 -1.0 -1.0 -2.0 -3.0 -4.0 0.0 -4.0 -4.0 -1.0 
-2.0 -2.0 -1.0 -4.0 -3.0 -4.0 -4.0 -3.0 -2.0 -2.0 -2.0 0.0 0.0 -2.0 -1.0 -3.0 0.0 0.0 0.0 -2.0 -1.0 -4.0 130.0 -3.0 -4.0 0.0 -3.0 -4.0 -1.0 0.0 -2.0 -4.0 -3.0 -4.0 -4.0 -3.0 -4.0 -2.0 0.0 -4.0 -2.0 -2.0 -4.0 -4.0 0.0 0.0 -2.0 -3.0 -4.0 -2.0 0.0 0.0 -1.0 -4.0 -2.0 -2.0 -3.0 0.0 -1.0 -2.0 -2.0 0.0 -1.0 -1.0 -1.0 
0.0 -1.0 -3.0 -3.0 -3.0 -4.0 0.0 -3.0 -1.0 -4.0 -2.0 0.0 -2.0 -3.0 -4.0 -2.0 0.0 -4.0 -2.0 0.0 0.0 -4.0 -4.0 125.0 -2.0 -3.0 -2.0 -4.0 -2.0 0.0 0.0 0.0 -4.0 0.0 0.0 -4.0 -4.0 -4.0 -4.0 -2.0 0.0 -3.0 -1.0 -2.0 -3.0 0.0 -1.0 -4.0 -1.0 -1.0 0.0 -1.0 -2.0 -3.0 -2.0 -3.0 -4.0 -4.0 -1.0 0.0 0.0 0.0 -1.0 -4.0 0.0 
-4.0 -3.0 -2.0 -3.0 -4.0 -3.0 0.0 -4.0 -1.0 -4.0 -3.0 -4.0 -4.0 -2.0 0.0 -3.0 0.0 0.0 -2.0 -1.0 0.0 -3.0 -2.0 -4.0 117.0 -2.0 -4.0 -3.0 -2.0 -1.0 0.0 -3.0 0.0 -3.0 -2.0 -1.0 0.0 -4.0 -1.0 -1.0 -1.0 0.0 -2.0 -1.0 0.0 -3.0 0.0 -1.0 -1.0 -1.0 -1.0 -1.0 0.0 -1.0 -4.0 -2.0 0.0 -3.0 0.0 -3.0 -2.0 -1.0 -1.0 -4.0 -1.0 
-1.0 -3.0 0.0 -2.0 -4.0 -3.0 0.0 -4.0 -2.0 -2.0 -4.0 -2.0 0.0 -3.0 -4.0 -2.0 -2.0 -1.0 0.0 -3.0 -2.0 -4.0 -4.0 -1.0 -3.0 123.0 -4.0 -1.0 -2.0 0.0 -4.0 -4.0 -1.0 -2.0 0.0 0.0 0.0 -3.0 -1.0 -3.0 0.0 0.0 -2.0 -2.0 -1.0 -4.0 -2.0 -2.0 -2.0 -2.0 -1.0 -4.0 -2.0 -3.0 -4.0 -2.0 -4.0 0.0 0.0 -1.0 -2.0 0.0 0.0 0.0 -2.0 
-1.0 -3.0 -3.0 -4.0 0.0 -4.0 -2.0 0.0 -3.0 -3.0 -1.0 -3.0 -2.0 -4.0 0.0 -3.0 -1.0 -4.0 -2.0 -2.0 0.0 -3.0 -3.0 -3.0 -2.0 -4.0 124.0 -1.0 -3.0 -3.0 0.0 0.0 -1.0 -3.0 -2.0 -4.0 -2.0 -2.0 -2.0 0.0 -3.0 -1.0 -2.0 0.0 0.0 -1.0 0.0 0.0 0.0 0.0 -1.0 -4.0 -4.0 -2.0 -2.0 -1.0 -1.0 0.0 -4.0 -4.0 -2.0 -2.0 -4.0 -3.0 0.0 
-3.0 -1.0 -3.0 -2.0 0.0 -1.0 -1.0 -2.0 -1.0 -3.0 -3.0 -1.0 -4.0 0.0 -2.0 -4.0 -1.0 -4.0 -2.0 -2.0 -3.0 -1.0 -3.0 -1.0 0.0 -1.0 -4.0 121.0 0.0 -4.0 -3.0 -1.0 -2.0 -2.0 -1.0 -1.0 -2.0 0.0 0.0 -4.0 -2.0 -3.0 -2.0 -2.0 -1.0 -4.0 -2.0 -2.0 -1.0 -2.0 -1.0 -2.0 -3.0 -1.0 -2.0 -4.0 -2.0 0.0 -2.0 -1.0 -2.0 -2.0 -4.0 0.0 -1.0 
0.0 -2.0 -2.0 -4.0 0.0 -3.0 -1.0 -2.0 -1.0 -4.0 -3.0 0.0 0.0 0.0 -4.0 -4.0 -2.0 0.0 -4.0 -2.0 -3.0 0.0 -3.0 -2.0 -2.0 0.0 -3.0 -4.0 129.0 -2.0 -3.0 0.0 -3.0 -2.0 0.0 -1.0 -2.0 -4.0 -2.0 -3.0 -3.0 -1.0 -4.0 -3.0 -3.0 -3.0 0.0 0.0 -1.0 -3.0 -4.0 -4.0 -3.0 -2.0 -1.0 0.0 -4.0 -1.0 -3.0 -1.0 -2.0 -1.0 0.0 -2.0 -3.0 
-3.0 -1.0 -1.0 -2.0 -1.0 -1.0 -4.0 -3.0 -4.0 -3.0 -2.0 -4.0 -2.0 -2.0 -3.0 -2.0 -4.0 -2.0 -2.0 -4.0 -4.0 0.0 -1.0 0.0 0.0 -4.0 -3.0 -4.0 -4.0 152.0 -3.0 -2.0 -3.0 0.0 -3.0 -1.0 -2.0 -3.0 -2.0 -4.0 -3.0 -1.0 -3.0 -3.0 -4.0 -4.0 -3.0 -2.0 0.0 -1.0 -1.0 -2.0 -3.0 -3.0 -4.0 -4.0 -2.0 -3.0 0.0 -2.0 -2.0 -1.0 -3.0 -4.0 -1.0 
0.0 0.0 0.0 -1.0 0.0 -2.0 -2.0 -2.0 -2.0 0.0 -2.0 -1.0 -4.0 -2.0 -1.0 -2.0 -1.0 -2.0 -4.0 -1.0 -3.0 -2.0 -2.0 -3.0 -1.0 -1.0 -2.0 -2.0 -2.0 -3.0 121.0 -1.0 -2.0 -4.0 -3.0 0.0 -1.0 -1.0 -2.0 -4.0 -2.0 -4.0 -3.0 -3.0 -1.0 -3.0 -1.0 -1.0 -2.0 -2.0 -4.0 0.0 -2.0 -4.0 -2.0 -1.0 -2.0 -1.0 -1.0 -2.0 -2.0 -2.0 -3.0 -4.0 -1.0 
0.0 -2.0 -3.0 -4.0 -1.0 -4.0 -2.0 -4.0 -4.0 -3.0 0.0 -4.0 -4.0 -1.0 -3.0 -3.0 -1.0 0.0 -4.0 -4.0 0.0 -3.0 -2.0 -2.0 -4.0 -1.0 -1.0 0.0 -4.0 -4.0 -3.0 138.0 -1.0 -4.0 -1.0 -1.0 -4.0 -1.0 -2.0 -3.0 -3.0 -2.0 -1.0 -3.0 0.0 -1.0 -3.0 -2.0 0.0 -1.0 -4.0 0.0 -4.0 -1.0 0.0 -4.0 -4.0 -3.0 -3.0 0.0 -3.0 -2.0 0.0 -1.0 -1.0 
-3.0 -4.0 -1.0 -3.0 -3.0 -1.0 -3.0 -4.0 -3.0 -4.0 -2.0 -1.0 -1.0 -4.0 -1.0 -3.0 -3.0 -2.0 -3.0 0.0 -2.0 -1.0 0.0 0.0 -2.0 -1.0 -4.0 -1.0 0.0 -1.0 -1.0 -1.0 131.0 -1.0 0.0 -4.0 -4.0 -2.0 -3.0 0.0 -2.0 -2.0 -1.0 -4.0 -4.0 -2.0 -3.0 0.0 -4.0 -1.0 -3.0 0.0 -4.0 -4.0 -3.0 0.0 0.0 -1.0 -3.0 0.0 -4.0 -2.0 0.0 -4.0 -3.0 
-2.0 -3.0 -3.0 -1.0 -3.0 0.0 -3.0 -2.0 0.0 -1.0 -1.0 -4.0 -2.0 -3.0 -1.0 -1.0 -4.0 -2.0 0.0 0.0 -1.0 -1.0 -4.0 -4.0 0.0 -4.0 -4.0 0.0 -3.0 0.0 0.0 -1.0 -2.0 133.0 -3.0 0.0 0.0 0.0 -2.0 -3.0 0.0 -4.0 -4.0 0.0 -2.0 -4.0 -3.0 -2.0 -3.0 -2.0 -1.0 -4.0 -4.0 -4.0 -2.0 -4.0 -3.0 -1.0 -2.0 -3.0 -3.0 -3.0 -3.0 -2.0 -2.0 
0.0 -4.0 -2.0 0.0 -3.0 -4.0 -3.0 -1.0 0.0 0.0 -4.0 0.0 -1.0 -3.0 -3.0 0.0 -3.0 -2.0 -1.0 0.0 0.0 -3.0 -3.0 -1.0 -1.0 -1.0 -4.0 0.0 -3.0 -1.0 -1.0 -1.0 0.0 0.0 103.0 0.0 -1.0 -4.0 -1.0 -1.0 -1.0 0.0 0.0 -2.0 0.0 0.0 -4.0 -1.0 -1.0 0.0 -3.0 -4.0 0.0 -1.0 -4.0 -4.0 0.0 0.0 -2.0 -3.0 -2.0 -3.0 -2.0 -2.0 -4.0 
-2.0 -4.0 -4.0 -2.0 0.0 -2.0 -1.0 -2.0 0.0 -3.0 -4.0 -2.0 -2.0 0.0 -1.0 -3.0 -2.0 -4.0 -2.0 -2.0 -3.0 -1.0 0.0 -4.0 -3.0 -3.0 -1.0 0.0 -4.0 -4.0 -2.0 0.0 -2.0 0.0 -2.0 130.0 -4.0 -1.0 -2.0 -4.0 -4.0 -4.0 0.0 -1.0 0.0 -2.0 0.0 -1.0 -3.0 0.0 -4.0 -1.0 -3.0 0.0 -4.0 -2.0 -1.0 0.0 -4.0 -3.0 -1.0 -3.0 -3.0 -2.0 -2.0 
-4.0 -3.0 -1.0 -2.0 -3.0 -1.0 -4.0 -3.0 -2.0 -1.0 0.0 -4.0 -3.0 -3.0 0.0 0.0 -4.0 0.0 -2.0 -2.0 -3.0 0.0 -1.0 -1.0 -4.0 0.0 -3.0 -2.0 -1.0 0.0 -3.0 -4.0 -2.0 -3.0 -1.0 -2.0 123.0 -3.0 -1.0 -4.0 -1.0 0.0 -1.0 -1.0 -1.0 0.0 -3.0 -3.0 -3.0 0.0 -3.0 -3.0 0.0 0.0 0.0 0.0 -4.0 -1.0 0.0 -2.0 -3.0 -4.0 -4.0 -3.0 -3.0 
0.0 -2.0 -2.0 -1.0 -4.0 -2.0 -1.0 -3.0 -4.0 0.0 -4.0 -1.0 -1.0 -3.0 -1.0 -1.0 -3.0 -1.0 -4.0 -2.0 0.0 -1.0 0.0 0.0 -3.0 0.0 -1.0 -3.0 -1.0 0.0 -2.0 -1.0 -4.0 -3.0 -2.0 -1.0 0.0 113.0 0.0 -3.0 -4.0 0.0 -1.0 0.0 -4.0 -3.0 0.0 -2.0 -2.0 0.0 0.0 -3.0 -3.0 -1.0 -1.0 -1.0 -4.0 -2.0 -1.0 -4.0 0.0 -2.0 -4.0 -3.0 -3.0 
-1.0 -3.0 -2.0 -4.0 -1.0 -4.0 -2.0 -3.0 -3.0 -1.0 -3.0 -1.0 -4.0 -3.0 -4.0 0.0 -3.0 -2.0 -4.0 0.0 -2.0 -4.0 -2.0 -2.0 -1.0 -1.0 0.0 0.0 -2.0 -2.0 -1.0 -3.0 -3.0 -4.0 -2.0 -4.0 -2.0 -1.0 120.0 -4.0 -1.0 -1.0 -4.0 0.0 -2.0 -4.0 0.0 -3.0 -3.0 -3.0 0.0 0.0 -1.0 0.0 -1.0 0.0 -1.0 -2.0 -2.0 0.0 0.0 -1.0 0.0 -2.0 -1.0 
0.0 -2.0 -3.0 -4.0 -2.0 -2.0 -4.0 -1.0 -4.0 -4.0 -2.0 -3.0 -1.0 -3.0 -3.0 -1.0 -2.0 0.0 -3.0 -4.0 -3.0 -4.0 -3.0 0.0 -2.0 -2.0 0.0 0.0 0.0 -2.0 -4.0 -4.0 -4.0 0.0 -4.0 0.0 -3.0 -3.0 -2.0 137.0 -2.0 -4.0 -4.0 -4.0 -2.0 -1.0 0.0 -4.0 -2.0 -1.0 0.0 -4.0 -3.0 0.0 0.0 0.0 -2.0 -1.0 -4.0 -1.0 -4.0 -3.0 -1.0 0.0 -2.0 
-1.0 -2.0 -2.0 -4.0 -3.0 -3.0 -2.0 -4.0 -2.0 -3.0 -3.0 0.0 -2.0 0.0 -4.0 0.0 0.0 -3.0 0.0 0.0 -3.0 -2.0 -2.0 -3.0 -2.0 -1.0 -3.0 -1.0 -4.0 -1.0 -4.0 -1.0 -2.0 -2.0 -3.0 -3.0 -4.0 -3.0 -2.0 -4.0 141.0 -2.0 -4.0 -4.0 0.0 -3.0 -4.0 0.0 -4.0 -1.0 -2.0 -2.0 -3.0 -3.0 -1.0 -1.0 -4.0 -1.0 -2.0 -4.0 -4.0 -1.0 -2.0 -1.0 0.0 
-2.0 -1.0 -3.0 -3.0 -3.0 -2.0 -4.0 -4.0 0.0 -2.0 -3.0 0.0 -1.0 -3.0 -1.0 -1.0 -3.0 0.0 -1.0 -1.0 -1.0 -4.0 -3.0 -2.0 0.0 -2.0 -4.0 -3.0 -3.0 -3.0 -4.0 -2.0 -2.0 -3.0 -3.0 -4.0 -4.0 -2.0 -1.0 -3.0 0.0 138.0 -1.0 0.0 -2.0 -1.0 -3.0 -1.0 -3.0 -1.0 0.0 -3.0 -2.0 -4.0 -2.0 -4.0 -3.0 -3.0 0.0 -4.0 -4.0 -4.0 -1.0 -1.0 0.0 
-4.0 -2.0 -3.0 0.0 0.0 -1.0 -3.0 -3.0 0.0 -1.0 -2.0 -3.0 -1.0 -4.0 0.0 -3.0 -4.0 -4.0 -2.0 -1.0 0.0 -4.0 0.0 -2.0 -1.0 -1.0 -2.0 0.0 -3.0 -4.0 -1.0 -1.0 -2.0 -4.0 -2.0 -1.0 -2.0 -4.0 0.0 -1.0 -3.0 -2.0 120.0 -3.0 -3.0 0.0 -2.0 -1.0 -2.0 -2.0 -1.0 -4.0 -3.0 -3.0 -2.0 0.0 -2.0 -3.0 -2.0 0.0 0.0 -3.0 0.0 0.0 -3.0 
-2.0 -3.0 -2.0 -3.0 -4.0 -1.0 0.0 -3.0 0.0 0.0 -3.0 -2.0 -2.0 0.0 -4.0 0.0 -1.0 0.0 0.0 -1.0 0.0 0.0 -3.0 -3.0 -1.0 -4.0 -2.0 0.0 -2.0 -2.0 -3.0 -4.0 -2.0 -2.0 -1.0 -2.0 -2.0 -1.0 -2.0 0.0 0.0 -3.0 -2.0 115.0 -2.0 0.0 -4.0 0.0 -2.0 -1.0 -3.0 -1.0 0.0 -3.0 -4.0 -2.0 0.0 -3.0 -3.0 -2.0 -4.0 -1.0 -4.0 -3.0 -1.0 
-4.0 -1.0 -3.0 -3.0 -2.0 -2.0 -4.0 -2.0 -3.0 -4.0 -3.0 0.0 -1.0 -4.0 -3.0 -4.0 -2.0 -2.0 -2.0 -2.0 -1.0 -2.0 -2.0 -3.0 -2.0 -2.0 -3.0 0.0 -2.0 -1.0 -4.0 -1.0 -3.0 -4.0 -2.0 -1.0 -1.0 -1.0 -4.0 -2.0 -1.0 -1.0 -1.0 -3.0 138.0 -2.0 -4.0 -3.0 0.0 -1.0 0.0 -3.0 -4.0 -2.0 -2.0 -3.0 0.0 0.0 -3.0 0.0 -1.0 -3.0 -2.0 -3.0 -4.0 
-1.0 -4.0 -3.0 -2.0 -3.0 0.0 -4.0 -4.0 -4.0 -2.0 -1.0 0.0 -1.0 0.0 -3.0 -1.0 -1.0 0.0 0.0 -1.0 -4.0 -1.0 -3.0 -2.0 -2.0 -3.0 -1.0 -3.0 -1.0 -3.0 -2.0 -1.0 -1.0 -2.0 0.0 -2.0 -3.0 -3.0 -1.0 0.0 -3.0 -4.0 -3.0 -1.0 -3.0 127.0 0.0 -4.0 -2.0 0.0 -4.0 0.0 0.0 -3.0 -2.0 -1.0 -3.0 -3.0 -4.0 -4.0 -1.0 -4.0 -1.0 -3.0 -1.0 
-1.0 -1.0 0.0 0.0 0.0 -2.0 0.0 -1.0 -3.0 0.0 -4.0 0.0 -1.0 -4.0 -3.0 -2.0 0.0 -2.0 -3.0 0.0 0.0 -2.0 0.0 -4.0 0.0 -1.0 -3.0 -2.0 -1.0 0.0 -1.0 0.0 0.0 -2.0 -3.0 -1.0 0.0 -3.0 -1.0 -3.0 0.0 -1.0 -3.0 0.0 0.0 -1.0 86.0 -4.0 -2.0 -1.0 0.0 0.0 0.0 -2.0 -2.0 -4.0 -3.0 -2.0 -1.0 -1.0 0.0 -2.0 -3.0 0.0 0.0 
-1.0 -2.0 -1.0 -2.0 -1.0 -4.0 -3.0 -1.0 -1.0 -2.0 -1.0 -3.0 -1.0 -3.0 0.0 -3.0 -2.0 -4.0 -3.0 -4.0 0.0 -3.0 -3.0 0.0 0.0 -2.0 -2.0 -4.0 -3.0 -3.0 -4.0 -2.0 -3.0 0.0 -1.0 -1.0 -4.0 -4.0 -2.0 -1.0 0.0 -2.0 -3.0 0.0 -4.0 -2.0 -2.0 131.0 0.0 -3.0 -4.0 -4.0 -3.0 -1.0 -3.0 -2.0 -4.0 -2.0 0.0 -4.0 0.0 0.0 0.0 -4.0 0.0 
-3.0 -3.0 -1.0 -2.0 -3.0 -4.0 0.0 -2.0 -4.0 -4.0 -2.0 -3.0 -3.0 -4.0 -4.0 0.0 -4.0 -1.0 -3.0 -2.0 -4.0 -3.0 -4.0 -4.0 -3.0 -3.0 0.0 -3.0 -2.0 -4.0 0.0 -2.0 -1.0 0.0 -2.0 -4.0 0.0 -1.0 -4.0 -4.0 -3.0 -1.0 -4.0 -4.0 -3.0 -2.0 -1.0 -2.0 158.0 -2.0 -1.0 -3.0 -4.0 -2.0 -3.0 -4.0 -4.0 -3.0 -3.0 -3.0 0.0 0.0 -2.0 -4.0 0.0 
-3.0 0.0 -2.0 -4.0 -4.0 -1.0 -2.0 -4.0 0.0 -3.0 -2.0 -3.0 -2.0 -4.0 -2.0 -2.0 -1.0 -3.0 -1.0 -2.0 -2.0 -1.0 -2.0 -1.0 0.0 -4.0 -2.0 -2.0 -2.0 -3.0 -3.0 -1.0 -4.0 -1.0 -2.0 -1.0 0.0 -1.0 -4.0 -1.0 0.0 0.0 -3.0 -4.0 -3.0 -1.0 -4.0 -3.0 -3.0 137.0 -2.0 -1.0 -4.0 0.0 -4.0 -4.0 -4.0 -3.0 -2.0 -2.0 -4.0 0.0 -3.0 0.0 -1.0 
-2.0 -3.0 -4.0 -2.0 -4.0 -1.0 -3.0 -3.0 -2.0 -2.0 -4.0 -2.0 -1.0 -4.0 0.0 0.0 -1.0 -3.0 -3.0 -2.0 -3.0 0.0 -1.0 -1.0 0.0 0.0 -4.0 -1.0 -3.0 -1.0 -4.0 -1.0 0.0 0.0 -2.0 -4.0 -2.0 -1.0 -4.0 0.0 -1.0 -2.0 -3.0 0.0 -3.0 -1.0 -4.0 -1.0 -1.0 -3.0 121.0 -2.0 -1.0 -1.0 -4.0 -2.0 0.0 -3.0 0.0 -3.0 -3.0 -1.0 0.0 -3.0 -1.0 
0.0 -4.0 0.0 0.0 -1.0 -1.0 -1.0 -1.0 -2.0 -2.0 -3.0 -1.0 -1.0 -3.0 -2.0 -1.0 -3.0 -2.0 0.0 -3.0 0.0 -3.0 -2.0 -2.0 -3.0 -3.0 0.0 -3.0 0.0 0.0 -2.0 -1.0 -1.0 0.0 -1.0 -4.0 -1.0 0.0 -1.0 -1.0 -1.0 -2.0 0.0 0.0 -3.0 -2.0 0.0 -4.0 -3.0 -1.0 -2.0 96.0 -1.0 -1.0 -2.0 -1.0 -1.0 0.0 0.0 -4.0 0.0 -4.0 -1.0 0.0 -4.0 
-3.0 -2.0 -3.0 -4.0 -1.0 0.0 -3.0 -4.0 -4.0 -1.0 -1.0 -1.0 -2.0 -3.0 -1.0 -1.0 -3.0 -4.0 -2.0 -1.0 -3.0 0.0 -1.0 -2.0 -4.0 -1.0 -4.0 -1.0 -2.0 -1.0 -4.0 -1.0 -4.0 -3.0 0.0 -4.0 -2.0 -1.0 -4.0 -1.0 -2.0 -1.0 -1.0 0.0 -3.0 -3.0 -2.0 -1.0 -3.0 -4.0 -2.0 -4.0 141.0 0.0 -1.0 -3.0 -4.0 -4.0 -4.0 -3.0 -2.0 -2.0 -1.0 -2.0 -2.0 
-4.0 0.0 0.0 -2.0 -3.0 -1.0 -3.0 -1.0 -4.0 -2.0 -1.0 -3.0 -2.0 -2.0 -1.0 -1.0 -3.0 -3.0 -4.0 -2.0 -4.0 -3.0 0.0 -1.0 -1.0 -4.0 -1.0 -1.0 -2.0 -2.0 -2.0 -1.0 -2.0 0.0 -3.0 -2.0 -3.0 -1.0 -2.0 -4.0 -1.0 -1.0 -1.0 0.0 -1.0 -2.0 0.0 0.0 -2.0 -4.0 -4.0 -2.0 -4.0 120.0 -2.0 -2.0 -1.0 -2.0 0.0 -2.0 -2.0 -2.0 -1.0 -2.0 -1.0 
-3.0 -1.0 -2.0 -1.0 -3.0 -1.0 0.0 -1.0 -4.0 -3.0 0.0 -2.0 -4.0 -1.0 -1.0 -4.0 -1.0 -2.0 0.0 0.0 -4.0 -3.0 0.0 -2.0 -4.0 -4.0 -1.0 -2.0 -4.0 -1.0 -1.0 -3.0 -1.0 0.0 0.0 -1.0 -4.0 -4.0 0.0 -1.0 0.0 -2.0 -2.0 0.0 -4.0 0.0 -4.0 -3.0 -2.0 -1.0 0.0 0.0 0.0 -2.0 115.0 -2.0 -3.0 -4.0 -3.0 -1.0 -2.0 -1.0 0.0 -2.0 -3.0 
0.0 0.0 -3.0 -1.0 -3.0 -2.0 -2.0 0.0 -1.0 -3.0 0.0 0.0 -2.0 0.0 -4.0 0.0 -4.0 -1.0 -4.0 -3.0 0.0 0.0 -1.0 0.0 -2.0 -2.0 0.0 -3.0 -3.0 0.0 0.0 -1.0 -3.0 -2.0 -1.0 -4.0 -4.0 -4.0 -3.0 -1.0 -4.0 -2.0 0.0 -2.0 -3.0 -4.0 -2.0 -4.0 -3.0 -2.0 -1.0 -2.0 -1.0 0.0 -2.0 119.0 -4.0 -3.0 -1.0 -1.0 -2.0 -1.0 -3.0 -1.0 -4.0 
-3.0 -1.0 -1.0 0.0 -4.0 -4.0 -4.0 0.0 -3.0 -3.0 0.0 -1.0 -4.0 -4.0 0.0 -2.0 -4.0 -1.0 -1.0 0.0 -4.0 -1.0 -2.0 -3.0 -2.0 0.0 -4.0 -1.0 -1.0 0.0 0.0 -2.0 -4.0 0.0 -1.0 -3.0 0.0 0.0 -2.0 -4.0 -3.0 -4.0 0.0 -3.0 -1.0 -2.0 -3.0 -2.0 -4.0 -1.0 -4.0 0.0 -2.0 -4.0 0.0 -1.0 128.0 0.0 -4.0 -3.0 -2.0 -3.0 -4.0 -4.0 0.0 
-2.0 0.0 -3.0 0.0 0.0 -3.0 -3.0 -1.0 -2.0 0.0 -1.0 -2.0 0.0 -4.0 -4.0 -2.0 -2.0 -3.0 -1.0 0.0 -2.0 -2.0 0.0 -3.0 0.0 -2.0 0.0 -4.0 -3.0 -1.0 -4.0 0.0 -1.0 -2.0 -1.0 -2.0 -2.0 -4.0 -2.0 -4.0 -2.0 0.0 -1.0 0.0 -2.0 -4.0 -1.0 -4.0 -2.0 0.0 -4.0 0.0 -1.0 -1.0 -1.0 -2.0 -2.0 109.0 0.0 -1.0 0.0 -1.0 -3.0 -3.0 -2.0 
-1.0 -2.0 -3.0 -2.0 -2.0 -4.0 -3.0 0.0 -2.0 -4.0 -2.0 -1.0 -4.0 -3.0 -2.0 -2.0 -4.0 -4.0 -1.0 -2.0 -1.0 -3.0 -2.0 -3.0 -4.0 -4.0 -1.0 -1.0 -4.0 -1.0 -4.0 -2.0 0.0 0.0 -2.0 -1.0 -3.0 -1.0 -4.0 0.0 -4.0 -4.0 -2.0 -3.0 -4.0 -3.0 -3.0 -1.0 -4.0 -1.0 -2.0 -1.0 -3.0 -4.0 -1.0 -1.0 -3.0 -4.0 145.0 -2.0 -1.0 0.0 -2.0 -2.0 -1.0 
-3.0 0.0 -1.0 0.0 -1.0 -3.0 0.0 -4.0 -1.0 -1.0 -2.0 -2.0 -2.0 0.0 -1.0 -1.0 -3.0 -1.0 -3.0 -2.0 -1.0 -1.0 -4.0 -1.0 -4.0 -2.0 -4.0 0.0 -1.0 -3.0 0.0 -3.0 -1.0 -2.0 -3.0 -2.0 0.0 -3.0 -1.0 -3.0 -2.0 -3.0 -4.0 -3.0 -2.0 -2.0 0.0 -3.0 -1.0 -3.0 -2.0 -3.0 -4.0 -1.0 -2.0 -4.0 -4.0 -2.0 -1.0 125.0 -2.0 -1.0 -4.0 -2.0 0.0 
-4.0 -4.0 -3.0 -2.0 -2.0 -2.0 -4.0 0.0 0.0 -1.0 -2.0 -3.0 -4.0 -2.0 -4.0 -4.0 -3.0 -1.0 -3.0 -1.0 -3.0 0.0 -3.0 -1.0 0.0 -4.0 0.0 -4.0 -1.0 -2.0 -3.0 0.0 -2.0 0.0 -3.0 -1.0 -4.0 -2.0 -2.0 -3.0 0.0 -2.0 -1.0 -4.0 0.0 -4.0 0.0 0.0 0.0 0.0 0.0 -3.0 -1.0 0.0 -1.0 -3.0 -2.0 -4.0 -1.0 0.0 122.0 -4.0 -2.0 -2.0 -1.0 
-3.0 -1.0 -3.0 -2.0 -4.0 0.0 -4.0 -4.0 -2.0 -2.0 0.0 -1.0 -1.0 -1.0 -2.0 -3.0 -4.0 -2.0 -2.0 -4.0 -2.0 -2.0 -4.0 -1.0 0.0 -2.0 -4.0 0.0 -3.0 0.0 -1.0 0.0 -3.0 -4.0 -3.0 -1.0 -1.0 0.0 0.0 -1.0 -4.0 -4.0 0.0 -2.0 -2.0 -3.0 -4.0 -1.0 -4.0 -1.0 -3.0 -4.0 -4.0 0.0 -2.0 -4.0 -2.0 -4.0 -1.0 0.0 -4.0 138.0 -2.0 -4.0 -2.0 
-2.0 -1.0 -1.0 -1.0 -4.0 -3.0 -3.0 -3.0 0.0 -2.0 -2.0 -3.0 -3.0 -3.0 0.0 -4.0 0.0 0.0 -2.0 -4.0 -4.0 -1.0 -1.0 0.0 -1.0 -4.0 -4.0 -2.0 -4.0 -2.0 -1.0 -1.0 -1.0 0.0 -1.0 0.0 -1.0 -2.0 -4.0 0.0 -3.0 0.0 -3.0 -1.0 0.0 0.0 0.0 0.0 -3.0 -1.0 0.0 -1.0 -2.0 0.0 0.0 -2.0 0.0 -4.0 -4.0 -3.0 0.0 0.0 105.0 -2.0 -1.0 
-3.0 -4.0 0.0 0.0 -4.0 0.0 -1.0 -2.0 -4.0 -3.0 -4.0 -1.0 -3.0 0.0 -4.0 -3.0 0.0 -4.0 -2.0 -1.0 0.0 -4.0 -2.0 -2.0 -2.0 -3.0 -3.0 -3.0 0.0 -2.0 -4.0 -1.0 -4.0 -3.0 -1.0 0.0 0.0 0.0 0.0 -1.0 0.0 -4.0 0.0 -2.0 -3.0 -4.0 -4.0 0.0 -4.0 -1.0 -2.0 -1.0 -1.0 0.0 -4.0 -2.0 -2.0 -3.0 0.0 -2.0 -2.0 0.0 -1.0 120.0 0.0 
0.0 -3.0 -2.0 -1.0 -2.0 -1.0 -1.0 0.0 -1.0 -3.0 -4.0 0.0 -4.0 -2.0 0.0 -3.0 0.0 -2.0 -1.0 -4.0 -1.0 -1.0 -3.0 -3.0 -2.0 -4.0 -4.0 0.0 -1.0 0.0 -4.0 -2.0 -2.0 -3.0 -1.0 -4.0 0.0 -1.0 -4.0 0.0 -4.0 -4.0 -2.0 0.0 -1.0 -3.0 -2.0 -4.0 -3.0 -3.0 -3.0 0.0 0.0 -1.0 0.0 -1.0 -4.0 -3.0 -3.0 -1.0 0.0 -4.0 0.0 -4.0 124.0 
