211.86 -4.0 0.0 -1.0 0.0 0.0 -3.0 -4.0 -1.0 -3.0 -2.0 -1.0 -3.0 -4.0 -4.0 0.0 -4.0 -2.0 -2.0 0.0 -2.0 -1.0 0.0 0.0 -3.0 -4.0 -2.0 0.0 -3.0 0.0 -2.0 -1.0 -3.0 -4.0 -2.0 -4.0 -4.0 0.0 -2.0 -4.0 -3.0 -1.0 -2.0 -1.0 -1.0 -1.0 -3.0 -1.0 -3.0 0.0 -3.0 -1.0 -2.0 -2.0 -3.0 0.0 0.0 -3.0 -3.0 -4.0 -4.0 -1.0 -1.0 -1.0 -2.0 -1.0 -1.0 0.0 0.0 -4.0 -3.0 -2.0 -4.0 -2.0 -3.0 0.0 -1.0 -3.0 -2.0 -3.0 -2.0 0.0 -1.0 -4.0 -2.0 -4.0 0.0 -2.0 0.0 0.0 -4.0 -3.0 -3.0 0.0 0.0 -3.0 -3.0 -3.0 -1.0 -3.0 -1.0 0.0 -2.0 0.0 -1.0 -3.0 -3.0 -1.0 0.0 -3.0 -1.0 0.0 -4.0 -2.0 0.0 
0.0 219.0 0.0 -1.0 -2.0 -2.0 -3.0 -3.0 -2.0 -3.0 -3.0 -3.0 -2.0 -3.0 -3.0 0.0 -2.0 -3.0 -2.0 -1.0 -3.0 -2.0 -1.0 -2.0 -2.0 -4.0 -1.0 -3.0 -1.0 -1.0 -4.0 -4.0 -4.0 -4.0 -2.0 0.0 -2.0 0.0 -1.0 0.0 -4.0 -2.0 -2.0 0.0 -2.0 -2.0 -2.0 -4.0 0.0 -2.0 -1.0 0.0 0.0 -4.0 -4.0 -3.0 -1.0 -3.0 -4.0 -1.0 0.0 0.0 0.0 -2.0 -4.0 -1.0 -4.0 -1.0 -2.0 -2.0 -4.0 0.0 0.0 0.0 -1.0 0.0 -3.0 0.0 0.0 -4.0 -2.0 -1.0 -4.0 -3.0 0.0 -2.0 -3.0 -3.0 -1.0 -3.0 -1.0 0.0 -4.0 -4.0 -1.0 -1.0 -1.0 0.0 -1.0 -3.0 -4.0 -1.0 -1.0 -1.0 -3.0 -4.0 -3.0 -4.0 0.0 -2.0 -1.0 -1.0 -3.0 -1.0 -4.0 
-4.0 -4.0 225.0 -3.0 -1.0 0.0 -4.0 -4.0 0.0 0.0 -3.0 -3.0 -2.0 -3.0 0.0 0.0 -2.0 0.0 -1.0 0.0 -2.0 0.0 0.0 -3.0 -3.0 -4.0 -3.0 -4.0 0.0 -3.0 -3.0 -3.0 0.0 0.0 -2.0 -3.0 -3.0 -3.0 0.0 -4.0 -1.0 -1.0 -1.0 -3.0 -1.0 -2.0 -3.0 -3.0 0.0 -1.0 -1.0 -1.0 -4.0 0.0 -4.0 -4.0 -4.0 -3.0 0.0 0.0 -4.0 -2.0 0.0 -4.0 -2.0 0.0 -3.0 -1.0 -4.0 -2.0 -3.0 -1.0 -2.0 -2.0 -2.0 -3.0 -3.0 -4.0 -1.0 0.0 0.0 -3.0 -3.0 0.0 0.0 -4.0 -2.0 -1.0 -4.0 -3.0 -2.0 -3.0 -3.0 -2.0 0.0 0.0 -4.0 -4.0 -1.0 -2.0 -1.0 0.0 -3.0 -4.0 -4.0 -3.0 -1.0 0.0 0.0 -3.0 0.0 -3.0 -1.0 -4.0 0.0 
0.0 -4.0 -3.0 247.0 -3.0 0.0 -4.0 -1.0 -4.0 -2.0 0.0 0.0 -4.0 -4.0 -1.0 -1.0 -2.0 -4.0 -2.0 -4.0 -4.0 -4.0 -3.0 0.0 -2.0 -3.0 -3.0 -2.0 -4.0 -4.0 -1.0 -3.0 0.0 -4.0 -1.0 0.0 -1.0 0.0 -2.0 0.0 -1.0 0.0 -4.0 0.0 -2.0 -2.0 -1.0 -2.0 -4.0 -2.0 -3.0 -4.0 0.0 -4.0 -2.0 -2.0 -3.0 0.0 -1.0 -1.0 -4.0 -3.0 0.0 -1.0 -3.0 -1.0 -2.0 -3.0 -2.0 0.0 -2.0 -3.0 -3.0 -3.0 -1.0 -3.0 -4.0 -3.0 -3.0 -3.0 -4.0 0.0 -3.0 0.0 -4.0 0.0 0.0 0.0 -3.0 -1.0 0.0 -1.0 -1.0 -4.0 -4.0 -4.0 0.0 -3.0 -3.0 -2.0 -4.0 -4.0 0.0 -3.0 -4.0 -4.0 -4.0 -3.0 -1.0 0.0 -3.0 -4.0 -3.0 0.0 -4.0 
0.0 -1.0 -1.0 -3.0 235.0 -2.0 -3.0 -3.0 0.0 -4.0 -3.0 -4.0 -1.0 0.0 -3.0 0.0 -1.0 -4.0 0.0 -3.0 -1.0 -3.0 -2.0 -4.0 -2.0 -1.0 -2.0 -1.0 -2.0 0.0 0.0 -4.0 -1.0 -2.0 -2.0 -3.0 -1.0 -2.0 0.0 0.0 -1.0 -4.0 -1.0 -2.0 -1.0 0.0 -3.0 -2.0 -3.0 -3.0 -4.0 -2.0 -1.0 -1.0 -2.0 -2.0 -4.0 -3.0 0.0 -3.0 -4.0 0.0 -1.0 -1.0 0.0 -4.0 -4.0 -3.0 -1.0 -2.0 0.0 -4.0 -3.0 -4.0 -2.0 -3.0 -3.0 -1.0 -1.0 -3.0 0.0 -3.0 -2.0 -1.0 0.0 -4.0 -3.0 -2.0 -2.0 -1.0 -3.0 -2.0 -4.0 -2.0 -1.0 -2.0 -2.0 -2.0 -4.0 -4.0 0.0 -1.0 0.0 -2.0 -3.0 -4.0 -3.0 -2.0 -1.0 -4.0 -4.0 -3.0 -3.0 -3.0 -3.0 
0.0 -3.0 -3.0 -2.0 -3.0 236.0 -4.0 -1.0 -3.0 -4.0 -3.0 0.0 -3.0 -2.0 -4.0 -2.0 -2.0 -2.0 -2.0 0.0 -1.0 -3.0 0.0 -2.0 -4.0 -2.0 -3.0 -2.0 -1.0 0.0 -3.0 -3.0 -1.0 -4.0 -1.0 0.0 -2.0 -3.0 -4.0 -1.0 0.0 -2.0 -1.0 -3.0 -4.0 0.0 -2.0 -3.0 -1.0 -4.0 -2.0 -3.0 -1.0 -4.0 -1.0 -4.0 -1.0 -1.0 -4.0 -2.0 0.0 -2.0 -2.0 -2.0 -1.0 -1.0 -3.0 0.0 -3.0 -1.0 -4.0 0.0 -4.0 -2.0 -3.0 -4.0 0.0 -1.0 0.0 -4.0 -4.0 -1.0 -1.0 -4.0 -3.0 -4.0 -3.0 0.0 -3.0 -3.0 -2.0 -3.0 0.0 -4.0 -1.0 -3.0 -1.0 -4.0 -3.0 -1.0 -4.0 -2.0 -2.0 0.0 0.0 -4.0 -3.0 -1.0 0.0 -1.0 -3.0 -1.0 -2.0 0.0 -2.0 
-3.0 -2.0 -2.0 0.0 0.0 -3.0 212.0 -3.0 -1.0 -1.0 -3.0 -2.0 -1.0 -3.0 -1.0 -1.0 -2.0 -1.0 -4.0 -4.0 -2.0 -1.0 -3.0 -4.0 -3.0 -4.0 -1.0 0.0 -4.0 -2.0 -1.0 -1.0 -1.0 -4.0 -2.0 -4.0 -2.0 0.0 -3.0 0.0 -1.0 0.0 -1.0 -4.0 -2.0 -3.0 -3.0 -3.0 -4.0 -1.0 0.0 -1.0 -1.0 -1.0 0.0 0.0 -3.0 0.0 -1.0 -4.0 -3.0 -3.0 -4.0 0.0 -4.0 -1.0 -3.0 -1.0 -2.0 -3.0 0.0 0.0 -2.0 -1.0 -3.0 -4.0 0.0 0.0 -4.0 -3.0 0.0 -1.0 -3.0 0.0 -1.0 0.0 -4.0 -2.0 -1.0 -1.0 -3.0 -2.0 0.0 -4.0 -1.0 -4.0 -1.0 -1.0 -4.0 -2.0 -3.0 -3.0 0.0 0.0 0.0 -3.0 -2.0 -1.0 -2.0 -2.0 -1.0 -3.0 -1.0 -3.0 0.0 
-2.0 -4.0 0.0 -2.0 -3.0 0.0 -4.0 200.0 0.0 -2.0 -1.0 -4.0 -2.0 0.0 -2.0 0.0 -2.0 -1.0 -3.0 -1.0 -3.0 -3.0 -1.0 -4.0 0.0 -3.0 -2.0 0.0 -1.0 0.0 -3.0 -4.0 0.0 -2.0 -2.0 -1.0 -3.0 -2.0 -3.0 -3.0 -3.0 0.0 0.0 -4.0 -3.0 -4.0 -2.0 -2.0 0.0 0.0 -4.0 -1.0 -2.0 -3.0 -4.0 -3.0 -1.0 0.0 -1.0 -1.0 -1.0 -4.0 -4.0 -2.0 -3.0 0.0 -1.0 -1.0 -4.0 -1.0 0.0 0.0 -3.0 -2.0 0.0 0.0 0.0 -2.0 -1.0 0.0 -3.0 0.0 -4.0 -3.0 -1.0 -4.0 0.0 -1.0 -2.0 -2.0 -1.0 0.0 -1.0 -2.0 0.0 0.0 -3.0 -2.0 -4.0 0.0 -4.0 -4.0 -1.0 -1.0 -4.0 0.0 0.0 -2.0 -4.0 -3.0 -1.0 -2.0 0.0 -1.0 0.0 
-3.0 0.0 -3.0 -2.0 0.0 -1.0 -1.0 -1.0 233.0 -4.0 -3.0 -3.0 -3.0 0.0 -1.0 -1.0 -3.0 -4.0 -3.0 -3.0 -4.0 0.0 -1.0 0.0 -2.0 -2.0 0.0 -4.0 0.0 -4.0 -2.0 -2.0 -4.0 -3.0 -2.0 -2.0 0.0 -1.0 -2.0 0.0 -3.0 -1.0 -3.0 -3.0 0.0 -4.0 -1.0 -2.0 -4.0 -4.0 0.0 -1.0 -4.0 -2.0 -2.0 -3.0 -4.0 -3.0 -2.0 -1.0 -2.0 -1.0 -3.0 -2.0 -4.0 -2.0 0.0 -4.0 -3.0 -4.0 -3.0 -1.0 -1.0 -4.0 -3.0 -1.0 -1.0 -4.0 -3.0 -1.0 0.0 -2.0 -2.0 0.0 -3.0 -1.0 -1.0 -2.0 -2.0 -1.0 -1.0 -2.0 -3.0 0.0 -2.0 -3.0 -2.0 0.0 0.0 0.0 -4.0 -1.0 -2.0 -3.0 -1.0 -1.0 -3.0 -4.0 -3.0 -2.0 -2.0 -3.0 -3.0 -3.0 -3.0 
0.0 -3.0 -4.0 -2.0 -4.0 -2.0 -2.0 -4.0 0.0 224.0 -2.0 -3.0 0.0 -2.0 -3.0 -1.0 -3.0 0.0 -1.0 -3.0 -3.0 -1.0 -4.0 -4.0 0.0 -3.0 0.0 -1.0 -3.0 -2.0 0.0 0.0 0.0 -1.0 -2.0 -3.0 -2.0 0.0 -2.0 -3.0 -2.0 -2.0 -2.0 0.0 -4.0 -2.0 -4.0 -4.0 -3.0 -3.0 0.0 -3.0 -2.0 -1.0 0.0 -2.0 -4.0 -4.0 0.0 -3.0 0.0 -2.0 -3.0 -1.0 0.0 -3.0 -3.0 -3.0 -1.0 -1.0 -4.0 -2.0 -2.0 0.0 -1.0 -2.0 -2.0 -2.0 -4.0 -1.0 -1.0 -4.0 -2.0 -4.0 0.0 -2.0 -4.0 -1.0 -4.0 -4.0 -2.0 -4.0 -1.0 -2.0 -3.0 -4.0 -1.0 0.0 -2.0 0.0 -3.0 0.0 -1.0 -4.0 0.0 -1.0 -2.0 0.0 0.0 -1.0 -4.0 -1.0 -2.0 -2.0 -3.0 
-3.0 -1.0 -2.0 -2.0 -4.0 -4.0 -3.0 -3.0 0.0 -4.0 234.0 -2.0 -3.0 -4.0 -2.0 0.0 -1.0 -3.0 -1.0 -2.0 -4.0 0.0 -4.0 -2.0 -3.0 0.0 0.0 -4.0 -3.0 -4.0 0.0 -2.0 -4.0 -4.0 -3.0 -4.0 -4.0 -1.0 -4.0 -4.0 -1.0 -1.0 -4.0 -4.0 0.0 -1.0 -1.0 -2.0 -3.0 -3.0 0.0 -2.0 -1.0 -4.0 -2.0 -1.0 0.0 -4.0 -3.0 -2.0 -3.0 -2.0 0.0 -3.0 -3.0 0.0 -3.0 0.0 -1.0 -4.0 -3.0 -1.0 -4.0 -2.0 -1.0 -2.0 0.0 -1.0 0.0 -4.0 0.0 -3.0 -2.0 -3.0 0.0 -2.0 -1.0 -4.0 -4.0 -1.0 0.0 0.0 -1.0 -1.0 0.0 -2.0 -4.0 0.0 -2.0 -1.0 -2.0 -1.0 0.0 -1.0 0.0 -4.0 -3.0 -3.0 -3.0 -1.0 -4.0 -2.0 -1.0 -2.0 -2.0 
-3.0 -4.0 -1.0 -3.0 0.0 -4.0 -3.0 -3.0 0.0 -3.0 -3.0 212.0 0.0 0.0 -3.0 -1.0 0.0 0.0 -4.0 -2.0 -2.0 -4.0 -4.0 -4.0 -2.0 0.0 -4.0 -4.0 -1.0 -1.0 -3.0 -1.0 -2.0 -4.0 -1.0 0.0 -2.0 -1.0 -3.0 -4.0 0.0 -2.0 -3.0 -3.0 -1.0 -1.0 -3.0 -3.0 -1.0 -1.0 -2.0 0.0 -1.0 -2.0 -2.0 -3.0 -1.0 -3.0 -2.0 -1.0 0.0 -1.0 0.0 0.0 -1.0 0.0 -3.0 0.0 -4.0 -3.0 -3.0 -3.0 -3.0 -1.0 0.0 0.0 -4.0 0.0 0.0 -3.0 -4.0 -3.0 -2.0 0.0 0.0 -2.0 0.0 0.0 -3.0 -4.0 -3.0 -2.0 0.0 -1.0 -1.0 -2.0 -3.0 -3.0 -1.0 -2.0 0.0 -3.0 -1.0 -3.0 -2.0 0.0 -2.0 -4.0 -1.0 -4.0 -1.0 0.0 -3.0 -1.0 -3.0 
0.0 -3.0 -2.0 -3.0 -4.0 -2.0 0.0 -4.0 -4.0 -3.0 -2.0 -3.0 260.0 0.0 0.0 -1.0 -2.0 0.0 -3.0 -4.0 -1.0 -3.0 -3.0 -2.0 -2.0 -4.0 0.0 -2.0 -1.0 -1.0 -3.0 -1.0 -1.0 -3.0 0.0 -3.0 -3.0 -3.0 -2.0 -3.0 -4.0 -3.0 -3.0 -4.0 -4.0 0.0 -3.0 -3.0 -1.0 -2.0 0.0 -1.0 0.0 0.0 -1.0 -3.0 -1.0 -2.0 -2.0 0.0 -2.0 -4.0 -2.0 -2.0 -3.0 -1.0 -2.0 0.0 -4.0 -2.0 -2.0 -3.0 0.0 -1.0 -1.0 0.0 0.0 -4.0 -2.0 -4.0 -4.0 -4.0 -4.0 -3.0 -2.0 -1.0 -4.0 -1.0 -4.0 -1.0 -1.0 -4.0 -3.0 -2.0 -3.0 -4.0 -3.0 -4.0 -4.0 -4.0 -4.0 -3.0 -4.0 -3.0 -4.0 -1.0 -3.0 -4.0 -4.0 -1.0 -2.0 -3.0 -4.0 -2.0 -1.0 
-3.0 -1.0 -3.0 -3.0 0.0 -4.0 -2.0 0.0 0.0 -1.0 -2.0 -2.0 0.0 217.0 -2.0 0.0 -4.0 0.0 0.0 -3.0 0.0 -2.0 -1.0 0.0 -2.0 -4.0 -4.0 -1.0 -2.0 -2.0 -3.0 -3.0 -1.0 -1.0 -2.0 -2.0 -1.0 -3.0 -1.0 -3.0 -2.0 0.0 -1.0 -4.0 0.0 -1.0 0.0 -2.0 -2.0 -1.0 -1.0 -2.0 0.0 -1.0 0.0 0.0 -4.0 -3.0 -2.0 -4.0 -4.0 -1.0 -2.0 -4.0 0.0 -2.0 -2.0 0.0 -4.0 -2.0 -1.0 0.0 -2.0 -2.0 -1.0 -4.0 -3.0 -2.0 0.0 0.0 -1.0 -4.0 -1.0 -3.0 -4.0 0.0 -4.0 -4.0 -2.0 0.0 -4.0 0.0 -2.0 -2.0 -3.0 -3.0 -1.0 -2.0 -2.0 -4.0 -1.0 -4.0 -3.0 -4.0 -3.0 -2.0 0.0 -4.0 -2.0 -2.0 -1.0 -4.0 -1.0 -4.0 -2.0 
-1.0 0.0 -3.0 -2.0 -2.0 -2.0 -1.0 -4.0 -1.0 -1.0 0.0 -1.0 0.0 -4.0 202.0 0.0 -2.0 -3.0 -3.0 -3.0 0.0 -3.0 -3.0 -3.0 -1.0 -3.0 -1.0 -2.0 -4.0 -2.0 -2.0 -1.0 -3.0 -1.0 -4.0 -1.0 -3.0 -4.0 -3.0 -4.0 -4.0 -2.0 0.0 -2.0 -2.0 -3.0 -3.0 -1.0 -1.0 -3.0 0.0 0.0 -2.0 -1.0 -4.0 -2.0 0.0 -4.0 -1.0 -4.0 -4.0 -2.0 -2.0 -1.0 -4.0 -2.0 -4.0 -1.0 -1.0 -1.0 -4.0 -4.0 -2.0 -3.0 0.0 0.0 0.0 -1.0 -2.0 -4.0 -1.0 -1.0 0.0 0.0 0.0 0.0 -3.0 0.0 -3.0 -2.0 -1.0 -1.0 0.0 0.0 -1.0 0.0 0.0 -3.0 0.0 -1.0 -4.0 -1.0 -2.0 -2.0 0.0 0.0 -1.0 -1.0 0.0 -4.0 -2.0 -2.0 0.0 -3.0 -1.0 
0.0 -1.0 -2.0 -3.0 0.0 -2.0 -3.0 -2.0 0.0 -1.0 -4.0 -1.0 -4.0 -1.0 -2.0 193.0 -1.0 -3.0 0.0 -3.0 -4.0 0.0 -3.0 -2.0 0.0 -2.0 0.0 -1.0 -4.0 -2.0 0.0 -2.0 -2.0 -4.0 -1.0 -4.0 0.0 -3.0 -2.0 0.0 0.0 0.0 -2.0 -1.0 0.0 0.0 -2.0 -3.0 0.0 0.0 0.0 0.0 -2.0 0.0 -4.0 -1.0 -4.0 -1.0 -1.0 -2.0 -4.0 -3.0 -1.0 0.0 0.0 -1.0 -4.0 -2.0 -3.0 -1.0 -1.0 -1.0 -1.0 -3.0 -2.0 -1.0 -3.0 -4.0 0.0 -2.0 -2.0 -4.0 -4.0 -3.0 -3.0 -1.0 -3.0 -3.0 -3.0 -3.0 -4.0 0.0 -2.0 0.0 -2.0 0.0 -2.0 -2.0 -1.0 0.0 -2.0 -3.0 0.0 -4.0 -2.0 -1.0 -1.0 0.0 0.0 0.0 -3.0 -3.0 -1.0 -1.0 -1.0 
0.0 0.0 -3.0 -3.0 -3.0 0.0 -3.0 0.0 -4.0 -1.0 0.0 0.0 -1.0 -1.0 -2.0 -1.0 227.0 -2.0 -3.0 -4.0 -4.0 0.0 0.0 -3.0 -1.0 -4.0 -2.0 0.0 -1.0 0.0 -1.0 0.0 -4.0 -1.0 -4.0 0.0 -2.0 -4.0 -1.0 -3.0 -2.0 -2.0 0.0 -3.0 -1.0 -3.0 -2.0 -3.0 -3.0 -1.0 -2.0 -3.0 -3.0 -4.0 -1.0 -3.0 -2.0 -3.0 -1.0 -4.0 0.0 -3.0 0.0 -3.0 -2.0 -1.0 -4.0 0.0 0.0 -1.0 -4.0 -2.0 -2.0 -3.0 -1.0 -4.0 -1.0 0.0 -3.0 -4.0 -4.0 -1.0 -2.0 -4.0 0.0 -4.0 0.0 -4.0 -2.0 -3.0 -2.0 -3.0 -2.0 0.0 0.0 -3.0 -1.0 -3.0 -3.0 -1.0 -4.0 -2.0 -3.0 -3.0 -3.0 -3.0 -3.0 -1.0 -3.0 -2.0 -1.0 -3.0 -1.0 -3.0 0.0 
0.0 -4.0 -2.0 -2.0 -1.0 -3.0 -4.0 -4.0 0.0 -4.0 -2.0 -2.0 -2.0 -3.0 0.0 -1.0 0.0 228.0 0.0 -2.0 -3.0 -4.0 0.0 -3.0 -2.0 -3.0 -4.0 -2.0 -3.0 -2.0 -1.0 0.0 0.0 0.0 -2.0 -3.0 -1.0 -3.0 -2.0 -1.0 -3.0 0.0 -3.0 -3.0 -3.0 -1.0 0.0 0.0 -2.0 -3.0 -4.0 -4.0 -2.0 -4.0 0.0 0.0 0.0 -2.0 -1.0 -1.0 -3.0 0.0 -3.0 -3.0 -3.0 0.0 -4.0 -2.0 -2.0 0.0 -4.0 0.0 -3.0 -4.0 -2.0 -2.0 -2.0 -4.0 -1.0 -4.0 -2.0 -1.0 -4.0 0.0 -4.0 -4.0 -4.0 -3.0 -3.0 0.0 0.0 -2.0 -1.0 0.0 -2.0 -2.0 0.0 0.0 -2.0 0.0 -4.0 -4.0 -4.0 -1.0 -3.0 0.0 -3.0 -2.0 -4.0 -2.0 0.0 -1.0 -3.0 -2.0 -4.0 
-1.0 0.0 -3.0 -3.0 -4.0 -1.0 0.0 -1.0 0.0 -2.0 -3.0 -2.0 -2.0 0.0 -1.0 0.0 -4.0 -2.0 218.0 -2.0 -2.0 -3.0 -4.0 -4.0 -1.0 -1.0 -3.0 0.0 0.0 -4.0 0.0 -4.0 -1.0 -3.0 -1.0 -2.0 -1.0 -1.0 0.0 -1.0 0.0 -3.0 -1.0 -1.0 -3.0 -3.0 -3.0 -1.0 -1.0 0.0 -3.0 -2.0 -3.0 -1.0 0.0 -2.0 -1.0 -4.0 -4.0 -2.0 -4.0 0.0 -2.0 -1.0 -3.0 0.0 -1.0 -3.0 -3.0 0.0 -3.0 -2.0 -1.0 -3.0 0.0 -3.0 -2.0 0.0 -4.0 -3.0 -3.0 -4.0 0.0 -1.0 -1.0 -2.0 -4.0 -4.0 -1.0 -4.0 -2.0 -2.0 -2.0 -2.0 0.0 -2.0 -2.0 -2.0 -4.0 0.0 -4.0 0.0 0.0 0.0 -1.0 -3.0 -3.0 -4.0 -3.0 -4.0 -4.0 -1.0 0.0 -2.0 -4.0 
-2.0 -2.0 0.0 0.0 -4.0 -3.0 -4.0 -3.0 0.0 -1.0 0.0 -2.0 -3.0 -4.0 -4.0 -3.0 -4.0 -3.0 -3.0 231.0 -1.0 -3.0 -4.0 -1.0 -1.0 -4.0 0.0 -4.0 -4.0 -1.0 -2.0 -1.0 0.0 -1.0 -2.0 -3.0 -1.0 -1.0 -1.0 -3.0 0.0 -3.0 -1.0 0.0 -1.0 -3.0 -2.0 -3.0 0.0 -2.0 0.0 -2.0 0.0 -1.0 -1.0 0.0 -4.0 -2.0 -2.0 -1.0 -3.0 -2.0 -3.0 -2.0 -2.0 0.0 -1.0 -4.0 -2.0 -2.0 -3.0 -1.0 -4.0 -4.0 -3.0 -2.0 -1.0 -2.0 -4.0 -3.0 -2.0 0.0 -1.0 0.0 -3.0 -3.0 -4.0 0.0 -2.0 -3.0 -3.0 -4.0 -2.0 -3.0 -2.0 -1.0 -3.0 -2.0 -4.0 -1.0 -1.0 -2.0 -3.0 -1.0 -3.0 -3.0 -1.0 -3.0 -3.0 0.0 -4.0 -1.0 -1.0 0.0 -3.0 
-1.0 -2.0 -4.0 -3.0 0.0 -1.0 -2.0 0.0 -1.0 -2.0 -4.0 -1.0 -4.0 0.0 -1.0 -2.0 -1.0 0.0 -1.0 -2.0 222.0 -4.0 0.0 -4.0 -2.0 -1.0 -2.0 -4.0 -2.0 -4.0 -4.0 -3.0 -4.0 -2.0 -1.0 -4.0 0.0 -3.0 -3.0 -1.0 -4.0 -4.0 0.0 -4.0 -4.0 -1.0 0.0 -4.0 -3.0 -2.0 0.0 -1.0 -4.0 0.0 -3.0 -2.0 -2.0 -1.0 -4.0 -3.0 -1.0 -3.0 -2.0 -2.0 -2.0 0.0 0.0 -1.0 -1.0 -4.0 -2.0 -4.0 -1.0 0.0 -2.0 -3.0 -3.0 -3.0 -4.0 -2.0 0.0 0.0 -2.0 -1.0 -1.0 -3.0 -2.0 0.0 -1.0 -2.0 0.0 -3.0 -2.0 -2.0 -1.0 -3.0 0.0 -4.0 -4.0 0.0 -2.0 0.0 -4.0 -2.0 0.0 -3.0 -2.0 -1.0 -1.0 -4.0 -1.0 0.0 -2.0 0.0 -3.0 
-3.0 0.0 -1.0 -1.0 -2.0 0.0 -3.0 0.0 -1.0 -2.0 0.0 -4.0 0.0 -4.0 -4.0 -4.0 -3.0 -3.0 -1.0 -2.0 -4.0 249.0 -2.0 -4.0 -4.0 -2.0 -1.0 -3.0 -2.0 -4.0 -4.0 -4.0 -4.0 -3.0 -4.0 -4.0 -1.0 -4.0 -3.0 -1.0 -1.0 -4.0 -3.0 -2.0 -4.0 0.0 -2.0 -4.0 -3.0 -4.0 -4.0 -2.0 -2.0 0.0 -2.0 -2.0 -3.0 -2.0 -3.0 -4.0 -4.0 0.0 0.0 -1.0 -2.0 -2.0 -2.0 0.0 -1.0 0.0 -2.0 0.0 -4.0 -3.0 0.0 -2.0 -3.0 -1.0 0.0 0.0 -3.0 -4.0 0.0 -2.0 -4.0 -3.0 -1.0 -4.0 -4.0 -3.0 -1.0 -1.0 -2.0 -1.0 -4.0 -1.0 -3.0 0.0 -1.0 -4.0 -1.0 0.0 0.0 -2.0 -1.0 -1.0 -4.0 -4.0 -3.0 -4.0 -4.0 -3.0 0.0 0.0 -2.0 
-3.0 -2.0 0.0 -4.0 -2.0 -2.0 0.0 -1.0 -1.0 -3.0 -4.0 -1.0 0.0 0.0 0.0 -4.0 -3.0 0.0 0.0 -1.0 -4.0 -1.0 207.0 0.0 0.0 -4.0 -1.0 -1.0 0.0 0.0 -1.0 0.0 -1.0 -3.0 -3.0 -3.0 -2.0 -4.0 -4.0 0.0 -3.0 -3.0 -4.0 -2.0 0.0 -1.0 -1.0 -1.0 -1.0 -2.0 -3.0 -1.0 -1.0 -2.0 -3.0 -1.0 -1.0 -1.0 -1.0 0.0 -4.0 -2.0 -2.0 -1.0 -2.0 -2.0 -1.0 -4.0 0.0 -1.0 -1.0 -1.0 0.0 -2.0 -2.0 -4.0 -2.0 -1.0 -4.0 -3.0 0.0 -3.0 -2.0 -3.0 -3.0 -3.0 -2.0 0.0 -1.0 0.0 0.0 -4.0 -2.0 0.0 -3.0 -3.0 -4.0 -3.0 -2.0 -4.0 -4.0 -2.0 0.0 -1.0 0.0 -2.0 0.0 -4.0 -3.0 0.0 -1.0 -3.0 -3.0 -4.0 -4.0 
-1.0 -1.0 -1.0 -1.0 -3.0 -2.0 0.0 -4.0 -2.0 -3.0 -1.0 0.0 0.0 -2.0 -4.0 -2.0 -1.0 -2.0 -2.0 -3.0 0.0 -1.0 -2.0 247.0 -3.0 -2.0 -2.0 -3.0 -3.0 -1.0 -4.0 -4.0 0.0 -3.0 -1.0 -3.0 -1.0 -3.0 -2.0 -4.0 -3.0 -3.0 -4.0 -4.0 -1.0 -4.0 -4.0 0.0 -3.0 -4.0 0.0 0.0 -4.0 -2.0 0.0 -4.0 -4.0 -4.0 -1.0 0.0 0.0 0.0 -3.0 -2.0 -3.0 -1.0 -2.0 -3.0 -3.0 -3.0 -3.0 -4.0 -3.0 0.0 -2.0 -1.0 -3.0 -2.0 -2.0 -4.0 -3.0 -1.0 -1.0 -1.0 -2.0 -2.0 -2.0 -1.0 -4.0 -3.0 0.0 0.0 -3.0 -3.0 -1.0 -3.0 -3.0 -2.0 -1.0 -3.0 -4.0 -3.0 -4.0 -3.0 0.0 -4.0 0.0 -3.0 0.0 -2.0 -2.0 -4.0 -3.0 -4.0 -2.0 
-3.0 -2.0 -4.0 0.0 0.0 -1.0 -1.0 -1.0 -4.0 -4.0 -1.0 -4.0 -3.0 -4.0 -1.0 -3.0 -4.0 -1.0 -4.0 -4.0 -2.0 -2.0 -3.0 -4.0 223.0 -4.0 -4.0 -3.0 -4.0 -1.0 -1.0 -3.0 -3.0 -2.0 0.0 0.0 -4.0 -1.0 -4.0 -1.0 0.0 -3.0 0.0 -1.0 0.0 0.0 -1.0 -3.0 0.0 0.0 -3.0 0.0 -3.0 -1.0 -2.0 -3.0 -1.0 -2.0 0.0 -4.0 -2.0 -4.0 0.0 0.0 -3.0 0.0 0.0 -2.0 0.0 -2.0 0.0 -3.0 -3.0 -3.0 -2.0 0.0 0.0 -1.0 -2.0 -1.0 0.0 -2.0 -4.0 -4.0 0.0 0.0 0.0 -3.0 -2.0 -3.0 -1.0 -1.0 -1.0 -3.0 -1.0 -4.0 -3.0 -1.0 -4.0 -3.0 -2.0 -1.0 -4.0 -3.0 -4.0 -2.0 -3.0 -1.0 -1.0 -2.0 -3.0 -1.0 -1.0 -1.0 -4.0 
-2.0 -3.0 -3.0 -3.0 0.0 -4.0 -4.0 0.0 0.0 -1.0 -4.0 -4.0 -2.0 -2.0 -1.0 -3.0 -3.0 -2.0 -4.0 -2.0 0.0 -4.0 0.0 -1.0 -2.0 232.0 -4.0 -1.0 -3.0 0.0 -3.0 -1.0 0.0 -2.0 -4.0 -2.0 -1.0 -1.0 -1.0 -3.0 -4.0 -3.0 -1.0 0.0 -1.0 -2.0 -1.0 0.0 -3.0 -1.0 -2.0 -2.0 0.0 -4.0 0.0 -1.0 -2.0 -2.0 -2.0 -2.0 -3.0 -2.0 -2.0 -1.0 -1.0 -2.0 -2.0 -4.0 -4.0 0.0 -1.0 -2.0 -2.0 -4.0 -2.0 0.0 -4.0 -1.0 -2.0 -4.0 -4.0 -4.0 -1.0 -1.0 -4.0 -1.0 0.0 -4.0 -3.0 -1.0 -2.0 -4.0 -4.0 -2.0 -1.0 -4.0 -4.0 -1.0 0.0 -4.0 0.0 -1.0 -3.0 -2.0 -3.0 -3.0 -4.0 -1.0 0.0 -1.0 -1.0 0.0 0.0 -4.0 -4.0 
0.0 0.0 -3.0 -3.0 0.0 -2.0 0.0 0.0 -1.0 -4.0 -3.0 0.0 -3.0 0.0 -3.0 -4.0 -2.0 -4.0 -1.0 -4.0 0.0 0.0 -3.0 0.0 -4.0 -2.0 229.0 -3.0 -3.0 -1.0 -1.0 -4.0 -1.0 0.0 -2.0 -1.0 -2.0 -1.0 -3.0 0.0 -3.0 -3.0 -3.0 -4.0 -2.0 -3.0 -2.0 -2.0 -4.0 -1.0 -2.0 -2.0 -2.0 -1.0 -4.0 -1.0 -2.0 -1.0 -3.0 0.0 -3.0 -4.0 -3.0 -2.0 -2.0 -3.0 -4.0 -1.0 -4.0 0.0 -3.0 -3.0 -1.0 0.0 -4.0 -4.0 -2.0 -3.0 -2.0 -1.0 -2.0 -2.0 -4.0 -1.0 -4.0 -1.0 -3.0 -4.0 -3.0 -2.0 -1.0 -1.0 0.0 0.0 -1.0 -4.0 -2.0 -2.0 -1.0 0.0 0.0 -2.0 -1.0 0.0 -4.0 -2.0 -1.0 -4.0 0.0 -2.0 -4.0 -3.0 -3.0 -2.0 -1.0 
0.0 -2.0 -4.0 -2.0 -4.0 -4.0 -1.0 -4.0 -1.0 -2.0 0.0 -4.0 -1.0 -1.0 -2.0 -2.0 -1.0 -2.0 -2.0 -2.0 -2.0 -3.0 -2.0 0.0 0.0 -1.0 0.0 230.0 -2.0 -4.0 -2.0 -4.0 -4.0 0.0 0.0 -4.0 -3.0 -2.0 0.0 -3.0 -3.0 -4.0 0.0 -3.0 -1.0 -3.0 -1.0 -1.0 -1.0 -4.0 -2.0 -2.0 0.0 -1.0 -1.0 -2.0 0.0 -3.0 -4.0 -2.0 -1.0 -4.0 -3.0 -1.0 -2.0 -3.0 -2.0 -1.0 0.0 0.0 0.0 -4.0 -2.0 -2.0 -1.0 0.0 -3.0 -2.0 -3.0 -3.0 -3.0 -4.0 -2.0 0.0 -3.0 -1.0 -2.0 -2.0 -2.0 0.0 0.0 -4.0 -4.0 -2.0 -2.0 -4.0 -4.0 0.0 -3.0 -3.0 -2.0 0.0 -3.0 -4.0 0.0 -1.0 -3.0 -3.0 -3.0 -4.0 -1.0 0.0 -3.0 -2.0 -4.0 
-2.0 0.0 -2.0 -4.0 -3.0 -3.0 -3.0 -1.0 -1.0 0.0 -1.0 -1.0 -4.0 -4.0 -2.0 -1.0 -2.0 0.0 -4.0 0.0 -1.0 -1.0 0.0 -2.0 -3.0 -1.0 -4.0 0.0 212.0 -1.0 -2.0 -2.0 -3.0 -3.0 0.0 -3.0 0.0 -4.0 -3.0 0.0 -1.0 -3.0 -1.0 -3.0 -4.0 0.0 -1.0 0.0 -1.0 -3.0 -4.0 -1.0 0.0 -1.0 -4.0 -2.0 -2.0 -2.0 -3.0 -2.0 0.0 -2.0 -1.0 -1.0 0.0 -1.0 -2.0 -1.0 -4.0 -2.0 -1.0 0.0 -4.0 -2.0 -2.0 0.0 -3.0 -3.0 -1.0 -3.0 -2.0 -4.0 -2.0 -2.0 0.0 0.0 -3.0 -3.0 0.0 -4.0 -2.0 0.0 0.0 -2.0 -4.0 0.0 -4.0 -2.0 -1.0 -1.0 -1.0 -1.0 -4.0 -4.0 -3.0 0.0 -1.0 -2.0 0.0 -3.0 -2.0 -4.0 -2.0 -3.0 -4.0 
-2.0 0.0 -4.0 0.0 0.0 -3.0 -2.0 -2.0 -3.0 -4.0 -1.0 -4.0 0.0 -3.0 -3.0 0.0 -3.0 -2.0 -1.0 -2.0 -1.0 -1.0 -1.0 -4.0 -3.0 -2.0 -2.0 -4.0 -4.0 223.0 -4.0 0.0 -3.0 -4.0 -3.0 -1.0 -2.0 -2.0 -1.0 0.0 0.0 -4.0 0.0 -4.0 -3.0 -3.0 -4.0 -2.0 -4.0 -4.0 -3.0 0.0 -2.0 -2.0 -2.0 -2.0 -1.0 -4.0 -2.0 -1.0 -4.0 -1.0 -3.0 -3.0 -4.0 -2.0 -1.0 -1.0 -2.0 -4.0 0.0 -3.0 -3.0 -1.0 -4.0 -4.0 -1.0 -1.0 -3.0 0.0 0.0 -2.0 0.0 0.0 -1.0 0.0 -4.0 -1.0 -1.0 -3.0 -3.0 -4.0 -3.0 0.0 0.0 -2.0 0.0 0.0 -2.0 -3.0 -3.0 -3.0 -3.0 -1.0 0.0 -4.0 0.0 0.0 -1.0 -2.0 -2.0 0.0 0.0 -2.0 0.0 
0.0 -3.0 -2.0 -1.0 0.0 -2.0 -2.0 -3.0 -1.0 -3.0 -1.0 0.0 -1.0 -2.0 -3.0 -1.0 -4.0 -1.0 -4.0 -2.0 -4.0 -2.0 -3.0 -3.0 -3.0 -4.0 -3.0 0.0 -3.0 -2.0 237.0 -1.0 -2.0 -4.0 -1.0 -4.0 0.0 -4.0 -2.0 -2.0 -1.0 -4.0 -1.0 -4.0 0.0 -3.0 -2.0 -3.0 -1.0 -4.0 -2.0 -2.0 -4.0 0.0 -2.0 -3.0 -2.0 -4.0 -2.0 0.0 -4.0 -2.0 -2.0 -4.0 -3.0 0.0 0.0 -4.0 -3.0 -2.0 0.0 -2.0 -1.0 -4.0 -3.0 0.0 -4.0 -1.0 -1.0 -4.0 -2.0 -3.0 -1.0 -2.0 -4.0 -4.0 -3.0 0.0 -3.0 -1.0 -1.0 -3.0 -3.0 -2.0 -2.0 0.0 0.0 -1.0 -2.0 -2.0 -2.0 0.0 -2.0 -1.0 -1.0 -2.0 -3.0 0.0 -3.0 -1.0 -1.0 -4.0 -3.0 0.0 -4.0 
-2.0 -4.0 -3.0 -3.0 0.0 -3.0 -3.0 0.0 0.0 0.0 -4.0 -1.0 -1.0 -3.0 -4.0 -1.0 -2.0 0.0 -3.0 -4.0 0.0 -2.0 -1.0 0.0 -4.0 -2.0 -3.0 -3.0 -4.0 -2.0 -2.0 235.0 -2.0 -4.0 -2.0 -3.0 -2.0 -1.0 0.0 -1.0 -1.0 -4.0 -4.0 -2.0 -4.0 -3.0 -1.0 -2.0 -1.0 -3.0 0.0 -1.0 -3.0 -3.0 0.0 -3.0 -4.0 -2.0 0.0 -3.0 -2.0 -3.0 -1.0 -4.0 -4.0 -4.0 -4.0 -2.0 -1.0 -1.0 -4.0 -4.0 -3.0 0.0 -1.0 -3.0 -4.0 0.0 -3.0 0.0 -4.0 -2.0 -1.0 -3.0 -4.0 -3.0 0.0 -3.0 -3.0 -1.0 -4.0 0.0 -4.0 -1.0 -4.0 0.0 -4.0 0.0 0.0 -4.0 0.0 -3.0 0.0 -2.0 -4.0 -3.0 0.0 -1.0 -1.0 -1.0 -3.0 0.0 -1.0 0.0 0.0 
0.0 0.0 -1.0 -2.0 -1.0 -2.0 -1.0 -2.0 -2.0 -1.0 -1.0 -2.0 -1.0 -1.0 -4.0 0.0 -4.0 -4.0 -2.0 -3.0 -1.0 -3.0 -4.0 -4.0 -2.0 -2.0 -4.0 -2.0 -3.0 0.0 -3.0 -3.0 252.0 -4.0 -2.0 -1.0 -2.0 -3.0 -2.0 -1.0 -4.0 -3.0 -1.0 -3.0 -4.0 -4.0 -1.0 0.0 -1.0 -1.0 -2.0 -1.0 -4.0 -1.0 -2.0 -3.0 -2.0 -4.0 -4.0 -4.0 0.0 -4.0 0.0 -4.0 -4.0 -4.0 -2.0 -3.0 -3.0 -1.0 0.0 -3.0 -1.0 -3.0 -1.0 0.0 -3.0 -4.0 -2.0 -4.0 -3.0 -4.0 -4.0 -3.0 -4.0 -2.0 -3.0 -4.0 -3.0 -1.0 -4.0 0.0 -2.0 0.0 0.0 0.0 -1.0 -4.0 -2.0 0.0 -4.0 -2.0 -3.0 -2.0 -1.0 -1.0 -1.0 -3.0 -2.0 -2.0 -1.0 -3.0 -3.0 -1.0 -4.0 
-4.0 -1.0 -3.0 -1.0 0.0 -4.0 -2.0 -1.0 0.0 0.0 -4.0 -1.0 -4.0 -2.0 -3.0 -1.0 0.0 0.0 0.0 -4.0 0.0 -4.0 -4.0 -4.0 -4.0 -4.0 -3.0 -4.0 0.0 -2.0 -1.0 -3.0 -2.0 226.0 -1.0 -1.0 -1.0 -4.0 -1.0 -3.0 -1.0 -2.0 0.0 -4.0 -4.0 -2.0 0.0 0.0 -1.0 0.0 -1.0 -2.0 -1.0 -3.0 -1.0 -2.0 -2.0 -2.0 -1.0 -2.0 -3.0 -3.0 -1.0 -1.0 -3.0 -3.0 0.0 0.0 0.0 0.0 -2.0 -1.0 -1.0 0.0 0.0 -1.0 -4.0 -4.0 0.0 -2.0 0.0 -4.0 -4.0 -1.0 -3.0 -1.0 -4.0 -1.0 -2.0 -4.0 -3.0 -4.0 -3.0 0.0 0.0 -4.0 -3.0 -4.0 -3.0 0.0 -3.0 0.0 0.0 -4.0 -2.0 -2.0 -1.0 -4.0 -3.0 -4.0 -2.0 -4.0 -3.0 -1.0 -4.0 
-2.0 0.0 -1.0 0.0 -1.0 -2.0 -4.0 0.0 -4.0 -1.0 -3.0 -3.0 -1.0 -3.0 -3.0 -4.0 -4.0 0.0 -1.0 -2.0 -4.0 0.0 -2.0 -3.0 0.0 -4.0 -3.0 -2.0 -1.0 -2.0 -1.0 -3.0 0.0 -2.0 233.0 -4.0 0.0 -4.0 -2.0 -3.0 -3.0 -2.0 -2.0 -3.0 -3.0 -4.0 -2.0 -4.0 -1.0 -1.0 0.0 -3.0 -1.0 -3.0 -3.0 -4.0 -1.0 -2.0 0.0 -4.0 -4.0 -1.0 -4.0 -2.0 -3.0 -1.0 0.0 -4.0 -1.0 -4.0 -4.0 -1.0 0.0 -4.0 -3.0 0.0 0.0 -4.0 0.0 -1.0 -3.0 0.0 -2.0 -1.0 -2.0 -1.0 -2.0 -2.0 -4.0 -2.0 -3.0 -3.0 -3.0 0.0 -4.0 -2.0 -2.0 0.0 -2.0 -3.0 0.0 -2.0 -4.0 0.0 -2.0 -4.0 0.0 -1.0 -2.0 -1.0 -3.0 -4.0 -3.0 0.0 0.0 
-4.0 -4.0 -3.0 -3.0 -4.0 0.0 -3.0 -4.0 -3.0 -2.0 -2.0 -4.0 -1.0 -4.0 0.0 0.0 -2.0 -4.0 -2.0 -2.0 -1.0 -3.0 -2.0 -3.0 0.0 -2.0 -2.0 -2.0 -4.0 -2.0 -4.0 -1.0 -2.0 -1.0 -4.0 250.0 -2.0 -4.0 0.0 -3.0 0.0 -1.0 -2.0 0.0 -2.0 -3.0 -4.0 0.0 -4.0 -4.0 -3.0 -4.0 -2.0 0.0 -3.0 -3.0 -3.0 -3.0 -3.0 -4.0 -1.0 -1.0 -2.0 -3.0 -1.0 0.0 -3.0 -4.0 -2.0 -3.0 -4.0 -1.0 -1.0 0.0 -4.0 -4.0 -1.0 0.0 -3.0 -3.0 0.0 -1.0 -1.0 0.0 -3.0 -2.0 0.0 -4.0 -1.0 -2.0 0.0 -3.0 -3.0 -3.0 0.0 -1.0 -2.0 -2.0 -2.0 -4.0 -3.0 -2.0 -1.0 -4.0 -4.0 0.0 -2.0 -2.0 -4.0 -3.0 0.0 0.0 -3.0 -4.0 -2.0 
-4.0 -2.0 -1.0 -4.0 -3.0 -3.0 -2.0 -1.0 -2.0 -3.0 -4.0 -4.0 -4.0 0.0 -2.0 -3.0 -4.0 0.0 -1.0 -2.0 -3.0 -4.0 -1.0 -1.0 -1.0 -4.0 -4.0 -1.0 -3.0 -4.0 -2.0 0.0 -1.0 -1.0 -1.0 -1.0 231.0 -2.0 0.0 0.0 0.0 0.0 -3.0 0.0 -1.0 0.0 -4.0 -1.0 -3.0 -3.0 -3.0 -3.0 -1.0 -3.0 -1.0 -4.0 0.0 -2.0 -3.0 0.0 -4.0 -2.0 -2.0 0.0 -4.0 -4.0 -4.0 0.0 0.0 -4.0 -2.0 -4.0 -3.0 -4.0 0.0 -4.0 -1.0 -4.0 0.0 -2.0 -2.0 -2.0 0.0 -3.0 0.0 -4.0 0.0 -4.0 -1.0 -2.0 -2.0 -3.0 -1.0 0.0 -3.0 -1.0 -4.0 0.0 -1.0 -1.0 -3.0 -4.0 -3.0 -1.0 0.0 -2.0 -3.0 -4.0 -1.0 -3.0 -1.0 0.0 -4.0 0.0 -2.0 
-2.0 -3.0 -1.0 -2.0 -2.0 -3.0 0.0 0.0 -1.0 -2.0 -3.0 -4.0 -4.0 -2.0 -3.0 -3.0 -1.0 -4.0 0.0 0.0 0.0 -1.0 0.0 0.0 -1.0 -3.0 -4.0 0.0 0.0 -2.0 -1.0 -3.0 -3.0 -4.0 0.0 -4.0 -3.0 248.0 0.0 0.0 -4.0 -2.0 -4.0 0.0 -3.0 -4.0 -4.0 0.0 -2.0 -2.0 0.0 -1.0 -2.0 -4.0 -4.0 0.0 -2.0 -3.0 -1.0 -1.0 -4.0 -4.0 0.0 -3.0 -4.0 -4.0 -2.0 0.0 -4.0 -1.0 -4.0 -4.0 -4.0 -1.0 -3.0 -4.0 -4.0 -4.0 -2.0 -3.0 -4.0 -2.0 -4.0 0.0 0.0 -4.0 0.0 -2.0 -4.0 -1.0 0.0 -4.0 -1.0 -1.0 -4.0 -3.0 -1.0 -4.0 -1.0 -1.0 -3.0 0.0 -3.0 -2.0 -2.0 -1.0 -1.0 -4.0 -4.0 -1.0 -2.0 -4.0 -3.0 -3.0 -3.0 
-2.0 -2.0 0.0 -1.0 -2.0 0.0 -3.0 0.0 -3.0 0.0 -1.0 0.0 -3.0 -4.0 -2.0 0.0 -1.0 0.0 0.0 -3.0 -2.0 0.0 -4.0 -3.0 -1.0 -1.0 0.0 -1.0 0.0 -3.0 -2.0 -1.0 -1.0 0.0 -4.0 0.0 -3.0 -1.0 211.0 -1.0 -4.0 -4.0 0.0 -2.0 -4.0 0.0 0.0 -1.0 -1.0 -2.0 0.0 -1.0 -3.0 -1.0 -4.0 -3.0 -1.0 -2.0 -1.0 -1.0 -1.0 -1.0 -3.0 -4.0 -3.0 -3.0 -4.0 -4.0 -4.0 -3.0 -3.0 0.0 0.0 -1.0 0.0 -1.0 0.0 -1.0 -3.0 -1.0 0.0 -4.0 -2.0 -4.0 -2.0 -3.0 -2.0 -4.0 -1.0 -4.0 -4.0 -4.0 -3.0 -3.0 0.0 -3.0 -1.0 0.0 -4.0 -1.0 -4.0 -1.0 -3.0 -3.0 -4.0 0.0 -1.0 -2.0 -2.0 -2.0 -4.0 -1.0 -4.0 0.0 -1.0 
-2.0 -1.0 -2.0 -2.0 -1.0 0.0 -1.0 -1.0 -1.0 -3.0 -1.0 -1.0 -3.0 -2.0 0.0 -4.0 0.0 -2.0 -3.0 0.0 -3.0 0.0 0.0 0.0 0.0 -4.0 -1.0 -3.0 -2.0 -2.0 -2.0 -1.0 -3.0 -4.0 -4.0 -1.0 0.0 -1.0 0.0 203.0 -4.0 0.0 -4.0 -3.0 0.0 -1.0 -3.0 0.0 -3.0 0.0 -2.0 -4.0 0.0 -1.0 0.0 -1.0 0.0 -1.0 -1.0 -4.0 0.0 -1.0 -4.0 -3.0 -2.0 -4.0 -2.0 -3.0 -1.0 0.0 -3.0 -4.0 -3.0 -2.0 -2.0 -2.0 -4.0 0.0 -1.0 -4.0 -2.0 -1.0 -1.0 0.0 -2.0 0.0 -1.0 -3.0 -3.0 0.0 -2.0 -1.0 -1.0 0.0 -2.0 -4.0 0.0 -1.0 -2.0 -1.0 -4.0 -3.0 0.0 -3.0 -2.0 -3.0 -2.0 -3.0 -2.0 -3.0 -3.0 -4.0 -1.0 -1.0 -4.0 
-1.0 -3.0 -3.0 -3.0 -4.0 -4.0 -1.0 -2.0 -2.0 -2.0 -1.0 -4.0 -4.0 -4.0 -3.0 -3.0 -2.0 0.0 -4.0 -2.0 -3.0 0.0 -3.0 -4.0 -3.0 0.0 -2.0 -4.0 0.0 -4.0 -3.0 -2.0 0.0 -2.0 0.0 0.0 -2.0 -4.0 -3.0 -2.0 243.0 0.0 -2.0 -3.0 -4.0 -4.0 -1.0 -1.0 -3.0 -2.0 0.0 0.0 0.0 -2.0 -2.0 -4.0 -2.0 0.0 -3.0 -3.0 -1.0 -3.0 -3.0 -2.0 -3.0 0.0 -3.0 -4.0 -4.0 -1.0 -2.0 -1.0 -4.0 -2.0 -3.0 -1.0 -1.0 -2.0 -3.0 -4.0 -2.0 0.0 0.0 -1.0 -2.0 -4.0 -4.0 -2.0 -1.0 -3.0 0.0 0.0 -4.0 -3.0 0.0 -4.0 -3.0 -2.0 -1.0 -4.0 -3.0 0.0 0.0 0.0 -4.0 -1.0 0.0 -4.0 -4.0 -2.0 -1.0 0.0 -3.0 -1.0 -4.0 
0.0 -1.0 -3.0 0.0 -4.0 -4.0 0.0 -2.0 -3.0 -3.0 0.0 -2.0 -1.0 -2.0 -4.0 -2.0 0.0 0.0 -4.0 -4.0 -3.0 0.0 -2.0 -2.0 0.0 0.0 -3.0 -1.0 -2.0 -1.0 0.0 -3.0 -2.0 0.0 -3.0 -3.0 -4.0 -2.0 -3.0 -4.0 -2.0 240.0 0.0 -2.0 0.0 -4.0 -4.0 -4.0 -3.0 -1.0 -1.0 -4.0 -3.0 -2.0 -3.0 -2.0 -2.0 -3.0 -2.0 -4.0 -4.0 -4.0 -4.0 -2.0 -1.0 -4.0 0.0 -4.0 -3.0 0.0 -3.0 -4.0 -1.0 0.0 -3.0 -4.0 -4.0 0.0 -3.0 0.0 0.0 -2.0 -4.0 -2.0 0.0 -3.0 0.0 -1.0 -2.0 -3.0 -2.0 0.0 -3.0 -4.0 0.0 -3.0 -3.0 -4.0 -3.0 -1.0 0.0 -2.0 -4.0 -2.0 -2.0 -1.0 0.0 -1.0 -2.0 -3.0 -4.0 0.0 -3.0 -4.0 -1.0 
-2.0 -4.0 0.0 -2.0 -2.0 -3.0 -1.0 -1.0 -1.0 -4.0 -1.0 -4.0 0.0 -1.0 -3.0 -1.0 -2.0 -1.0 0.0 -1.0 -1.0 -2.0 -3.0 -4.0 0.0 -2.0 -2.0 -1.0 -3.0 -3.0 -4.0 -3.0 0.0 0.0 -2.0 -4.0 -1.0 -3.0 -2.0 -1.0 0.0 -1.0 228.0 -2.0 -3.0 -2.0 -3.0 -2.0 -3.0 -1.0 -3.0 -3.0 -3.0 -3.0 -3.0 -4.0 0.0 -1.0 -2.0 -4.0 0.0 -2.0 -1.0 0.0 -3.0 -2.0 -4.0 -3.0 -2.0 -4.0 -3.0 -2.0 -3.0 -3.0 -1.0 -2.0 -2.0 -1.0 -4.0 0.0 -4.0 -1.0 -4.0 -2.0 -2.0 -3.0 -1.0 -3.0 0.0 0.0 0.0 -2.0 -2.0 -4.0 -4.0 -4.0 -2.0 -1.0 -4.0 -2.0 -2.0 -3.0 0.0 -1.0 0.0 -1.0 -3.0 0.0 -1.0 0.0 -1.0 -4.0 -2.0 -3.0 -2.0 
-1.0 0.0 -1.0 -1.0 -1.0 0.0 -1.0 -3.0 -1.0 -4.0 -3.0 0.0 -1.0 -4.0 -3.0 -1.0 -3.0 -4.0 -3.0 -3.0 -4.0 -1.0 0.0 -1.0 -3.0 0.0 -1.0 -3.0 -4.0 0.0 0.0 0.0 -2.0 -4.0 -2.0 -4.0 0.0 -3.0 -1.0 0.0 -1.0 0.0 -1.0 211.0 -2.0 -1.0 -3.0 -4.0 -2.0 0.0 0.0 0.0 -3.0 0.0 -3.0 -3.0 0.0 -3.0 -2.0 -3.0 -3.0 -1.0 -1.0 -2.0 -4.0 -4.0 -4.0 -2.0 -4.0 -2.0 0.0 -1.0 0.0 -3.0 0.0 -4.0 -4.0 -3.0 -1.0 -1.0 -1.0 -4.0 -2.0 -2.0 -4.0 -2.0 -3.0 -1.0 -2.0 0.0 -2.0 0.0 -2.0 -4.0 -2.0 0.0 -2.0 -2.0 -1.0 -2.0 -4.0 -4.0 -3.0 -1.0 -1.0 0.0 -2.0 -1.0 -4.0 -3.0 -2.0 0.0 -2.0 0.0 0.0 
0.0 0.0 0.0 -2.0 -4.0 -4.0 0.0 0.0 -1.0 -1.0 -3.0 -3.0 -1.0 -1.0 0.0 -3.0 -2.0 -2.0 -4.0 -3.0 0.0 -1.0 -2.0 -1.0 0.0 -4.0 -3.0 -1.0 0.0 -4.0 -3.0 -1.0 0.0 -2.0 0.0 -4.0 0.0 -1.0 -2.0 -4.0 -1.0 -3.0 -2.0 -2.0 219.0 -1.0 -4.0 -2.0 -3.0 0.0 -2.0 -3.0 0.0 -2.0 0.0 -2.0 0.0 -2.0 -4.0 -2.0 -1.0 -3.0 -4.0 0.0 -4.0 -2.0 -4.0 -3.0 0.0 0.0 -3.0 0.0 -3.0 -3.0 -2.0 -3.0 0.0 -4.0 -3.0 -1.0 -2.0 -1.0 -2.0 -2.0 -4.0 -2.0 -4.0 -2.0 -2.0 -2.0 -1.0 -2.0 -4.0 -1.0 -3.0 -4.0 -4.0 -3.0 -1.0 -1.0 -1.0 -3.0 0.0 -1.0 0.0 -1.0 -2.0 -4.0 0.0 -1.0 -2.0 -3.0 -3.0 -4.0 -2.0 
-4.0 -1.0 -3.0 -1.0 -1.0 -1.0 -3.0 0.0 -4.0 0.0 -3.0 -1.0 0.0 -2.0 -3.0 -2.0 0.0 0.0 -4.0 -3.0 -3.0 -1.0 -3.0 0.0 0.0 -3.0 -1.0 -4.0 -3.0 0.0 -2.0 0.0 0.0 -4.0 -3.0 -1.0 -3.0 0.0 -2.0 -2.0 0.0 -4.0 -4.0 -1.0 -2.0 202.0 -3.0 0.0 0.0 -1.0 -4.0 -2.0 0.0 0.0 0.0 -2.0 0.0 -2.0 -2.0 -4.0 0.0 -1.0 -2.0 -4.0 -3.0 -1.0 0.0 0.0 -1.0 0.0 -4.0 -2.0 -4.0 -2.0 -2.0 -1.0 -3.0 0.0 0.0 -1.0 -3.0 -1.0 -2.0 -3.0 -2.0 -2.0 -3.0 0.0 0.0 -3.0 -3.0 -3.0 0.0 -4.0 -1.0 -4.0 -4.0 -4.0 -3.0 -1.0 -2.0 -3.0 0.0 -4.0 -2.0 0.0 -1.0 -3.0 0.0 0.0 -2.0 -4.0 -2.0 0.0 0.0 
-4.0 0.0 -2.0 -2.0 -1.0 -4.0 -4.0 -4.0 0.0 0.0 0.0 -3.0 -1.0 -3.0 -1.0 -1.0 -1.0 0.0 0.0 -4.0 -2.0 -3.0 0.0 -3.0 -4.0 -3.0 0.0 -1.0 0.0 -2.0 -1.0 -1.0 -1.0 -1.0 -1.0 -3.0 -4.0 0.0 0.0 -4.0 -3.0 -3.0 -1.0 -2.0 -3.0 0.0 227.0 -1.0 -2.0 -1.0 -3.0 -3.0 -1.0 -4.0 -1.0 -4.0 -2.0 -3.0 0.0 -2.0 -3.0 -4.0 -4.0 -4.0 -1.0 -3.0 -1.0 0.0 -4.0 -4.0 -1.0 -2.0 -1.0 -2.0 0.0 -4.0 0.0 -1.0 -4.0 -2.0 0.0 -3.0 -2.0 -1.0 -3.0 -1.0 -3.0 -2.0 0.0 -3.0 -3.0 -4.0 -2.0 0.0 -4.0 -4.0 -3.0 0.0 -1.0 -2.0 -2.0 -1.0 -4.0 0.0 -3.0 0.0 -4.0 -1.0 -4.0 -3.0 -3.0 -1.0 -1.0 -4.0 -2.0 
-1.0 -3.0 -2.0 -2.0 -4.0 0.0 -2.0 0.0 -2.0 -3.0 -3.0 -4.0 -2.0 -4.0 -2.0 -1.0 -4.0 -1.0 -2.0 -4.0 -2.0 -1.0 -3.0 -2.0 -1.0 -2.0 -2.0 -4.0 -4.0 -1.0 -3.0 -1.0 0.0 -2.0 0.0 -1.0 -2.0 0.0 -3.0 -2.0 0.0 -2.0 -3.0 -1.0 -1.0 -4.0 -2.0 233.0 -4.0 0.0 0.0 -4.0 -3.0 -3.0 -2.0 -3.0 0.0 -3.0 -4.0 -2.0 -1.0 -1.0 -2.0 -2.0 -3.0 -4.0 -2.0 -1.0 -4.0 -2.0 0.0 0.0 -2.0 -1.0 0.0 0.0 -4.0 -3.0 -3.0 -3.0 -4.0 -1.0 -3.0 -3.0 -2.0 -3.0 -3.0 -1.0 -3.0 0.0 0.0 -1.0 0.0 0.0 -1.0 -3.0 -3.0 -3.0 -3.0 -4.0 -2.0 -1.0 -1.0 0.0 -2.0 0.0 -2.0 -3.0 -4.0 -3.0 -2.0 -4.0 -3.0 -4.0 0.0 
-2.0 -1.0 -3.0 -3.0 -4.0 -3.0 -3.0 -1.0 -1.0 -1.0 -4.0 -1.0 -4.0 -4.0 -4.0 0.0 -3.0 -3.0 0.0 -4.0 -3.0 -3.0 -1.0 -1.0 -3.0 -2.0 -2.0 -2.0 -2.0 -4.0 -4.0 -4.0 -4.0 0.0 -3.0 0.0 0.0 -4.0 -1.0 -1.0 -2.0 -2.0 -3.0 0.0 -4.0 -1.0 -1.0 -1.0 227.0 -4.0 -3.0 0.0 -2.0 -3.0 -1.0 -2.0 -3.0 0.0 -4.0 0.0 0.0 0.0 -3.0 -3.0 -4.0 -4.0 -2.0 -1.0 -3.0 -3.0 -4.0 -3.0 -1.0 0.0 -2.0 -4.0 -4.0 0.0 -1.0 -1.0 0.0 -1.0 -2.0 -1.0 0.0 -1.0 -2.0 -2.0 -2.0 -2.0 -1.0 -3.0 0.0 -3.0 -2.0 -1.0 0.0 -3.0 -4.0 -2.0 0.0 -1.0 -3.0 -1.0 0.0 -2.0 -3.0 -4.0 0.0 0.0 -2.0 -3.0 -1.0 0.0 -3.0 
-1.0 -3.0 -1.0 -2.0 0.0 0.0 -3.0 0.0 -1.0 -1.0 -2.0 0.0 -1.0 -1.0 -1.0 -2.0 -2.0 -2.0 -1.0 -3.0 -3.0 -3.0 -4.0 0.0 -1.0 -4.0 -4.0 -4.0 -4.0 0.0 -2.0 -3.0 -2.0 -4.0 -3.0 0.0 0.0 0.0 -4.0 -2.0 -2.0 -1.0 0.0 -4.0 -3.0 -2.0 -1.0 -1.0 -4.0 204.0 0.0 -1.0 -1.0 0.0 -1.0 -3.0 -1.0 -4.0 -3.0 -1.0 -2.0 -4.0 -2.0 0.0 -2.0 0.0 0.0 -1.0 -4.0 0.0 -1.0 0.0 0.0 -3.0 -2.0 -2.0 -1.0 -1.0 -3.0 -2.0 -4.0 -2.0 -4.0 -3.0 -2.0 -2.0 0.0 -1.0 -2.0 -1.0 -1.0 0.0 0.0 -2.0 -2.0 -3.0 -4.0 0.0 -3.0 -4.0 -4.0 -3.0 -1.0 -4.0 -1.0 0.0 0.0 -2.0 -3.0 0.0 -1.0 -2.0 -1.0 -4.0 -1.0 
-3.0 0.0 -4.0 -3.0 -3.0 0.0 -1.0 -4.0 -2.0 0.0 -3.0 -3.0 -2.0 -4.0 -4.0 -2.0 -4.0 -1.0 0.0 -4.0 0.0 -4.0 0.0 -1.0 0.0 -2.0 0.0 -1.0 -4.0 -4.0 -4.0 -4.0 -2.0 -4.0 -4.0 0.0 -2.0 -1.0 -4.0 -4.0 0.0 -1.0 -1.0 -3.0 0.0 -4.0 -1.0 -3.0 -2.0 -3.0 244.0 -1.0 0.0 -1.0 0.0 -4.0 -4.0 0.0 -3.0 -3.0 -3.0 0.0 -2.0 -2.0 -2.0 -2.0 0.0 -2.0 -3.0 -3.0 -1.0 -3.0 -2.0 0.0 -1.0 0.0 -4.0 -1.0 -2.0 -2.0 -3.0 -3.0 -3.0 -4.0 -2.0 -4.0 -2.0 -2.0 0.0 -2.0 -2.0 -3.0 -3.0 -4.0 -3.0 -3.0 -4.0 0.0 -3.0 -4.0 0.0 -1.0 0.0 -3.0 -4.0 -4.0 -3.0 -1.0 -1.0 0.0 -4.0 0.0 -1.0 -3.0 -4.0 
-4.0 -1.0 -4.0 -1.0 -2.0 -2.0 -4.0 0.0 -1.0 -3.0 -3.0 0.0 -2.0 -1.0 -4.0 -1.0 -2.0 -4.0 0.0 -2.0 -3.0 -2.0 -1.0 -3.0 -3.0 -4.0 -1.0 0.0 0.0 -3.0 0.0 -1.0 -2.0 -2.0 -2.0 -3.0 -4.0 -1.0 -4.0 -1.0 -2.0 -1.0 -3.0 -1.0 0.0 -3.0 -3.0 -2.0 -2.0 -1.0 0.0 228.0 -3.0 -4.0 -3.0 -4.0 0.0 -1.0 -2.0 -2.0 -1.0 -4.0 -2.0 -4.0 0.0 -1.0 0.0 -4.0 -4.0 0.0 -4.0 -3.0 -2.0 -1.0 -3.0 -3.0 -1.0 -2.0 -1.0 -3.0 0.0 -4.0 -1.0 0.0 -1.0 -2.0 -4.0 -3.0 -4.0 0.0 -3.0 -3.0 -3.0 -3.0 -1.0 -3.0 -2.0 -2.0 -4.0 -1.0 -3.0 -3.0 -1.0 -1.0 0.0 -3.0 -2.0 -2.0 -1.0 0.0 0.0 -3.0 0.0 -4.0 0.0 
-1.0 -2.0 -1.0 -1.0 0.0 -4.0 -4.0 -4.0 -3.0 -2.0 -3.0 -4.0 -4.0 -1.0 0.0 -3.0 -4.0 -2.0 -3.0 -2.0 -4.0 -3.0 0.0 -4.0 0.0 -4.0 -4.0 -1.0 -2.0 -2.0 0.0 -3.0 -4.0 0.0 -1.0 0.0 -3.0 0.0 -1.0 -4.0 -3.0 -1.0 -3.0 -3.0 0.0 -4.0 0.0 -2.0 0.0 0.0 -1.0 -3.0 236.0 -2.0 -1.0 -1.0 0.0 -3.0 0.0 -4.0 -1.0 -1.0 -2.0 -4.0 -3.0 -4.0 -4.0 -1.0 -3.0 0.0 -1.0 -4.0 -3.0 -1.0 -3.0 -4.0 -4.0 -3.0 -3.0 -1.0 -2.0 0.0 -4.0 -1.0 -1.0 -3.0 -3.0 0.0 -3.0 -2.0 0.0 -4.0 -4.0 -3.0 -2.0 -2.0 -4.0 -1.0 -1.0 0.0 -3.0 -2.0 -1.0 -2.0 -2.0 -2.0 -1.0 0.0 -4.0 0.0 -2.0 -3.0 0.0 -1.0 -4.0 
-4.0 -2.0 -2.0 0.0 -4.0 -4.0 -2.0 -2.0 -3.0 0.0 0.0 -4.0 0.0 -2.0 0.0 -2.0 -3.0 -3.0 -3.0 0.0 0.0 -4.0 -1.0 0.0 -2.0 -1.0 -3.0 -1.0 -1.0 -3.0 -3.0 -3.0 0.0 -1.0 -3.0 0.0 0.0 -4.0 -1.0 -3.0 -2.0 -2.0 0.0 -4.0 -3.0 -3.0 -3.0 -3.0 -2.0 -4.0 0.0 -2.0 -4.0 221.0 0.0 -4.0 0.0 0.0 -2.0 -3.0 -1.0 0.0 -4.0 -3.0 0.0 -1.0 -1.0 -4.0 -1.0 -2.0 -1.0 0.0 -3.0 -1.0 -3.0 -2.0 -1.0 0.0 0.0 -4.0 -1.0 -3.0 -3.0 -1.0 0.0 -4.0 -4.0 -3.0 -1.0 -2.0 -2.0 -1.0 -4.0 -4.0 -3.0 0.0 -3.0 -4.0 -1.0 -3.0 -4.0 -4.0 0.0 -2.0 0.0 -1.0 -3.0 -2.0 -2.0 0.0 -1.0 -1.0 0.0 -3.0 -4.0 
-4.0 -1.0 -1.0 0.0 0.0 -4.0 0.0 -3.0 -1.0 0.0 -2.0 0.0 0.0 0.0 -3.0 0.0 -4.0 -4.0 -3.0 0.0 -2.0 -3.0 -4.0 0.0 -3.0 -2.0 -3.0 -4.0 -4.0 -4.0 0.0 -2.0 0.0 -2.0 -3.0 0.0 -4.0 -3.0 -4.0 -3.0 -2.0 -4.0 -3.0 -4.0 -4.0 -1.0 -1.0 -2.0 -1.0 -4.0 0.0 -4.0 0.0 -4.0 248.0 -1.0 -3.0 -2.0 -1.0 -4.0 -1.0 -1.0 -1.0 -3.0 -1.0 -2.0 -1.0 -2.0 -4.0 -3.0 0.0 -4.0 0.0 -2.0 -4.0 -3.0 -1.0 0.0 -2.0 -1.0 -1.0 -2.0 -4.0 -2.0 -1.0 -3.0 -3.0 0.0 -3.0 -4.0 -1.0 -3.0 -2.0 -4.0 -3.0 -4.0 -3.0 0.0 -4.0 -3.0 -1.0 -1.0 -2.0 0.0 -4.0 -2.0 -3.0 -4.0 -4.0 -1.0 -3.0 -3.0 -4.0 -1.0 -4.0 
-2.0 -1.0 -1.0 -2.0 -1.0 -4.0 -4.0 0.0 -2.0 -4.0 -3.0 -2.0 -3.0 -3.0 -1.0 -4.0 -2.0 -4.0 0.0 0.0 0.0 -4.0 -2.0 -4.0 -3.0 -1.0 -4.0 0.0 -4.0 -1.0 -1.0 -4.0 0.0 0.0 0.0 -1.0 0.0 -3.0 -3.0 -1.0 -1.0 -3.0 0.0 -2.0 -1.0 -4.0 -1.0 -1.0 -3.0 -2.0 -3.0 -4.0 -1.0 -3.0 0.0 217.0 -2.0 -2.0 0.0 -4.0 -2.0 -2.0 -2.0 0.0 -3.0 -3.0 0.0 0.0 -4.0 -2.0 -3.0 -3.0 -3.0 -2.0 -2.0 -3.0 0.0 -4.0 0.0 -3.0 -1.0 -1.0 -1.0 -2.0 0.0 -3.0 0.0 0.0 -3.0 0.0 -1.0 -3.0 0.0 0.0 -3.0 -2.0 -3.0 0.0 0.0 0.0 -4.0 -3.0 -1.0 -3.0 -2.0 -1.0 -3.0 -1.0 -4.0 -3.0 -3.0 -2.0 -2.0 -1.0 -4.0 
-1.0 -3.0 -2.0 -2.0 0.0 -1.0 -2.0 -3.0 -2.0 -2.0 -2.0 0.0 -1.0 -4.0 0.0 0.0 0.0 -4.0 0.0 0.0 0.0 -1.0 -4.0 -2.0 -3.0 -2.0 -3.0 0.0 -2.0 -4.0 -1.0 -4.0 0.0 0.0 -4.0 -1.0 -3.0 -4.0 -1.0 -2.0 -3.0 -4.0 -2.0 -4.0 -4.0 -1.0 0.0 -4.0 -3.0 -1.0 -1.0 -3.0 -3.0 -1.0 -4.0 -4.0 214.0 0.0 0.0 -3.0 -3.0 -2.0 -2.0 -2.0 -1.0 -3.0 -2.0 -1.0 -3.0 0.0 -4.0 -1.0 -2.0 0.0 -1.0 -1.0 -2.0 -1.0 -3.0 -1.0 -4.0 0.0 -2.0 -2.0 -4.0 -3.0 -3.0 -4.0 0.0 -1.0 0.0 -4.0 -1.0 -3.0 0.0 -2.0 -2.0 -4.0 -1.0 -2.0 0.0 -1.0 0.0 -1.0 -3.0 0.0 -3.0 -1.0 0.0 -2.0 -2.0 -3.0 0.0 -2.0 -4.0 
-2.0 -2.0 -4.0 -3.0 -4.0 -1.0 -3.0 -3.0 -2.0 -3.0 0.0 -1.0 0.0 -2.0 -3.0 -1.0 -2.0 -2.0 -2.0 -2.0 0.0 -4.0 0.0 -4.0 -3.0 -2.0 -3.0 0.0 0.0 -1.0 -2.0 -4.0 -4.0 -3.0 -2.0 -1.0 -2.0 0.0 -3.0 -2.0 -1.0 0.0 -2.0 -4.0 0.0 0.0 -2.0 -3.0 0.0 -4.0 -1.0 -2.0 0.0 0.0 -4.0 -2.0 -3.0 217.0 -1.0 -4.0 -2.0 -1.0 0.0 -1.0 0.0 -1.0 -4.0 0.0 -2.0 -1.0 -1.0 -1.0 -4.0 -3.0 -3.0 -2.0 -3.0 -4.0 -4.0 -1.0 -1.0 0.0 -3.0 -3.0 -2.0 -1.0 0.0 -1.0 -2.0 -2.0 -1.0 0.0 -1.0 0.0 -2.0 0.0 -4.0 -3.0 -4.0 -2.0 -2.0 -2.0 -3.0 -3.0 -2.0 -4.0 -1.0 0.0 -4.0 -1.0 -3.0 0.0 -2.0 -4.0 -1.0 
0.0 0.0 -4.0 0.0 -3.0 -1.0 -1.0 0.0 0.0 0.0 -3.0 -2.0 -1.0 -1.0 -1.0 -4.0 -1.0 -2.0 -4.0 -2.0 -2.0 0.0 -4.0 -2.0 0.0 -1.0 0.0 -1.0 -2.0 -1.0 -4.0 0.0 -2.0 -3.0 -1.0 -3.0 -2.0 -2.0 -1.0 -2.0 -2.0 -1.0 -4.0 -4.0 -3.0 -4.0 -4.0 -2.0 -1.0 0.0 -4.0 -3.0 -3.0 -4.0 -4.0 -1.0 -1.0 0.0 195.0 -2.0 -1.0 -4.0 0.0 -1.0 0.0 -1.0 0.0 0.0 0.0 -2.0 -2.0 -1.0 -3.0 -2.0 -4.0 0.0 -1.0 -4.0 0.0 -1.0 -4.0 0.0 0.0 0.0 -3.0 -1.0 0.0 -2.0 -3.0 -3.0 0.0 -1.0 -4.0 -2.0 0.0 0.0 -4.0 -4.0 -2.0 -3.0 0.0 0.0 -1.0 0.0 -3.0 0.0 -3.0 -3.0 0.0 -3.0 -1.0 -3.0 -2.0 0.0 -3.0 
-1.0 0.0 -3.0 -1.0 -1.0 -1.0 -1.0 -1.0 -3.0 0.0 -1.0 -2.0 -4.0 -3.0 -1.0 -2.0 -4.0 -1.0 -4.0 0.0 -4.0 -4.0 0.0 0.0 -3.0 0.0 -4.0 0.0 -3.0 -1.0 0.0 -1.0 -1.0 0.0 -2.0 -1.0 -3.0 -2.0 -2.0 -1.0 -4.0 -1.0 0.0 -3.0 -4.0 -4.0 0.0 -1.0 -2.0 -4.0 0.0 -2.0 -2.0 -4.0 -2.0 -1.0 0.0 0.0 -3.0 194.0 0.0 -3.0 -2.0 0.0 -2.0 0.0 -4.0 -3.0 -4.0 0.0 -2.0 0.0 0.0 0.0 -2.0 0.0 -1.0 -3.0 -2.0 -3.0 -2.0 -1.0 -1.0 -4.0 -1.0 -4.0 0.0 -1.0 -2.0 -2.0 -1.0 0.0 -3.0 -2.0 -1.0 0.0 -2.0 -1.0 -1.0 -1.0 -3.0 -2.0 -2.0 -4.0 -2.0 -4.0 0.0 -4.0 -1.0 0.0 -2.0 -1.0 0.0 -2.0 -3.0 
-2.0 0.0 -1.0 -1.0 0.0 -4.0 -1.0 0.0 -3.0 -3.0 -2.0 -2.0 -1.0 0.0 -2.0 -2.0 0.0 -3.0 -1.0 -1.0 -3.0 -1.0 -3.0 0.0 -1.0 0.0 -3.0 -2.0 0.0 -3.0 -3.0 -1.0 -1.0 -2.0 0.0 -3.0 -3.0 -1.0 -4.0 -4.0 -1.0 -4.0 -1.0 -1.0 -4.0 -4.0 -2.0 -1.0 -4.0 -4.0 0.0 -4.0 -1.0 0.0 -3.0 -2.0 -2.0 -3.0 0.0 -4.0 211.0 -3.0 0.0 -1.0 0.0 -2.0 -2.0 -1.0 -4.0 0.0 -1.0 -3.0 -4.0 -4.0 -2.0 0.0 -4.0 -3.0 0.0 -1.0 -2.0 -4.0 -3.0 0.0 -2.0 0.0 -4.0 -1.0 -2.0 -1.0 -3.0 -4.0 -3.0 -1.0 -4.0 -4.0 0.0 -2.0 0.0 0.0 0.0 0.0 -1.0 -3.0 -1.0 0.0 -2.0 -2.0 -1.0 0.0 -4.0 -4.0 -2.0 -3.0 -1.0 
-3.0 0.0 -4.0 -3.0 -3.0 -1.0 -4.0 0.0 -1.0 0.0 -4.0 -2.0 -1.0 0.0 -3.0 -2.0 -3.0 -2.0 0.0 0.0 -4.0 -3.0 -1.0 -3.0 -3.0 -2.0 -3.0 -3.0 -1.0 -2.0 -3.0 -3.0 -4.0 0.0 -4.0 -4.0 -2.0 -1.0 -3.0 -4.0 -4.0 0.0 -3.0 -2.0 -3.0 -1.0 -1.0 -3.0 -1.0 -2.0 -4.0 -2.0 -2.0 -3.0 0.0 -2.0 -3.0 -2.0 -1.0 -4.0 -1.0 226.0 -2.0 -2.0 0.0 0.0 -1.0 -1.0 -2.0 0.0 -1.0 0.0 0.0 -2.0 -4.0 0.0 -2.0 -2.0 -1.0 -2.0 0.0 -2.0 -4.0 0.0 -2.0 -2.0 0.0 -4.0 -4.0 -1.0 -4.0 -4.0 -1.0 -1.0 -4.0 -1.0 -1.0 0.0 -3.0 0.0 0.0 -2.0 0.0 -4.0 -2.0 -4.0 -3.0 -2.0 -1.0 -3.0 -2.0 -3.0 -1.0 -2.0 -4.0 
-3.0 -1.0 -3.0 -4.0 -1.0 -3.0 -1.0 -2.0 -4.0 -3.0 0.0 -3.0 0.0 0.0 0.0 0.0 -3.0 -1.0 -1.0 -4.0 -2.0 0.0 0.0 -1.0 -4.0 0.0 -2.0 0.0 -3.0 -1.0 -1.0 0.0 0.0 -1.0 -2.0 -4.0 -4.0 -4.0 0.0 -4.0 -3.0 0.0 -1.0 -1.0 -3.0 -4.0 -4.0 0.0 -2.0 -1.0 -4.0 -4.0 0.0 -2.0 0.0 0.0 -1.0 -3.0 0.0 -1.0 -3.0 -3.0 210.0 0.0 -2.0 -4.0 -1.0 -3.0 0.0 0.0 0.0 -4.0 -1.0 -4.0 -1.0 0.0 -3.0 -4.0 -2.0 -2.0 -2.0 -3.0 -1.0 -1.0 -1.0 -1.0 -4.0 0.0 0.0 -1.0 -4.0 -2.0 -3.0 -4.0 -4.0 -4.0 -1.0 -4.0 -4.0 -3.0 -4.0 -3.0 -2.0 -2.0 0.0 0.0 -1.0 0.0 -3.0 0.0 -1.0 0.0 -2.0 -3.0 -1.0 
-1.0 -4.0 -4.0 -4.0 -4.0 0.0 0.0 -4.0 -4.0 -3.0 -3.0 -1.0 -3.0 -3.0 0.0 -4.0 -3.0 -1.0 -4.0 -4.0 -2.0 -1.0 -1.0 -2.0 0.0 0.0 -3.0 -4.0 0.0 -1.0 -4.0 -2.0 -4.0 -4.0 -4.0 -3.0 -4.0 -2.0 0.0 0.0 -1.0 -3.0 -4.0 -3.0 -1.0 -4.0 -4.0 -1.0 0.0 0.0 -2.0 -3.0 -1.0 0.0 -3.0 -4.0 0.0 0.0 0.0 -4.0 -1.0 -3.0 -3.0 213.0 0.0 -4.0 0.0 -4.0 -2.0 -1.0 0.0 -2.0 0.0 -1.0 0.0 0.0 -4.0 -2.0 0.0 0.0 -2.0 -2.0 -3.0 -2.0 0.0 -2.0 -2.0 0.0 -4.0 -4.0 -4.0 -1.0 0.0 -1.0 -1.0 -4.0 0.0 0.0 0.0 -2.0 -2.0 -2.0 0.0 -2.0 -1.0 -1.0 0.0 -4.0 0.0 -1.0 -2.0 0.0 0.0 -3.0 -1.0 
-3.0 -1.0 -2.0 -1.0 -1.0 -1.0 0.0 -3.0 -4.0 -2.0 -1.0 -3.0 -3.0 -3.0 -4.0 -3.0 0.0 0.0 0.0 -3.0 -3.0 -1.0 -2.0 -3.0 -2.0 0.0 -4.0 -3.0 -2.0 -2.0 -2.0 -2.0 0.0 -3.0 -2.0 -4.0 -2.0 -4.0 -2.0 -4.0 0.0 -1.0 -2.0 -3.0 -1.0 -2.0 0.0 0.0 -1.0 0.0 -1.0 -1.0 -1.0 0.0 0.0 0.0 -2.0 -4.0 -2.0 0.0 -1.0 -1.0 0.0 -2.0 212.0 -2.0 0.0 0.0 -1.0 -2.0 -1.0 -4.0 -2.0 -4.0 -1.0 -1.0 -2.0 -2.0 0.0 -2.0 -3.0 0.0 -4.0 0.0 -3.0 -1.0 -2.0 -4.0 -2.0 -1.0 -1.0 -3.0 -2.0 -2.0 0.0 0.0 -4.0 0.0 -4.0 -1.0 -4.0 -4.0 -2.0 -4.0 -3.0 -2.0 -4.0 -2.0 -2.0 -4.0 -2.0 -3.0 -2.0 0.0 -3.0 
-3.0 -4.0 -4.0 -2.0 -4.0 -3.0 0.0 0.0 -1.0 -3.0 -3.0 -3.0 0.0 -4.0 -3.0 -2.0 -2.0 -1.0 -4.0 -4.0 -3.0 -2.0 -2.0 -2.0 -3.0 0.0 -3.0 -4.0 -3.0 -4.0 0.0 -4.0 -3.0 -4.0 -2.0 -3.0 -3.0 -3.0 -4.0 -1.0 -4.0 -4.0 -4.0 -3.0 -3.0 -3.0 -4.0 -3.0 -3.0 -2.0 -3.0 -1.0 0.0 -1.0 -3.0 -4.0 0.0 0.0 0.0 -3.0 0.0 -1.0 -2.0 -4.0 -1.0 270.0 -3.0 -4.0 -2.0 -4.0 -2.0 -2.0 -2.0 0.0 -3.0 -4.0 -2.0 -4.0 -4.0 0.0 -4.0 -3.0 -2.0 -4.0 -4.0 -4.0 -4.0 -1.0 -2.0 -2.0 -2.0 -1.0 -4.0 -1.0 -1.0 -3.0 -2.0 -2.0 -1.0 -4.0 -3.0 0.0 -3.0 -2.0 0.0 -3.0 -4.0 -2.0 -3.0 0.0 -2.0 0.0 -1.0 -1.0 0.0 
0.0 -2.0 -4.0 -2.0 0.0 -1.0 -2.0 -1.0 -1.0 -2.0 0.0 0.0 -4.0 -1.0 -3.0 -3.0 -1.0 -2.0 0.0 -1.0 -1.0 -1.0 -4.0 0.0 -1.0 -3.0 0.0 -4.0 -2.0 -4.0 -1.0 0.0 -3.0 0.0 -4.0 -4.0 0.0 -2.0 -1.0 -4.0 -3.0 -2.0 -1.0 0.0 -2.0 0.0 -4.0 -2.0 -4.0 -2.0 -2.0 -4.0 -4.0 -4.0 0.0 0.0 -1.0 -2.0 -2.0 -4.0 -2.0 -2.0 -3.0 -1.0 -1.0 -2.0 204.0 -1.0 -1.0 -3.0 -4.0 -4.0 0.0 0.0 -1.0 -2.0 0.0 -4.0 -3.0 -4.0 -4.0 -3.0 -1.0 -1.0 -4.0 0.0 0.0 -2.0 0.0 -1.0 -4.0 -1.0 -4.0 -3.0 0.0 -1.0 -1.0 -3.0 -1.0 -1.0 -3.0 -1.0 -1.0 -1.0 -4.0 0.0 0.0 -2.0 -1.0 -1.0 0.0 -1.0 -2.0 -1.0 -1.0 
-1.0 -1.0 -1.0 -1.0 -3.0 -3.0 0.0 -4.0 -2.0 -1.0 -1.0 -2.0 0.0 -1.0 -1.0 -4.0 -2.0 -3.0 -2.0 -1.0 0.0 -1.0 0.0 -2.0 -3.0 -4.0 -2.0 -3.0 0.0 -1.0 -1.0 -4.0 -1.0 -2.0 -2.0 -2.0 0.0 0.0 -2.0 -4.0 -1.0 -2.0 -4.0 -3.0 -3.0 0.0 0.0 -1.0 0.0 -3.0 0.0 -3.0 -2.0 -3.0 0.0 0.0 -2.0 -4.0 -2.0 -3.0 0.0 0.0 -4.0 0.0 -2.0 -4.0 -4.0 214.0 -1.0 -3.0 -1.0 -4.0 -4.0 -1.0 0.0 -2.0 -3.0 0.0 0.0 0.0 -1.0 -1.0 0.0 -4.0 -3.0 -2.0 -2.0 -1.0 -4.0 -4.0 -4.0 -3.0 -1.0 -4.0 0.0 -1.0 -1.0 -3.0 0.0 -1.0 -4.0 -3.0 -1.0 -3.0 -1.0 -4.0 -1.0 -2.0 -4.0 -3.0 -2.0 -2.0 -2.0 -2.0 -3.0 
0.0 0.0 -1.0 0.0 0.0 -4.0 -3.0 -3.0 -4.0 0.0 -4.0 -3.0 -3.0 -4.0 -1.0 -1.0 0.0 0.0 -3.0 -1.0 -2.0 -4.0 0.0 -3.0 -1.0 -1.0 -4.0 -3.0 -1.0 -3.0 -1.0 0.0 -1.0 -3.0 0.0 -4.0 0.0 -4.0 -1.0 0.0 -1.0 -4.0 -4.0 -3.0 -2.0 -3.0 -4.0 0.0 -2.0 -2.0 -3.0 -1.0 -4.0 -2.0 -4.0 -4.0 -2.0 -2.0 -4.0 -1.0 -3.0 0.0 -1.0 0.0 -3.0 -1.0 -1.0 0.0 216.0 -1.0 -2.0 -3.0 -1.0 -2.0 -1.0 -3.0 0.0 -3.0 -2.0 -2.0 -3.0 -4.0 -1.0 -2.0 -3.0 -3.0 -3.0 -3.0 -2.0 0.0 -1.0 -4.0 -1.0 0.0 -3.0 0.0 -4.0 -1.0 0.0 -3.0 -1.0 -2.0 -1.0 -4.0 -4.0 -2.0 -3.0 0.0 -1.0 -1.0 0.0 -3.0 0.0 -1.0 0.0 
-4.0 0.0 -3.0 0.0 -3.0 -1.0 -4.0 -2.0 -3.0 0.0 -4.0 -4.0 -3.0 -1.0 -1.0 -2.0 0.0 -3.0 -2.0 -3.0 -3.0 -1.0 -2.0 -2.0 0.0 -2.0 -2.0 -1.0 -2.0 -4.0 -2.0 -1.0 -2.0 -4.0 -3.0 -1.0 -3.0 -4.0 0.0 -4.0 -3.0 -1.0 -3.0 0.0 -2.0 -4.0 -4.0 -3.0 -4.0 -1.0 0.0 -2.0 -2.0 0.0 -2.0 -1.0 -4.0 -2.0 -2.0 0.0 -3.0 0.0 -2.0 -3.0 -4.0 0.0 -4.0 -2.0 -4.0 242.0 -3.0 -1.0 -2.0 -1.0 -4.0 -4.0 -1.0 0.0 -1.0 0.0 -2.0 -1.0 -3.0 -3.0 -1.0 -2.0 -1.0 0.0 -3.0 -2.0 -2.0 -2.0 -4.0 -3.0 -3.0 -4.0 -3.0 -3.0 -4.0 -2.0 -3.0 -1.0 -2.0 0.0 -4.0 -2.0 -2.0 -1.0 -1.0 0.0 -3.0 -3.0 -2.0 -1.0 -4.0 
-4.0 0.0 0.0 -3.0 -1.0 0.0 -3.0 -3.0 -2.0 -4.0 -1.0 -3.0 -2.0 0.0 0.0 -3.0 -2.0 -2.0 0.0 0.0 -1.0 0.0 -2.0 0.0 -2.0 -1.0 -3.0 -4.0 0.0 -2.0 -1.0 -4.0 -3.0 -2.0 -1.0 -1.0 -2.0 -1.0 -1.0 -4.0 -1.0 -3.0 0.0 -3.0 0.0 -1.0 -1.0 -2.0 -2.0 -4.0 -2.0 -3.0 -1.0 -2.0 -1.0 -1.0 -1.0 -3.0 0.0 -1.0 0.0 -4.0 -4.0 0.0 -1.0 -4.0 -1.0 0.0 -1.0 -4.0 210.0 0.0 -3.0 -1.0 -4.0 -4.0 0.0 -3.0 -2.0 -3.0 -3.0 -4.0 -2.0 0.0 -2.0 -4.0 -4.0 -4.0 0.0 -2.0 0.0 -4.0 -4.0 0.0 -2.0 0.0 -1.0 -2.0 -2.0 -2.0 -3.0 0.0 -1.0 -4.0 -1.0 -3.0 -3.0 -4.0 0.0 -1.0 -4.0 -1.0 -1.0 -2.0 -1.0 
-3.0 0.0 -1.0 0.0 0.0 -4.0 -1.0 -1.0 -2.0 -1.0 0.0 -4.0 -2.0 -1.0 -3.0 -2.0 -1.0 -2.0 0.0 -3.0 -1.0 -4.0 -4.0 -1.0 -4.0 -2.0 -3.0 -1.0 0.0 -1.0 0.0 -2.0 0.0 -3.0 -4.0 -2.0 -4.0 -2.0 -1.0 -3.0 -1.0 -3.0 -4.0 -2.0 -2.0 -3.0 -4.0 -1.0 0.0 -3.0 -4.0 -1.0 -2.0 -3.0 -2.0 -2.0 -1.0 -2.0 -1.0 -3.0 -1.0 -4.0 0.0 -3.0 -2.0 -4.0 -2.0 -2.0 -3.0 -1.0 -1.0 206.0 -4.0 -1.0 0.0 0.0 0.0 -3.0 -3.0 0.0 -1.0 -1.0 -2.0 0.0 0.0 0.0 -1.0 0.0 -4.0 -4.0 -2.0 -2.0 -3.0 -1.0 -3.0 0.0 0.0 -1.0 -4.0 -1.0 -2.0 -1.0 -1.0 -3.0 -1.0 0.0 -3.0 -2.0 -1.0 -1.0 -4.0 -1.0 -2.0 0.0 -3.0 
0.0 -3.0 -4.0 -1.0 -3.0 -2.0 -3.0 -2.0 -2.0 -3.0 0.0 0.0 0.0 0.0 -4.0 0.0 -1.0 0.0 -1.0 -4.0 -2.0 -2.0 0.0 -4.0 -1.0 0.0 0.0 -1.0 0.0 -2.0 0.0 -4.0 -3.0 0.0 -3.0 -4.0 -3.0 0.0 -3.0 -1.0 -4.0 0.0 -2.0 -2.0 -4.0 -3.0 -2.0 -4.0 -1.0 -2.0 -3.0 -4.0 0.0 -2.0 -3.0 -1.0 -3.0 -4.0 0.0 -2.0 -1.0 0.0 -3.0 -4.0 -1.0 -1.0 -2.0 0.0 -3.0 -2.0 -4.0 -3.0 213.0 0.0 -4.0 -4.0 -4.0 -1.0 -1.0 -4.0 -3.0 -1.0 -3.0 -1.0 -1.0 0.0 -4.0 -3.0 -1.0 -4.0 -4.0 -2.0 0.0 -2.0 0.0 -3.0 -2.0 -3.0 0.0 0.0 -1.0 -3.0 -3.0 -4.0 -1.0 -1.0 -3.0 0.0 0.0 -2.0 -1.0 -1.0 0.0 -2.0 0.0 
0.0 -2.0 -4.0 -2.0 -1.0 -2.0 0.0 0.0 -4.0 -1.0 -3.0 -3.0 -2.0 -4.0 -2.0 0.0 -4.0 -4.0 0.0 -2.0 -3.0 -3.0 -1.0 -3.0 -2.0 -2.0 -2.0 -1.0 -1.0 -2.0 0.0 -2.0 0.0 -1.0 -4.0 -2.0 -1.0 -1.0 -3.0 0.0 -2.0 -2.0 -2.0 0.0 -2.0 -2.0 -2.0 -3.0 0.0 -2.0 -3.0 -2.0 -3.0 -3.0 -3.0 0.0 -4.0 0.0 -3.0 -3.0 -4.0 0.0 -4.0 -1.0 -1.0 -4.0 0.0 -1.0 -3.0 -4.0 -3.0 0.0 -4.0 218.0 -4.0 -1.0 -3.0 0.0 -4.0 -3.0 0.0 -2.0 0.0 -3.0 -3.0 -1.0 -3.0 -3.0 -3.0 -3.0 0.0 0.0 -2.0 -1.0 -1.0 -1.0 -3.0 -4.0 -1.0 0.0 -1.0 -3.0 -1.0 -3.0 -3.0 -1.0 -1.0 0.0 -1.0 0.0 -3.0 0.0 -3.0 -2.0 -3.0 
0.0 -3.0 -1.0 -3.0 0.0 0.0 0.0 0.0 -2.0 -2.0 -3.0 -4.0 -1.0 -4.0 0.0 -4.0 -3.0 0.0 -2.0 -3.0 -2.0 -3.0 -1.0 0.0 -3.0 -4.0 -3.0 -4.0 -1.0 -4.0 0.0 -2.0 -2.0 -3.0 -2.0 -3.0 -4.0 -1.0 -1.0 0.0 -1.0 -2.0 -2.0 0.0 -3.0 -2.0 -1.0 -4.0 -1.0 -4.0 -4.0 -1.0 -2.0 -4.0 -4.0 -3.0 -3.0 0.0 -4.0 -2.0 -2.0 -3.0 -1.0 -3.0 0.0 -2.0 -1.0 -3.0 -2.0 0.0 0.0 -1.0 -2.0 -4.0 229.0 0.0 -1.0 0.0 0.0 0.0 -2.0 -2.0 -4.0 -1.0 0.0 -4.0 0.0 -2.0 -3.0 -2.0 -3.0 -1.0 -2.0 -2.0 -1.0 0.0 -3.0 0.0 -2.0 -3.0 -4.0 -1.0 -4.0 0.0 -4.0 -2.0 -2.0 -3.0 -3.0 -4.0 -3.0 -3.0 -4.0 -1.0 -4.0 
-4.0 0.0 -1.0 -4.0 0.0 -4.0 -2.0 -1.0 -4.0 0.0 -1.0 -1.0 -1.0 -1.0 -3.0 -3.0 0.0 -4.0 0.0 0.0 -3.0 0.0 -3.0 0.0 -3.0 -2.0 -2.0 -1.0 -3.0 0.0 0.0 -2.0 -3.0 -2.0 -1.0 -3.0 -3.0 -4.0 -2.0 -3.0 -1.0 -4.0 -3.0 -1.0 0.0 -1.0 -3.0 0.0 0.0 0.0 -4.0 -1.0 0.0 -4.0 -1.0 0.0 0.0 -2.0 0.0 -3.0 -1.0 0.0 -1.0 -1.0 -2.0 -4.0 -1.0 -2.0 -3.0 -2.0 -4.0 -3.0 -3.0 -3.0 0.0 195.0 -3.0 -4.0 -1.0 -1.0 -3.0 -2.0 0.0 0.0 -1.0 -1.0 0.0 -4.0 -1.0 -1.0 0.0 -1.0 0.0 0.0 -1.0 -4.0 0.0 -3.0 -2.0 -4.0 0.0 -2.0 -2.0 -1.0 -3.0 -1.0 -1.0 -3.0 -2.0 -3.0 -3.0 -1.0 0.0 -4.0 0.0 
-3.0 -2.0 -4.0 0.0 -2.0 -4.0 -2.0 0.0 -1.0 0.0 0.0 -3.0 -1.0 0.0 -3.0 -1.0 -4.0 -4.0 -1.0 -4.0 0.0 -2.0 -3.0 -3.0 -2.0 -2.0 -1.0 -4.0 0.0 -1.0 -3.0 -2.0 -2.0 0.0 -2.0 0.0 -2.0 0.0 -3.0 -2.0 0.0 0.0 -2.0 -4.0 -3.0 -3.0 -1.0 -2.0 0.0 -3.0 -3.0 -3.0 0.0 -3.0 -1.0 -1.0 -1.0 -2.0 -1.0 0.0 -1.0 0.0 -4.0 -3.0 -4.0 -4.0 0.0 -2.0 -1.0 -3.0 -2.0 -1.0 -3.0 -2.0 -1.0 -3.0 224.0 -4.0 0.0 -2.0 -4.0 -1.0 -3.0 -1.0 -4.0 -1.0 -2.0 -2.0 -2.0 -1.0 0.0 -1.0 -3.0 -4.0 -2.0 -4.0 0.0 0.0 -4.0 -4.0 0.0 -4.0 -1.0 -1.0 -4.0 -1.0 -4.0 -1.0 -3.0 -2.0 0.0 -4.0 -3.0 -4.0 -3.0 
-3.0 0.0 -4.0 -1.0 -2.0 -3.0 -2.0 -4.0 -2.0 -1.0 -3.0 -4.0 -1.0 0.0 -2.0 -1.0 0.0 -1.0 -3.0 -3.0 -3.0 -4.0 -4.0 -1.0 0.0 -2.0 -3.0 -4.0 -3.0 -3.0 -2.0 0.0 -1.0 -1.0 -1.0 -2.0 -4.0 -1.0 -3.0 -3.0 -3.0 0.0 -2.0 -3.0 -4.0 -4.0 0.0 0.0 -2.0 -4.0 0.0 0.0 -4.0 -1.0 0.0 -2.0 -4.0 -3.0 -4.0 -3.0 -4.0 -3.0 -1.0 -1.0 0.0 -2.0 -2.0 -3.0 -3.0 -3.0 0.0 -2.0 -2.0 -4.0 -3.0 -4.0 -3.0 258.0 -3.0 -3.0 0.0 -1.0 -2.0 -2.0 -3.0 -2.0 -4.0 -4.0 -2.0 -4.0 -4.0 -1.0 -2.0 -3.0 -4.0 -1.0 -2.0 -3.0 -2.0 -3.0 -1.0 -2.0 -2.0 -2.0 0.0 -2.0 -3.0 0.0 -4.0 -3.0 -4.0 -3.0 -2.0 -4.0 -3.0 
-4.0 -4.0 -3.0 -2.0 0.0 0.0 0.0 -3.0 0.0 0.0 -2.0 -4.0 -3.0 -4.0 -2.0 -2.0 -4.0 -2.0 -1.0 -3.0 -4.0 -1.0 -3.0 -4.0 -3.0 -3.0 -1.0 -3.0 -2.0 -2.0 -4.0 0.0 -1.0 -2.0 -3.0 -2.0 0.0 -4.0 -4.0 -3.0 -3.0 -4.0 0.0 -3.0 -1.0 -2.0 -1.0 -3.0 -1.0 -4.0 -2.0 -4.0 -2.0 -3.0 -2.0 -3.0 -1.0 -1.0 -4.0 -3.0 -1.0 0.0 -3.0 -4.0 -3.0 -3.0 -4.0 -2.0 -2.0 -3.0 -1.0 -1.0 -3.0 -1.0 -1.0 -4.0 -4.0 -1.0 258.0 -2.0 -3.0 -4.0 -3.0 -3.0 -3.0 0.0 0.0 -4.0 -1.0 -2.0 -4.0 -3.0 -2.0 -2.0 -4.0 0.0 -1.0 -4.0 -3.0 0.0 -2.0 -4.0 0.0 -1.0 0.0 0.0 0.0 -2.0 -4.0 -1.0 -3.0 -4.0 -4.0 -4.0 -1.0 
-3.0 -1.0 -2.0 0.0 -1.0 -4.0 -1.0 -3.0 -4.0 -3.0 -4.0 -4.0 -3.0 0.0 -2.0 0.0 -1.0 -3.0 -2.0 0.0 -1.0 -1.0 -3.0 -1.0 -3.0 -1.0 -3.0 -4.0 -4.0 -2.0 -4.0 -3.0 -1.0 0.0 -3.0 -3.0 -2.0 -3.0 -2.0 -3.0 0.0 -2.0 -4.0 -2.0 -1.0 -1.0 0.0 -2.0 0.0 0.0 -4.0 -4.0 0.0 -3.0 -1.0 -1.0 -1.0 0.0 -4.0 -2.0 -3.0 0.0 -2.0 -4.0 -4.0 -3.0 0.0 -2.0 -2.0 -3.0 0.0 -1.0 -2.0 -1.0 0.0 0.0 -2.0 -4.0 -2.0 214.0 -1.0 -2.0 0.0 -1.0 -2.0 -1.0 -1.0 -2.0 -4.0 -3.0 -2.0 -4.0 0.0 0.0 -4.0 -2.0 -1.0 -2.0 -3.0 -3.0 -2.0 0.0 -2.0 0.0 -1.0 0.0 -4.0 -4.0 0.0 -3.0 0.0 0.0 -1.0 -1.0 -3.0 
-1.0 -1.0 0.0 -2.0 -2.0 -2.0 -1.0 0.0 0.0 -1.0 -1.0 -4.0 0.0 0.0 -4.0 -3.0 -1.0 -3.0 -4.0 0.0 -2.0 -1.0 -4.0 -3.0 -4.0 -4.0 -4.0 0.0 -4.0 0.0 -1.0 -3.0 -1.0 -1.0 -4.0 -4.0 -4.0 -1.0 -2.0 -2.0 -2.0 -1.0 -2.0 -4.0 -1.0 -4.0 -4.0 -3.0 0.0 -1.0 -2.0 -2.0 -2.0 0.0 -3.0 -4.0 -2.0 -2.0 -4.0 -3.0 0.0 -3.0 -1.0 -2.0 -3.0 -1.0 -3.0 0.0 -4.0 -3.0 -4.0 -1.0 0.0 -4.0 -3.0 0.0 -3.0 -3.0 -3.0 -1.0 242.0 -3.0 0.0 -3.0 -3.0 0.0 -3.0 -4.0 -3.0 -4.0 0.0 -2.0 -3.0 -1.0 -4.0 -4.0 -3.0 -2.0 -2.0 0.0 -1.0 -2.0 -4.0 0.0 -3.0 -2.0 -3.0 -2.0 -4.0 -2.0 -2.0 -2.0 0.0 -4.0 0.0 
-4.0 -2.0 -1.0 0.0 -4.0 0.0 -4.0 -3.0 -4.0 0.0 -1.0 -3.0 -2.0 -1.0 -4.0 -1.0 -3.0 -3.0 -4.0 -1.0 0.0 -3.0 0.0 -3.0 -3.0 0.0 -4.0 -4.0 -2.0 0.0 -3.0 0.0 -2.0 -4.0 -3.0 -4.0 -3.0 -2.0 -3.0 -4.0 -2.0 -2.0 -4.0 -3.0 0.0 -2.0 -3.0 -1.0 -4.0 -1.0 -3.0 -4.0 -4.0 0.0 -4.0 -1.0 0.0 -2.0 -4.0 -1.0 -1.0 0.0 -3.0 -1.0 0.0 0.0 -4.0 -3.0 -4.0 -4.0 0.0 -1.0 -4.0 -4.0 -4.0 -2.0 -2.0 0.0 -1.0 -1.0 -2.0 246.0 -4.0 -4.0 -1.0 0.0 -4.0 0.0 0.0 -1.0 -4.0 -4.0 -1.0 -4.0 0.0 -4.0 -3.0 -1.0 -4.0 -4.0 -1.0 -2.0 -3.0 -1.0 -1.0 -1.0 -1.0 0.0 -1.0 -2.0 -3.0 0.0 -1.0 -4.0 -4.0 
-3.0 -4.0 -1.0 -1.0 -2.0 -3.0 -4.0 -4.0 -4.0 -2.0 -3.0 -3.0 -4.0 -4.0 -1.0 -4.0 0.0 -1.0 -2.0 -3.0 -2.0 -3.0 0.0 -2.0 -2.0 -3.0 -3.0 -3.0 -1.0 -1.0 -2.0 -2.0 -4.0 0.0 -3.0 -4.0 -2.0 0.0 -2.0 -2.0 -4.0 -1.0 -3.0 -1.0 -1.0 -3.0 -3.0 -2.0 -1.0 -1.0 0.0 -1.0 -1.0 -1.0 -2.0 -1.0 -1.0 -1.0 -2.0 -2.0 -2.0 -4.0 -1.0 -3.0 -3.0 -3.0 -1.0 -4.0 -4.0 0.0 -2.0 -3.0 -1.0 -2.0 -4.0 -1.0 -3.0 -3.0 -4.0 -4.0 -1.0 -1.0 248.0 -2.0 -3.0 -1.0 -1.0 -1.0 -3.0 0.0 -1.0 -4.0 -2.0 -3.0 -3.0 -2.0 -2.0 -1.0 -1.0 -1.0 -1.0 -3.0 -4.0 -4.0 -4.0 -2.0 -1.0 -2.0 -4.0 0.0 -4.0 0.0 0.0 -4.0 -4.0 
-2.0 0.0 0.0 -3.0 -4.0 -3.0 -4.0 -4.0 -2.0 -2.0 0.0 -1.0 0.0 -4.0 -2.0 -1.0 0.0 -1.0 -3.0 -4.0 -3.0 -1.0 -1.0 -4.0 -1.0 -1.0 -4.0 -2.0 -1.0 -4.0 0.0 0.0 0.0 -1.0 -3.0 0.0 -1.0 -4.0 -1.0 0.0 -1.0 -2.0 -1.0 -2.0 -1.0 0.0 -1.0 -3.0 -1.0 -3.0 -3.0 -4.0 -2.0 -1.0 0.0 -2.0 -2.0 -4.0 -3.0 -4.0 -3.0 -2.0 -1.0 0.0 -2.0 -4.0 -3.0 -3.0 -1.0 -1.0 -2.0 -2.0 -3.0 -4.0 -1.0 -3.0 -3.0 -1.0 0.0 -3.0 -4.0 -4.0 0.0 205.0 -2.0 0.0 -2.0 -4.0 -1.0 -1.0 0.0 -4.0 -2.0 -3.0 -1.0 0.0 0.0 0.0 0.0 -4.0 -3.0 -2.0 -1.0 -2.0 -3.0 0.0 -3.0 0.0 0.0 -1.0 -1.0 0.0 -3.0 0.0 0.0 
-2.0 0.0 -1.0 0.0 -3.0 -1.0 -4.0 0.0 0.0 0.0 -3.0 -3.0 -3.0 0.0 -2.0 -4.0 -3.0 -3.0 -4.0 0.0 -1.0 -2.0 -2.0 0.0 -4.0 0.0 -4.0 0.0 -4.0 -1.0 -1.0 -3.0 0.0 -3.0 0.0 -2.0 -3.0 -3.0 -1.0 0.0 -3.0 -1.0 -3.0 -1.0 -2.0 -1.0 -4.0 -1.0 -2.0 -2.0 -2.0 0.0 -4.0 -3.0 -4.0 -4.0 -1.0 -1.0 -4.0 -2.0 -4.0 -4.0 -3.0 -1.0 -2.0 -4.0 -2.0 -3.0 0.0 0.0 -2.0 -4.0 -2.0 0.0 -3.0 -4.0 -3.0 -1.0 -2.0 -4.0 -4.0 -1.0 -2.0 -4.0 231.0 -3.0 0.0 0.0 -3.0 -3.0 0.0 0.0 -2.0 0.0 -2.0 -4.0 -3.0 -4.0 -2.0 0.0 -2.0 -3.0 -1.0 -1.0 -3.0 -4.0 -2.0 0.0 -2.0 0.0 -2.0 0.0 -4.0 -3.0 -4.0 
-2.0 -1.0 -3.0 -4.0 -4.0 0.0 -1.0 0.0 -2.0 0.0 -3.0 -3.0 -2.0 0.0 -4.0 -3.0 -1.0 -1.0 -3.0 -3.0 -2.0 -1.0 -2.0 0.0 -4.0 -1.0 -1.0 0.0 0.0 -1.0 0.0 -3.0 -4.0 -4.0 -3.0 -3.0 -3.0 -1.0 -1.0 0.0 -1.0 -4.0 0.0 -2.0 -1.0 -2.0 0.0 -3.0 -4.0 -2.0 -3.0 -3.0 -4.0 -3.0 -2.0 -3.0 -1.0 -3.0 -1.0 0.0 0.0 -1.0 -1.0 0.0 -4.0 -3.0 0.0 -4.0 -4.0 -2.0 -3.0 -4.0 0.0 -3.0 -1.0 -3.0 0.0 -1.0 0.0 0.0 -4.0 -4.0 -1.0 -4.0 -3.0 225.0 -3.0 -3.0 -3.0 -1.0 -3.0 0.0 0.0 -4.0 -1.0 -3.0 -3.0 -2.0 -4.0 -2.0 0.0 -2.0 -1.0 -1.0 -1.0 0.0 -4.0 -4.0 -3.0 -4.0 -3.0 0.0 -2.0 0.0 -2.0 
0.0 -1.0 -2.0 -2.0 -3.0 -2.0 -4.0 0.0 0.0 -3.0 0.0 -2.0 -1.0 -4.0 -3.0 -2.0 -2.0 -3.0 -1.0 -1.0 0.0 -3.0 -2.0 -1.0 -1.0 -4.0 -4.0 -3.0 -3.0 -3.0 -1.0 -1.0 -1.0 -2.0 -3.0 -1.0 -3.0 0.0 -4.0 -2.0 -4.0 -2.0 -4.0 -1.0 -2.0 0.0 -2.0 -2.0 0.0 -3.0 -2.0 -4.0 -3.0 -2.0 -1.0 -1.0 -4.0 -3.0 -2.0 -3.0 -1.0 -4.0 -1.0 0.0 -1.0 -1.0 -3.0 -4.0 -2.0 -1.0 -2.0 0.0 -3.0 -4.0 0.0 -4.0 -4.0 -1.0 -2.0 -2.0 -3.0 -2.0 -2.0 -4.0 0.0 -2.0 219.0 -1.0 -2.0 -3.0 0.0 0.0 0.0 -3.0 -3.0 0.0 -3.0 -3.0 -1.0 -2.0 -1.0 0.0 0.0 -3.0 0.0 -2.0 0.0 -4.0 -1.0 0.0 -3.0 -3.0 0.0 -4.0 -1.0 
-1.0 -4.0 0.0 -4.0 -3.0 -1.0 -3.0 0.0 -1.0 -2.0 0.0 -1.0 0.0 0.0 -4.0 -1.0 -4.0 -2.0 -2.0 -1.0 -1.0 -1.0 -4.0 -4.0 -4.0 -2.0 -3.0 0.0 -4.0 -1.0 -2.0 0.0 -1.0 0.0 0.0 -1.0 -3.0 -1.0 -3.0 -2.0 -3.0 0.0 -4.0 0.0 -2.0 -3.0 -1.0 -4.0 0.0 -3.0 -4.0 -3.0 0.0 0.0 -2.0 -1.0 -3.0 -1.0 -3.0 -3.0 0.0 0.0 -3.0 -4.0 0.0 -2.0 0.0 -4.0 -2.0 0.0 -2.0 -2.0 -3.0 -2.0 -2.0 0.0 -3.0 -4.0 -1.0 0.0 -1.0 -4.0 -2.0 0.0 -1.0 -2.0 -4.0 212.0 -4.0 -1.0 -1.0 -3.0 -1.0 0.0 -1.0 -3.0 -3.0 -2.0 -3.0 -3.0 -4.0 0.0 -4.0 -3.0 0.0 -4.0 0.0 -1.0 -1.0 -3.0 0.0 -1.0 -4.0 -2.0 -1.0 
-3.0 -1.0 -1.0 -1.0 -4.0 -1.0 0.0 -3.0 0.0 -2.0 0.0 -3.0 -3.0 -3.0 -4.0 -1.0 -1.0 -3.0 0.0 -2.0 -2.0 -1.0 -2.0 -1.0 -3.0 0.0 -3.0 -3.0 0.0 -3.0 -4.0 0.0 -3.0 -2.0 -3.0 -2.0 -1.0 -1.0 0.0 0.0 -1.0 -1.0 -2.0 -2.0 -3.0 -4.0 -4.0 -2.0 -1.0 -3.0 0.0 -3.0 -4.0 0.0 0.0 -2.0 -3.0 -1.0 -4.0 -3.0 0.0 -2.0 -1.0 0.0 -2.0 -2.0 0.0 -4.0 -2.0 -3.0 -2.0 -3.0 0.0 -3.0 -4.0 0.0 -4.0 -4.0 -2.0 -2.0 -2.0 -2.0 -1.0 -3.0 -4.0 -4.0 -3.0 -1.0 239.0 -3.0 -4.0 -3.0 -1.0 -3.0 -1.0 0.0 -4.0 -2.0 -2.0 -3.0 -3.0 -2.0 -2.0 -4.0 0.0 -4.0 -2.0 -3.0 -4.0 -4.0 -3.0 -2.0 -2.0 -4.0 -1.0 
0.0 -2.0 -2.0 -4.0 -1.0 -4.0 -4.0 0.0 -4.0 -1.0 -4.0 -2.0 0.0 -4.0 -1.0 0.0 0.0 0.0 0.0 0.0 -3.0 -3.0 -3.0 -1.0 0.0 -1.0 -3.0 -2.0 -4.0 0.0 0.0 -1.0 -1.0 -4.0 -2.0 -4.0 -1.0 0.0 0.0 0.0 -4.0 -3.0 -1.0 -4.0 0.0 0.0 0.0 -2.0 -4.0 -4.0 -3.0 -4.0 0.0 0.0 -1.0 -1.0 0.0 -4.0 -4.0 -1.0 -3.0 0.0 -1.0 0.0 0.0 -3.0 -4.0 0.0 -3.0 -1.0 -1.0 -3.0 -1.0 -2.0 -4.0 -2.0 -4.0 -2.0 -3.0 -3.0 -1.0 -3.0 -4.0 -2.0 -2.0 -4.0 -1.0 -2.0 -1.0 217.0 -2.0 -4.0 -2.0 -1.0 -2.0 -2.0 -1.0 0.0 0.0 -4.0 0.0 -3.0 -4.0 -3.0 -2.0 -4.0 -2.0 -1.0 -1.0 0.0 -2.0 -3.0 -3.0 -2.0 -3.0 
-3.0 -4.0 -2.0 0.0 -4.0 0.0 -2.0 -4.0 0.0 -2.0 0.0 -1.0 0.0 -1.0 -4.0 -4.0 0.0 -1.0 0.0 -3.0 0.0 -3.0 -3.0 0.0 -4.0 -1.0 -3.0 -2.0 -1.0 -4.0 -4.0 0.0 -3.0 -4.0 -4.0 -4.0 -2.0 -4.0 -3.0 -4.0 -1.0 -3.0 0.0 -1.0 0.0 -3.0 -3.0 -2.0 -4.0 0.0 -2.0 0.0 -3.0 -2.0 -1.0 0.0 -2.0 -3.0 -1.0 0.0 -2.0 -3.0 -1.0 -3.0 -4.0 -4.0 -4.0 -3.0 0.0 -2.0 -2.0 -4.0 -3.0 0.0 -3.0 -3.0 -2.0 -4.0 0.0 -2.0 0.0 0.0 -1.0 -3.0 -2.0 -2.0 0.0 -2.0 -3.0 -3.0 220.0 -2.0 0.0 -1.0 0.0 -4.0 -2.0 0.0 -2.0 -2.0 0.0 -2.0 -2.0 0.0 -3.0 0.0 -3.0 -2.0 -1.0 -4.0 0.0 -2.0 0.0 -3.0 -1.0 
-1.0 -3.0 -1.0 -4.0 -2.0 -4.0 -2.0 0.0 -2.0 -3.0 -4.0 -1.0 -4.0 -2.0 -1.0 0.0 0.0 -3.0 -2.0 -2.0 -3.0 -2.0 -1.0 0.0 -1.0 -3.0 0.0 0.0 -4.0 -4.0 -3.0 0.0 -2.0 -3.0 -1.0 -1.0 0.0 0.0 -2.0 -2.0 -4.0 -1.0 -1.0 -3.0 -3.0 -2.0 0.0 -2.0 -1.0 -1.0 -4.0 -3.0 -2.0 -4.0 -1.0 -4.0 -2.0 -2.0 -4.0 -1.0 -4.0 0.0 -2.0 -4.0 -1.0 0.0 -3.0 0.0 -1.0 -4.0 -2.0 -4.0 0.0 -2.0 -3.0 -2.0 -2.0 0.0 -2.0 0.0 0.0 -3.0 -4.0 -3.0 0.0 -1.0 0.0 -2.0 -1.0 -3.0 -1.0 210.0 -2.0 -2.0 -2.0 0.0 -3.0 -1.0 -4.0 -3.0 -2.0 -4.0 -4.0 -1.0 0.0 -4.0 0.0 -2.0 0.0 -3.0 0.0 0.0 0.0 0.0 -1.0 
-2.0 -2.0 -1.0 -2.0 0.0 0.0 -1.0 0.0 -1.0 -2.0 -3.0 -1.0 0.0 0.0 0.0 -2.0 -1.0 -1.0 -1.0 0.0 -3.0 -2.0 -4.0 -3.0 -4.0 -3.0 -3.0 -2.0 -4.0 0.0 -2.0 -1.0 -3.0 -2.0 0.0 -3.0 -2.0 -3.0 -3.0 -2.0 -1.0 -3.0 -1.0 0.0 -4.0 -2.0 0.0 -2.0 -4.0 -1.0 -1.0 0.0 -4.0 0.0 -1.0 -4.0 -4.0 0.0 -3.0 -3.0 -4.0 -2.0 0.0 -1.0 -1.0 0.0 -2.0 -3.0 -3.0 -2.0 -3.0 -1.0 -2.0 -4.0 -1.0 -1.0 -2.0 0.0 -4.0 -4.0 -3.0 -4.0 -1.0 -1.0 0.0 -3.0 -2.0 -3.0 -1.0 -1.0 -3.0 -2.0 201.0 -1.0 -2.0 0.0 -1.0 -3.0 -1.0 0.0 -1.0 0.0 0.0 0.0 0.0 -3.0 -2.0 -2.0 -3.0 -2.0 -4.0 -1.0 -2.0 -2.0 0.0 
-1.0 -4.0 0.0 -2.0 -3.0 0.0 0.0 0.0 0.0 -2.0 -1.0 -1.0 -1.0 0.0 -4.0 -2.0 -3.0 0.0 -2.0 -2.0 0.0 -2.0 -3.0 -3.0 -1.0 -4.0 0.0 -3.0 -4.0 -4.0 -4.0 0.0 -2.0 -3.0 -1.0 -4.0 -3.0 -3.0 0.0 -2.0 -2.0 -4.0 0.0 -1.0 -1.0 -3.0 -3.0 -3.0 0.0 -3.0 -4.0 -2.0 -3.0 -1.0 -2.0 -1.0 -1.0 -3.0 -2.0 -3.0 -4.0 -4.0 -1.0 0.0 -4.0 -3.0 -3.0 0.0 -3.0 -2.0 0.0 -3.0 -3.0 -4.0 0.0 0.0 -3.0 -4.0 -3.0 -4.0 -1.0 -4.0 -1.0 -3.0 -4.0 -2.0 -3.0 -4.0 -2.0 -3.0 -3.0 -2.0 -2.0 237.0 -2.0 -4.0 0.0 -2.0 -4.0 -2.0 -2.0 -4.0 -1.0 -1.0 -1.0 -2.0 -4.0 -1.0 0.0 -2.0 0.0 0.0 -4.0 -1.0 -2.0 
0.0 -1.0 -2.0 -2.0 -2.0 -4.0 0.0 -1.0 -3.0 -1.0 -4.0 -2.0 -2.0 -1.0 -3.0 -3.0 -4.0 0.0 -4.0 -4.0 -2.0 -3.0 -4.0 -4.0 -2.0 0.0 0.0 -1.0 -4.0 -2.0 -2.0 -3.0 -3.0 -2.0 0.0 -2.0 -4.0 0.0 -1.0 -2.0 0.0 -2.0 -3.0 -3.0 0.0 -2.0 0.0 -2.0 -1.0 -3.0 -3.0 -3.0 -4.0 -3.0 -2.0 0.0 0.0 -1.0 -3.0 0.0 -3.0 0.0 -1.0 -2.0 -4.0 -2.0 -3.0 -1.0 -4.0 -4.0 0.0 0.0 -2.0 0.0 -2.0 -2.0 0.0 -4.0 -4.0 -1.0 -4.0 -4.0 -2.0 -3.0 -1.0 -1.0 -2.0 -3.0 -3.0 -3.0 0.0 0.0 -2.0 -4.0 228.0 -2.0 0.0 -4.0 -1.0 -3.0 -1.0 -1.0 -4.0 -2.0 -3.0 -1.0 -3.0 -1.0 0.0 -2.0 -3.0 -4.0 -2.0 -1.0 0.0 
-4.0 0.0 0.0 -2.0 0.0 -1.0 -2.0 -2.0 -1.0 -2.0 -1.0 -1.0 0.0 -2.0 -4.0 -4.0 -1.0 -4.0 -2.0 -4.0 -4.0 0.0 -2.0 -4.0 -4.0 0.0 0.0 -3.0 0.0 -3.0 -1.0 -4.0 0.0 -2.0 -4.0 -1.0 -2.0 -1.0 -3.0 -3.0 -2.0 -2.0 0.0 -1.0 -3.0 -3.0 -4.0 -1.0 -2.0 -3.0 -1.0 -2.0 0.0 -2.0 -2.0 -3.0 -1.0 -2.0 0.0 -3.0 0.0 0.0 -4.0 -2.0 -2.0 -3.0 -2.0 -2.0 -4.0 -1.0 -1.0 -1.0 0.0 -1.0 -2.0 0.0 -3.0 -2.0 -1.0 0.0 -3.0 0.0 -2.0 -4.0 0.0 -4.0 -1.0 -3.0 -4.0 0.0 -3.0 -1.0 0.0 -2.0 -2.0 216.0 -3.0 -3.0 -4.0 -4.0 -2.0 -1.0 -3.0 -3.0 -1.0 -4.0 0.0 0.0 -2.0 -2.0 -2.0 -3.0 0.0 -2.0 -2.0 
0.0 0.0 -1.0 -1.0 0.0 -4.0 -4.0 0.0 -1.0 -3.0 0.0 -4.0 -4.0 -3.0 -1.0 -3.0 -1.0 -3.0 0.0 0.0 0.0 -4.0 -3.0 -2.0 -3.0 -2.0 -3.0 -3.0 -3.0 0.0 -2.0 -4.0 -2.0 -3.0 0.0 0.0 -3.0 -2.0 0.0 0.0 0.0 -2.0 -1.0 0.0 -3.0 -1.0 -1.0 -2.0 -2.0 -2.0 -3.0 -4.0 -2.0 -2.0 -3.0 -4.0 0.0 0.0 0.0 -2.0 -1.0 -3.0 -2.0 -1.0 0.0 -4.0 -3.0 -2.0 -2.0 -3.0 -3.0 -1.0 -4.0 -1.0 -3.0 -2.0 -1.0 -4.0 -2.0 -3.0 -2.0 0.0 0.0 -3.0 -1.0 -4.0 -3.0 -3.0 -3.0 -1.0 -2.0 -3.0 -2.0 0.0 -2.0 -4.0 222.0 -4.0 -1.0 -2.0 0.0 -4.0 -4.0 -4.0 0.0 -3.0 -4.0 -1.0 -1.0 -4.0 -1.0 0.0 -4.0 -1.0 0.0 
0.0 -1.0 -4.0 -4.0 -3.0 -2.0 -1.0 -3.0 -3.0 -1.0 -4.0 -2.0 -1.0 -2.0 0.0 -2.0 -2.0 -4.0 -4.0 -2.0 0.0 -4.0 -4.0 -1.0 -2.0 -4.0 0.0 -3.0 -2.0 -2.0 -4.0 -1.0 -4.0 0.0 -1.0 -1.0 -3.0 -4.0 -3.0 -1.0 -3.0 -3.0 -2.0 -3.0 -1.0 -4.0 -1.0 0.0 -1.0 0.0 -3.0 -1.0 -3.0 -3.0 0.0 -3.0 -1.0 -4.0 -1.0 -4.0 -3.0 0.0 -2.0 -2.0 -4.0 -4.0 -2.0 -4.0 0.0 -3.0 -3.0 -1.0 -1.0 -4.0 0.0 -4.0 -3.0 -3.0 -1.0 -1.0 -2.0 0.0 -1.0 -4.0 -1.0 0.0 -3.0 0.0 0.0 -2.0 -2.0 -2.0 0.0 -2.0 0.0 -2.0 -4.0 233.0 -3.0 -3.0 -1.0 -1.0 0.0 -1.0 -2.0 -4.0 -2.0 -2.0 -4.0 -1.0 -3.0 0.0 -2.0 -4.0 0.0 
-2.0 -1.0 -2.0 -2.0 0.0 -2.0 -2.0 -4.0 0.0 -1.0 -2.0 -3.0 -4.0 -3.0 -2.0 -1.0 -2.0 -1.0 0.0 0.0 -1.0 -3.0 -1.0 0.0 -2.0 -3.0 -4.0 -4.0 0.0 -4.0 -3.0 -1.0 -3.0 0.0 0.0 -4.0 -3.0 -2.0 -3.0 -1.0 -4.0 -3.0 -4.0 -2.0 -1.0 -3.0 -3.0 -1.0 0.0 0.0 -4.0 -3.0 -4.0 -1.0 -3.0 -2.0 -4.0 -4.0 0.0 -3.0 -2.0 -1.0 -3.0 0.0 -3.0 -2.0 0.0 -2.0 -1.0 -1.0 -4.0 -2.0 0.0 0.0 -4.0 -4.0 -2.0 -1.0 -3.0 -3.0 -3.0 0.0 -4.0 -2.0 -3.0 -3.0 -1.0 -2.0 -2.0 0.0 -4.0 -3.0 0.0 -2.0 -2.0 -3.0 -2.0 0.0 237.0 -3.0 -1.0 -3.0 -4.0 0.0 -1.0 -3.0 -2.0 -4.0 -3.0 -3.0 -2.0 -4.0 0.0 -1.0 -4.0 
-3.0 -2.0 -3.0 0.0 -3.0 -4.0 -1.0 -2.0 -4.0 -3.0 -4.0 -3.0 -1.0 -4.0 -2.0 -2.0 0.0 -1.0 -3.0 -4.0 -1.0 -4.0 -3.0 0.0 -3.0 0.0 -2.0 0.0 0.0 -1.0 -1.0 -2.0 -3.0 -3.0 -3.0 -3.0 -3.0 -4.0 0.0 -2.0 -3.0 -3.0 -4.0 0.0 0.0 0.0 -1.0 -4.0 -1.0 -3.0 -3.0 -2.0 -4.0 -1.0 -2.0 -1.0 -1.0 -1.0 -4.0 0.0 -3.0 -1.0 -1.0 -1.0 0.0 -1.0 -1.0 -3.0 -2.0 -2.0 0.0 -3.0 0.0 -1.0 -2.0 -3.0 -1.0 -2.0 -2.0 -4.0 -1.0 -3.0 -3.0 -3.0 -4.0 0.0 -4.0 -4.0 0.0 -4.0 -4.0 -3.0 -2.0 -2.0 -4.0 -4.0 -4.0 0.0 -1.0 243.0 -3.0 -2.0 -1.0 -4.0 -2.0 -3.0 -2.0 0.0 -2.0 -3.0 -4.0 -4.0 0.0 -3.0 -2.0 
-2.0 -4.0 0.0 -2.0 -1.0 -4.0 -2.0 -2.0 -2.0 0.0 -2.0 0.0 -4.0 -2.0 0.0 -1.0 0.0 -2.0 0.0 -3.0 -1.0 0.0 -3.0 -3.0 -3.0 -1.0 -4.0 -3.0 0.0 -4.0 -4.0 -1.0 -4.0 -1.0 -1.0 0.0 -1.0 -1.0 -3.0 -3.0 -1.0 -3.0 0.0 -4.0 0.0 -2.0 -4.0 0.0 -3.0 -2.0 -1.0 0.0 -3.0 -3.0 -4.0 -1.0 0.0 0.0 -4.0 0.0 -2.0 -1.0 0.0 -3.0 -4.0 -4.0 -4.0 -2.0 -1.0 -4.0 -3.0 -3.0 -4.0 -3.0 -1.0 -1.0 -1.0 0.0 -3.0 0.0 -2.0 0.0 -3.0 -1.0 -4.0 0.0 -4.0 -1.0 -1.0 -2.0 -2.0 -1.0 -2.0 0.0 -2.0 -4.0 -3.0 0.0 -3.0 0.0 215.0 0.0 -4.0 -2.0 -1.0 0.0 -3.0 -2.0 -4.0 -3.0 -1.0 -2.0 -1.0 -1.0 -3.0 
0.0 -4.0 -3.0 -2.0 -2.0 0.0 -4.0 0.0 0.0 -1.0 -4.0 0.0 -1.0 -2.0 -1.0 -3.0 -4.0 -3.0 -1.0 -4.0 -3.0 -1.0 -4.0 0.0 -3.0 0.0 -1.0 -4.0 -2.0 -1.0 0.0 -3.0 0.0 -3.0 -2.0 0.0 0.0 -3.0 -2.0 -3.0 -1.0 -1.0 -3.0 -3.0 0.0 -4.0 0.0 0.0 -2.0 -4.0 -1.0 -2.0 -2.0 0.0 -2.0 -2.0 -3.0 0.0 -3.0 0.0 0.0 -2.0 -4.0 -3.0 -3.0 -3.0 -3.0 -4.0 -4.0 -4.0 -3.0 -1.0 0.0 -2.0 0.0 -3.0 -1.0 -2.0 -4.0 0.0 0.0 -3.0 -4.0 0.0 -3.0 -4.0 0.0 -2.0 -4.0 -3.0 -2.0 -1.0 0.0 -2.0 0.0 -3.0 -3.0 -4.0 0.0 -1.0 -4.0 221.0 -4.0 -3.0 -3.0 0.0 -2.0 -1.0 -1.0 -3.0 -2.0 -3.0 -1.0 -1.0 -1.0 
0.0 -1.0 0.0 -3.0 -4.0 -3.0 -2.0 -4.0 0.0 0.0 -4.0 -4.0 -2.0 -4.0 -3.0 -3.0 -2.0 -3.0 -1.0 -3.0 -1.0 0.0 -4.0 -3.0 -1.0 -4.0 -2.0 -4.0 -2.0 0.0 -1.0 0.0 -1.0 -2.0 -2.0 -3.0 -4.0 -4.0 0.0 -3.0 -4.0 -2.0 -3.0 -1.0 -4.0 -4.0 -3.0 -3.0 -3.0 -2.0 -1.0 -1.0 -2.0 -1.0 -3.0 -2.0 -4.0 -2.0 -4.0 -3.0 -3.0 0.0 0.0 0.0 -3.0 -1.0 0.0 -4.0 -2.0 -1.0 -1.0 -3.0 -1.0 -3.0 -2.0 -2.0 -4.0 -2.0 -1.0 -3.0 -4.0 0.0 -2.0 -4.0 -2.0 -2.0 -4.0 -4.0 -4.0 -3.0 -3.0 -3.0 -4.0 -3.0 -1.0 -4.0 -4.0 -3.0 0.0 -2.0 -3.0 -3.0 264.0 -4.0 -2.0 -3.0 0.0 -3.0 -2.0 -1.0 -4.0 -2.0 -4.0 -2.0 0.0 
-3.0 -3.0 -4.0 -4.0 0.0 -1.0 -3.0 -4.0 0.0 -1.0 -2.0 -2.0 -4.0 0.0 0.0 -1.0 0.0 -1.0 -4.0 0.0 -2.0 -2.0 -4.0 -3.0 -1.0 0.0 -3.0 0.0 -2.0 -3.0 -3.0 -2.0 -2.0 -1.0 -3.0 -4.0 -3.0 -1.0 -2.0 0.0 -2.0 -1.0 -1.0 -1.0 -4.0 -3.0 -2.0 -2.0 -4.0 -3.0 -1.0 -1.0 -4.0 -2.0 0.0 -4.0 -3.0 0.0 0.0 -3.0 -3.0 0.0 -1.0 -1.0 -2.0 -1.0 -2.0 -1.0 -1.0 -2.0 -2.0 -4.0 -3.0 -4.0 0.0 0.0 -1.0 0.0 -2.0 -2.0 -2.0 -3.0 -1.0 -1.0 0.0 -2.0 -1.0 0.0 -4.0 -3.0 -4.0 0.0 -4.0 -1.0 -3.0 -2.0 -3.0 -1.0 0.0 -3.0 0.0 -1.0 -1.0 207.0 -1.0 0.0 -1.0 0.0 0.0 -3.0 0.0 -2.0 -3.0 -2.0 -4.0 
-3.0 -4.0 0.0 -2.0 -4.0 0.0 -2.0 -1.0 -3.0 -1.0 -2.0 -4.0 -2.0 -4.0 -1.0 -1.0 -1.0 -2.0 -4.0 -3.0 -2.0 -1.0 -3.0 0.0 -3.0 -3.0 0.0 -3.0 0.0 -4.0 -3.0 0.0 -3.0 -1.0 -4.0 -4.0 -2.0 -3.0 -1.0 -3.0 -4.0 -2.0 0.0 -2.0 0.0 -3.0 -2.0 -3.0 -4.0 -4.0 -3.0 -4.0 -2.0 -4.0 -1.0 -4.0 -2.0 0.0 0.0 0.0 -1.0 -3.0 0.0 -1.0 -3.0 -4.0 0.0 0.0 -4.0 -3.0 0.0 0.0 0.0 -1.0 -1.0 -1.0 -2.0 -1.0 -4.0 0.0 -3.0 -4.0 -3.0 -3.0 0.0 -2.0 -2.0 -4.0 0.0 -3.0 0.0 -1.0 0.0 -4.0 0.0 0.0 -2.0 -2.0 -2.0 -3.0 -3.0 -1.0 -3.0 0.0 227.0 -2.0 0.0 0.0 -3.0 -3.0 -3.0 -4.0 -3.0 -3.0 -1.0 
-4.0 -4.0 -1.0 0.0 -1.0 -1.0 -2.0 -1.0 -1.0 -4.0 -4.0 0.0 -3.0 0.0 0.0 -2.0 -4.0 -2.0 -2.0 -1.0 -1.0 -1.0 -4.0 -4.0 -1.0 -2.0 0.0 -3.0 0.0 0.0 0.0 -2.0 -2.0 0.0 -1.0 0.0 -3.0 -3.0 -3.0 -2.0 -2.0 -1.0 -1.0 -3.0 -1.0 -1.0 -1.0 -4.0 -1.0 -4.0 -3.0 -2.0 -1.0 0.0 -2.0 -3.0 -1.0 0.0 0.0 -4.0 -2.0 -1.0 -2.0 -4.0 -1.0 -1.0 -2.0 -1.0 -2.0 -2.0 -2.0 -1.0 0.0 -4.0 0.0 -2.0 -2.0 0.0 -3.0 -4.0 -2.0 -3.0 -4.0 -1.0 -1.0 -3.0 -2.0 -3.0 -1.0 -2.0 -3.0 0.0 -2.0 -1.0 -3.0 -3.0 -3.0 -1.0 -1.0 -4.0 -4.0 0.0 -3.0 -1.0 -2.0 209.0 -2.0 0.0 0.0 -4.0 -4.0 -2.0 -3.0 -1.0 0.0 
-3.0 -4.0 -4.0 -1.0 0.0 0.0 -1.0 -1.0 -3.0 -1.0 0.0 -4.0 0.0 -3.0 -4.0 0.0 -2.0 0.0 -3.0 -4.0 -1.0 -2.0 -1.0 0.0 -1.0 -4.0 -4.0 -2.0 -4.0 -2.0 -1.0 -2.0 0.0 -2.0 0.0 -2.0 -2.0 -1.0 0.0 -4.0 -3.0 -2.0 0.0 -4.0 -4.0 -4.0 -4.0 -4.0 -4.0 -4.0 0.0 -2.0 -1.0 -3.0 0.0 -4.0 -3.0 -1.0 -1.0 -3.0 -2.0 0.0 0.0 0.0 -2.0 -4.0 -1.0 0.0 -1.0 -2.0 -2.0 -2.0 -4.0 0.0 -3.0 -2.0 0.0 0.0 -3.0 -4.0 -4.0 -4.0 -3.0 -2.0 -1.0 -1.0 -1.0 -1.0 -2.0 -2.0 -1.0 -4.0 -1.0 -4.0 -2.0 0.0 0.0 0.0 -3.0 -4.0 -3.0 -3.0 -1.0 -4.0 -3.0 -2.0 221.0 -1.0 0.0 -2.0 0.0 -1.0 -1.0 0.0 -4.0 
-2.0 -2.0 -3.0 -2.0 -3.0 0.0 -3.0 -3.0 0.0 -3.0 -3.0 0.0 -1.0 -3.0 -4.0 -2.0 -1.0 0.0 -2.0 -4.0 -4.0 -2.0 -1.0 -2.0 0.0 -1.0 -4.0 -4.0 -2.0 -4.0 -2.0 -4.0 -2.0 0.0 -1.0 -1.0 -2.0 -1.0 -1.0 -4.0 0.0 -1.0 0.0 -1.0 0.0 0.0 0.0 -1.0 -3.0 -4.0 -4.0 -3.0 0.0 0.0 -1.0 -2.0 -2.0 -3.0 -1.0 -3.0 -4.0 -1.0 -3.0 -1.0 -4.0 -2.0 -4.0 -2.0 -2.0 -4.0 -1.0 -1.0 -3.0 -2.0 -4.0 -4.0 -1.0 -1.0 -4.0 -2.0 -4.0 -2.0 0.0 -2.0 -1.0 -4.0 -1.0 0.0 -4.0 -4.0 -2.0 -4.0 -1.0 -1.0 -3.0 -2.0 -4.0 -1.0 -1.0 -2.0 -3.0 0.0 -2.0 -4.0 -1.0 -2.0 -4.0 236.0 -3.0 0.0 -2.0 -1.0 -1.0 -4.0 -4.0 
-3.0 -1.0 -3.0 -1.0 -1.0 0.0 0.0 -4.0 -3.0 -1.0 -1.0 -4.0 -2.0 -2.0 -4.0 -3.0 -1.0 -4.0 0.0 -3.0 -4.0 -3.0 0.0 -1.0 -4.0 -4.0 -2.0 -4.0 0.0 -2.0 -3.0 -3.0 -2.0 -4.0 -1.0 -4.0 -3.0 -1.0 -4.0 -4.0 -3.0 -4.0 -4.0 -4.0 -3.0 -4.0 -3.0 -1.0 -1.0 -3.0 -2.0 0.0 -4.0 -2.0 -2.0 -2.0 -2.0 -4.0 0.0 -1.0 0.0 -3.0 -2.0 -1.0 -1.0 -1.0 -4.0 -2.0 0.0 -3.0 -1.0 -3.0 -4.0 -3.0 0.0 -2.0 -4.0 0.0 -1.0 -4.0 0.0 -3.0 -3.0 0.0 0.0 -2.0 -1.0 -4.0 -3.0 -1.0 -4.0 -1.0 -1.0 -3.0 0.0 -1.0 -1.0 -1.0 -4.0 -2.0 -4.0 0.0 -4.0 0.0 -4.0 -3.0 -1.0 -3.0 247.0 -4.0 -1.0 -1.0 0.0 -3.0 -2.0 
-3.0 0.0 0.0 -2.0 -2.0 -1.0 0.0 -4.0 -4.0 -2.0 -4.0 -1.0 -2.0 -1.0 -4.0 -1.0 0.0 -3.0 0.0 -3.0 0.0 -2.0 -1.0 0.0 -1.0 0.0 -1.0 0.0 -4.0 -3.0 0.0 0.0 -4.0 -3.0 -3.0 -1.0 0.0 -2.0 -2.0 -2.0 -4.0 -3.0 -3.0 -1.0 -1.0 0.0 -1.0 -2.0 -2.0 -2.0 -2.0 -2.0 -3.0 0.0 -4.0 -2.0 -3.0 -1.0 0.0 0.0 0.0 -3.0 -2.0 -4.0 0.0 -2.0 -3.0 -3.0 -3.0 0.0 0.0 0.0 0.0 -4.0 0.0 -4.0 -3.0 -2.0 0.0 -2.0 -3.0 -2.0 -2.0 -2.0 -1.0 -2.0 -1.0 -1.0 0.0 -2.0 -4.0 0.0 0.0 -4.0 -2.0 -4.0 -4.0 0.0 -4.0 -4.0 -1.0 0.0 0.0 -4.0 -2.0 -4.0 0.0 -2.0 -3.0 208.0 -3.0 -3.0 -4.0 -3.0 0.0 
0.0 -4.0 -1.0 0.0 0.0 -4.0 -2.0 -4.0 -4.0 -3.0 -1.0 -1.0 -4.0 -4.0 -2.0 -3.0 -2.0 -3.0 -4.0 -4.0 -3.0 -1.0 -1.0 0.0 -4.0 -1.0 -3.0 0.0 0.0 -2.0 0.0 -3.0 -3.0 -1.0 -3.0 -2.0 -2.0 0.0 -3.0 -3.0 -2.0 -1.0 0.0 -2.0 -2.0 -1.0 -3.0 -3.0 -1.0 0.0 -2.0 0.0 0.0 -2.0 -1.0 -2.0 0.0 0.0 -2.0 -1.0 -2.0 -1.0 -3.0 -3.0 0.0 -3.0 -3.0 -3.0 -2.0 -4.0 -3.0 -2.0 -3.0 -2.0 -4.0 0.0 0.0 -3.0 -2.0 -3.0 -4.0 -2.0 -1.0 -2.0 0.0 -1.0 -2.0 -2.0 -2.0 -4.0 -4.0 -3.0 -4.0 -1.0 -3.0 -2.0 -1.0 -3.0 -2.0 -3.0 -4.0 0.0 -3.0 -1.0 0.0 0.0 -2.0 0.0 -3.0 -4.0 227.0 -1.0 -3.0 -1.0 -3.0 
-2.0 0.0 -4.0 -4.0 -4.0 -3.0 0.0 -3.0 -1.0 -1.0 -3.0 0.0 -2.0 -3.0 -4.0 0.0 -3.0 -3.0 -2.0 -2.0 -2.0 -1.0 -2.0 -2.0 -3.0 -1.0 -3.0 -1.0 -2.0 -4.0 -3.0 0.0 -1.0 -1.0 -2.0 -1.0 -2.0 -1.0 -2.0 -2.0 0.0 -2.0 0.0 -4.0 -4.0 0.0 -4.0 0.0 -2.0 -1.0 0.0 -1.0 -2.0 -3.0 -1.0 -3.0 -1.0 -3.0 0.0 0.0 -1.0 -2.0 -1.0 -4.0 -3.0 -4.0 -4.0 -4.0 -2.0 -1.0 -3.0 -3.0 -1.0 -4.0 -3.0 0.0 -3.0 -4.0 -4.0 0.0 -3.0 0.0 -3.0 -3.0 -2.0 -2.0 -2.0 -1.0 -1.0 -1.0 -4.0 0.0 0.0 0.0 -1.0 -4.0 -3.0 0.0 -3.0 -3.0 -1.0 -3.0 -4.0 -4.0 0.0 -2.0 0.0 -4.0 -4.0 -2.0 -2.0 228.0 -2.0 -2.0 0.0 
-1.0 -3.0 -2.0 -4.0 -4.0 -1.0 -1.0 -3.0 -1.0 -2.0 -3.0 -1.0 -3.0 -3.0 -1.0 0.0 -2.0 -2.0 -3.0 -1.0 -3.0 -2.0 -2.0 -2.0 -3.0 -3.0 -4.0 -1.0 0.0 -4.0 -3.0 0.0 -4.0 0.0 -4.0 -3.0 -3.0 0.0 0.0 -2.0 -3.0 -4.0 -4.0 -4.0 -2.0 0.0 -3.0 0.0 -2.0 -1.0 0.0 -4.0 0.0 -4.0 -4.0 0.0 -3.0 0.0 0.0 0.0 -3.0 -2.0 -1.0 -4.0 -3.0 -4.0 -1.0 -3.0 -1.0 -4.0 -3.0 -4.0 0.0 -4.0 -4.0 0.0 -3.0 -3.0 0.0 -2.0 0.0 0.0 -4.0 -4.0 0.0 -4.0 -1.0 -4.0 0.0 -1.0 -2.0 -3.0 -4.0 -4.0 -2.0 -1.0 -3.0 -3.0 0.0 0.0 -2.0 -4.0 0.0 -3.0 -2.0 -1.0 -4.0 -1.0 -1.0 -1.0 -4.0 0.0 239.0 -2.0 -3.0 
-3.0 -3.0 -3.0 -2.0 -1.0 -2.0 0.0 -3.0 0.0 -2.0 -4.0 -1.0 -4.0 -1.0 -2.0 0.0 0.0 -1.0 -4.0 -2.0 -2.0 -3.0 -4.0 -4.0 0.0 -3.0 -1.0 -3.0 -1.0 -2.0 -4.0 -1.0 -3.0 -4.0 -2.0 -1.0 -1.0 -3.0 -1.0 -4.0 0.0 -1.0 -2.0 -1.0 -2.0 -2.0 0.0 -2.0 -4.0 0.0 -4.0 -2.0 -4.0 -2.0 -1.0 -3.0 -1.0 -1.0 -2.0 0.0 -4.0 -1.0 -4.0 -1.0 0.0 -1.0 0.0 -3.0 0.0 -3.0 -1.0 -1.0 0.0 0.0 -4.0 -4.0 -3.0 0.0 -2.0 -2.0 -2.0 -3.0 0.0 -2.0 0.0 -2.0 -1.0 -3.0 -2.0 -1.0 -2.0 -1.0 -2.0 0.0 0.0 -3.0 -3.0 -1.0 -3.0 0.0 -1.0 0.0 -1.0 -2.0 -2.0 -3.0 -3.0 -4.0 -3.0 -1.0 -4.0 -4.0 -2.0 216.0 -2.0 
-3.0 -4.0 -1.0 -1.0 -1.0 -1.0 0.0 -2.0 -1.0 -2.0 -3.0 0.0 -4.0 -1.0 -4.0 -3.0 -3.0 0.0 0.0 -1.0 -3.0 -3.0 -4.0 -3.0 -4.0 0.0 -2.0 0.0 0.0 -3.0 -3.0 0.0 -1.0 -4.0 -1.0 0.0 -4.0 -4.0 -2.0 -1.0 -4.0 -4.0 0.0 -2.0 -3.0 -2.0 -2.0 -1.0 -1.0 -2.0 -3.0 0.0 -4.0 -4.0 -1.0 0.0 0.0 -1.0 -4.0 -3.0 -3.0 0.0 -3.0 -4.0 -2.0 -4.0 -1.0 0.0 -2.0 0.0 -3.0 -1.0 -2.0 -1.0 -3.0 0.0 -3.0 0.0 -3.0 0.0 -1.0 -4.0 -1.0 -4.0 -2.0 -3.0 0.0 -2.0 -4.0 -1.0 -4.0 -3.0 0.0 -1.0 0.0 0.0 -4.0 0.0 0.0 0.0 -3.0 -3.0 -1.0 -2.0 -2.0 -1.0 -1.0 -2.0 -3.0 -2.0 0.0 0.0 -4.0 0.0 211.0 
