20.86 -1.0 0.0 -4.0 0.0 -1.0 -4.0 -2.0 -2.0 0.0 -1.0 -1.0 -1.0 -2.0 -2.0 
0.0 26.0 -1.0 -3.0 -1.0 -3.0 -4.0 -4.0 0.0 -2.0 -3.0 -2.0 -2.0 0.0 -1.0 
0.0 -1.0 28.0 -4.0 -4.0 0.0 -1.0 -4.0 -2.0 0.0 -4.0 -4.0 -1.0 -3.0 0.0 
-3.0 -2.0 -3.0 33.0 -2.0 -2.0 -1.0 -4.0 -3.0 -3.0 -1.0 -2.0 -4.0 -3.0 0.0 
-2.0 -1.0 -4.0 0.0 26.0 -2.0 -3.0 -4.0 -1.0 -3.0 0.0 0.0 -4.0 -2.0 0.0 
0.0 -1.0 -2.0 -1.0 -4.0 17.0 0.0 -1.0 -1.0 -1.0 -2.0 -1.0 0.0 0.0 -3.0 
0.0 -1.0 -3.0 -3.0 0.0 0.0 24.0 0.0 -1.0 -3.0 -3.0 -3.0 -2.0 -2.0 -3.0 
-3.0 -2.0 -2.0 0.0 -2.0 -2.0 -1.0 29.0 -1.0 0.0 -1.0 -4.0 -3.0 -4.0 -4.0 
-2.0 -1.0 -4.0 -4.0 -1.0 -1.0 -4.0 -1.0 29.0 -4.0 -1.0 -3.0 -1.0 0.0 -2.0 
0.0 -1.0 -4.0 -1.0 -1.0 0.0 -2.0 0.0 0.0 11.0 -1.0 0.0 0.0 -1.0 0.0 
-1.0 -3.0 -2.0 -2.0 -2.0 0.0 0.0 -3.0 -2.0 -4.0 27.0 -1.0 -1.0 -3.0 -3.0 
-3.0 -3.0 -2.0 -4.0 -1.0 0.0 -3.0 0.0 -2.0 -4.0 -4.0 32.0 -3.0 -1.0 -2.0 
-4.0 -4.0 -2.0 0.0 -4.0 -1.0 -1.0 -2.0 -1.0 -2.0 0.0 -1.0 26.0 -1.0 -3.0 
-2.0 -1.0 -4.0 0.0 -4.0 0.0 -4.0 -1.0 -3.0 -1.0 -2.0 -2.0 -3.0 29.0 -2.0 
-2.0 -1.0 -3.0 -2.0 -3.0 -2.0 -2.0 -1.0 -2.0 -2.0 -2.0 0.0 -2.0 -1.0 25.0 
