118.936 -4.0 -3.0 -2.0 -4.0 -4.0 -4.0 -4.0 -1.0 -1.0 -2.0 -1.0 -1.0 0.0 -3.0 0.0 -1.0 -3.0 -1.0 -3.0 0.0 -1.0 -1.0 -2.0 -1.0 -1.0 -1.0 -4.0 -2.0 -2.0 -1.0 -1.0 -3.0 -4.0 -4.0 -2.0 -4.0 -3.0 -3.0 -1.0 -2.0 -1.0 -2.0 -3.0 -1.0 0.0 -3.0 0.0 0.0 0.0 0.0 -1.0 -4.0 -1.0 -1.0 -3.0 -1.0 -3.0 0.0 -1.0 0.0 -2.0 -2.0 -4.0 -1.0 
-1.0 127.0 -4.0 -4.0 -1.0 0.0 -1.0 -1.0 -1.0 -2.0 0.0 -4.0 -4.0 -4.0 0.0 -2.0 -2.0 -4.0 -2.0 -2.0 -3.0 -4.0 -3.0 -1.0 -2.0 -2.0 -1.0 0.0 -4.0 0.0 -3.0 -3.0 -3.0 -3.0 -3.0 0.0 -1.0 -4.0 0.0 -4.0 -3.0 0.0 -4.0 0.0 -2.0 -3.0 -1.0 -2.0 -3.0 -1.0 0.0 0.0 -3.0 -4.0 -1.0 -4.0 -1.0 -2.0 -2.0 -3.0 -1.0 0.0 0.0 0.0 -4.0 
-2.0 -2.0 103.0 -1.0 -2.0 -2.0 -2.0 -4.0 0.0 -1.0 -1.0 -2.0 -3.0 -2.0 -3.0 -1.0 -1.0 -1.0 0.0 0.0 -1.0 -4.0 -4.0 -1.0 0.0 0.0 -1.0 -2.0 -1.0 -2.0 -1.0 -3.0 0.0 -4.0 -3.0 -1.0 -3.0 0.0 0.0 -2.0 -1.0 -1.0 -4.0 -2.0 0.0 -2.0 0.0 0.0 -1.0 0.0 -4.0 -2.0 -4.0 0.0 0.0 0.0 -4.0 -2.0 -1.0 -1.0 -3.0 -3.0 -1.0 -4.0 0.0 
-3.0 -3.0 0.0 127.0 -2.0 -1.0 -2.0 -3.0 -4.0 0.0 0.0 -2.0 -4.0 -4.0 -4.0 -4.0 -4.0 -2.0 -4.0 -2.0 -4.0 0.0 -2.0 -2.0 -1.0 -1.0 0.0 0.0 -3.0 -4.0 0.0 -1.0 -2.0 0.0 -2.0 0.0 -3.0 -2.0 -4.0 -2.0 -3.0 0.0 0.0 0.0 -4.0 0.0 0.0 -4.0 -2.0 -4.0 0.0 -3.0 -3.0 -1.0 0.0 -4.0 -4.0 -2.0 -2.0 0.0 -4.0 -1.0 -3.0 -1.0 -1.0 
-3.0 -1.0 -2.0 -1.0 128.0 -4.0 -4.0 -2.0 -1.0 -4.0 -3.0 -1.0 -3.0 0.0 -1.0 -4.0 -3.0 -1.0 0.0 -2.0 0.0 -4.0 -4.0 -3.0 -1.0 0.0 -3.0 -4.0 -4.0 0.0 -1.0 -3.0 -1.0 -1.0 -1.0 -4.0 -3.0 -3.0 -4.0 -3.0 -4.0 -1.0 0.0 -2.0 -4.0 -2.0 0.0 0.0 -4.0 -1.0 -4.0 -4.0 -2.0 -3.0 0.0 0.0 0.0 -1.0 -1.0 0.0 0.0 -1.0 -4.0 -1.0 -2.0 
-1.0 -3.0 -3.0 -2.0 -2.0 128.0 0.0 -4.0 -1.0 0.0 0.0 0.0 -4.0 -2.0 0.0 -4.0 0.0 0.0 -1.0 -1.0 -4.0 -3.0 0.0 -4.0 -2.0 0.0 -3.0 -2.0 -1.0 -3.0 -4.0 0.0 -1.0 -4.0 -2.0 -4.0 -4.0 -3.0 -1.0 -4.0 0.0 -1.0 -2.0 -3.0 0.0 -4.0 -4.0 -3.0 0.0 0.0 0.0 0.0 -3.0 -2.0 -3.0 -1.0 -3.0 -4.0 -4.0 -2.0 -3.0 -2.0 -1.0 -3.0 -3.0 
0.0 0.0 -1.0 -1.0 -3.0 -2.0 131.0 -4.0 -2.0 -3.0 0.0 -3.0 -4.0 0.0 -1.0 -4.0 -4.0 -4.0 0.0 0.0 -1.0 -3.0 -2.0 -3.0 -2.0 -3.0 -3.0 0.0 -4.0 -3.0 -3.0 -3.0 0.0 0.0 -3.0 -2.0 -2.0 -4.0 -4.0 0.0 0.0 -3.0 -2.0 -2.0 0.0 -3.0 -3.0 -3.0 -4.0 0.0 -4.0 -2.0 -1.0 -4.0 -3.0 -2.0 0.0 -3.0 0.0 -4.0 0.0 -3.0 0.0 -4.0 0.0 
0.0 -4.0 -4.0 0.0 0.0 -4.0 -3.0 143.0 -1.0 -1.0 -2.0 -2.0 -2.0 -4.0 -1.0 -3.0 -3.0 -4.0 -2.0 -1.0 -4.0 -1.0 -1.0 -2.0 0.0 -1.0 -4.0 0.0 0.0 -4.0 -4.0 -4.0 -2.0 -3.0 -4.0 -2.0 -1.0 0.0 -1.0 -1.0 -1.0 -4.0 -3.0 -4.0 -4.0 -4.0 -4.0 -2.0 -3.0 -1.0 0.0 -4.0 -4.0 -2.0 -4.0 -1.0 -2.0 0.0 -4.0 -1.0 -1.0 -1.0 -2.0 -3.0 -4.0 
0.0 -1.0 -2.0 -1.0 -3.0 -2.0 -4.0 -3.0 112.0 -1.0 -4.0 -3.0 -2.0 -2.0 -4.0 -1.0 0.0 -1.0 -1.0 -3.0 0.0 -4.0 0.0 0.0 0.0 -4.0 0.0 -4.0 -1.0 0.0 -2.0 -4.0 -4.0 -1.0 0.0 -1.0 0.0 0.0 -1.0 -3.0 -1.0 -2.0 -1.0 -4.0 0.0 -2.0 -1.0 -3.0 -2.0 -3.0 -2.0 -1.0 -4.0 0.0 0.0 -3.0 0.0 -2.0 -2.0 -1.0 -3.0 -2.0 -3.0 0.0 -3.0 
-3.0 -2.0 -4.0 -2.0 -2.0 -2.0 0.0 0.0 0.0 149.0 -3.0 -3.0 0.0 -4.0 -3.0 -2.0 -4.0 -2.0 0.0 -4.0 -3.0 -3.0 -4.0 -2.0 0.0 -3.0 -1.0 0.0 -4.0 -3.0 -2.0 -4.0 -2.0 -4.0 -4.0 0.0 -4.0 -1.0 -3.0 -4.0 -2.0 -2.0 -3.0 -2.0 -4.0 0.0 -1.0 -1.0 -2.0 -4.0 -3.0 -1.0 -3.0 -4.0 -2.0 -3.0 -3.0 -3.0 -4.0 -1.0 0.0 -3.0 -2.0 -1.0 -4.0 
-2.0 0.0 -4.0 -3.0 -2.0 -3.0 -4.0 -1.0 -4.0 -2.0 123.0 -3.0 -1.0 -1.0 0.0 0.0 -1.0 -1.0 -1.0 0.0 -2.0 -3.0 0.0 -4.0 -2.0 -2.0 0.0 -1.0 -4.0 -2.0 -2.0 -4.0 -2.0 -4.0 0.0 0.0 -1.0 -1.0 -1.0 -3.0 -4.0 -1.0 -1.0 0.0 -3.0 -4.0 -1.0 -4.0 0.0 -3.0 -1.0 -3.0 -3.0 0.0 -4.0 -1.0 -4.0 0.0 -1.0 -4.0 -2.0 -1.0 -2.0 -4.0 -1.0 
-4.0 -1.0 -2.0 0.0 -1.0 -4.0 -1.0 -4.0 -1.0 -4.0 -2.0 125.0 0.0 -1.0 -4.0 -2.0 -4.0 -3.0 -2.0 -2.0 0.0 0.0 -3.0 0.0 -2.0 0.0 -3.0 -2.0 -2.0 -3.0 -4.0 -3.0 0.0 -1.0 -1.0 0.0 -3.0 -1.0 -4.0 -4.0 -2.0 0.0 -1.0 -3.0 -1.0 0.0 -3.0 -4.0 -4.0 0.0 -2.0 -2.0 -1.0 -1.0 -1.0 -1.0 -1.0 -4.0 0.0 -2.0 -2.0 -3.0 -3.0 -3.0 -3.0 
-4.0 -3.0 -3.0 -2.0 -1.0 -1.0 -2.0 0.0 -4.0 -4.0 -3.0 -2.0 132.0 -1.0 -3.0 -3.0 -2.0 0.0 -1.0 -1.0 -1.0 -1.0 0.0 -1.0 -1.0 -4.0 -1.0 -4.0 -2.0 -4.0 -4.0 -4.0 0.0 -1.0 -1.0 0.0 -1.0 -4.0 0.0 -3.0 -3.0 -3.0 -3.0 -3.0 0.0 -1.0 -4.0 0.0 -3.0 -1.0 -3.0 -3.0 -3.0 -2.0 -3.0 -3.0 0.0 0.0 -3.0 0.0 -4.0 -4.0 -2.0 -3.0 -1.0 
-3.0 -4.0 0.0 -4.0 -1.0 -4.0 0.0 -3.0 -3.0 -2.0 -3.0 0.0 -4.0 158.0 -1.0 -2.0 -2.0 -2.0 -4.0 -4.0 -4.0 -4.0 -3.0 -3.0 -3.0 -1.0 -4.0 -1.0 -2.0 -1.0 -4.0 -4.0 -3.0 -4.0 -1.0 -1.0 -2.0 0.0 -1.0 -3.0 -1.0 -4.0 -4.0 -4.0 0.0 -2.0 0.0 -3.0 -3.0 -2.0 -4.0 -4.0 -2.0 -3.0 -2.0 -3.0 0.0 -1.0 -4.0 -3.0 -4.0 -2.0 -2.0 -3.0 -3.0 
-1.0 -4.0 0.0 -1.0 -2.0 -4.0 -4.0 0.0 -3.0 -4.0 -1.0 0.0 0.0 -2.0 125.0 -3.0 -3.0 -1.0 0.0 0.0 -1.0 -3.0 0.0 -4.0 -3.0 -3.0 0.0 0.0 0.0 -1.0 -4.0 -1.0 0.0 -4.0 -3.0 -2.0 0.0 0.0 -3.0 -2.0 -3.0 0.0 0.0 -2.0 -4.0 -3.0 -4.0 -2.0 0.0 -2.0 -3.0 -4.0 -1.0 -2.0 -2.0 -4.0 0.0 -2.0 -2.0 -4.0 -4.0 -1.0 -3.0 -4.0 -2.0 
-4.0 -2.0 -4.0 0.0 -2.0 -2.0 -1.0 -2.0 -3.0 0.0 -4.0 0.0 -1.0 -2.0 -1.0 116.0 -1.0 0.0 -4.0 -4.0 -4.0 0.0 0.0 -2.0 -1.0 -2.0 0.0 -3.0 -3.0 -1.0 -4.0 0.0 -1.0 -3.0 -4.0 -4.0 -1.0 -2.0 -3.0 -3.0 0.0 -4.0 0.0 -2.0 0.0 -3.0 -2.0 -2.0 -3.0 0.0 0.0 -2.0 -1.0 0.0 -1.0 -2.0 -3.0 -3.0 -3.0 -4.0 -1.0 0.0 0.0 -1.0 -1.0 
-1.0 0.0 -3.0 -4.0 -2.0 0.0 0.0 -4.0 -2.0 -3.0 -3.0 -2.0 0.0 0.0 0.0 -4.0 124.0 -2.0 -2.0 -2.0 -2.0 -3.0 -1.0 -1.0 -1.0 -3.0 -3.0 -2.0 -2.0 -4.0 0.0 -4.0 -1.0 -2.0 -1.0 -2.0 0.0 -4.0 -3.0 -2.0 -2.0 -3.0 -1.0 0.0 -3.0 0.0 0.0 0.0 -1.0 -4.0 -1.0 -3.0 -4.0 -4.0 -3.0 0.0 -4.0 -3.0 0.0 -1.0 -4.0 -1.0 -1.0 -3.0 -3.0 
-3.0 -2.0 -4.0 -4.0 -1.0 0.0 0.0 0.0 -1.0 -3.0 -4.0 -1.0 -1.0 -4.0 -4.0 -4.0 -3.0 115.0 -1.0 -1.0 -2.0 -4.0 -4.0 -1.0 -2.0 -3.0 -3.0 -4.0 0.0 -4.0 -1.0 -1.0 0.0 0.0 0.0 0.0 -1.0 0.0 -3.0 0.0 -1.0 0.0 -2.0 0.0 -2.0 -4.0 -3.0 0.0 -2.0 0.0 -4.0 0.0 -2.0 -1.0 0.0 -4.0 -1.0 -4.0 -1.0 -2.0 0.0 -2.0 -2.0 -4.0 0.0 
-1.0 0.0 -4.0 0.0 0.0 -3.0 -1.0 -2.0 -4.0 -1.0 -3.0 -3.0 -2.0 -4.0 -4.0 -4.0 -4.0 0.0 131.0 0.0 -4.0 -2.0 -1.0 -2.0 -2.0 0.0 -1.0 -2.0 -3.0 -1.0 -3.0 -1.0 -2.0 -4.0 0.0 -2.0 -1.0 -1.0 -3.0 -3.0 -2.0 -4.0 -1.0 0.0 -3.0 -1.0 -4.0 -2.0 -4.0 -3.0 -2.0 0.0 -3.0 -3.0 -4.0 -1.0 -1.0 -3.0 -1.0 -1.0 0.0 -3.0 0.0 -4.0 -3.0 
-1.0 -2.0 -2.0 -3.0 -4.0 -3.0 -1.0 -1.0 -3.0 -1.0 0.0 -2.0 0.0 -2.0 -2.0 -1.0 0.0 -2.0 -2.0 132.0 -4.0 -2.0 -4.0 -2.0 -2.0 0.0 -3.0 -1.0 -1.0 -1.0 -3.0 -2.0 -2.0 -4.0 -2.0 -1.0 -4.0 0.0 -3.0 -4.0 -1.0 -1.0 -1.0 -2.0 -4.0 -2.0 -1.0 -3.0 -4.0 0.0 -1.0 -2.0 -3.0 -3.0 -2.0 0.0 -1.0 -4.0 -3.0 -2.0 -2.0 -4.0 -4.0 -4.0 -1.0 
0.0 0.0 -4.0 -3.0 -1.0 -2.0 -3.0 -4.0 -2.0 -3.0 -3.0 -1.0 0.0 0.0 -4.0 -1.0 0.0 -4.0 0.0 -4.0 125.0 -1.0 -1.0 0.0 -2.0 -2.0 -4.0 -1.0 -3.0 -3.0 0.0 -1.0 -4.0 -2.0 0.0 -1.0 -2.0 -4.0 -3.0 -4.0 -4.0 -4.0 -3.0 -1.0 -1.0 0.0 -3.0 -2.0 -1.0 -2.0 -3.0 0.0 -1.0 -4.0 0.0 -3.0 0.0 -1.0 -3.0 0.0 -1.0 -2.0 -4.0 -4.0 -1.0 
-4.0 -3.0 -4.0 -1.0 -4.0 -4.0 -2.0 -1.0 -4.0 -3.0 -1.0 -4.0 -2.0 -3.0 -2.0 -2.0 -1.0 -1.0 -3.0 0.0 -4.0 142.0 -4.0 -4.0 -2.0 -1.0 -4.0 -3.0 -1.0 -3.0 -3.0 -4.0 -4.0 0.0 -4.0 -4.0 -1.0 0.0 -4.0 0.0 -2.0 0.0 -3.0 -2.0 0.0 0.0 -2.0 0.0 -4.0 0.0 0.0 -3.0 -1.0 -2.0 -4.0 -1.0 -1.0 -3.0 0.0 -4.0 -2.0 -4.0 -4.0 0.0 -1.0 
-4.0 -3.0 -2.0 -4.0 -3.0 -3.0 -4.0 -3.0 -4.0 -4.0 -4.0 -3.0 -2.0 -1.0 -4.0 -4.0 -4.0 -2.0 -4.0 -1.0 -3.0 -4.0 156.0 -1.0 0.0 0.0 -4.0 -3.0 -1.0 -1.0 -4.0 -1.0 -3.0 -3.0 -2.0 0.0 -3.0 -4.0 -3.0 -4.0 -2.0 -3.0 -3.0 -2.0 -1.0 -3.0 -3.0 -1.0 -3.0 -1.0 -1.0 -1.0 -2.0 -4.0 -3.0 -2.0 0.0 0.0 -4.0 -1.0 -3.0 0.0 -2.0 -3.0 -1.0 
0.0 0.0 -1.0 -1.0 -4.0 -2.0 0.0 -4.0 -1.0 -3.0 -1.0 0.0 -4.0 0.0 -4.0 0.0 -1.0 -2.0 0.0 -1.0 -2.0 0.0 -2.0 110.0 -4.0 -3.0 -3.0 -4.0 -3.0 -1.0 -1.0 0.0 -1.0 0.0 -2.0 -1.0 -3.0 -2.0 0.0 -2.0 -3.0 -2.0 -2.0 -3.0 -1.0 -2.0 -2.0 -3.0 0.0 0.0 -2.0 -2.0 0.0 -2.0 -3.0 0.0 -4.0 0.0 -3.0 -1.0 0.0 -4.0 -3.0 -2.0 -3.0 
-1.0 -4.0 0.0 -1.0 -2.0 -4.0 -1.0 0.0 -4.0 0.0 -1.0 0.0 -1.0 -2.0 -1.0 -2.0 -3.0 0.0 -3.0 -4.0 -1.0 0.0 -1.0 -1.0 124.0 -2.0 0.0 -1.0 -3.0 -3.0 -1.0 -3.0 -2.0 -3.0 -2.0 -4.0 0.0 -4.0 0.0 -2.0 -2.0 -1.0 -2.0 -4.0 -4.0 -4.0 -3.0 -1.0 -3.0 -2.0 -4.0 -4.0 -1.0 -3.0 -3.0 -3.0 0.0 0.0 0.0 -4.0 -1.0 -2.0 -4.0 -2.0 0.0 
0.0 -1.0 -4.0 -3.0 -3.0 -4.0 -1.0 -1.0 0.0 -3.0 -4.0 -4.0 -3.0 -3.0 -4.0 -4.0 0.0 0.0 -3.0 -2.0 0.0 -1.0 -4.0 -1.0 -3.0 149.0 0.0 -4.0 -3.0 -4.0 -3.0 -3.0 -4.0 -4.0 -3.0 -2.0 -4.0 -2.0 0.0 -4.0 -3.0 -3.0 -2.0 -4.0 -1.0 -3.0 0.0 -3.0 0.0 -2.0 0.0 -4.0 0.0 -2.0 -2.0 -1.0 -2.0 0.0 -1.0 -4.0 -3.0 -4.0 -4.0 -2.0 -3.0 
-2.0 -2.0 -4.0 -4.0 -2.0 -3.0 0.0 -1.0 -4.0 0.0 -2.0 0.0 -4.0 -2.0 0.0 -1.0 -1.0 -3.0 -4.0 -2.0 -3.0 -2.0 -3.0 -3.0 -3.0 -2.0 135.0 0.0 -3.0 -3.0 -1.0 -2.0 0.0 -2.0 -3.0 -3.0 -3.0 -2.0 -1.0 0.0 -4.0 -3.0 -4.0 -3.0 0.0 -2.0 -1.0 0.0 -4.0 -2.0 0.0 0.0 -3.0 0.0 -4.0 -3.0 0.0 0.0 -4.0 -4.0 -4.0 -2.0 -1.0 -3.0 -4.0 
-3.0 0.0 -2.0 -3.0 -4.0 -1.0 -1.0 -2.0 -4.0 0.0 0.0 -4.0 -4.0 0.0 -4.0 -2.0 -3.0 -4.0 -4.0 -3.0 -2.0 -4.0 -1.0 -1.0 -1.0 -3.0 -2.0 125.0 0.0 -1.0 -4.0 -4.0 -1.0 -1.0 -4.0 -4.0 -2.0 -1.0 -3.0 0.0 0.0 -1.0 -3.0 0.0 -2.0 0.0 0.0 -4.0 -1.0 -1.0 -3.0 0.0 0.0 0.0 -2.0 -3.0 -4.0 0.0 -4.0 -4.0 -2.0 -2.0 0.0 0.0 -2.0 
-3.0 0.0 -4.0 -4.0 -4.0 0.0 -3.0 -4.0 -4.0 -1.0 -1.0 -4.0 -3.0 0.0 -1.0 0.0 -2.0 -1.0 -2.0 -1.0 -1.0 0.0 -1.0 -3.0 -1.0 -1.0 -2.0 -3.0 117.0 -1.0 -3.0 -1.0 -2.0 0.0 -4.0 0.0 -4.0 -3.0 -1.0 -1.0 -1.0 -2.0 -1.0 -3.0 -3.0 0.0 0.0 -4.0 0.0 -1.0 -1.0 -3.0 -2.0 -1.0 -3.0 -3.0 -1.0 0.0 -4.0 0.0 -1.0 -4.0 -1.0 -4.0 0.0 
0.0 -3.0 -4.0 -3.0 0.0 -3.0 -2.0 -1.0 -4.0 0.0 -1.0 -3.0 -1.0 -1.0 0.0 -1.0 -2.0 0.0 -3.0 -4.0 -1.0 -1.0 -4.0 -1.0 -1.0 -4.0 -4.0 -4.0 -2.0 130.0 -1.0 0.0 -4.0 0.0 -4.0 -4.0 -4.0 -1.0 -2.0 -1.0 -2.0 -4.0 -2.0 -2.0 0.0 -4.0 -4.0 0.0 0.0 -2.0 -2.0 0.0 -4.0 -2.0 -1.0 -1.0 -4.0 -2.0 0.0 -2.0 -3.0 -3.0 0.0 -4.0 -3.0 
0.0 -2.0 -4.0 0.0 -1.0 -4.0 -2.0 0.0 -2.0 -3.0 -2.0 -1.0 -4.0 -1.0 -4.0 0.0 -4.0 0.0 -1.0 -2.0 -3.0 -2.0 -2.0 -2.0 0.0 -1.0 0.0 -2.0 -3.0 -3.0 118.0 -2.0 -3.0 -2.0 0.0 -2.0 0.0 -1.0 -4.0 -2.0 -4.0 -2.0 -2.0 0.0 0.0 -1.0 -1.0 -2.0 -3.0 0.0 -4.0 0.0 -3.0 -4.0 -1.0 -3.0 -2.0 0.0 -3.0 -3.0 -2.0 -4.0 -1.0 -1.0 -1.0 
-3.0 0.0 -4.0 -4.0 -1.0 0.0 -1.0 -1.0 -4.0 -3.0 -1.0 -3.0 -2.0 -4.0 0.0 -1.0 -2.0 -2.0 0.0 0.0 -4.0 -4.0 -2.0 -4.0 -2.0 -2.0 -3.0 -4.0 -4.0 -3.0 -1.0 140.0 -4.0 -3.0 -3.0 0.0 -4.0 -3.0 -4.0 -1.0 -1.0 -2.0 -1.0 -2.0 -4.0 -4.0 -4.0 0.0 -1.0 -1.0 0.0 -4.0 -4.0 -1.0 -3.0 -4.0 -1.0 0.0 -2.0 -3.0 -1.0 -4.0 0.0 -1.0 -1.0 
-4.0 -1.0 -2.0 -4.0 -3.0 -3.0 -2.0 -2.0 -4.0 0.0 -2.0 -2.0 -1.0 -1.0 -2.0 -2.0 -3.0 -2.0 -4.0 -4.0 -2.0 -2.0 -2.0 -3.0 -2.0 -2.0 -4.0 -1.0 -2.0 -3.0 0.0 -4.0 143.0 -4.0 0.0 -4.0 -1.0 -1.0 -3.0 -3.0 -2.0 -1.0 -1.0 0.0 -1.0 -3.0 -4.0 -4.0 -2.0 0.0 -2.0 -3.0 -3.0 -1.0 -2.0 -1.0 0.0 -4.0 -4.0 -2.0 0.0 -4.0 -4.0 -3.0 -1.0 
-3.0 -1.0 -3.0 0.0 -1.0 0.0 -2.0 -2.0 -4.0 -4.0 -1.0 -4.0 0.0 -4.0 -1.0 -1.0 0.0 -2.0 -2.0 0.0 -2.0 0.0 0.0 -2.0 -4.0 -4.0 -1.0 -1.0 -1.0 -2.0 -2.0 0.0 -3.0 120.0 -1.0 -3.0 -2.0 -2.0 -2.0 0.0 -2.0 -1.0 -2.0 -2.0 -2.0 -2.0 0.0 -4.0 -4.0 -3.0 0.0 -1.0 -4.0 -3.0 -4.0 -1.0 0.0 -2.0 -2.0 -2.0 -4.0 -1.0 -4.0 -2.0 -1.0 
-4.0 -4.0 0.0 0.0 -1.0 -1.0 0.0 -2.0 0.0 -4.0 -4.0 -1.0 -2.0 0.0 -3.0 0.0 -3.0 -3.0 0.0 -3.0 -1.0 -3.0 0.0 -2.0 -2.0 -3.0 -3.0 -1.0 -1.0 -4.0 -4.0 -4.0 0.0 -3.0 123.0 -3.0 -2.0 0.0 -4.0 -1.0 -2.0 -2.0 -3.0 0.0 -3.0 -2.0 -3.0 -4.0 0.0 -2.0 -2.0 -2.0 -4.0 -2.0 0.0 -2.0 -2.0 -3.0 -1.0 -1.0 -3.0 0.0 0.0 -2.0 -2.0 
-3.0 -1.0 -3.0 0.0 -3.0 0.0 -2.0 -4.0 -4.0 -1.0 -4.0 -4.0 -4.0 -2.0 -4.0 0.0 -2.0 -1.0 -4.0 -3.0 -1.0 -2.0 -2.0 -3.0 0.0 -2.0 -3.0 0.0 0.0 -4.0 0.0 0.0 0.0 0.0 -4.0 133.0 -2.0 0.0 -2.0 0.0 -4.0 -2.0 -3.0 0.0 -3.0 0.0 -1.0 -2.0 -4.0 -2.0 -4.0 -4.0 -4.0 -3.0 -2.0 -2.0 -2.0 0.0 -2.0 -4.0 -3.0 -4.0 -2.0 0.0 -2.0 
0.0 0.0 -3.0 -4.0 -2.0 0.0 -3.0 -3.0 -3.0 0.0 -1.0 -1.0 0.0 -2.0 -1.0 -2.0 -2.0 -4.0 -3.0 -3.0 -1.0 -3.0 -4.0 -2.0 0.0 0.0 -4.0 -2.0 0.0 0.0 -4.0 -3.0 -4.0 -1.0 -1.0 -4.0 118.0 -4.0 0.0 -1.0 0.0 -2.0 -1.0 -4.0 -4.0 -4.0 -2.0 -1.0 -1.0 -2.0 -1.0 0.0 -1.0 0.0 -3.0 -3.0 -2.0 -2.0 -3.0 -1.0 0.0 -1.0 0.0 -3.0 -2.0 
0.0 -3.0 -2.0 -4.0 0.0 -3.0 -3.0 -4.0 -1.0 -2.0 -2.0 -3.0 0.0 -1.0 -2.0 -4.0 -1.0 0.0 0.0 -4.0 -1.0 0.0 -2.0 -3.0 -3.0 -4.0 -1.0 0.0 0.0 -3.0 -4.0 -4.0 0.0 -2.0 -1.0 0.0 -1.0 125.0 -4.0 -2.0 0.0 0.0 -3.0 -2.0 -2.0 -2.0 -1.0 -2.0 -4.0 -3.0 -4.0 -3.0 -1.0 -4.0 -1.0 -1.0 -1.0 -4.0 -4.0 -4.0 -1.0 0.0 -1.0 0.0 -3.0 
-2.0 0.0 -4.0 -3.0 0.0 0.0 0.0 -1.0 0.0 -4.0 -2.0 -3.0 -3.0 -4.0 -1.0 -1.0 -2.0 0.0 -1.0 0.0 -3.0 -3.0 -1.0 -3.0 0.0 0.0 0.0 0.0 -4.0 -4.0 -2.0 0.0 0.0 -2.0 -4.0 -2.0 0.0 -2.0 108.0 -2.0 -4.0 -2.0 -2.0 -2.0 -2.0 0.0 -3.0 -3.0 -2.0 -3.0 -2.0 0.0 -3.0 0.0 -3.0 0.0 -1.0 -1.0 -2.0 0.0 -2.0 0.0 -4.0 -4.0 0.0 
-2.0 -3.0 -3.0 -2.0 -2.0 -2.0 -3.0 -4.0 -2.0 -4.0 -1.0 0.0 -2.0 -2.0 -3.0 -4.0 -2.0 -1.0 -3.0 -2.0 -4.0 -2.0 -4.0 -2.0 -3.0 -4.0 -3.0 -3.0 -1.0 -1.0 0.0 0.0 -4.0 0.0 0.0 0.0 -1.0 -1.0 -4.0 138.0 -4.0 0.0 -4.0 -1.0 -4.0 -1.0 -1.0 -2.0 0.0 -2.0 -4.0 0.0 -1.0 -4.0 -4.0 -3.0 -3.0 -1.0 -3.0 -1.0 -1.0 0.0 -2.0 -4.0 -4.0 
0.0 -2.0 0.0 -2.0 -3.0 -2.0 -3.0 -2.0 0.0 -1.0 -1.0 -2.0 0.0 -2.0 0.0 -1.0 -4.0 0.0 -2.0 -2.0 -2.0 -2.0 -4.0 -3.0 -4.0 -3.0 -3.0 -3.0 -1.0 -1.0 0.0 -3.0 0.0 0.0 -3.0 -3.0 -1.0 -1.0 -4.0 -4.0 119.0 -4.0 -1.0 -2.0 -2.0 -4.0 -1.0 0.0 -3.0 -3.0 -1.0 -3.0 0.0 -2.0 -2.0 -4.0 -4.0 -1.0 -1.0 0.0 -3.0 0.0 -3.0 0.0 -1.0 
-4.0 -3.0 -2.0 -2.0 -3.0 -3.0 0.0 -4.0 -2.0 0.0 -2.0 -1.0 -4.0 0.0 -4.0 -1.0 -4.0 -1.0 -1.0 0.0 -4.0 -4.0 0.0 -4.0 -2.0 0.0 -4.0 -3.0 -2.0 -4.0 0.0 -3.0 -4.0 0.0 -4.0 -4.0 0.0 -1.0 -3.0 -4.0 -4.0 135.0 -1.0 0.0 -2.0 -3.0 -3.0 -4.0 -2.0 -2.0 0.0 -1.0 -2.0 -3.0 -2.0 -2.0 -1.0 -2.0 0.0 0.0 -3.0 -3.0 0.0 -2.0 -2.0 
-4.0 -2.0 -1.0 -4.0 -4.0 -2.0 -3.0 -1.0 0.0 -2.0 0.0 -3.0 -2.0 0.0 0.0 -3.0 -2.0 -1.0 0.0 -4.0 -2.0 -2.0 -1.0 -2.0 -4.0 -3.0 -3.0 -3.0 -4.0 -2.0 0.0 0.0 0.0 -3.0 0.0 -4.0 0.0 -2.0 0.0 -2.0 -3.0 -4.0 129.0 -1.0 -3.0 -3.0 -2.0 -4.0 -2.0 -4.0 0.0 -3.0 0.0 0.0 -1.0 -3.0 -3.0 -3.0 -2.0 -3.0 0.0 -3.0 -2.0 -1.0 -4.0 
-3.0 -2.0 -2.0 0.0 -1.0 -1.0 -4.0 -2.0 -2.0 -2.0 -1.0 -4.0 -1.0 -1.0 -3.0 0.0 0.0 -3.0 0.0 -2.0 0.0 -4.0 -4.0 -4.0 -3.0 -3.0 -3.0 -2.0 -3.0 -1.0 -3.0 -4.0 -4.0 -2.0 -1.0 -3.0 -1.0 -2.0 0.0 -3.0 -4.0 0.0 0.0 140.0 -2.0 -4.0 -2.0 -3.0 -2.0 -2.0 -3.0 0.0 -4.0 -3.0 -1.0 -4.0 -3.0 -4.0 -3.0 -4.0 0.0 -1.0 -1.0 -3.0 -3.0 
-1.0 -2.0 -2.0 -3.0 0.0 -1.0 0.0 -3.0 -3.0 -3.0 -1.0 -1.0 -2.0 -2.0 -4.0 -1.0 -2.0 -3.0 -3.0 0.0 -4.0 -2.0 -1.0 -4.0 0.0 -3.0 -2.0 -1.0 0.0 -1.0 -1.0 -4.0 -2.0 0.0 0.0 -2.0 -1.0 0.0 -2.0 -4.0 0.0 -4.0 0.0 -1.0 115.0 -3.0 -4.0 -4.0 -2.0 -4.0 -2.0 0.0 0.0 -1.0 0.0 -3.0 -3.0 -2.0 0.0 -1.0 0.0 -4.0 -3.0 -2.0 -1.0 
0.0 -4.0 -2.0 -1.0 -2.0 -1.0 -3.0 0.0 -4.0 -3.0 -2.0 -3.0 -2.0 0.0 0.0 0.0 -1.0 0.0 0.0 -1.0 0.0 0.0 -2.0 -3.0 -4.0 -2.0 -3.0 -4.0 -3.0 -4.0 -4.0 -1.0 -1.0 -1.0 -1.0 -4.0 -2.0 -1.0 -1.0 -4.0 0.0 -3.0 -4.0 -3.0 -1.0 126.0 -2.0 -3.0 -1.0 -3.0 -3.0 -2.0 -3.0 -4.0 -3.0 -4.0 0.0 -2.0 -1.0 0.0 -1.0 0.0 -3.0 -2.0 -4.0 
-3.0 -3.0 -1.0 -3.0 -2.0 -3.0 -4.0 -1.0 -3.0 0.0 -1.0 -3.0 -1.0 -3.0 -2.0 -3.0 -1.0 -2.0 0.0 -3.0 -4.0 -1.0 -2.0 0.0 -2.0 -3.0 0.0 -4.0 -4.0 -4.0 -3.0 0.0 0.0 0.0 -1.0 -4.0 0.0 -3.0 -4.0 -1.0 0.0 -3.0 -2.0 -4.0 -4.0 0.0 134.0 -2.0 -4.0 -1.0 -3.0 0.0 -1.0 -1.0 -3.0 -1.0 -4.0 -4.0 -1.0 -1.0 -3.0 -4.0 -2.0 -4.0 0.0 
0.0 -1.0 0.0 -3.0 -1.0 0.0 0.0 -4.0 -2.0 0.0 -2.0 -2.0 0.0 -4.0 0.0 -4.0 -2.0 -1.0 -1.0 0.0 -1.0 -2.0 -4.0 -4.0 -1.0 0.0 0.0 -1.0 -4.0 -4.0 -1.0 -1.0 -2.0 -2.0 -2.0 -4.0 0.0 0.0 -3.0 -4.0 -2.0 -3.0 0.0 -2.0 0.0 -1.0 -4.0 113.0 -1.0 -2.0 -4.0 -2.0 -4.0 -2.0 0.0 0.0 -2.0 0.0 -4.0 -4.0 0.0 -4.0 -2.0 -3.0 0.0 
-2.0 -2.0 0.0 0.0 -3.0 -4.0 -2.0 -4.0 -1.0 -2.0 -1.0 0.0 -1.0 0.0 -3.0 0.0 0.0 -1.0 -3.0 -4.0 -2.0 -4.0 -1.0 0.0 -2.0 0.0 0.0 -2.0 -3.0 0.0 0.0 -1.0 0.0 -1.0 0.0 -4.0 0.0 -3.0 -3.0 -2.0 -1.0 -2.0 -1.0 -1.0 -3.0 -3.0 -1.0 -3.0 112.0 0.0 -4.0 -4.0 -1.0 -4.0 -4.0 -4.0 -1.0 -1.0 0.0 -4.0 -3.0 -1.0 -1.0 -3.0 -1.0 
-3.0 -1.0 -2.0 0.0 -2.0 -2.0 0.0 -1.0 -4.0 -2.0 -3.0 -1.0 -2.0 -3.0 -4.0 -3.0 -1.0 -3.0 -4.0 -2.0 -4.0 -2.0 -4.0 -3.0 -1.0 -2.0 -2.0 -3.0 0.0 -1.0 -2.0 -4.0 -2.0 -1.0 0.0 -1.0 -4.0 0.0 -3.0 -1.0 -1.0 0.0 -3.0 0.0 -4.0 0.0 0.0 -3.0 0.0 124.0 0.0 -2.0 0.0 0.0 -4.0 -4.0 -2.0 -2.0 -3.0 0.0 -3.0 -4.0 0.0 -4.0 -2.0 
-4.0 -3.0 -2.0 0.0 0.0 -3.0 -1.0 -4.0 0.0 -2.0 -4.0 -3.0 -3.0 -4.0 -4.0 0.0 -1.0 0.0 0.0 -4.0 -2.0 -1.0 -2.0 -2.0 -3.0 -2.0 -1.0 0.0 -2.0 -1.0 -4.0 0.0 -3.0 -3.0 -3.0 0.0 0.0 -4.0 -4.0 -4.0 -3.0 -1.0 -1.0 -3.0 -2.0 -3.0 -3.0 -1.0 0.0 0.0 127.0 -1.0 -2.0 -1.0 0.0 -4.0 -2.0 0.0 -2.0 0.0 -3.0 -3.0 -3.0 -4.0 -2.0 
0.0 -2.0 0.0 0.0 -1.0 -3.0 -1.0 -1.0 -4.0 0.0 -1.0 -4.0 -3.0 -4.0 -1.0 -3.0 0.0 -1.0 -2.0 -1.0 -1.0 -3.0 -4.0 -3.0 -4.0 -2.0 -1.0 -3.0 -3.0 0.0 -3.0 -1.0 -2.0 -4.0 -1.0 -3.0 0.0 -2.0 -2.0 0.0 -4.0 -1.0 -3.0 -1.0 -3.0 -1.0 0.0 0.0 -4.0 -3.0 -1.0 120.0 -4.0 -1.0 0.0 0.0 -4.0 -3.0 -2.0 -4.0 0.0 -1.0 -1.0 -4.0 -1.0 
-4.0 -3.0 -4.0 -2.0 -2.0 -1.0 0.0 -3.0 -4.0 -4.0 -4.0 0.0 -3.0 -3.0 -3.0 -1.0 -1.0 -3.0 0.0 -3.0 -1.0 -2.0 0.0 -2.0 -1.0 -3.0 -4.0 0.0 -1.0 -4.0 -3.0 0.0 -4.0 -1.0 -1.0 -1.0 -4.0 -1.0 -3.0 -1.0 -4.0 -3.0 -1.0 -1.0 0.0 -4.0 -1.0 -2.0 0.0 0.0 0.0 0.0 117.0 -1.0 0.0 -2.0 -1.0 -1.0 -3.0 -4.0 0.0 -2.0 -1.0 -1.0 0.0 
-4.0 0.0 -4.0 -4.0 -3.0 -4.0 -4.0 -3.0 -3.0 -3.0 -3.0 -2.0 0.0 -3.0 -3.0 -1.0 -1.0 -4.0 -1.0 -3.0 0.0 -1.0 -2.0 -1.0 -3.0 -2.0 0.0 0.0 0.0 -3.0 0.0 -3.0 -1.0 0.0 0.0 -4.0 0.0 0.0 -2.0 0.0 -2.0 -2.0 -3.0 -2.0 -3.0 -4.0 -4.0 -2.0 -3.0 -4.0 -3.0 -2.0 0.0 133.0 -3.0 -4.0 -1.0 -4.0 -1.0 -1.0 -2.0 -3.0 -2.0 0.0 -3.0 
-1.0 0.0 -1.0 -3.0 -4.0 -3.0 -2.0 -2.0 0.0 -1.0 -1.0 -3.0 -1.0 -3.0 -2.0 -1.0 -1.0 -1.0 0.0 -2.0 -4.0 -3.0 -2.0 -2.0 -1.0 0.0 -2.0 -3.0 -2.0 -1.0 -2.0 -3.0 -4.0 -3.0 0.0 -2.0 0.0 -1.0 -1.0 -3.0 -3.0 0.0 -4.0 -2.0 -1.0 -2.0 -1.0 -3.0 0.0 0.0 -2.0 0.0 -3.0 -4.0 109.0 -1.0 -1.0 -1.0 0.0 -3.0 0.0 -4.0 -2.0 0.0 -1.0 
-4.0 -3.0 -4.0 -3.0 -3.0 -2.0 -4.0 -2.0 -3.0 -4.0 -4.0 -1.0 -4.0 -1.0 0.0 -3.0 -1.0 -2.0 -1.0 -1.0 0.0 -1.0 -2.0 -4.0 -4.0 -1.0 -2.0 -1.0 -1.0 -4.0 -4.0 -2.0 -3.0 -2.0 -4.0 -2.0 -2.0 -4.0 -4.0 -2.0 -2.0 -2.0 -2.0 -4.0 0.0 -2.0 0.0 -1.0 0.0 0.0 -4.0 -4.0 -2.0 -3.0 -1.0 141.0 -1.0 -2.0 -1.0 -1.0 -1.0 -2.0 -2.0 -4.0 -1.0 
-2.0 -2.0 -3.0 -4.0 -2.0 -4.0 -1.0 -3.0 -4.0 -3.0 -1.0 -3.0 -3.0 -3.0 -2.0 -2.0 0.0 -3.0 -3.0 -2.0 0.0 -3.0 -1.0 -2.0 -1.0 -1.0 -2.0 -3.0 -3.0 -2.0 -1.0 0.0 -4.0 -4.0 0.0 -2.0 -1.0 0.0 -3.0 -4.0 -1.0 0.0 0.0 -4.0 0.0 -2.0 0.0 -4.0 -4.0 0.0 -3.0 0.0 0.0 -3.0 -3.0 0.0 127.0 -2.0 -3.0 0.0 -3.0 0.0 -2.0 -4.0 -2.0 
0.0 -3.0 -4.0 -3.0 -4.0 0.0 -4.0 -1.0 -4.0 0.0 0.0 -2.0 -4.0 -2.0 -2.0 -4.0 0.0 0.0 -1.0 -3.0 0.0 -1.0 -4.0 -4.0 -1.0 -4.0 0.0 -3.0 -3.0 -1.0 -3.0 -4.0 -4.0 -1.0 0.0 -1.0 -1.0 -4.0 -2.0 -1.0 -3.0 -2.0 -1.0 -4.0 -2.0 -3.0 -1.0 -1.0 -4.0 -4.0 -4.0 -1.0 -2.0 -3.0 -1.0 0.0 0.0 133.0 -3.0 -3.0 -1.0 -2.0 -2.0 -3.0 0.0 
-2.0 0.0 -4.0 0.0 -2.0 -2.0 -3.0 -4.0 0.0 -1.0 -4.0 -2.0 -3.0 0.0 -2.0 -2.0 0.0 -3.0 -3.0 -3.0 -1.0 -1.0 -1.0 -1.0 -4.0 -4.0 -2.0 0.0 -1.0 -1.0 0.0 -2.0 0.0 0.0 -2.0 -1.0 -1.0 -3.0 -3.0 0.0 -1.0 -1.0 -4.0 0.0 -4.0 -1.0 -4.0 0.0 0.0 -3.0 -2.0 -1.0 -2.0 -2.0 -1.0 -3.0 -1.0 -1.0 110.0 0.0 -2.0 -4.0 -2.0 0.0 -3.0 
-4.0 0.0 -2.0 -2.0 0.0 -3.0 -4.0 -2.0 0.0 -4.0 -1.0 -4.0 0.0 -2.0 -2.0 0.0 -3.0 -3.0 0.0 -4.0 -2.0 0.0 -1.0 -3.0 -3.0 -1.0 -3.0 -2.0 0.0 -2.0 0.0 -2.0 -2.0 -1.0 -1.0 -3.0 -1.0 -1.0 -2.0 0.0 -1.0 -2.0 -1.0 -2.0 -4.0 -4.0 0.0 0.0 -3.0 -1.0 -3.0 -1.0 -1.0 -1.0 0.0 -2.0 -1.0 -3.0 -2.0 111.0 -1.0 -3.0 0.0 -4.0 -1.0 
-3.0 -2.0 0.0 -2.0 -4.0 -4.0 -2.0 -4.0 -1.0 0.0 -3.0 -4.0 -2.0 -2.0 -3.0 -3.0 -4.0 -4.0 -1.0 0.0 -1.0 -1.0 -2.0 -3.0 -2.0 -1.0 -3.0 -2.0 0.0 -4.0 -3.0 0.0 -1.0 -3.0 0.0 -1.0 -3.0 -3.0 -4.0 -2.0 -4.0 -2.0 -2.0 0.0 0.0 -1.0 0.0 -3.0 -2.0 -2.0 -1.0 -4.0 0.0 -1.0 -2.0 -1.0 -1.0 -2.0 -3.0 -4.0 134.0 -4.0 -4.0 -3.0 -1.0 
-4.0 0.0 -2.0 -4.0 -2.0 -3.0 -1.0 -3.0 0.0 0.0 -1.0 -2.0 -3.0 -2.0 -1.0 0.0 -1.0 -2.0 0.0 -3.0 -1.0 -4.0 -1.0 -3.0 0.0 -3.0 -4.0 0.0 -4.0 -4.0 -3.0 -2.0 -4.0 -1.0 -1.0 -1.0 -1.0 -1.0 -2.0 -3.0 0.0 -4.0 -4.0 -4.0 -2.0 0.0 -1.0 -3.0 0.0 -3.0 -3.0 -4.0 0.0 -2.0 -4.0 -1.0 -2.0 -3.0 -2.0 -3.0 -4.0 128.0 0.0 -2.0 0.0 
-3.0 -4.0 0.0 -2.0 -1.0 -2.0 -3.0 -4.0 -3.0 -3.0 -3.0 -4.0 -3.0 -1.0 0.0 0.0 -1.0 0.0 0.0 -3.0 -1.0 -2.0 -3.0 0.0 -1.0 -4.0 -2.0 -2.0 -3.0 -1.0 -1.0 -2.0 -2.0 0.0 -4.0 -2.0 -3.0 -3.0 -4.0 -2.0 -1.0 -1.0 0.0 -2.0 0.0 -1.0 -4.0 0.0 -4.0 -4.0 -3.0 -2.0 -2.0 -2.0 -3.0 -2.0 -3.0 -2.0 0.0 -1.0 -2.0 -3.0 128.0 -1.0 -3.0 
-4.0 0.0 -4.0 -2.0 -4.0 0.0 0.0 0.0 -2.0 0.0 0.0 -1.0 -1.0 -2.0 -4.0 -2.0 -1.0 -4.0 -3.0 -1.0 -4.0 -3.0 -3.0 -2.0 -3.0 -1.0 -2.0 -3.0 -2.0 -2.0 -4.0 -2.0 -3.0 -2.0 -2.0 -3.0 -3.0 0.0 0.0 -1.0 -4.0 -3.0 0.0 -3.0 -1.0 -2.0 -2.0 -1.0 -3.0 -3.0 -1.0 -3.0 0.0 0.0 -2.0 -4.0 -2.0 -3.0 -2.0 -3.0 -1.0 -4.0 -3.0 133.0 -3.0 
0.0 -2.0 0.0 -3.0 -2.0 -2.0 0.0 -4.0 -4.0 -4.0 -1.0 -2.0 0.0 -1.0 -4.0 -1.0 -4.0 0.0 -3.0 -1.0 -1.0 -2.0 0.0 -3.0 0.0 0.0 -3.0 -2.0 -4.0 0.0 -3.0 -3.0 0.0 -2.0 -3.0 -1.0 0.0 -3.0 -2.0 -1.0 -3.0 0.0 -4.0 -4.0 0.0 -4.0 -1.0 -4.0 -3.0 -4.0 -3.0 -2.0 0.0 -4.0 -2.0 -1.0 -1.0 -1.0 -1.0 -4.0 -4.0 -2.0 -4.0 -3.0 130.0 
