27.986 -1.0 -3.0 -3.0 -1.0 -2.0 -2.0 -3.0 -3.0 -1.0 -1.0 -2.0 -4.0 -2.0 0.0 
-2.0 31.0 -4.0 -3.0 0.0 -4.0 -4.0 -1.0 -3.0 -4.0 -3.0 0.0 -3.0 0.0 0.0 
-1.0 -1.0 21.0 -3.0 0.0 -1.0 -2.0 0.0 -3.0 -3.0 0.0 -1.0 -1.0 -4.0 -1.0 
-2.0 -2.0 -1.0 27.0 0.0 -3.0 -2.0 -2.0 -2.0 -3.0 0.0 -4.0 -4.0 0.0 -2.0 
-3.0 -1.0 -1.0 -4.0 25.0 0.0 0.0 0.0 -2.0 -1.0 -1.0 -3.0 -1.0 -4.0 -4.0 
-3.0 -2.0 -2.0 -4.0 0.0 29.0 -2.0 -4.0 -3.0 -3.0 0.0 -1.0 -1.0 -1.0 -3.0 
-4.0 0.0 -4.0 -4.0 -4.0 0.0 30.0 0.0 0.0 -4.0 -4.0 -3.0 -2.0 0.0 -1.0 
-3.0 -4.0 -4.0 -1.0 -3.0 -3.0 -2.0 37.0 -3.0 -3.0 -1.0 -1.0 -2.0 -4.0 -3.0 
-1.0 -3.0 -3.0 -2.0 -1.0 -3.0 -2.0 -3.0 29.0 -3.0 0.0 -4.0 -1.0 -2.0 -1.0 
-4.0 -2.0 -3.0 -3.0 -3.0 -3.0 -4.0 -1.0 -1.0 30.0 0.0 -4.0 -1.0 0.0 -1.0 
0.0 0.0 0.0 -1.0 -1.0 0.0 -4.0 -1.0 0.0 0.0 14.0 -3.0 -1.0 0.0 -3.0 
-4.0 -2.0 -3.0 -2.0 -3.0 -1.0 0.0 -2.0 -4.0 0.0 -3.0 35.0 -4.0 -4.0 -3.0 
-1.0 0.0 -1.0 0.0 -3.0 -2.0 -4.0 -4.0 -2.0 -2.0 -3.0 0.0 26.0 -3.0 -1.0 
0.0 0.0 -1.0 -2.0 -4.0 -1.0 -4.0 -4.0 -3.0 -3.0 -3.0 -4.0 -2.0 35.0 -4.0 
-4.0 0.0 -1.0 -2.0 -3.0 0.0 -1.0 0.0 -3.0 -2.0 -4.0 -2.0 -2.0 -2.0 26.0 
