211.886 -1.0 -2.0 -3.0 0.0 -3.0 0.0 -3.0 -1.0 -3.0 -1.0 0.0 0.0 -4.0 -4.0 -4.0 -2.0 -3.0 -3.0 -2.0 0.0 0.0 0.0 -3.0 -4.0 -1.0 0.0 -4.0 -3.0 -3.0 -1.0 -2.0 -4.0 -2.0 -1.0 -1.0 0.0 -4.0 -1.0 0.0 -4.0 -3.0 -2.0 0.0 -1.0 0.0 0.0 0.0 -3.0 -1.0 -2.0 -1.0 -4.0 -3.0 0.0 -1.0 0.0 -3.0 -1.0 -4.0 0.0 -3.0 0.0 -2.0 -4.0 -2.0 0.0 -2.0 -1.0 -4.0 0.0 -1.0 -1.0 -2.0 0.0 -4.0 -4.0 -3.0 -3.0 -2.0 -1.0 -4.0 0.0 0.0 -3.0 -3.0 -1.0 -3.0 -1.0 -2.0 -2.0 -3.0 -2.0 0.0 0.0 -1.0 -1.0 -3.0 -4.0 -4.0 -2.0 -2.0 -4.0 -1.0 -1.0 -1.0 -4.0 -4.0 -2.0 -1.0 -3.0 -3.0 0.0 -2.0 0.0 
-1.0 252.0 -2.0 -3.0 -1.0 -4.0 -2.0 -4.0 -2.0 -4.0 -2.0 0.0 -3.0 -2.0 -4.0 -2.0 -1.0 -1.0 -1.0 -1.0 -1.0 -3.0 -4.0 -2.0 -1.0 -4.0 -2.0 0.0 -3.0 -4.0 -3.0 -4.0 -3.0 -3.0 0.0 -4.0 -2.0 -2.0 0.0 -3.0 -2.0 0.0 -4.0 -4.0 -2.0 -3.0 -2.0 0.0 -2.0 -3.0 -4.0 -4.0 -2.0 -1.0 -1.0 0.0 -1.0 -4.0 -3.0 -2.0 0.0 -4.0 -4.0 -3.0 -3.0 0.0 0.0 -1.0 -1.0 -4.0 -4.0 -2.0 0.0 0.0 -2.0 0.0 -4.0 -4.0 -3.0 -1.0 -1.0 -4.0 -3.0 -4.0 -4.0 -3.0 -3.0 -3.0 -1.0 -1.0 -4.0 0.0 -4.0 -2.0 -4.0 -3.0 0.0 0.0 -2.0 -2.0 -4.0 -3.0 -3.0 -2.0 -4.0 -2.0 -3.0 -4.0 -2.0 -2.0 0.0 -2.0 0.0 -1.0 0.0 
0.0 -3.0 226.0 -1.0 -4.0 -1.0 -2.0 -3.0 0.0 0.0 -3.0 0.0 -3.0 -1.0 0.0 0.0 -1.0 -1.0 0.0 -1.0 -4.0 -1.0 0.0 -3.0 -2.0 -2.0 0.0 -2.0 -3.0 -3.0 -3.0 -1.0 -1.0 -3.0 -3.0 -3.0 -3.0 -3.0 0.0 -2.0 -1.0 -2.0 -3.0 -3.0 -4.0 -1.0 -1.0 -4.0 -4.0 0.0 -2.0 -4.0 0.0 -3.0 -1.0 -4.0 -2.0 -3.0 -2.0 -2.0 0.0 0.0 0.0 -2.0 -1.0 0.0 -1.0 -2.0 0.0 -4.0 -2.0 -1.0 -3.0 -2.0 -2.0 0.0 -1.0 -1.0 -4.0 -1.0 -1.0 -4.0 -3.0 -1.0 -1.0 -3.0 -1.0 -4.0 -1.0 -2.0 -2.0 -4.0 -4.0 -4.0 -1.0 -1.0 -1.0 -2.0 -2.0 -2.0 -3.0 -3.0 -1.0 -4.0 -4.0 -3.0 -4.0 -3.0 -3.0 -2.0 -1.0 -2.0 -3.0 -3.0 -4.0 
-1.0 -4.0 0.0 225.0 -3.0 -2.0 -2.0 0.0 0.0 0.0 -4.0 -2.0 -1.0 -4.0 -2.0 -1.0 -2.0 -4.0 -3.0 0.0 -2.0 -1.0 -4.0 0.0 -4.0 -1.0 -1.0 -2.0 -2.0 -3.0 -4.0 0.0 -1.0 -1.0 -2.0 -4.0 0.0 -1.0 0.0 -4.0 -1.0 -3.0 -2.0 -4.0 -3.0 -3.0 0.0 -2.0 -1.0 0.0 -2.0 -3.0 0.0 0.0 -4.0 -3.0 -3.0 0.0 -2.0 -4.0 -3.0 -1.0 -4.0 -4.0 -2.0 -4.0 0.0 0.0 -3.0 -1.0 -4.0 0.0 -4.0 -4.0 -3.0 -4.0 -2.0 -3.0 -1.0 -3.0 -1.0 0.0 -3.0 -2.0 -3.0 -3.0 -1.0 0.0 0.0 -3.0 -3.0 -4.0 -1.0 -2.0 -1.0 -2.0 -4.0 0.0 -1.0 -3.0 -2.0 -2.0 -1.0 -4.0 -2.0 -2.0 -2.0 -1.0 -3.0 -3.0 0.0 0.0 -2.0 -2.0 0.0 
-4.0 0.0 -4.0 -2.0 230.0 -1.0 0.0 -4.0 -2.0 -4.0 -1.0 -2.0 -1.0 -2.0 -4.0 0.0 -3.0 0.0 -3.0 -4.0 0.0 -4.0 -1.0 -4.0 -2.0 0.0 -2.0 -4.0 0.0 -1.0 -4.0 -2.0 -3.0 -3.0 -1.0 -1.0 0.0 0.0 -2.0 -2.0 -4.0 0.0 -2.0 -3.0 -3.0 0.0 -2.0 -1.0 -2.0 -3.0 -3.0 -4.0 -2.0 -3.0 -2.0 -4.0 -2.0 0.0 -4.0 -2.0 -2.0 -3.0 -2.0 -1.0 -3.0 -2.0 0.0 -1.0 -3.0 -3.0 -2.0 -4.0 -1.0 -2.0 0.0 -4.0 -2.0 -1.0 0.0 -4.0 0.0 -4.0 -2.0 -1.0 0.0 -1.0 -3.0 0.0 -2.0 -3.0 -4.0 -2.0 0.0 -4.0 -3.0 -1.0 0.0 -4.0 -1.0 -4.0 -2.0 -3.0 0.0 -3.0 0.0 -3.0 0.0 0.0 -1.0 -1.0 -2.0 -2.0 -4.0 -4.0 -3.0 
-4.0 -1.0 0.0 0.0 -4.0 241.0 -3.0 -2.0 -1.0 -2.0 -3.0 -4.0 -4.0 -3.0 -1.0 0.0 0.0 -4.0 -4.0 -2.0 -1.0 -3.0 -4.0 -1.0 -4.0 0.0 -4.0 -2.0 -2.0 0.0 -3.0 0.0 -4.0 -3.0 0.0 0.0 -3.0 -4.0 -4.0 0.0 -2.0 -4.0 -4.0 -4.0 -2.0 -3.0 -3.0 -1.0 0.0 -1.0 -3.0 -3.0 -4.0 -2.0 -2.0 -1.0 -1.0 -2.0 0.0 0.0 0.0 -1.0 -1.0 -1.0 -4.0 -3.0 0.0 -2.0 -1.0 -1.0 0.0 -3.0 -3.0 -4.0 0.0 0.0 -2.0 0.0 -4.0 -3.0 -4.0 -1.0 -2.0 0.0 -3.0 -4.0 -2.0 -3.0 0.0 -2.0 -3.0 -4.0 -1.0 -3.0 0.0 -3.0 -4.0 -4.0 -2.0 -3.0 -3.0 -4.0 -3.0 -1.0 -1.0 -2.0 -1.0 0.0 -2.0 -1.0 -3.0 -3.0 -3.0 -3.0 -4.0 
-3.0 0.0 -2.0 -3.0 0.0 -3.0 216.0 -3.0 -3.0 -3.0 -3.0 -4.0 -2.0 -3.0 -1.0 -2.0 0.0 -3.0 -3.0 -2.0 -3.0 -2.0 0.0 -4.0 -4.0 0.0 -3.0 -1.0 0.0 -1.0 -1.0 -4.0 -2.0 0.0 -2.0 -3.0 -3.0 -1.0 -2.0 -3.0 0.0 0.0 -4.0 0.0 -2.0 -2.0 -1.0 -3.0 -1.0 -1.0 -1.0 -1.0 -1.0 -4.0 -2.0 -3.0 0.0 -1.0 -2.0 -1.0 -2.0 -3.0 -3.0 -3.0 -2.0 -1.0 -4.0 -3.0 -2.0 0.0 -2.0 -2.0 -1.0 -2.0 -2.0 -1.0 -1.0 -3.0 -2.0 0.0 0.0 -4.0 -1.0 -1.0 -1.0 -2.0 -3.0 -2.0 -3.0 0.0 -1.0 -3.0 -1.0 -4.0 -3.0 0.0 -2.0 0.0 -1.0 -3.0 -2.0 -3.0 -3.0 -1.0 -1.0 0.0 0.0 -1.0 -4.0 -1.0 -3.0 -2.0 -4.0 -2.0 -3.0 
-4.0 0.0 -3.0 -2.0 -4.0 -1.0 -4.0 239.0 -4.0 0.0 -3.0 -2.0 -2.0 -1.0 -4.0 0.0 -1.0 -1.0 0.0 -2.0 -4.0 0.0 -2.0 -2.0 -4.0 -4.0 -3.0 -2.0 0.0 0.0 -1.0 -3.0 -3.0 0.0 -2.0 -3.0 -4.0 -3.0 0.0 -3.0 -1.0 -2.0 -1.0 -4.0 -2.0 -1.0 -3.0 -2.0 -2.0 -2.0 -2.0 -1.0 0.0 -4.0 -4.0 -4.0 -3.0 0.0 0.0 -4.0 0.0 -3.0 -1.0 -2.0 -1.0 -1.0 -4.0 -1.0 -2.0 0.0 -3.0 -3.0 -3.0 -4.0 0.0 -4.0 -1.0 -4.0 -1.0 -3.0 -2.0 -2.0 -4.0 -1.0 -1.0 -1.0 -2.0 -3.0 0.0 -4.0 -1.0 -4.0 -4.0 -2.0 -4.0 0.0 -3.0 -4.0 0.0 -2.0 -1.0 -1.0 -1.0 -2.0 -4.0 -4.0 -2.0 -4.0 -3.0 -2.0 -1.0 -4.0 0.0 0.0 -2.0 
-1.0 -3.0 -4.0 -1.0 -4.0 0.0 -4.0 0.0 223.0 -3.0 -3.0 -3.0 -2.0 0.0 -1.0 -2.0 0.0 -3.0 -1.0 -4.0 0.0 -1.0 -1.0 -1.0 -1.0 -2.0 -4.0 0.0 -1.0 -4.0 0.0 -1.0 0.0 -1.0 0.0 -3.0 -1.0 -4.0 -3.0 -2.0 -3.0 0.0 0.0 -2.0 -4.0 0.0 -3.0 -4.0 -1.0 0.0 -4.0 -2.0 -4.0 -3.0 -3.0 0.0 -3.0 -2.0 0.0 -2.0 -4.0 -3.0 -4.0 -4.0 0.0 0.0 -2.0 -3.0 -4.0 0.0 -1.0 -3.0 -1.0 0.0 -2.0 0.0 -3.0 0.0 0.0 0.0 -4.0 0.0 -4.0 0.0 -4.0 -3.0 -2.0 -3.0 0.0 -4.0 -2.0 -3.0 -2.0 0.0 -4.0 -4.0 0.0 -4.0 -3.0 -1.0 -4.0 -2.0 -3.0 -2.0 -4.0 -2.0 -4.0 -1.0 0.0 -4.0 0.0 -1.0 0.0 -4.0 -2.0 
-2.0 -2.0 -3.0 -2.0 -2.0 -2.0 -2.0 0.0 -4.0 249.0 -2.0 -4.0 -4.0 -3.0 -4.0 -2.0 -3.0 -4.0 0.0 -4.0 -2.0 -4.0 -1.0 -2.0 -4.0 -3.0 0.0 -1.0 -2.0 0.0 -1.0 -4.0 -3.0 -3.0 -1.0 -3.0 -3.0 0.0 -3.0 -3.0 0.0 0.0 0.0 -2.0 -1.0 -4.0 -2.0 -2.0 -4.0 0.0 -3.0 -4.0 -2.0 -4.0 -1.0 -4.0 0.0 -3.0 -3.0 0.0 -1.0 -2.0 -3.0 -3.0 0.0 -4.0 -2.0 -3.0 -4.0 -4.0 -1.0 -2.0 0.0 0.0 -4.0 -4.0 -4.0 0.0 -4.0 -2.0 -4.0 0.0 -4.0 -2.0 -2.0 -1.0 -2.0 -1.0 0.0 0.0 -4.0 -1.0 -4.0 -1.0 -4.0 0.0 -2.0 -2.0 -3.0 -3.0 -2.0 -2.0 -2.0 0.0 -1.0 0.0 0.0 -2.0 -4.0 -1.0 -3.0 -3.0 -4.0 -3.0 -4.0 
-4.0 0.0 -3.0 -4.0 -3.0 -2.0 0.0 -2.0 0.0 -2.0 233.0 -1.0 -3.0 -2.0 -4.0 0.0 -4.0 -3.0 -3.0 -1.0 -1.0 0.0 -1.0 -2.0 -4.0 0.0 -1.0 0.0 -4.0 -4.0 -2.0 0.0 -2.0 -2.0 -1.0 -4.0 -4.0 -4.0 -3.0 -2.0 -3.0 -1.0 -4.0 -1.0 -2.0 -2.0 -4.0 -4.0 0.0 -3.0 -3.0 0.0 -1.0 -3.0 0.0 -4.0 -3.0 -4.0 -2.0 -3.0 -4.0 -4.0 0.0 -4.0 0.0 0.0 -1.0 -2.0 -2.0 -3.0 -2.0 -1.0 -1.0 -1.0 0.0 -3.0 -3.0 -3.0 -2.0 -4.0 -2.0 -3.0 -4.0 0.0 -1.0 0.0 -1.0 0.0 -1.0 -4.0 -2.0 -4.0 -4.0 0.0 -3.0 -2.0 -3.0 -1.0 -2.0 -1.0 -2.0 -3.0 0.0 -4.0 -2.0 0.0 -3.0 0.0 -2.0 -2.0 -3.0 -1.0 0.0 -2.0 -2.0 
0.0 -1.0 -2.0 0.0 -1.0 -3.0 -1.0 -3.0 -1.0 0.0 0.0 219.0 0.0 -2.0 -1.0 -1.0 -1.0 -4.0 -2.0 -2.0 -1.0 -1.0 -3.0 -2.0 0.0 -2.0 -3.0 -4.0 -2.0 -3.0 0.0 -4.0 -4.0 -3.0 -1.0 -3.0 0.0 0.0 -1.0 -1.0 -2.0 0.0 -4.0 -1.0 -1.0 0.0 -3.0 0.0 -2.0 -3.0 -1.0 -1.0 -3.0 -1.0 -2.0 0.0 0.0 -3.0 -4.0 0.0 -1.0 -2.0 -1.0 -4.0 -3.0 0.0 -1.0 -1.0 -3.0 0.0 0.0 -4.0 -2.0 -4.0 -1.0 -1.0 -4.0 -4.0 -1.0 -1.0 -4.0 -1.0 0.0 -4.0 -2.0 -3.0 -2.0 -4.0 -2.0 -4.0 -2.0 -4.0 -4.0 -4.0 -3.0 -1.0 -4.0 -4.0 -4.0 -4.0 -3.0 0.0 -1.0 -4.0 0.0 -1.0 -2.0 -4.0 -3.0 -2.0 -1.0 -1.0 -2.0 -1.0 -2.0 
-1.0 -1.0 -1.0 -2.0 -2.0 -3.0 -2.0 -4.0 -4.0 -2.0 -3.0 -1.0 219.0 0.0 -4.0 -2.0 0.0 -2.0 -2.0 -3.0 -4.0 0.0 -4.0 0.0 -3.0 -2.0 -2.0 -3.0 -4.0 0.0 -2.0 -2.0 -3.0 0.0 0.0 -3.0 0.0 0.0 -4.0 -2.0 0.0 0.0 0.0 -3.0 -1.0 -2.0 -2.0 -3.0 -2.0 0.0 -1.0 -4.0 -3.0 -1.0 -4.0 -4.0 0.0 0.0 -3.0 0.0 -4.0 -4.0 -3.0 -1.0 -2.0 -3.0 0.0 -1.0 -3.0 -1.0 0.0 0.0 -4.0 -3.0 -3.0 0.0 -4.0 0.0 -3.0 0.0 -3.0 -1.0 -4.0 -1.0 -1.0 -2.0 -1.0 0.0 -3.0 -2.0 -3.0 -2.0 -1.0 -3.0 -3.0 0.0 -1.0 -3.0 0.0 -2.0 -1.0 -4.0 -2.0 -2.0 -3.0 -4.0 -1.0 -2.0 0.0 -3.0 0.0 -2.0 -4.0 -2.0 -4.0 
-3.0 -2.0 -1.0 -4.0 0.0 -1.0 -4.0 -2.0 0.0 -1.0 -4.0 0.0 0.0 220.0 -4.0 0.0 -2.0 -1.0 -2.0 -3.0 0.0 -4.0 -3.0 0.0 -1.0 -3.0 0.0 0.0 -2.0 -3.0 0.0 -2.0 -4.0 -2.0 0.0 -3.0 -4.0 -1.0 0.0 0.0 0.0 -4.0 -4.0 -1.0 0.0 -3.0 -3.0 -2.0 0.0 -4.0 -3.0 -2.0 0.0 -3.0 -4.0 -4.0 -4.0 -3.0 -4.0 -1.0 -2.0 -1.0 -2.0 -2.0 -4.0 -1.0 -2.0 -1.0 -4.0 -2.0 -3.0 -2.0 0.0 -2.0 0.0 -3.0 -1.0 -2.0 -4.0 -3.0 -4.0 -1.0 -3.0 -2.0 0.0 -3.0 -2.0 -1.0 0.0 -1.0 -3.0 -1.0 -1.0 -4.0 0.0 0.0 -2.0 -4.0 -4.0 -3.0 -3.0 -4.0 0.0 -1.0 0.0 -1.0 -4.0 -2.0 -2.0 -2.0 0.0 -2.0 -3.0 -1.0 0.0 
-1.0 -4.0 -3.0 -1.0 -4.0 -1.0 -1.0 -4.0 -2.0 -4.0 -4.0 -1.0 0.0 -4.0 221.0 -4.0 -3.0 -3.0 -4.0 -3.0 0.0 -3.0 -2.0 -1.0 -2.0 -3.0 -1.0 -3.0 -4.0 -1.0 -4.0 0.0 0.0 0.0 -3.0 0.0 0.0 -4.0 -2.0 0.0 -3.0 0.0 -3.0 0.0 -4.0 -1.0 -3.0 -2.0 -3.0 0.0 -3.0 -3.0 0.0 -2.0 -2.0 -4.0 0.0 -3.0 -2.0 0.0 -1.0 -4.0 -2.0 0.0 0.0 -4.0 -2.0 0.0 -1.0 -3.0 -4.0 -1.0 0.0 0.0 -4.0 -4.0 -2.0 -1.0 -3.0 0.0 -2.0 -4.0 0.0 0.0 -3.0 -1.0 0.0 0.0 -1.0 -3.0 -4.0 -2.0 -1.0 -1.0 -3.0 -3.0 -3.0 0.0 -4.0 -4.0 0.0 -4.0 -3.0 -1.0 -1.0 -1.0 -1.0 0.0 -3.0 -3.0 0.0 -2.0 0.0 -1.0 -4.0 
-4.0 -2.0 -2.0 -1.0 -4.0 -4.0 -2.0 -1.0 0.0 0.0 -1.0 -4.0 -4.0 -4.0 -3.0 218.0 -2.0 -1.0 0.0 -3.0 -2.0 -2.0 -3.0 -4.0 0.0 -3.0 -1.0 0.0 -1.0 -3.0 -2.0 -1.0 -3.0 -2.0 -2.0 0.0 -2.0 -2.0 -1.0 -1.0 -3.0 -1.0 0.0 -2.0 -1.0 -1.0 -4.0 -3.0 0.0 -1.0 -2.0 -3.0 -2.0 -3.0 -4.0 -4.0 0.0 0.0 -4.0 -4.0 -1.0 -4.0 -4.0 -3.0 -2.0 -1.0 -2.0 -4.0 -2.0 -3.0 -1.0 0.0 0.0 -2.0 -3.0 -3.0 -3.0 -1.0 -2.0 -3.0 -4.0 -4.0 -1.0 -1.0 -3.0 -2.0 -4.0 0.0 0.0 -4.0 0.0 0.0 -1.0 -3.0 -1.0 -2.0 -1.0 -2.0 0.0 -1.0 0.0 -2.0 -1.0 -1.0 -4.0 0.0 -3.0 -2.0 0.0 -1.0 -1.0 -3.0 -1.0 0.0 -2.0 
0.0 -4.0 -3.0 -4.0 -4.0 -2.0 -3.0 -3.0 -4.0 0.0 0.0 -4.0 -2.0 -1.0 -4.0 -1.0 219.0 -2.0 -4.0 -4.0 -4.0 -1.0 -1.0 -3.0 -3.0 -3.0 0.0 -3.0 -2.0 -2.0 0.0 -1.0 0.0 -2.0 -2.0 0.0 -1.0 0.0 -4.0 -1.0 0.0 -2.0 0.0 -2.0 -3.0 -1.0 -3.0 -2.0 -4.0 -2.0 -2.0 -1.0 -4.0 -1.0 0.0 0.0 0.0 -3.0 0.0 -4.0 -2.0 0.0 -3.0 -4.0 -4.0 -2.0 -1.0 -4.0 -2.0 -2.0 -3.0 -1.0 -1.0 -3.0 -1.0 -2.0 -1.0 -3.0 -2.0 -1.0 0.0 0.0 0.0 -4.0 0.0 -4.0 -1.0 -2.0 -2.0 -4.0 -3.0 -1.0 0.0 -3.0 0.0 0.0 0.0 -1.0 0.0 -1.0 0.0 -1.0 -3.0 -2.0 -4.0 -1.0 -4.0 -2.0 -3.0 -2.0 -3.0 -3.0 0.0 -3.0 -4.0 
0.0 -3.0 -1.0 -1.0 -2.0 -2.0 -3.0 -2.0 -1.0 -4.0 -2.0 -2.0 -1.0 0.0 -3.0 -1.0 -2.0 242.0 0.0 -3.0 -4.0 -4.0 -3.0 -2.0 -1.0 -2.0 0.0 0.0 -3.0 -2.0 -2.0 -2.0 -4.0 -4.0 -4.0 -1.0 -1.0 -2.0 -2.0 0.0 0.0 -4.0 -2.0 -1.0 -3.0 -2.0 -1.0 -2.0 -4.0 -1.0 -1.0 -1.0 -2.0 0.0 -3.0 -4.0 -3.0 -1.0 -4.0 -4.0 -3.0 -2.0 -1.0 -3.0 -3.0 -3.0 -2.0 -1.0 -3.0 0.0 -1.0 -1.0 -2.0 -4.0 0.0 -3.0 -4.0 -2.0 -1.0 -4.0 -3.0 -1.0 -3.0 -4.0 -2.0 -1.0 -3.0 -4.0 -1.0 -3.0 -1.0 -4.0 -4.0 -1.0 -3.0 -3.0 0.0 -1.0 -1.0 0.0 -2.0 -4.0 -4.0 -4.0 0.0 -1.0 -2.0 -1.0 -4.0 -2.0 0.0 -3.0 -3.0 -3.0 -4.0 
-3.0 -4.0 -3.0 -4.0 -4.0 -4.0 -2.0 -4.0 -1.0 -1.0 -3.0 -3.0 0.0 0.0 -4.0 -4.0 -3.0 -4.0 252.0 -2.0 -4.0 -3.0 -3.0 -2.0 -2.0 -3.0 0.0 -3.0 -3.0 0.0 -3.0 -4.0 -3.0 0.0 -4.0 -2.0 -2.0 -2.0 -3.0 -2.0 -3.0 -3.0 -4.0 -1.0 -2.0 -4.0 -3.0 -3.0 0.0 -4.0 -2.0 0.0 -1.0 0.0 -3.0 0.0 -4.0 0.0 -1.0 -1.0 -1.0 0.0 -4.0 -1.0 -1.0 0.0 -2.0 -3.0 -4.0 -2.0 -2.0 -2.0 -1.0 -1.0 -1.0 -1.0 -3.0 -2.0 -1.0 -3.0 -2.0 -4.0 -3.0 -3.0 -2.0 -2.0 -4.0 0.0 0.0 -1.0 -2.0 0.0 -1.0 -2.0 -3.0 -2.0 0.0 -1.0 -3.0 -1.0 -3.0 -3.0 -4.0 -3.0 -3.0 -4.0 -2.0 -4.0 -1.0 -3.0 -3.0 -4.0 -1.0 -3.0 0.0 
0.0 -2.0 -1.0 -3.0 -4.0 -4.0 -4.0 -1.0 -1.0 -4.0 -2.0 0.0 0.0 -3.0 -3.0 -2.0 -1.0 -1.0 -3.0 244.0 -1.0 -4.0 -4.0 -4.0 -1.0 -1.0 -3.0 -3.0 -2.0 -4.0 -1.0 -2.0 -1.0 -2.0 -4.0 -3.0 -3.0 -1.0 -1.0 -1.0 -3.0 -4.0 -1.0 -3.0 -2.0 -3.0 -2.0 -4.0 -1.0 0.0 -4.0 -2.0 -4.0 -3.0 -1.0 -4.0 -1.0 -2.0 -3.0 -1.0 -2.0 -3.0 0.0 -2.0 -3.0 0.0 -4.0 0.0 -2.0 -2.0 -1.0 0.0 0.0 -4.0 -2.0 -3.0 -4.0 -2.0 -1.0 -3.0 0.0 -4.0 -4.0 -2.0 -1.0 0.0 -4.0 -4.0 0.0 -3.0 -4.0 -3.0 -1.0 -4.0 0.0 -3.0 -2.0 0.0 0.0 -1.0 -4.0 -1.0 -2.0 0.0 -2.0 -3.0 -2.0 -2.0 -2.0 -1.0 -4.0 -4.0 -4.0 0.0 -2.0 
0.0 0.0 -3.0 -4.0 -3.0 0.0 -4.0 0.0 0.0 -4.0 -2.0 -4.0 0.0 -1.0 -3.0 -2.0 -1.0 -1.0 -4.0 -1.0 217.0 0.0 0.0 -2.0 -1.0 0.0 0.0 -3.0 -1.0 -2.0 -2.0 -2.0 -3.0 -1.0 -3.0 -2.0 -2.0 -4.0 -3.0 -1.0 -2.0 -3.0 -3.0 -4.0 -4.0 0.0 -2.0 -2.0 0.0 -3.0 0.0 0.0 -2.0 -4.0 -3.0 -1.0 -2.0 -1.0 -1.0 -3.0 0.0 -2.0 0.0 -1.0 -4.0 -1.0 -4.0 -4.0 -2.0 0.0 -1.0 -4.0 -2.0 -3.0 -2.0 -2.0 -2.0 -1.0 0.0 -3.0 -1.0 -3.0 -4.0 -3.0 -1.0 0.0 -4.0 0.0 0.0 -3.0 -1.0 -2.0 -1.0 -2.0 -1.0 -4.0 -1.0 0.0 -2.0 -4.0 -4.0 -2.0 -4.0 -2.0 -3.0 0.0 -1.0 -2.0 -2.0 -3.0 0.0 -2.0 -4.0 -3.0 -1.0 
-2.0 -3.0 -1.0 -3.0 0.0 -1.0 -1.0 -4.0 0.0 -2.0 -2.0 -3.0 0.0 -3.0 0.0 -2.0 0.0 -2.0 -4.0 -3.0 -3.0 220.0 0.0 -1.0 -2.0 -2.0 -3.0 -1.0 -3.0 -1.0 -1.0 -2.0 -4.0 -2.0 -1.0 -1.0 -3.0 -3.0 -1.0 -1.0 -3.0 0.0 -1.0 -1.0 -1.0 -4.0 -3.0 -3.0 0.0 -4.0 -2.0 0.0 -3.0 -3.0 -4.0 -3.0 -4.0 0.0 0.0 -4.0 -4.0 -3.0 -3.0 -3.0 0.0 -1.0 -4.0 -3.0 -2.0 -4.0 -4.0 -2.0 0.0 -1.0 -1.0 -2.0 0.0 -2.0 -4.0 0.0 -2.0 0.0 -3.0 -2.0 -3.0 -1.0 -2.0 -3.0 -4.0 -2.0 -3.0 -1.0 -2.0 0.0 -4.0 -1.0 0.0 0.0 0.0 -3.0 -1.0 -2.0 -2.0 0.0 0.0 -4.0 -4.0 -1.0 -2.0 0.0 -4.0 -1.0 -2.0 -1.0 -3.0 
0.0 -1.0 0.0 -1.0 -4.0 -1.0 -4.0 -1.0 0.0 -1.0 0.0 -4.0 -2.0 0.0 -1.0 -3.0 0.0 -1.0 -2.0 0.0 0.0 -4.0 197.0 -4.0 -1.0 -2.0 0.0 -2.0 -2.0 -3.0 -3.0 0.0 0.0 -3.0 0.0 -2.0 -2.0 -2.0 -2.0 -2.0 -2.0 0.0 -2.0 0.0 -4.0 -1.0 -1.0 -4.0 -2.0 -4.0 -2.0 -3.0 -1.0 -4.0 -1.0 -4.0 0.0 -2.0 -1.0 -1.0 -1.0 -2.0 -3.0 0.0 -1.0 0.0 -3.0 0.0 -2.0 -2.0 -1.0 -2.0 -1.0 -2.0 -4.0 -1.0 -4.0 -2.0 0.0 -3.0 -1.0 0.0 -4.0 0.0 -1.0 -4.0 0.0 -3.0 -4.0 0.0 -3.0 -4.0 -2.0 -3.0 0.0 -3.0 -2.0 -1.0 -1.0 -3.0 -1.0 -3.0 -2.0 -4.0 -3.0 -1.0 0.0 0.0 -3.0 0.0 -3.0 -3.0 0.0 -2.0 0.0 
0.0 -2.0 -2.0 -1.0 -3.0 -1.0 -3.0 -3.0 0.0 -3.0 -1.0 0.0 -2.0 0.0 -4.0 -4.0 -2.0 -1.0 -1.0 -2.0 -4.0 -3.0 0.0 201.0 -1.0 -2.0 -3.0 -3.0 0.0 -3.0 -1.0 0.0 -3.0 -1.0 -1.0 -3.0 -4.0 -2.0 -2.0 -3.0 0.0 0.0 -3.0 -1.0 -1.0 -2.0 -3.0 -3.0 -3.0 -3.0 -2.0 0.0 -1.0 -3.0 0.0 -3.0 0.0 -2.0 0.0 -1.0 -2.0 -2.0 -1.0 -2.0 -2.0 0.0 -2.0 -4.0 0.0 -3.0 -3.0 -3.0 -3.0 -1.0 -4.0 -2.0 -3.0 0.0 0.0 -2.0 -2.0 -2.0 0.0 -2.0 -1.0 -1.0 -3.0 -3.0 -2.0 -2.0 -4.0 -1.0 0.0 -1.0 -2.0 -3.0 -3.0 0.0 -1.0 -1.0 -1.0 -3.0 -1.0 -2.0 -2.0 0.0 -3.0 -1.0 0.0 -1.0 -2.0 -4.0 0.0 -1.0 -2.0 
-3.0 -3.0 -3.0 -1.0 -3.0 -3.0 -2.0 -1.0 0.0 -1.0 -3.0 0.0 -3.0 -4.0 -3.0 -3.0 -4.0 -1.0 -3.0 -3.0 0.0 -3.0 -3.0 -3.0 236.0 -3.0 -3.0 -1.0 -4.0 -3.0 -2.0 0.0 -1.0 -3.0 -2.0 0.0 -4.0 -4.0 -4.0 -4.0 0.0 0.0 -3.0 -2.0 -1.0 -2.0 0.0 -1.0 -1.0 -4.0 -2.0 -2.0 0.0 0.0 0.0 -1.0 -3.0 0.0 -4.0 -2.0 -3.0 -3.0 -2.0 -1.0 -2.0 0.0 -3.0 -3.0 -4.0 -3.0 -4.0 0.0 -1.0 -1.0 0.0 -2.0 -4.0 -2.0 0.0 -4.0 -1.0 -2.0 -3.0 -2.0 -4.0 -4.0 0.0 -1.0 -3.0 -3.0 -3.0 0.0 0.0 -4.0 -1.0 -2.0 0.0 -2.0 -3.0 -4.0 -2.0 -4.0 -1.0 -2.0 -2.0 -3.0 -2.0 -2.0 -1.0 0.0 -2.0 -4.0 -4.0 -1.0 0.0 
0.0 0.0 0.0 0.0 -3.0 0.0 -2.0 -3.0 -4.0 -1.0 -3.0 -2.0 0.0 -3.0 -4.0 -2.0 -4.0 -2.0 -3.0 0.0 -1.0 -1.0 -4.0 -4.0 -1.0 227.0 -4.0 -3.0 -4.0 0.0 -2.0 0.0 -1.0 -4.0 -4.0 -3.0 0.0 -1.0 -3.0 -4.0 -2.0 0.0 -2.0 -2.0 0.0 -2.0 -3.0 0.0 0.0 -4.0 -2.0 -2.0 -3.0 -3.0 -1.0 -1.0 -4.0 0.0 -4.0 -4.0 0.0 -2.0 0.0 -2.0 -3.0 -3.0 -4.0 -3.0 0.0 0.0 -4.0 -3.0 -2.0 0.0 0.0 0.0 -4.0 -1.0 -4.0 -4.0 0.0 0.0 -3.0 -2.0 0.0 -4.0 -2.0 -3.0 -1.0 -2.0 0.0 -1.0 0.0 -2.0 -4.0 -2.0 -3.0 -1.0 -1.0 -2.0 -3.0 -3.0 -4.0 -4.0 0.0 -4.0 -4.0 -3.0 -3.0 0.0 -2.0 0.0 -2.0 -3.0 -1.0 
-3.0 -4.0 -3.0 -2.0 -2.0 0.0 -4.0 -2.0 0.0 -3.0 0.0 -1.0 -3.0 -1.0 -3.0 -1.0 0.0 0.0 -2.0 0.0 -1.0 0.0 0.0 -2.0 -2.0 -1.0 182.0 0.0 0.0 -1.0 -3.0 -4.0 0.0 -2.0 -3.0 0.0 -1.0 -2.0 -1.0 -4.0 -1.0 -1.0 -2.0 -3.0 0.0 -1.0 -4.0 -2.0 -1.0 -3.0 -2.0 -2.0 -1.0 -3.0 0.0 -1.0 -3.0 -1.0 0.0 -2.0 0.0 -2.0 -4.0 -1.0 -4.0 -3.0 -2.0 -1.0 0.0 -1.0 0.0 -2.0 -1.0 0.0 -3.0 -1.0 -2.0 0.0 -4.0 -2.0 -3.0 -3.0 -2.0 -2.0 -3.0 -1.0 -2.0 -1.0 -2.0 -3.0 -1.0 -4.0 0.0 -3.0 -2.0 -1.0 -4.0 -3.0 0.0 -1.0 0.0 0.0 0.0 -2.0 -1.0 -2.0 0.0 -4.0 0.0 -2.0 -1.0 0.0 0.0 0.0 -2.0 
-4.0 -1.0 -1.0 -3.0 -3.0 -1.0 -2.0 -1.0 -1.0 -1.0 -1.0 -3.0 0.0 -2.0 -3.0 -2.0 -1.0 -3.0 -3.0 -4.0 -3.0 -1.0 -2.0 -3.0 -1.0 -2.0 -1.0 206.0 0.0 -3.0 0.0 -3.0 -1.0 -1.0 -4.0 -4.0 -1.0 0.0 -4.0 -2.0 -1.0 0.0 -1.0 -1.0 -1.0 -2.0 -2.0 -3.0 -4.0 -3.0 0.0 -1.0 -1.0 -3.0 -4.0 -1.0 0.0 -2.0 -3.0 -4.0 -3.0 -4.0 0.0 0.0 -3.0 -3.0 -3.0 0.0 0.0 -2.0 0.0 -2.0 -1.0 -1.0 -4.0 0.0 0.0 -2.0 -2.0 -1.0 -4.0 -2.0 -1.0 -4.0 -2.0 -2.0 -2.0 -2.0 0.0 -3.0 0.0 -4.0 -3.0 -1.0 0.0 -1.0 0.0 -3.0 0.0 -4.0 0.0 -3.0 0.0 -1.0 0.0 -1.0 -4.0 -4.0 0.0 -3.0 -2.0 -1.0 -1.0 -1.0 -3.0 
-3.0 -1.0 -3.0 -3.0 -2.0 -2.0 -3.0 -1.0 0.0 -3.0 0.0 -1.0 -4.0 0.0 0.0 -1.0 -2.0 -1.0 0.0 -2.0 -3.0 -4.0 -2.0 -2.0 -4.0 -3.0 -2.0 0.0 226.0 -3.0 0.0 -3.0 -2.0 -4.0 0.0 -1.0 -1.0 -4.0 -1.0 -4.0 -2.0 -4.0 -4.0 -4.0 -1.0 0.0 -4.0 -2.0 -4.0 -2.0 -1.0 0.0 -1.0 -3.0 -2.0 -2.0 -2.0 -2.0 -1.0 0.0 -4.0 0.0 -1.0 0.0 -3.0 -4.0 -4.0 -2.0 -3.0 -3.0 -2.0 -4.0 0.0 -4.0 -4.0 -2.0 -2.0 0.0 -3.0 -1.0 0.0 0.0 -3.0 -3.0 0.0 -1.0 -3.0 -3.0 -2.0 -1.0 0.0 0.0 -3.0 -3.0 0.0 -1.0 -1.0 -2.0 -1.0 -3.0 -4.0 -1.0 -4.0 -4.0 -1.0 -1.0 -1.0 -1.0 -4.0 -1.0 -1.0 -4.0 -4.0 -3.0 0.0 
0.0 -2.0 -1.0 -4.0 -2.0 -2.0 -1.0 -3.0 -4.0 -2.0 -4.0 -4.0 0.0 0.0 0.0 0.0 0.0 0.0 -2.0 -3.0 -4.0 -1.0 -1.0 -1.0 -4.0 -2.0 -3.0 -2.0 -3.0 207.0 0.0 -4.0 -1.0 -1.0 -4.0 -2.0 -2.0 -4.0 -3.0 0.0 -3.0 0.0 0.0 -1.0 -1.0 -1.0 -2.0 -3.0 -1.0 0.0 -3.0 -2.0 -1.0 -3.0 -2.0 0.0 -4.0 -2.0 -2.0 -4.0 -2.0 0.0 -3.0 0.0 -3.0 0.0 -1.0 -1.0 -4.0 0.0 -1.0 -2.0 -2.0 -1.0 -3.0 -3.0 -1.0 -2.0 0.0 -2.0 -4.0 -2.0 -2.0 -2.0 -4.0 0.0 -2.0 0.0 -3.0 -3.0 0.0 -1.0 -2.0 -1.0 -4.0 0.0 -1.0 -4.0 -4.0 0.0 -3.0 -1.0 -1.0 -3.0 -1.0 0.0 -4.0 0.0 -3.0 -2.0 0.0 -1.0 -1.0 -2.0 -4.0 
-3.0 0.0 -4.0 0.0 -2.0 0.0 -3.0 -1.0 -4.0 0.0 -3.0 -1.0 -4.0 -2.0 -2.0 -3.0 -3.0 -4.0 -1.0 0.0 -2.0 -2.0 -1.0 -4.0 -1.0 -1.0 -2.0 -3.0 0.0 -2.0 210.0 -3.0 -4.0 -1.0 -4.0 -4.0 -2.0 0.0 -4.0 -4.0 -1.0 -4.0 -1.0 -2.0 0.0 -2.0 -1.0 0.0 -2.0 -1.0 0.0 -2.0 -1.0 -3.0 0.0 -4.0 -1.0 0.0 -3.0 -3.0 0.0 -1.0 -1.0 0.0 0.0 -1.0 -3.0 -2.0 0.0 0.0 -3.0 -3.0 -4.0 -1.0 0.0 -4.0 -2.0 -3.0 -4.0 -1.0 0.0 -1.0 -1.0 -2.0 -1.0 -3.0 -4.0 -4.0 -1.0 -4.0 0.0 -2.0 -3.0 -4.0 0.0 -1.0 -2.0 -1.0 0.0 -2.0 -1.0 -3.0 -2.0 -2.0 0.0 -3.0 -2.0 0.0 -1.0 -1.0 -3.0 -1.0 -2.0 -3.0 -2.0 
0.0 -1.0 -3.0 -3.0 0.0 -4.0 -1.0 0.0 -2.0 -3.0 -1.0 -4.0 0.0 -4.0 -1.0 -2.0 -4.0 -2.0 -1.0 -2.0 -2.0 -3.0 -1.0 -4.0 -3.0 -1.0 0.0 -1.0 -1.0 -4.0 -2.0 224.0 0.0 -2.0 -4.0 -2.0 -1.0 -2.0 -4.0 -3.0 -3.0 -1.0 -4.0 -2.0 -2.0 0.0 0.0 -1.0 0.0 0.0 -4.0 -4.0 -3.0 -3.0 -3.0 -2.0 -1.0 -1.0 -4.0 -4.0 0.0 -4.0 -4.0 -2.0 -1.0 -1.0 -3.0 -4.0 0.0 -1.0 -3.0 -4.0 -2.0 0.0 -2.0 -3.0 -2.0 -3.0 -1.0 0.0 -2.0 0.0 -1.0 -2.0 -1.0 -1.0 -1.0 -1.0 -4.0 0.0 -3.0 -4.0 -3.0 -3.0 -1.0 -1.0 -2.0 -2.0 -1.0 -4.0 0.0 -2.0 -1.0 -1.0 -1.0 0.0 -4.0 -1.0 -3.0 -2.0 -4.0 0.0 -3.0 -4.0 -1.0 
-3.0 -1.0 -1.0 -4.0 -3.0 -4.0 -2.0 0.0 -3.0 -2.0 0.0 -4.0 -3.0 -3.0 -4.0 0.0 0.0 -3.0 -3.0 -3.0 -4.0 0.0 -1.0 -3.0 -1.0 -3.0 -4.0 0.0 -3.0 -4.0 0.0 -2.0 242.0 -3.0 -4.0 -2.0 0.0 0.0 0.0 -3.0 -4.0 -2.0 -4.0 -1.0 -4.0 0.0 -3.0 -4.0 0.0 -1.0 0.0 -4.0 -3.0 0.0 -2.0 -3.0 -1.0 -2.0 -1.0 -1.0 -4.0 -2.0 -1.0 -3.0 -4.0 -4.0 -3.0 0.0 -4.0 -3.0 -4.0 -1.0 0.0 -1.0 -4.0 0.0 -3.0 -1.0 -2.0 0.0 0.0 -4.0 -3.0 0.0 -2.0 -2.0 -3.0 0.0 -3.0 -4.0 -3.0 -2.0 -4.0 -1.0 -1.0 -3.0 -4.0 0.0 0.0 -3.0 0.0 -3.0 -3.0 -3.0 -4.0 -3.0 -2.0 -1.0 -4.0 -1.0 -2.0 0.0 -2.0 -1.0 -4.0 
-2.0 -2.0 -4.0 -1.0 -2.0 -4.0 -3.0 -3.0 0.0 -2.0 0.0 -2.0 0.0 -3.0 -3.0 -4.0 -2.0 -2.0 -1.0 0.0 -2.0 -3.0 -4.0 -3.0 -4.0 -1.0 -4.0 0.0 -4.0 -2.0 -1.0 0.0 -3.0 239.0 -1.0 -4.0 -2.0 0.0 0.0 0.0 -3.0 0.0 -3.0 -4.0 -3.0 -1.0 -4.0 -1.0 -1.0 -2.0 -1.0 -2.0 -3.0 -2.0 -2.0 -4.0 -1.0 -3.0 -3.0 -4.0 0.0 -3.0 -1.0 0.0 -3.0 0.0 -2.0 -3.0 -4.0 -3.0 -1.0 -4.0 -3.0 -3.0 -1.0 -4.0 -3.0 -3.0 -2.0 -4.0 -4.0 -3.0 0.0 -4.0 -2.0 0.0 -4.0 0.0 -2.0 -2.0 -1.0 -2.0 -2.0 -2.0 -2.0 -3.0 -2.0 -3.0 0.0 -2.0 -3.0 0.0 -3.0 -2.0 0.0 -1.0 -2.0 0.0 -4.0 0.0 -2.0 -2.0 -3.0 -1.0 -4.0 
-2.0 -1.0 -1.0 -2.0 -4.0 -4.0 -3.0 -4.0 -1.0 -2.0 -3.0 -2.0 -3.0 0.0 -3.0 -1.0 -2.0 -3.0 -3.0 -2.0 -1.0 -4.0 -2.0 -3.0 -4.0 -1.0 -1.0 -1.0 -2.0 -3.0 -3.0 0.0 -1.0 -2.0 245.0 0.0 -3.0 -4.0 -1.0 -3.0 -2.0 -2.0 -2.0 -2.0 0.0 -1.0 -3.0 -2.0 -4.0 0.0 -2.0 -3.0 0.0 0.0 -4.0 0.0 -4.0 -2.0 -2.0 -2.0 -2.0 -4.0 -3.0 0.0 -4.0 -2.0 0.0 -2.0 -2.0 -2.0 -3.0 -2.0 -3.0 -3.0 -4.0 -3.0 -4.0 -1.0 -4.0 -1.0 -4.0 0.0 0.0 -2.0 -1.0 -4.0 -1.0 -3.0 -3.0 -3.0 -1.0 -1.0 -1.0 0.0 -3.0 -4.0 -4.0 -1.0 -2.0 -1.0 -3.0 -2.0 -2.0 -1.0 -4.0 -4.0 0.0 -4.0 -1.0 -4.0 -3.0 -4.0 0.0 -2.0 -1.0 
-4.0 -2.0 0.0 -1.0 -1.0 0.0 0.0 -1.0 -2.0 0.0 -4.0 -1.0 0.0 -3.0 -4.0 -2.0 -2.0 -4.0 -4.0 -4.0 0.0 0.0 -1.0 -2.0 -3.0 -3.0 -2.0 -1.0 -3.0 0.0 -4.0 -2.0 -4.0 -3.0 -1.0 218.0 -1.0 -3.0 -2.0 -1.0 -4.0 -2.0 -3.0 -1.0 -2.0 -1.0 -1.0 -2.0 -4.0 -4.0 -4.0 -4.0 -3.0 -1.0 0.0 0.0 0.0 0.0 -4.0 -2.0 -2.0 0.0 0.0 -1.0 -2.0 -3.0 -2.0 -2.0 -4.0 -4.0 -3.0 -1.0 -1.0 -2.0 -2.0 -3.0 -1.0 -3.0 -2.0 -3.0 0.0 -3.0 -2.0 -1.0 -3.0 -3.0 -3.0 0.0 0.0 0.0 -2.0 -3.0 -2.0 -1.0 -2.0 -2.0 -2.0 -4.0 -3.0 -2.0 0.0 -4.0 -3.0 0.0 -3.0 0.0 -3.0 -1.0 0.0 -2.0 -2.0 0.0 -1.0 -3.0 0.0 
-1.0 -4.0 -2.0 -1.0 0.0 -1.0 -2.0 -2.0 0.0 -3.0 -3.0 -1.0 -2.0 -2.0 -4.0 -4.0 -3.0 -3.0 0.0 -3.0 0.0 0.0 0.0 0.0 -3.0 -4.0 -1.0 -1.0 -4.0 -2.0 -4.0 -2.0 -2.0 0.0 -4.0 -3.0 217.0 0.0 -3.0 -3.0 -1.0 0.0 0.0 0.0 -1.0 -2.0 -2.0 -4.0 -4.0 -4.0 -1.0 -1.0 -3.0 -2.0 0.0 -1.0 0.0 0.0 -2.0 -3.0 0.0 -4.0 0.0 -2.0 -2.0 0.0 0.0 0.0 -3.0 -1.0 -2.0 -4.0 -2.0 -2.0 0.0 -2.0 -3.0 -3.0 -1.0 0.0 -1.0 -1.0 -1.0 -4.0 0.0 -4.0 -4.0 0.0 -4.0 -4.0 -4.0 -4.0 -2.0 -1.0 -2.0 -3.0 -1.0 -1.0 -2.0 -3.0 -1.0 -1.0 -3.0 -4.0 -3.0 -2.0 -1.0 -3.0 -4.0 -1.0 -2.0 0.0 -4.0 -3.0 0.0 
-3.0 -4.0 -3.0 -4.0 -3.0 -1.0 -1.0 -3.0 0.0 -1.0 -2.0 0.0 -3.0 -4.0 0.0 -4.0 -2.0 -2.0 -2.0 -2.0 -1.0 -1.0 0.0 -3.0 -3.0 -3.0 -1.0 0.0 -2.0 -2.0 -2.0 -3.0 -1.0 0.0 -1.0 -4.0 -2.0 237.0 -1.0 -3.0 -2.0 -3.0 -4.0 0.0 0.0 -2.0 -3.0 -4.0 -2.0 0.0 -4.0 -1.0 -4.0 -4.0 -4.0 -4.0 -1.0 -1.0 -2.0 -2.0 -3.0 -4.0 -2.0 -1.0 -3.0 -4.0 -3.0 -4.0 -4.0 0.0 -2.0 0.0 -1.0 -1.0 -2.0 -4.0 -4.0 -4.0 -3.0 -4.0 0.0 0.0 -3.0 -1.0 -2.0 -1.0 -1.0 -2.0 -2.0 -1.0 0.0 -4.0 -3.0 -1.0 0.0 -2.0 0.0 -1.0 -3.0 -3.0 -1.0 -4.0 0.0 -4.0 -4.0 -3.0 -2.0 0.0 -1.0 -4.0 0.0 0.0 -2.0 -4.0 -1.0 
-4.0 -2.0 -2.0 0.0 -3.0 -4.0 -2.0 -3.0 -1.0 0.0 -3.0 -4.0 0.0 -3.0 -4.0 0.0 0.0 -2.0 -2.0 -1.0 0.0 -4.0 -3.0 0.0 0.0 0.0 -3.0 -1.0 0.0 -3.0 -4.0 -2.0 -3.0 0.0 -4.0 0.0 -4.0 -4.0 216.0 0.0 -1.0 -2.0 0.0 -4.0 -4.0 -2.0 0.0 -2.0 -3.0 -2.0 -3.0 0.0 -4.0 0.0 0.0 -1.0 0.0 0.0 -1.0 -1.0 -1.0 -3.0 -1.0 0.0 -2.0 -1.0 -1.0 -1.0 0.0 -2.0 -1.0 -1.0 -3.0 -4.0 -3.0 -2.0 -3.0 0.0 -2.0 -3.0 -1.0 -3.0 -2.0 -3.0 -3.0 -3.0 0.0 -2.0 -3.0 -4.0 -2.0 -4.0 -2.0 -1.0 -1.0 -4.0 -3.0 -2.0 -1.0 -2.0 -3.0 0.0 -4.0 0.0 -4.0 -4.0 0.0 -1.0 -2.0 -2.0 -3.0 -1.0 -3.0 0.0 -4.0 
-3.0 -1.0 -3.0 -4.0 -2.0 -3.0 -3.0 -3.0 -1.0 0.0 -3.0 -3.0 -2.0 0.0 0.0 0.0 -2.0 -2.0 -2.0 -1.0 -2.0 0.0 0.0 -3.0 -2.0 -2.0 -2.0 0.0 -4.0 -2.0 -1.0 -3.0 -4.0 -4.0 -2.0 -1.0 -4.0 -1.0 0.0 222.0 -4.0 -4.0 -3.0 -1.0 -1.0 -2.0 0.0 -4.0 -3.0 -2.0 -3.0 -1.0 0.0 -4.0 -2.0 0.0 -3.0 -1.0 -1.0 0.0 -2.0 -3.0 -1.0 0.0 -4.0 -1.0 -2.0 -3.0 -3.0 -3.0 0.0 -2.0 -1.0 -1.0 -1.0 0.0 -1.0 -4.0 -4.0 -4.0 0.0 0.0 -2.0 -1.0 -4.0 -2.0 -4.0 0.0 -4.0 -3.0 -2.0 -1.0 0.0 -2.0 -4.0 -4.0 -3.0 -4.0 0.0 -1.0 -1.0 0.0 0.0 -1.0 -4.0 -2.0 -1.0 -4.0 -3.0 -1.0 -4.0 -1.0 -1.0 -2.0 -2.0 
-4.0 -4.0 -3.0 0.0 -4.0 -2.0 -4.0 0.0 -4.0 -2.0 -4.0 -1.0 -2.0 0.0 -3.0 -2.0 -4.0 -2.0 -4.0 0.0 0.0 -2.0 -1.0 -1.0 -2.0 0.0 -3.0 0.0 -2.0 -1.0 0.0 -4.0 -3.0 -3.0 -1.0 -4.0 -2.0 -2.0 -3.0 -2.0 214.0 -2.0 -2.0 -3.0 -1.0 0.0 0.0 -4.0 0.0 -3.0 -1.0 -2.0 -2.0 -4.0 -4.0 -3.0 -3.0 -4.0 -3.0 0.0 -1.0 -4.0 0.0 -3.0 0.0 0.0 -1.0 -1.0 0.0 -4.0 -4.0 -2.0 -1.0 -4.0 -4.0 0.0 -2.0 -1.0 0.0 -2.0 -3.0 0.0 -2.0 -2.0 0.0 0.0 0.0 0.0 -2.0 -3.0 -1.0 -1.0 -1.0 -4.0 -3.0 -2.0 0.0 -3.0 0.0 -2.0 0.0 0.0 -3.0 -2.0 -2.0 -4.0 -1.0 -3.0 0.0 0.0 -3.0 -1.0 -2.0 -2.0 -2.0 
-4.0 -2.0 -4.0 -1.0 -3.0 -2.0 -4.0 0.0 -1.0 -2.0 -4.0 -4.0 -4.0 -4.0 -1.0 -4.0 -1.0 -4.0 -2.0 -4.0 -4.0 -1.0 -3.0 -1.0 -2.0 -1.0 -3.0 -4.0 -4.0 -2.0 -2.0 -2.0 -1.0 -3.0 -2.0 -3.0 -3.0 -3.0 -1.0 -2.0 -2.0 242.0 -3.0 -1.0 -2.0 -4.0 -3.0 -3.0 0.0 -1.0 0.0 -3.0 -4.0 -2.0 0.0 0.0 -2.0 -3.0 -3.0 -3.0 0.0 -3.0 -3.0 -4.0 0.0 0.0 -3.0 -1.0 -4.0 0.0 -4.0 -2.0 -2.0 0.0 -3.0 -3.0 -1.0 0.0 0.0 -4.0 -4.0 -1.0 -1.0 -2.0 -4.0 -2.0 -4.0 -4.0 -2.0 -1.0 -3.0 0.0 -1.0 0.0 -4.0 -4.0 0.0 0.0 -2.0 0.0 -4.0 -4.0 -2.0 0.0 0.0 -2.0 -3.0 -2.0 0.0 -2.0 -2.0 0.0 -4.0 0.0 0.0 
-3.0 -1.0 -1.0 -2.0 -3.0 -3.0 -1.0 -2.0 -4.0 -4.0 -3.0 -4.0 -3.0 -1.0 -4.0 0.0 0.0 0.0 -3.0 -2.0 0.0 -3.0 -3.0 -2.0 -2.0 0.0 -1.0 -2.0 -2.0 -4.0 -2.0 0.0 -4.0 0.0 -1.0 0.0 -1.0 0.0 -4.0 -1.0 -2.0 -3.0 202.0 -1.0 -2.0 -4.0 -3.0 0.0 0.0 -3.0 -2.0 0.0 -2.0 -1.0 0.0 0.0 -4.0 -1.0 -1.0 -3.0 -2.0 -1.0 -3.0 -4.0 -3.0 -2.0 -3.0 -3.0 -4.0 0.0 -4.0 -1.0 -1.0 -1.0 -1.0 0.0 -1.0 -3.0 0.0 -3.0 0.0 -2.0 -3.0 -1.0 0.0 -3.0 -1.0 -1.0 -1.0 0.0 -1.0 -4.0 0.0 -1.0 -2.0 -2.0 -1.0 0.0 0.0 -3.0 -1.0 -3.0 0.0 -1.0 -4.0 -1.0 -3.0 -1.0 0.0 -2.0 0.0 -4.0 -3.0 -2.0 -3.0 
-4.0 -2.0 -4.0 -2.0 0.0 -3.0 0.0 -3.0 -3.0 -2.0 -4.0 -1.0 -3.0 0.0 -1.0 0.0 -3.0 -3.0 -4.0 -1.0 -4.0 -3.0 -4.0 0.0 -2.0 -3.0 0.0 -3.0 0.0 -3.0 -2.0 -4.0 -2.0 0.0 -1.0 -3.0 0.0 -2.0 -2.0 -1.0 -1.0 -4.0 -4.0 230.0 -4.0 -2.0 -2.0 -4.0 0.0 -4.0 -4.0 0.0 -2.0 -2.0 -2.0 -3.0 -3.0 0.0 -2.0 -4.0 -4.0 -4.0 -2.0 -1.0 0.0 0.0 -4.0 -1.0 0.0 -1.0 -3.0 -1.0 -1.0 -2.0 -4.0 -2.0 -1.0 -3.0 -2.0 -3.0 -3.0 -2.0 -3.0 -2.0 -1.0 -4.0 -3.0 -3.0 -2.0 -3.0 -4.0 0.0 -2.0 0.0 0.0 -1.0 -1.0 -4.0 0.0 0.0 0.0 -3.0 -1.0 -4.0 -3.0 -2.0 -2.0 -3.0 0.0 -1.0 -1.0 -2.0 0.0 -1.0 -1.0 
-2.0 -4.0 -1.0 -4.0 0.0 -3.0 -2.0 -3.0 0.0 0.0 -3.0 -3.0 -1.0 -4.0 -1.0 0.0 -3.0 -3.0 -1.0 -2.0 0.0 -1.0 0.0 -1.0 -2.0 -4.0 0.0 -1.0 -1.0 -2.0 -4.0 -1.0 -2.0 -1.0 -1.0 0.0 -1.0 0.0 -3.0 0.0 0.0 0.0 -3.0 -4.0 205.0 -3.0 0.0 -2.0 -4.0 -3.0 -3.0 -4.0 -4.0 -2.0 0.0 -4.0 -3.0 -2.0 -1.0 -4.0 -3.0 -3.0 -1.0 -3.0 -2.0 0.0 0.0 -1.0 -2.0 -4.0 0.0 0.0 -1.0 -1.0 -2.0 -1.0 -2.0 -3.0 -2.0 0.0 -1.0 -1.0 -2.0 0.0 -4.0 -1.0 -3.0 -2.0 -1.0 -1.0 0.0 0.0 -1.0 0.0 -3.0 -2.0 -2.0 0.0 0.0 -4.0 -4.0 0.0 0.0 -4.0 -3.0 0.0 -4.0 -3.0 -3.0 -3.0 -2.0 -4.0 -4.0 0.0 -1.0 
-3.0 -1.0 -2.0 -3.0 -4.0 -1.0 -2.0 -2.0 0.0 0.0 -2.0 -4.0 -4.0 -3.0 -2.0 -2.0 -3.0 -2.0 -1.0 -2.0 -1.0 0.0 -4.0 -1.0 -1.0 -4.0 -2.0 -1.0 -2.0 -4.0 -3.0 -2.0 -3.0 -1.0 -2.0 -4.0 -2.0 -4.0 0.0 -4.0 -3.0 -4.0 -3.0 -4.0 0.0 228.0 0.0 -2.0 -4.0 -2.0 -2.0 0.0 -3.0 0.0 -4.0 0.0 -4.0 0.0 0.0 -4.0 -2.0 -1.0 0.0 0.0 0.0 -2.0 -1.0 0.0 -1.0 0.0 -2.0 0.0 -2.0 0.0 -2.0 -2.0 -3.0 -2.0 0.0 -2.0 -3.0 -1.0 -2.0 -1.0 -3.0 0.0 -2.0 -3.0 -3.0 -4.0 -1.0 -1.0 -1.0 0.0 -1.0 -4.0 -3.0 -2.0 -3.0 -1.0 -3.0 -1.0 -3.0 -3.0 -4.0 -3.0 0.0 -4.0 -4.0 -4.0 -3.0 -1.0 -3.0 0.0 -4.0 
-3.0 0.0 -1.0 0.0 -4.0 -3.0 -3.0 0.0 -4.0 -2.0 -1.0 -2.0 -3.0 -4.0 -2.0 -4.0 0.0 -1.0 -1.0 -3.0 -3.0 -4.0 -1.0 -3.0 -4.0 -1.0 -1.0 -2.0 -3.0 0.0 -2.0 -3.0 0.0 -4.0 0.0 0.0 -4.0 -4.0 -4.0 -2.0 0.0 -3.0 -1.0 -2.0 -3.0 -3.0 230.0 -4.0 -3.0 -4.0 -3.0 0.0 0.0 -1.0 -3.0 -2.0 -2.0 -1.0 -2.0 -3.0 -1.0 -1.0 -2.0 -1.0 0.0 0.0 -3.0 -2.0 -3.0 -4.0 -2.0 -3.0 -2.0 -2.0 -1.0 -4.0 -2.0 -2.0 -3.0 0.0 -1.0 0.0 -1.0 -3.0 -4.0 0.0 -1.0 -4.0 -3.0 -4.0 -2.0 -3.0 0.0 -2.0 -2.0 -2.0 -2.0 -4.0 0.0 0.0 -4.0 -4.0 -4.0 -3.0 -1.0 -1.0 0.0 -2.0 -1.0 0.0 0.0 0.0 -4.0 0.0 -4.0 
-1.0 -2.0 -3.0 -4.0 -4.0 -4.0 -4.0 -4.0 0.0 0.0 -3.0 -1.0 -4.0 -3.0 -1.0 -1.0 -4.0 -1.0 -3.0 -4.0 0.0 -4.0 0.0 -4.0 -1.0 -4.0 -1.0 -1.0 -3.0 -1.0 -4.0 0.0 -4.0 -2.0 -4.0 -4.0 0.0 -2.0 -4.0 -4.0 -2.0 0.0 -3.0 0.0 -3.0 -4.0 -2.0 247.0 -3.0 -3.0 0.0 -3.0 -3.0 -4.0 -3.0 0.0 0.0 -2.0 0.0 -2.0 -1.0 -3.0 -4.0 -3.0 -4.0 0.0 -1.0 -1.0 -3.0 -3.0 -2.0 -3.0 -3.0 -2.0 0.0 0.0 -1.0 -4.0 -4.0 -2.0 -2.0 0.0 -2.0 0.0 -2.0 0.0 0.0 -2.0 -3.0 -4.0 -2.0 -3.0 -1.0 -2.0 0.0 -2.0 -4.0 -4.0 -1.0 0.0 -1.0 -4.0 -4.0 -1.0 -1.0 -4.0 -2.0 -1.0 -4.0 0.0 -3.0 -3.0 -1.0 -3.0 -2.0 
-4.0 -4.0 -4.0 -3.0 0.0 -2.0 -3.0 -3.0 0.0 -4.0 -4.0 -4.0 -4.0 0.0 -4.0 -3.0 -1.0 -2.0 -1.0 -4.0 -2.0 -2.0 -1.0 -4.0 -4.0 -2.0 -4.0 0.0 -4.0 -1.0 -4.0 -1.0 0.0 -4.0 -4.0 -1.0 0.0 -3.0 -4.0 -2.0 0.0 -1.0 -4.0 -4.0 -3.0 -2.0 -3.0 -1.0 259.0 -4.0 -4.0 -2.0 0.0 -1.0 -1.0 -3.0 0.0 -1.0 -2.0 0.0 -4.0 -1.0 -2.0 0.0 0.0 0.0 -4.0 -3.0 -3.0 0.0 -3.0 -4.0 -3.0 -3.0 -4.0 -3.0 -3.0 -1.0 -4.0 -2.0 -4.0 -1.0 -3.0 -1.0 -2.0 -2.0 -3.0 -3.0 -4.0 -4.0 -3.0 -1.0 0.0 -2.0 -2.0 -1.0 -3.0 -2.0 -4.0 -4.0 0.0 0.0 -2.0 -4.0 0.0 -1.0 -4.0 -4.0 0.0 -1.0 0.0 -4.0 -4.0 -2.0 0.0 
0.0 -4.0 -3.0 -1.0 -2.0 -4.0 -2.0 -4.0 -4.0 0.0 0.0 -3.0 -2.0 -3.0 -1.0 -4.0 -1.0 -4.0 0.0 0.0 -1.0 -1.0 -4.0 -3.0 0.0 -3.0 -4.0 -3.0 -2.0 0.0 0.0 -4.0 -1.0 -2.0 -4.0 0.0 -3.0 -4.0 -2.0 -3.0 -4.0 -4.0 -4.0 -1.0 0.0 -4.0 -2.0 -4.0 -3.0 244.0 -4.0 -3.0 -3.0 -1.0 0.0 0.0 -2.0 -1.0 -1.0 -4.0 -1.0 -4.0 -1.0 -2.0 -4.0 -4.0 -4.0 0.0 -1.0 -1.0 -3.0 -1.0 -4.0 -4.0 0.0 0.0 -1.0 0.0 0.0 -4.0 -2.0 -4.0 -2.0 -1.0 -1.0 -3.0 -2.0 -1.0 -3.0 0.0 -2.0 0.0 0.0 -4.0 -3.0 -3.0 -2.0 -3.0 -4.0 -2.0 0.0 -3.0 -1.0 -1.0 -4.0 -2.0 -1.0 -3.0 0.0 -3.0 -2.0 -4.0 -4.0 -4.0 0.0 
-4.0 -2.0 -3.0 -3.0 -1.0 -3.0 -4.0 0.0 -1.0 0.0 -1.0 -3.0 -1.0 -2.0 -2.0 -4.0 0.0 -1.0 -2.0 -2.0 -3.0 0.0 -1.0 -3.0 0.0 -1.0 0.0 0.0 0.0 0.0 -1.0 0.0 0.0 -4.0 -1.0 -2.0 -2.0 0.0 -4.0 0.0 -4.0 -2.0 0.0 -4.0 -2.0 -3.0 -3.0 0.0 -2.0 -3.0 227.0 -1.0 -1.0 -1.0 -3.0 0.0 -2.0 -4.0 0.0 -2.0 -1.0 -2.0 -2.0 -4.0 -1.0 -4.0 -1.0 -4.0 -3.0 -4.0 -2.0 -3.0 -2.0 -1.0 -1.0 -2.0 0.0 0.0 0.0 -4.0 -4.0 -1.0 -4.0 -4.0 -1.0 -2.0 -4.0 -4.0 -4.0 0.0 -3.0 -1.0 -4.0 -1.0 -2.0 -4.0 -2.0 -3.0 -4.0 -1.0 -1.0 -1.0 -2.0 -4.0 -3.0 -3.0 0.0 -3.0 -2.0 -3.0 -3.0 -2.0 -1.0 -3.0 -4.0 
-1.0 -2.0 -3.0 -2.0 0.0 0.0 -1.0 -1.0 -4.0 -2.0 -3.0 -4.0 -1.0 -4.0 0.0 -1.0 -2.0 -2.0 -1.0 0.0 -4.0 -4.0 -1.0 -4.0 0.0 -1.0 -4.0 -2.0 -3.0 -1.0 -3.0 -3.0 0.0 -3.0 -2.0 0.0 -3.0 0.0 -1.0 -2.0 -4.0 -1.0 -1.0 -2.0 0.0 -3.0 -4.0 -4.0 -3.0 -2.0 -4.0 248.0 -2.0 -2.0 -4.0 -2.0 -2.0 -4.0 -4.0 0.0 -4.0 -2.0 0.0 -2.0 -3.0 -3.0 -2.0 0.0 -1.0 -3.0 0.0 -4.0 -4.0 -1.0 -3.0 -3.0 -4.0 -3.0 -3.0 0.0 -2.0 -1.0 -3.0 -4.0 -4.0 -4.0 -3.0 -4.0 0.0 -2.0 -3.0 -4.0 -2.0 -3.0 -1.0 -4.0 -3.0 0.0 0.0 -1.0 -3.0 -4.0 -2.0 -1.0 -1.0 -2.0 -2.0 -2.0 -4.0 -1.0 -1.0 -3.0 0.0 -3.0 -3.0 
-3.0 -2.0 -4.0 -4.0 -2.0 -1.0 -3.0 -3.0 -3.0 -3.0 -2.0 -3.0 -3.0 -3.0 0.0 -4.0 0.0 -2.0 -4.0 -2.0 0.0 -2.0 -4.0 -2.0 -3.0 -1.0 -3.0 -2.0 0.0 -4.0 -3.0 -1.0 -2.0 -3.0 -4.0 -4.0 -1.0 0.0 0.0 -2.0 -2.0 -3.0 0.0 -4.0 -2.0 -4.0 -2.0 -3.0 0.0 -1.0 -1.0 -1.0 243.0 0.0 -1.0 -2.0 -4.0 -2.0 0.0 -3.0 -2.0 -1.0 -2.0 -1.0 -1.0 -2.0 -2.0 -2.0 -4.0 -3.0 -3.0 -4.0 -1.0 -4.0 -4.0 -3.0 -4.0 0.0 -1.0 -2.0 -4.0 -2.0 -4.0 0.0 0.0 -2.0 -2.0 -1.0 -3.0 0.0 0.0 -4.0 0.0 -4.0 -4.0 -1.0 -1.0 -4.0 -1.0 0.0 -3.0 -2.0 0.0 0.0 -4.0 -3.0 -3.0 0.0 -4.0 -4.0 -4.0 0.0 0.0 -4.0 -2.0 
0.0 -3.0 -2.0 0.0 -1.0 -3.0 -4.0 -1.0 -4.0 -2.0 -2.0 -2.0 -4.0 -4.0 -1.0 -4.0 -4.0 0.0 -2.0 -3.0 -4.0 -3.0 0.0 -2.0 0.0 -4.0 0.0 -1.0 -2.0 -4.0 -2.0 -4.0 -3.0 0.0 -2.0 -3.0 -2.0 -2.0 -2.0 -2.0 -4.0 0.0 -3.0 -1.0 -4.0 -1.0 -1.0 -3.0 -3.0 -2.0 -4.0 -4.0 -1.0 252.0 -2.0 -4.0 -4.0 -4.0 -4.0 -4.0 0.0 -2.0 -3.0 -1.0 -3.0 0.0 -4.0 -4.0 -3.0 0.0 -4.0 -4.0 -1.0 -3.0 0.0 -2.0 0.0 -3.0 -2.0 -2.0 -1.0 0.0 -3.0 -2.0 -4.0 -3.0 -1.0 -2.0 -3.0 -2.0 -2.0 -2.0 -1.0 -3.0 -2.0 -3.0 -1.0 -4.0 -2.0 -1.0 -1.0 -2.0 -3.0 -2.0 -2.0 -4.0 -1.0 -3.0 -3.0 0.0 -1.0 -2.0 -1.0 0.0 -3.0 
0.0 -3.0 -3.0 -2.0 -2.0 -3.0 -4.0 -2.0 -1.0 -3.0 0.0 0.0 -2.0 0.0 -1.0 -4.0 -1.0 -2.0 0.0 -2.0 -1.0 0.0 0.0 -4.0 -2.0 -1.0 -2.0 -4.0 0.0 -4.0 0.0 -2.0 0.0 0.0 -3.0 -1.0 -3.0 0.0 -1.0 -2.0 -4.0 -3.0 0.0 -3.0 -4.0 -2.0 -2.0 -1.0 -3.0 -1.0 -1.0 -3.0 -4.0 -1.0 230.0 -4.0 0.0 0.0 -4.0 -3.0 -2.0 -4.0 0.0 -3.0 -3.0 -4.0 -1.0 -2.0 -4.0 0.0 -2.0 -4.0 0.0 -4.0 -4.0 -4.0 -3.0 0.0 -1.0 -4.0 -1.0 -1.0 -4.0 -4.0 -1.0 -2.0 -4.0 0.0 -1.0 -4.0 -4.0 0.0 -4.0 -2.0 -1.0 -4.0 -1.0 -2.0 -4.0 -4.0 -1.0 0.0 -3.0 -2.0 -2.0 -2.0 -1.0 -2.0 -1.0 -1.0 -2.0 -3.0 -4.0 0.0 -1.0 
-1.0 0.0 0.0 -4.0 -3.0 -3.0 -3.0 -3.0 -3.0 -3.0 -1.0 -1.0 -2.0 -2.0 -2.0 -3.0 -4.0 -4.0 0.0 -4.0 -1.0 -4.0 0.0 -3.0 0.0 -4.0 -2.0 0.0 -4.0 -2.0 -3.0 -3.0 -2.0 0.0 -3.0 -2.0 -3.0 -2.0 -4.0 0.0 -1.0 0.0 -4.0 -1.0 -2.0 -1.0 -2.0 -2.0 0.0 -4.0 0.0 -2.0 -2.0 -4.0 -1.0 224.0 -2.0 -3.0 -3.0 -1.0 -1.0 0.0 0.0 -3.0 -2.0 -2.0 -2.0 0.0 -2.0 0.0 0.0 -4.0 -3.0 -3.0 -2.0 -3.0 -4.0 -4.0 -2.0 -4.0 -2.0 -2.0 -3.0 -4.0 -4.0 -4.0 0.0 -3.0 0.0 -3.0 -1.0 -4.0 -1.0 -2.0 0.0 -4.0 -1.0 -1.0 -4.0 0.0 0.0 -1.0 -3.0 -3.0 0.0 -1.0 0.0 -3.0 0.0 -1.0 -2.0 0.0 0.0 -3.0 0.0 
-2.0 -3.0 -1.0 0.0 0.0 0.0 -3.0 -3.0 -1.0 -4.0 0.0 -2.0 -2.0 -4.0 -2.0 -3.0 -4.0 0.0 -4.0 -2.0 -1.0 -2.0 0.0 -4.0 -3.0 0.0 -4.0 0.0 -2.0 -3.0 0.0 -4.0 0.0 -3.0 -3.0 -1.0 -1.0 -4.0 -1.0 -1.0 -4.0 0.0 -1.0 -4.0 -4.0 0.0 -3.0 -3.0 -3.0 -4.0 -3.0 -1.0 0.0 -3.0 -2.0 -1.0 220.0 0.0 -2.0 -1.0 -3.0 0.0 -2.0 -1.0 -1.0 -2.0 -4.0 -1.0 -1.0 -3.0 -1.0 -1.0 -4.0 -4.0 -2.0 -3.0 -1.0 -2.0 -4.0 -3.0 -1.0 0.0 -2.0 0.0 -1.0 -1.0 -1.0 -3.0 0.0 0.0 -4.0 0.0 -2.0 -3.0 -2.0 -4.0 -3.0 0.0 -3.0 -1.0 -1.0 -2.0 -4.0 -1.0 -2.0 -1.0 -3.0 0.0 -4.0 -3.0 -1.0 -3.0 -1.0 -3.0 -1.0 
-3.0 0.0 -2.0 -2.0 -4.0 0.0 0.0 -1.0 -1.0 0.0 -4.0 -2.0 0.0 -4.0 -2.0 -4.0 0.0 -4.0 -2.0 0.0 -3.0 -2.0 -4.0 -1.0 -3.0 -1.0 0.0 0.0 -4.0 -3.0 -2.0 -1.0 -4.0 -3.0 -1.0 0.0 -1.0 -1.0 -4.0 0.0 -4.0 -1.0 -3.0 -4.0 -2.0 -1.0 0.0 -2.0 -4.0 -4.0 -1.0 0.0 -4.0 -3.0 -4.0 -3.0 0.0 238.0 -1.0 -3.0 -4.0 -1.0 -3.0 -4.0 -1.0 -2.0 -1.0 0.0 -2.0 -1.0 -3.0 -2.0 -4.0 -3.0 0.0 -2.0 -3.0 -4.0 -2.0 -4.0 -3.0 -1.0 -2.0 -3.0 -1.0 0.0 -3.0 -4.0 -4.0 0.0 -1.0 -2.0 -3.0 -4.0 0.0 0.0 -1.0 -4.0 -3.0 -2.0 -4.0 -3.0 -1.0 -2.0 -3.0 -4.0 0.0 -2.0 -2.0 -2.0 -3.0 -4.0 -2.0 -1.0 -1.0 
-2.0 -1.0 -4.0 -4.0 -1.0 0.0 -1.0 -3.0 -1.0 0.0 -2.0 -2.0 -3.0 -1.0 0.0 -3.0 -3.0 0.0 0.0 0.0 -4.0 -2.0 -1.0 0.0 -1.0 -2.0 -2.0 -1.0 -3.0 -1.0 -4.0 0.0 -1.0 0.0 0.0 -4.0 0.0 0.0 -2.0 -3.0 -3.0 -3.0 0.0 -3.0 -4.0 -1.0 -2.0 -2.0 0.0 -1.0 -2.0 -4.0 -4.0 -3.0 -3.0 -4.0 -4.0 -1.0 226.0 -3.0 -1.0 0.0 -3.0 -2.0 0.0 -4.0 -3.0 0.0 -3.0 -4.0 -2.0 -4.0 -4.0 -1.0 -1.0 0.0 -3.0 -3.0 -2.0 -4.0 -3.0 0.0 0.0 -3.0 -2.0 -2.0 -2.0 -3.0 -4.0 0.0 0.0 0.0 0.0 -2.0 -1.0 -1.0 -3.0 -3.0 -4.0 -4.0 -4.0 -1.0 -2.0 -3.0 0.0 -4.0 -3.0 0.0 -3.0 -1.0 -4.0 -4.0 -2.0 -2.0 -3.0 
-1.0 -1.0 -4.0 -1.0 -2.0 -3.0 -1.0 -4.0 0.0 -2.0 -1.0 -2.0 -4.0 0.0 -4.0 0.0 0.0 -4.0 0.0 -4.0 -3.0 -4.0 -3.0 0.0 0.0 -4.0 -4.0 0.0 -1.0 -2.0 -2.0 -1.0 -2.0 -2.0 -1.0 -3.0 -1.0 -3.0 0.0 -2.0 -2.0 -3.0 0.0 0.0 -3.0 0.0 -4.0 -3.0 0.0 0.0 -3.0 -2.0 -4.0 -4.0 -4.0 -4.0 -4.0 -3.0 -4.0 234.0 -1.0 0.0 -3.0 0.0 -2.0 -4.0 -1.0 -4.0 -1.0 -1.0 -3.0 -2.0 -2.0 -3.0 -2.0 -3.0 0.0 -4.0 -4.0 -2.0 0.0 -1.0 -3.0 -3.0 -3.0 -4.0 -2.0 -1.0 -1.0 -3.0 0.0 -2.0 -4.0 -1.0 0.0 -2.0 -2.0 -3.0 -4.0 -2.0 -4.0 -1.0 0.0 0.0 -4.0 0.0 -1.0 -3.0 -2.0 -4.0 -3.0 -3.0 0.0 -3.0 0.0 
-1.0 -2.0 -3.0 -2.0 -1.0 -1.0 -4.0 0.0 -1.0 -1.0 -2.0 -2.0 -1.0 -4.0 -1.0 -3.0 0.0 -2.0 -2.0 -1.0 0.0 -1.0 0.0 -4.0 -1.0 -4.0 -1.0 -4.0 -4.0 -4.0 -4.0 -4.0 -1.0 -2.0 -3.0 -3.0 -3.0 -3.0 -2.0 -1.0 -1.0 -2.0 -1.0 -3.0 -2.0 -1.0 -3.0 -3.0 -3.0 -1.0 -1.0 -3.0 -3.0 -4.0 -3.0 -4.0 -2.0 -4.0 -1.0 -1.0 234.0 -4.0 -3.0 -2.0 -2.0 -1.0 -2.0 0.0 0.0 -1.0 0.0 -1.0 -4.0 -3.0 -2.0 -4.0 -1.0 -2.0 -1.0 -3.0 -1.0 -1.0 -3.0 -4.0 -3.0 -1.0 -4.0 0.0 -4.0 -4.0 -3.0 -2.0 -1.0 -4.0 -1.0 -3.0 -2.0 -1.0 0.0 -3.0 -2.0 -1.0 0.0 0.0 -2.0 -2.0 -1.0 0.0 -3.0 -1.0 -4.0 -3.0 -3.0 0.0 -2.0 
-2.0 -3.0 -1.0 0.0 -3.0 -4.0 -1.0 -3.0 -3.0 -4.0 0.0 -2.0 -3.0 -1.0 -3.0 -4.0 -2.0 -2.0 -2.0 -1.0 -4.0 0.0 -3.0 -4.0 -1.0 -2.0 -2.0 -3.0 -1.0 -2.0 -1.0 -3.0 -3.0 -3.0 -3.0 -2.0 -2.0 -2.0 -1.0 -1.0 -2.0 -2.0 0.0 -4.0 0.0 -1.0 -3.0 -3.0 -3.0 0.0 -3.0 -4.0 -1.0 -4.0 -2.0 -4.0 -2.0 0.0 0.0 -3.0 -3.0 240.0 -2.0 -1.0 0.0 -2.0 0.0 -4.0 0.0 -2.0 -1.0 -3.0 -4.0 -1.0 -3.0 0.0 -1.0 -4.0 -3.0 -3.0 -2.0 -3.0 -3.0 -4.0 -4.0 -3.0 -4.0 -2.0 -1.0 0.0 -4.0 -2.0 -2.0 -2.0 0.0 -3.0 0.0 -1.0 0.0 -4.0 -1.0 -3.0 -4.0 -2.0 -3.0 0.0 -2.0 -1.0 0.0 -2.0 -3.0 -1.0 -4.0 -3.0 -2.0 
-1.0 -4.0 0.0 -1.0 -3.0 0.0 -1.0 -1.0 -2.0 -2.0 -4.0 -2.0 -1.0 -3.0 -4.0 -2.0 -1.0 -2.0 -1.0 -1.0 -3.0 0.0 0.0 -2.0 0.0 -4.0 -1.0 -1.0 -1.0 -4.0 0.0 -3.0 -4.0 0.0 0.0 -4.0 -4.0 -2.0 -4.0 -2.0 0.0 -4.0 0.0 -2.0 -4.0 -4.0 -1.0 -3.0 -1.0 -1.0 -3.0 -1.0 -3.0 -1.0 -1.0 -3.0 -1.0 -1.0 -4.0 0.0 -2.0 -3.0 229.0 -1.0 -4.0 -2.0 0.0 -1.0 -4.0 0.0 -3.0 -3.0 -4.0 0.0 -2.0 -3.0 -3.0 -1.0 -3.0 -3.0 0.0 -2.0 -1.0 0.0 0.0 0.0 -3.0 0.0 0.0 -2.0 -3.0 0.0 -2.0 -1.0 -3.0 -1.0 -4.0 -4.0 -4.0 -4.0 -4.0 -3.0 -3.0 -1.0 -1.0 -4.0 -1.0 -3.0 -3.0 -3.0 -4.0 -4.0 -3.0 -2.0 -1.0 
0.0 -2.0 -4.0 -2.0 -1.0 -3.0 0.0 0.0 0.0 0.0 0.0 0.0 0.0 -2.0 -4.0 -4.0 -3.0 -3.0 -4.0 -1.0 -1.0 -3.0 -1.0 0.0 -3.0 0.0 -1.0 0.0 -1.0 -3.0 -1.0 -4.0 -1.0 -1.0 -4.0 -1.0 -1.0 -1.0 -2.0 -4.0 0.0 0.0 -3.0 -3.0 -1.0 -1.0 0.0 -2.0 -1.0 0.0 -3.0 -2.0 -1.0 -3.0 -3.0 -4.0 -3.0 0.0 0.0 0.0 0.0 -1.0 -1.0 196.0 -4.0 -1.0 0.0 -2.0 -3.0 -4.0 0.0 0.0 -2.0 0.0 -3.0 -4.0 -1.0 -3.0 -2.0 -3.0 -2.0 -2.0 -4.0 -3.0 0.0 0.0 -4.0 -1.0 -1.0 -3.0 -1.0 -3.0 -1.0 -3.0 -4.0 0.0 -4.0 -3.0 -2.0 0.0 -2.0 0.0 -4.0 -2.0 -3.0 0.0 -1.0 -2.0 0.0 -1.0 -3.0 -4.0 -2.0 -1.0 0.0 
-2.0 -3.0 -1.0 -2.0 -1.0 -2.0 -1.0 -4.0 -2.0 -3.0 -4.0 -2.0 -4.0 -3.0 -1.0 -1.0 -3.0 -3.0 -3.0 -4.0 0.0 -1.0 0.0 -1.0 -3.0 -2.0 0.0 0.0 -4.0 -3.0 0.0 -1.0 -4.0 -4.0 -4.0 -3.0 -4.0 0.0 -3.0 -4.0 -3.0 -2.0 -2.0 0.0 -1.0 -1.0 -2.0 -1.0 -1.0 -4.0 -2.0 -2.0 -4.0 -1.0 -2.0 0.0 0.0 0.0 0.0 -4.0 -1.0 -2.0 -4.0 0.0 224.0 0.0 -1.0 -2.0 -3.0 -3.0 -2.0 -4.0 -4.0 -4.0 0.0 -3.0 0.0 0.0 -4.0 -4.0 -1.0 -3.0 -2.0 -3.0 -2.0 -3.0 -1.0 0.0 -2.0 -4.0 -2.0 -1.0 0.0 0.0 0.0 -4.0 0.0 -1.0 -1.0 0.0 -2.0 0.0 -4.0 -4.0 -3.0 -2.0 -1.0 -2.0 -2.0 -1.0 -3.0 0.0 0.0 -3.0 -4.0 
-4.0 0.0 -2.0 -3.0 0.0 -2.0 -2.0 -2.0 -1.0 -3.0 0.0 -4.0 0.0 -2.0 -3.0 -2.0 0.0 -2.0 -3.0 -1.0 -3.0 -2.0 0.0 -3.0 0.0 -2.0 -1.0 -4.0 -3.0 -4.0 -2.0 0.0 0.0 -2.0 -4.0 -4.0 -3.0 -2.0 -1.0 -3.0 -3.0 0.0 -1.0 0.0 -2.0 -4.0 0.0 -4.0 -4.0 -1.0 -4.0 -2.0 -4.0 -4.0 -4.0 -2.0 -1.0 -4.0 0.0 0.0 -4.0 -3.0 -2.0 -2.0 -2.0 244.0 -4.0 -2.0 -4.0 -2.0 -4.0 -2.0 -3.0 -2.0 -2.0 -1.0 -3.0 -4.0 -3.0 0.0 -3.0 -2.0 0.0 -1.0 -3.0 -2.0 -3.0 -3.0 -2.0 -3.0 -4.0 -3.0 0.0 -4.0 -4.0 -1.0 -1.0 0.0 -3.0 -3.0 -4.0 -1.0 -3.0 -1.0 0.0 -4.0 -4.0 -2.0 0.0 -3.0 0.0 -1.0 -1.0 -3.0 0.0 
0.0 -1.0 0.0 0.0 -2.0 -4.0 -3.0 -2.0 -1.0 0.0 -1.0 0.0 -1.0 -2.0 -4.0 -1.0 -3.0 -3.0 0.0 -3.0 -2.0 -4.0 0.0 0.0 -3.0 -1.0 0.0 -3.0 -4.0 -4.0 -3.0 -1.0 -2.0 0.0 0.0 -2.0 -3.0 -1.0 -4.0 -2.0 -4.0 0.0 0.0 0.0 -2.0 -3.0 -4.0 -2.0 -2.0 -3.0 -1.0 -4.0 -3.0 0.0 -3.0 -3.0 -1.0 -1.0 -1.0 0.0 -1.0 -4.0 0.0 0.0 -4.0 -2.0 217.0 -1.0 -3.0 -1.0 -4.0 0.0 -2.0 -4.0 -2.0 -2.0 -4.0 -4.0 -4.0 -3.0 0.0 -2.0 -1.0 0.0 -2.0 0.0 -1.0 -3.0 -4.0 -4.0 0.0 0.0 -1.0 -2.0 -3.0 -1.0 0.0 -1.0 0.0 0.0 -3.0 -3.0 -2.0 -3.0 -3.0 -3.0 -4.0 -3.0 -3.0 -4.0 -1.0 -3.0 0.0 -4.0 -1.0 
-2.0 -4.0 -3.0 0.0 -1.0 0.0 -1.0 -4.0 -1.0 -4.0 -3.0 -2.0 0.0 -4.0 -4.0 0.0 -4.0 0.0 -2.0 -1.0 0.0 -3.0 -3.0 -4.0 -2.0 -1.0 -4.0 -1.0 -4.0 -3.0 -3.0 -4.0 -2.0 -2.0 -2.0 -4.0 -1.0 -3.0 -1.0 -4.0 -2.0 -4.0 -4.0 -1.0 0.0 -1.0 -3.0 0.0 0.0 -2.0 -3.0 0.0 -3.0 0.0 -1.0 -1.0 -3.0 -3.0 -2.0 -4.0 -1.0 -1.0 -1.0 -4.0 -3.0 -2.0 -3.0 250.0 -4.0 -2.0 -4.0 0.0 -2.0 -4.0 -4.0 -3.0 -1.0 -4.0 0.0 -2.0 -3.0 -3.0 -4.0 -3.0 -2.0 -3.0 -2.0 -3.0 -2.0 -2.0 0.0 -2.0 -3.0 0.0 -1.0 -3.0 -1.0 -4.0 -4.0 -2.0 -4.0 -4.0 0.0 0.0 -4.0 -1.0 -3.0 -4.0 -1.0 -3.0 -3.0 -2.0 0.0 -1.0 0.0 
-1.0 -3.0 -2.0 -3.0 -3.0 -3.0 0.0 -1.0 -1.0 -1.0 -4.0 -4.0 0.0 0.0 -1.0 -3.0 -2.0 -4.0 -4.0 -4.0 -4.0 0.0 -3.0 0.0 0.0 -3.0 0.0 -3.0 -3.0 -1.0 0.0 -2.0 0.0 -1.0 -2.0 -3.0 -2.0 -4.0 -3.0 0.0 -4.0 -4.0 -1.0 -4.0 -2.0 0.0 -3.0 -4.0 -1.0 -2.0 0.0 0.0 -4.0 -1.0 0.0 -1.0 -2.0 0.0 -3.0 -1.0 -1.0 0.0 -4.0 -4.0 0.0 0.0 -1.0 -1.0 211.0 -2.0 -3.0 -3.0 -3.0 -2.0 -4.0 -1.0 -1.0 -1.0 -1.0 0.0 -1.0 -1.0 -4.0 -2.0 -3.0 -2.0 0.0 -2.0 -1.0 -2.0 -4.0 0.0 0.0 -3.0 0.0 -3.0 0.0 -4.0 -2.0 0.0 -2.0 -2.0 -4.0 -4.0 -4.0 -2.0 -1.0 -1.0 0.0 0.0 -3.0 0.0 -4.0 0.0 -3.0 
0.0 -2.0 0.0 -2.0 0.0 0.0 -1.0 -1.0 -3.0 -1.0 0.0 -4.0 -2.0 -3.0 -1.0 0.0 -3.0 -2.0 -1.0 -2.0 -1.0 0.0 -1.0 -2.0 -3.0 -4.0 -2.0 -4.0 0.0 -2.0 -4.0 -1.0 -1.0 0.0 -4.0 0.0 -3.0 -2.0 -3.0 0.0 -1.0 -3.0 -2.0 -4.0 -2.0 -1.0 -1.0 -4.0 -4.0 -3.0 -1.0 -1.0 -4.0 -2.0 -1.0 -4.0 -3.0 -2.0 -2.0 -2.0 0.0 -3.0 0.0 -1.0 -4.0 -3.0 -4.0 -2.0 -1.0 212.0 -1.0 -3.0 -3.0 0.0 -3.0 -1.0 -2.0 -1.0 -2.0 0.0 -3.0 -1.0 -4.0 0.0 0.0 0.0 -4.0 -4.0 -3.0 -2.0 -1.0 -3.0 0.0 -1.0 -2.0 -4.0 -3.0 -4.0 -2.0 0.0 -2.0 0.0 -1.0 -3.0 -1.0 -3.0 -2.0 -2.0 0.0 -3.0 -1.0 -2.0 -1.0 -1.0 -3.0 
-4.0 0.0 0.0 0.0 -2.0 0.0 -3.0 -2.0 -3.0 -3.0 -1.0 0.0 0.0 -4.0 -4.0 -3.0 -1.0 -2.0 -4.0 -4.0 0.0 -1.0 -1.0 -2.0 -4.0 -3.0 -1.0 0.0 -3.0 0.0 0.0 -1.0 -2.0 -3.0 -2.0 -1.0 -1.0 -3.0 -2.0 -2.0 -3.0 -3.0 -4.0 -3.0 -3.0 -1.0 -3.0 -2.0 0.0 -4.0 -2.0 -2.0 -3.0 -1.0 -4.0 0.0 -3.0 -4.0 -3.0 -1.0 -2.0 -4.0 -2.0 -1.0 -3.0 -3.0 -3.0 -4.0 -1.0 -4.0 240.0 -1.0 -1.0 -3.0 -1.0 -3.0 -1.0 -4.0 -3.0 -4.0 0.0 -3.0 -2.0 -3.0 -4.0 -2.0 -1.0 -1.0 -3.0 -2.0 0.0 -4.0 -3.0 0.0 -2.0 0.0 0.0 -4.0 0.0 -2.0 -4.0 -3.0 -3.0 -1.0 -4.0 0.0 -2.0 -2.0 -3.0 -1.0 -3.0 -3.0 -2.0 -1.0 -3.0 
0.0 0.0 0.0 0.0 0.0 -1.0 -4.0 -4.0 0.0 -4.0 -1.0 -2.0 0.0 0.0 -3.0 -2.0 -2.0 -1.0 0.0 -4.0 0.0 0.0 -4.0 -3.0 0.0 -4.0 -4.0 0.0 -2.0 -4.0 0.0 -4.0 -3.0 -4.0 0.0 -1.0 -3.0 -2.0 -4.0 -4.0 -3.0 -3.0 -3.0 -4.0 -2.0 0.0 0.0 -4.0 -2.0 -1.0 -3.0 -2.0 -2.0 -4.0 -4.0 -4.0 -1.0 -2.0 -3.0 -3.0 -1.0 0.0 -1.0 -2.0 -4.0 -4.0 -4.0 0.0 -3.0 -2.0 0.0 217.0 -4.0 -2.0 0.0 0.0 0.0 0.0 -2.0 0.0 -3.0 0.0 -1.0 0.0 -2.0 -4.0 0.0 -4.0 -2.0 -4.0 -3.0 -2.0 -1.0 0.0 -1.0 -1.0 -2.0 -3.0 -1.0 -1.0 -3.0 -2.0 -4.0 -2.0 -4.0 -1.0 -2.0 0.0 -2.0 -2.0 -1.0 0.0 -1.0 -2.0 -3.0 
-4.0 -2.0 -4.0 -2.0 -3.0 -4.0 -3.0 -3.0 -3.0 -2.0 -3.0 -4.0 -1.0 -3.0 -3.0 -1.0 -2.0 -4.0 -2.0 -1.0 -3.0 -1.0 -4.0 0.0 -4.0 -4.0 0.0 -2.0 -4.0 -1.0 0.0 -4.0 -4.0 -4.0 0.0 -3.0 -3.0 -3.0 -3.0 -1.0 -1.0 -1.0 0.0 -1.0 0.0 -3.0 0.0 -2.0 -3.0 0.0 -1.0 -4.0 -4.0 0.0 0.0 -4.0 -2.0 -3.0 -1.0 -1.0 0.0 0.0 -1.0 -3.0 -4.0 -2.0 -1.0 0.0 -2.0 -4.0 0.0 0.0 231.0 -2.0 -2.0 -2.0 -2.0 -1.0 -2.0 -2.0 0.0 -1.0 -2.0 -3.0 -4.0 -4.0 -2.0 -3.0 0.0 -3.0 -4.0 -3.0 -1.0 -4.0 0.0 -2.0 -2.0 -3.0 -1.0 -4.0 -3.0 -1.0 -4.0 -3.0 -1.0 -3.0 -1.0 -2.0 0.0 0.0 0.0 0.0 0.0 -1.0 -3.0 
0.0 -1.0 -4.0 -3.0 0.0 -4.0 -2.0 0.0 0.0 -1.0 -4.0 -4.0 -3.0 -4.0 -1.0 0.0 0.0 -1.0 -3.0 -2.0 -2.0 -2.0 -1.0 -4.0 -2.0 -3.0 -3.0 -1.0 0.0 0.0 -4.0 -2.0 -2.0 -3.0 -3.0 0.0 -3.0 0.0 0.0 -3.0 -2.0 -4.0 -1.0 0.0 -2.0 0.0 -4.0 -2.0 -2.0 -4.0 -3.0 -4.0 0.0 -3.0 0.0 -1.0 -2.0 -2.0 -1.0 -1.0 -2.0 -1.0 -3.0 0.0 -4.0 -1.0 -2.0 0.0 -2.0 0.0 0.0 -3.0 -4.0 211.0 -3.0 -3.0 -2.0 -1.0 -1.0 -4.0 -1.0 0.0 -2.0 0.0 0.0 -4.0 -2.0 -3.0 -1.0 -1.0 -2.0 -4.0 -2.0 0.0 -2.0 -2.0 -1.0 0.0 -4.0 -1.0 -2.0 -2.0 -2.0 -2.0 -4.0 0.0 -4.0 0.0 -2.0 -4.0 -3.0 -2.0 -2.0 0.0 -1.0 
-4.0 -3.0 0.0 -1.0 -1.0 -2.0 -1.0 -2.0 -3.0 -4.0 0.0 0.0 0.0 -3.0 -1.0 -3.0 0.0 -4.0 -4.0 -3.0 -3.0 -2.0 -2.0 -4.0 -1.0 -1.0 0.0 -1.0 0.0 -1.0 -4.0 -1.0 -2.0 -1.0 -2.0 -3.0 -4.0 -3.0 -2.0 -4.0 -1.0 0.0 0.0 0.0 -1.0 -1.0 -1.0 -2.0 -4.0 -1.0 -3.0 0.0 -3.0 -1.0 -2.0 -3.0 0.0 -2.0 -1.0 -3.0 -1.0 -1.0 -3.0 -1.0 -2.0 -2.0 -1.0 -2.0 -1.0 -4.0 0.0 -4.0 -2.0 0.0 227.0 -4.0 0.0 0.0 -1.0 -2.0 -1.0 -4.0 -3.0 0.0 -1.0 -3.0 -3.0 -2.0 -2.0 -2.0 -3.0 -4.0 -3.0 -4.0 -4.0 -4.0 -1.0 0.0 -4.0 -4.0 -2.0 0.0 -4.0 -4.0 -1.0 -1.0 -3.0 -3.0 -4.0 -4.0 0.0 -3.0 -2.0 0.0 -4.0 
-1.0 -3.0 -4.0 -3.0 -4.0 -4.0 -2.0 -1.0 -2.0 -2.0 0.0 0.0 -2.0 0.0 -1.0 0.0 -1.0 0.0 -3.0 0.0 -3.0 -1.0 -4.0 -4.0 -2.0 0.0 -4.0 -4.0 -4.0 -3.0 -2.0 -2.0 -2.0 0.0 -1.0 -3.0 -2.0 -4.0 0.0 -2.0 -1.0 0.0 -1.0 -2.0 -2.0 -3.0 -2.0 -4.0 0.0 -2.0 0.0 -1.0 -4.0 -1.0 -1.0 0.0 0.0 0.0 0.0 -3.0 -1.0 -2.0 -4.0 -1.0 -1.0 -2.0 -2.0 -4.0 -4.0 -1.0 -1.0 -4.0 -2.0 -2.0 -4.0 200.0 0.0 -2.0 0.0 0.0 -2.0 -4.0 0.0 -3.0 0.0 -2.0 -2.0 -4.0 0.0 0.0 -2.0 -3.0 0.0 0.0 -3.0 0.0 -2.0 -2.0 -4.0 -1.0 -3.0 -1.0 0.0 -2.0 0.0 0.0 -1.0 -1.0 -2.0 0.0 -2.0 -4.0 0.0 -2.0 -4.0 
-4.0 -4.0 -4.0 -3.0 -2.0 -2.0 -1.0 0.0 -4.0 0.0 -3.0 0.0 -2.0 0.0 -2.0 -1.0 0.0 -1.0 0.0 -3.0 -3.0 -4.0 -4.0 -2.0 0.0 0.0 0.0 0.0 0.0 0.0 0.0 -3.0 0.0 -4.0 -4.0 -1.0 -4.0 -2.0 0.0 -2.0 -2.0 -4.0 -1.0 -2.0 -2.0 -3.0 -3.0 -1.0 0.0 -2.0 -3.0 -3.0 -3.0 -2.0 -3.0 -1.0 0.0 -4.0 -1.0 0.0 -4.0 -2.0 -3.0 -4.0 -2.0 -1.0 0.0 -3.0 0.0 0.0 -3.0 -4.0 -4.0 -1.0 -3.0 -3.0 229.0 -3.0 -1.0 -3.0 -1.0 -2.0 -3.0 -1.0 -2.0 -2.0 -1.0 -4.0 -3.0 -3.0 -3.0 -3.0 0.0 -4.0 -2.0 0.0 -2.0 -1.0 -4.0 -2.0 -4.0 0.0 0.0 -1.0 -3.0 -3.0 -2.0 -3.0 -1.0 0.0 -4.0 -4.0 -4.0 0.0 -4.0 
-4.0 -4.0 -2.0 -4.0 -1.0 0.0 -3.0 -4.0 -3.0 -3.0 0.0 -1.0 0.0 -1.0 -3.0 -4.0 0.0 -4.0 -3.0 -3.0 0.0 -3.0 0.0 -4.0 -1.0 -4.0 -1.0 -1.0 -1.0 -2.0 0.0 0.0 -4.0 -1.0 -4.0 -4.0 -1.0 -2.0 0.0 -4.0 -1.0 -4.0 -2.0 -1.0 -2.0 -2.0 0.0 -1.0 -2.0 -4.0 -3.0 -3.0 0.0 -1.0 -4.0 -4.0 -2.0 0.0 -4.0 -1.0 -2.0 0.0 -1.0 -3.0 -4.0 0.0 -1.0 -3.0 -3.0 0.0 -4.0 -1.0 -3.0 -1.0 -1.0 -3.0 -2.0 218.0 -3.0 -1.0 -3.0 -2.0 0.0 -4.0 -2.0 -3.0 0.0 -2.0 -3.0 0.0 -1.0 -4.0 -2.0 -2.0 0.0 -1.0 -2.0 0.0 -3.0 -1.0 -3.0 -2.0 0.0 -3.0 0.0 -3.0 -1.0 -2.0 0.0 -2.0 -1.0 0.0 0.0 -3.0 -2.0 
-4.0 -1.0 -4.0 -1.0 0.0 -1.0 0.0 -1.0 0.0 -4.0 -2.0 -2.0 0.0 -1.0 -3.0 0.0 0.0 -2.0 -2.0 -2.0 -4.0 -1.0 0.0 0.0 0.0 0.0 0.0 -1.0 -1.0 -2.0 -3.0 -2.0 -1.0 0.0 -4.0 -4.0 -1.0 -1.0 -4.0 0.0 -3.0 0.0 -4.0 -4.0 -4.0 -4.0 -2.0 -4.0 -3.0 -1.0 -4.0 0.0 -2.0 -4.0 -2.0 -4.0 -4.0 -1.0 -3.0 0.0 -3.0 -4.0 -1.0 0.0 -4.0 0.0 -1.0 -1.0 -3.0 0.0 -1.0 -1.0 -4.0 -3.0 -3.0 -3.0 0.0 -1.0 212.0 -4.0 -1.0 -2.0 0.0 0.0 0.0 0.0 -3.0 0.0 -3.0 -4.0 0.0 -2.0 -1.0 -3.0 -1.0 0.0 -3.0 -1.0 -2.0 0.0 -1.0 -3.0 -4.0 -3.0 -2.0 -1.0 -4.0 -1.0 -4.0 -2.0 -2.0 -3.0 0.0 -3.0 -4.0 
0.0 -1.0 -3.0 -1.0 0.0 -1.0 -2.0 -3.0 -3.0 -3.0 -1.0 -3.0 -3.0 -1.0 -3.0 -1.0 -1.0 -1.0 -1.0 -4.0 -1.0 -2.0 -1.0 -3.0 -2.0 0.0 -4.0 -2.0 -3.0 -3.0 0.0 -3.0 0.0 -4.0 -4.0 -2.0 -4.0 -3.0 -3.0 -3.0 -3.0 -1.0 -3.0 0.0 0.0 0.0 -1.0 -1.0 -1.0 0.0 -3.0 -3.0 -1.0 -4.0 -1.0 -3.0 0.0 -2.0 -3.0 -4.0 -4.0 -3.0 -4.0 -2.0 -2.0 -1.0 0.0 -3.0 -2.0 -2.0 -3.0 -3.0 -4.0 -1.0 -4.0 -1.0 -1.0 -2.0 -3.0 240.0 -4.0 -2.0 -4.0 -4.0 -1.0 -2.0 -2.0 -2.0 -3.0 -2.0 -4.0 -2.0 0.0 -2.0 0.0 -2.0 0.0 -4.0 0.0 -3.0 -4.0 -1.0 -3.0 0.0 -3.0 -3.0 -3.0 -2.0 -4.0 -1.0 -1.0 -2.0 -1.0 -3.0 -4.0 
-2.0 -4.0 0.0 0.0 -3.0 0.0 0.0 -2.0 -3.0 -2.0 -3.0 -3.0 -3.0 -4.0 -4.0 0.0 -3.0 -4.0 -4.0 -1.0 -4.0 -1.0 -2.0 -3.0 -3.0 -3.0 -4.0 0.0 -3.0 -2.0 0.0 -3.0 -3.0 -3.0 -3.0 -1.0 -2.0 -3.0 0.0 -1.0 -4.0 -4.0 -3.0 -1.0 -1.0 -1.0 0.0 -1.0 0.0 -4.0 -1.0 -2.0 0.0 -3.0 -4.0 -3.0 -1.0 0.0 0.0 -2.0 -1.0 -2.0 -2.0 0.0 -4.0 -1.0 -1.0 0.0 -2.0 -2.0 -4.0 -1.0 0.0 0.0 -3.0 0.0 -4.0 -2.0 -3.0 -3.0 229.0 -1.0 0.0 -2.0 -2.0 -3.0 -3.0 0.0 -3.0 -3.0 -2.0 -4.0 -4.0 -4.0 -4.0 0.0 -1.0 -3.0 -1.0 -3.0 -4.0 -1.0 0.0 -4.0 -1.0 -1.0 -3.0 -1.0 0.0 -1.0 -3.0 -3.0 -2.0 -2.0 -1.0 
0.0 -1.0 -2.0 -2.0 -3.0 -1.0 -1.0 -3.0 -2.0 -1.0 -1.0 -3.0 -2.0 -2.0 -2.0 -4.0 -3.0 -1.0 -3.0 -2.0 -3.0 -2.0 -2.0 0.0 -4.0 0.0 -2.0 0.0 -4.0 0.0 -2.0 -3.0 -2.0 0.0 -2.0 -1.0 -2.0 -3.0 -3.0 0.0 -3.0 -4.0 0.0 -3.0 -2.0 -1.0 0.0 -2.0 -2.0 -3.0 -3.0 -2.0 -4.0 -2.0 -4.0 0.0 -1.0 -3.0 0.0 -4.0 -2.0 -4.0 0.0 -3.0 -1.0 -1.0 0.0 0.0 -3.0 -3.0 0.0 0.0 -3.0 0.0 -3.0 -4.0 0.0 -1.0 -4.0 -1.0 -3.0 201.0 -1.0 -3.0 -1.0 -1.0 0.0 0.0 -1.0 -1.0 0.0 -3.0 -3.0 -1.0 -2.0 -3.0 -2.0 0.0 -3.0 0.0 0.0 -1.0 -2.0 0.0 -2.0 -2.0 -4.0 -1.0 -2.0 -3.0 -1.0 0.0 -4.0 0.0 -1.0 
0.0 -3.0 -2.0 -4.0 -1.0 -1.0 -2.0 -1.0 -3.0 -2.0 0.0 -1.0 0.0 -2.0 -4.0 -4.0 -1.0 0.0 -2.0 -3.0 -3.0 0.0 -3.0 -4.0 -1.0 -2.0 -4.0 -3.0 0.0 -3.0 -2.0 -3.0 -4.0 0.0 -2.0 -3.0 0.0 -4.0 0.0 -4.0 -2.0 -3.0 -2.0 -2.0 -4.0 -4.0 -2.0 0.0 -1.0 -2.0 0.0 -4.0 -1.0 0.0 -2.0 0.0 0.0 -2.0 -4.0 -1.0 -3.0 -1.0 -2.0 -3.0 -4.0 -4.0 0.0 -1.0 -3.0 -1.0 -1.0 -4.0 -4.0 -1.0 -2.0 0.0 -2.0 -1.0 -2.0 -1.0 0.0 0.0 219.0 -4.0 0.0 -2.0 0.0 -2.0 -2.0 -1.0 -3.0 -3.0 -2.0 0.0 -2.0 -2.0 -2.0 -4.0 -2.0 0.0 -4.0 -1.0 -4.0 -1.0 -1.0 -3.0 -4.0 -4.0 -3.0 -1.0 -1.0 0.0 -3.0 -1.0 0.0 
-4.0 -2.0 -1.0 -3.0 -3.0 -2.0 -1.0 0.0 -1.0 -3.0 -3.0 -4.0 -4.0 -1.0 -3.0 -3.0 -4.0 0.0 0.0 -1.0 -3.0 0.0 -1.0 0.0 -4.0 0.0 -2.0 -4.0 -3.0 -1.0 -1.0 -4.0 0.0 -1.0 -3.0 -4.0 -4.0 -3.0 0.0 0.0 -4.0 -3.0 -4.0 -1.0 -1.0 -4.0 0.0 -4.0 -3.0 0.0 -3.0 -2.0 -4.0 -3.0 -4.0 -3.0 -2.0 -4.0 0.0 -2.0 -3.0 -3.0 -3.0 -1.0 -1.0 -3.0 0.0 -3.0 -4.0 0.0 -4.0 -4.0 0.0 -4.0 -2.0 -3.0 -4.0 -4.0 -1.0 0.0 -1.0 -3.0 -2.0 251.0 -1.0 -3.0 -2.0 -3.0 -2.0 -4.0 0.0 -1.0 -1.0 -1.0 -3.0 -4.0 -4.0 0.0 0.0 -2.0 -2.0 0.0 -4.0 -2.0 -2.0 -3.0 -4.0 -4.0 -4.0 -1.0 -3.0 0.0 -1.0 -1.0 -4.0 
-2.0 -3.0 -1.0 -3.0 -3.0 -4.0 -3.0 -2.0 -1.0 -1.0 -3.0 -3.0 -3.0 -3.0 -2.0 -4.0 -1.0 -1.0 -3.0 -3.0 0.0 -2.0 -1.0 -2.0 -3.0 -3.0 -3.0 -2.0 -1.0 -1.0 -4.0 -3.0 -3.0 -3.0 -2.0 0.0 -2.0 -1.0 -3.0 -2.0 -1.0 -4.0 -3.0 0.0 -3.0 -4.0 -2.0 -2.0 -4.0 0.0 -3.0 -3.0 -3.0 -4.0 -4.0 -4.0 -4.0 -3.0 -2.0 -1.0 -3.0 -3.0 -3.0 -2.0 -4.0 -1.0 0.0 -2.0 -4.0 0.0 -1.0 -4.0 -2.0 -3.0 -4.0 -4.0 -2.0 -2.0 -4.0 0.0 0.0 0.0 -2.0 -2.0 261.0 -3.0 0.0 -1.0 -1.0 0.0 -3.0 -3.0 -4.0 -3.0 -2.0 -1.0 -4.0 -2.0 -3.0 -4.0 0.0 -2.0 -2.0 -4.0 0.0 -4.0 -3.0 -4.0 0.0 -4.0 -2.0 -3.0 -2.0 0.0 -1.0 
-2.0 -3.0 0.0 -3.0 -1.0 0.0 -2.0 -4.0 -2.0 -3.0 0.0 -4.0 0.0 -2.0 0.0 0.0 -1.0 0.0 -2.0 -4.0 -2.0 -3.0 -3.0 -4.0 -3.0 -2.0 -1.0 -2.0 -4.0 -1.0 -2.0 -1.0 -3.0 0.0 0.0 -1.0 0.0 -3.0 -3.0 -4.0 -1.0 -4.0 -1.0 -2.0 -4.0 -4.0 -2.0 -1.0 -1.0 -2.0 -1.0 -1.0 0.0 0.0 -2.0 -1.0 -1.0 -1.0 0.0 -1.0 -3.0 0.0 -3.0 0.0 -4.0 0.0 -4.0 -3.0 -1.0 -1.0 -1.0 0.0 -1.0 -1.0 -2.0 -1.0 -1.0 -2.0 -2.0 -2.0 0.0 -4.0 0.0 0.0 -1.0 205.0 -3.0 -1.0 0.0 -2.0 -3.0 -1.0 -2.0 -3.0 -3.0 -3.0 0.0 0.0 -4.0 -2.0 -3.0 -4.0 -3.0 -3.0 -2.0 -2.0 -1.0 -2.0 -3.0 -2.0 -3.0 0.0 -4.0 -1.0 -3.0 
0.0 -1.0 -2.0 0.0 -4.0 -2.0 -2.0 0.0 0.0 -1.0 -2.0 0.0 -3.0 -4.0 -1.0 0.0 -4.0 0.0 -4.0 -1.0 -1.0 0.0 -3.0 0.0 -1.0 -1.0 0.0 -1.0 -3.0 -4.0 -4.0 -3.0 0.0 -3.0 -4.0 0.0 0.0 0.0 -2.0 -4.0 -1.0 -4.0 -1.0 -4.0 -4.0 -1.0 -4.0 -4.0 0.0 -1.0 0.0 -4.0 -1.0 -1.0 -1.0 0.0 -1.0 0.0 -1.0 -2.0 -4.0 -2.0 -4.0 -1.0 -4.0 0.0 -3.0 -3.0 -1.0 -2.0 -1.0 -4.0 -4.0 -1.0 -2.0 -3.0 0.0 0.0 -4.0 -4.0 -3.0 0.0 -3.0 -3.0 0.0 -4.0 209.0 -3.0 0.0 -4.0 -1.0 0.0 -1.0 -4.0 -2.0 -2.0 -4.0 -1.0 -1.0 -4.0 -1.0 0.0 -4.0 0.0 0.0 -3.0 0.0 -1.0 -1.0 -1.0 -1.0 0.0 -2.0 -4.0 -4.0 
-3.0 -2.0 -2.0 0.0 -3.0 -1.0 -1.0 -4.0 -3.0 -1.0 0.0 -2.0 -2.0 -2.0 -3.0 -2.0 -3.0 -2.0 -3.0 -1.0 -1.0 -2.0 -2.0 -3.0 -1.0 0.0 -4.0 0.0 -4.0 0.0 -4.0 -2.0 -2.0 0.0 -4.0 -4.0 0.0 -2.0 -4.0 -2.0 -1.0 -3.0 -4.0 -3.0 -1.0 -1.0 -4.0 -3.0 -1.0 -2.0 -4.0 -3.0 -2.0 -1.0 -1.0 -3.0 -1.0 -3.0 -4.0 -1.0 -4.0 -4.0 -3.0 -1.0 -3.0 -3.0 -2.0 -3.0 -4.0 -4.0 -4.0 -2.0 -2.0 -1.0 -2.0 -1.0 -3.0 0.0 -4.0 -1.0 0.0 -2.0 -1.0 0.0 -3.0 -2.0 -4.0 239.0 -2.0 0.0 -3.0 0.0 -2.0 -3.0 -4.0 0.0 0.0 -3.0 -3.0 -4.0 0.0 -2.0 -2.0 -3.0 0.0 -1.0 -2.0 -4.0 -1.0 -2.0 0.0 -3.0 -4.0 0.0 -1.0 
-4.0 0.0 -3.0 -1.0 -2.0 -2.0 -2.0 -1.0 -2.0 -2.0 -3.0 0.0 -3.0 -1.0 -4.0 0.0 -1.0 -2.0 -4.0 0.0 -4.0 -2.0 -3.0 -1.0 -4.0 -4.0 -1.0 -4.0 -3.0 -3.0 0.0 0.0 -1.0 -2.0 -1.0 -2.0 -1.0 -4.0 -3.0 -3.0 -3.0 0.0 -1.0 -4.0 -3.0 -1.0 -2.0 -2.0 -3.0 -1.0 -4.0 0.0 -3.0 -1.0 -3.0 -1.0 -3.0 -1.0 -3.0 -4.0 -1.0 -4.0 -3.0 -3.0 -3.0 0.0 -2.0 -4.0 -3.0 -4.0 -2.0 -4.0 -4.0 -4.0 -4.0 -2.0 0.0 -1.0 -1.0 -3.0 -3.0 -4.0 -3.0 -2.0 -3.0 -1.0 -2.0 0.0 252.0 -3.0 -2.0 -2.0 -3.0 -3.0 -1.0 -3.0 -4.0 -4.0 0.0 -2.0 -2.0 -1.0 0.0 -3.0 0.0 -2.0 -3.0 -2.0 0.0 -1.0 -2.0 -4.0 -3.0 -2.0 -4.0 
-1.0 -2.0 -4.0 0.0 -4.0 0.0 -2.0 0.0 -3.0 -3.0 -1.0 -2.0 -4.0 -2.0 0.0 0.0 -2.0 -4.0 0.0 -3.0 -4.0 -2.0 -2.0 0.0 -2.0 -4.0 -1.0 -1.0 -1.0 -2.0 -3.0 -1.0 -3.0 -2.0 -3.0 -3.0 -2.0 -2.0 -3.0 -2.0 -4.0 -4.0 0.0 -2.0 -4.0 -3.0 0.0 -3.0 -1.0 -1.0 0.0 -3.0 -1.0 -2.0 -3.0 -3.0 -4.0 -1.0 -4.0 -4.0 -3.0 -4.0 0.0 -1.0 0.0 -2.0 -3.0 0.0 0.0 -1.0 -2.0 -1.0 -4.0 -2.0 0.0 -4.0 -4.0 -4.0 -2.0 -4.0 0.0 -2.0 -4.0 -1.0 0.0 -4.0 -1.0 0.0 -4.0 232.0 -1.0 -1.0 0.0 -4.0 0.0 -1.0 -4.0 -2.0 -4.0 0.0 -1.0 -4.0 -3.0 -3.0 -1.0 -3.0 0.0 -3.0 -3.0 0.0 -3.0 -2.0 -4.0 0.0 -1.0 
0.0 -4.0 -2.0 -2.0 -4.0 -3.0 -4.0 -1.0 -1.0 -3.0 0.0 -3.0 -3.0 -2.0 -4.0 -2.0 -2.0 -2.0 0.0 -4.0 -2.0 -2.0 -1.0 -3.0 -2.0 -3.0 -2.0 -3.0 -4.0 -1.0 -3.0 -3.0 -4.0 0.0 -2.0 -1.0 -1.0 -1.0 -3.0 -3.0 -4.0 -2.0 -1.0 0.0 -4.0 -4.0 -1.0 -3.0 -3.0 -3.0 -4.0 -4.0 -2.0 0.0 -1.0 -3.0 -2.0 -1.0 -3.0 -3.0 -2.0 0.0 -1.0 0.0 -1.0 -3.0 -4.0 -2.0 -4.0 -3.0 0.0 -1.0 0.0 -1.0 -1.0 -1.0 -3.0 -2.0 -4.0 -1.0 -1.0 -3.0 -2.0 -2.0 -2.0 0.0 -3.0 -2.0 0.0 -4.0 246.0 -2.0 -4.0 -4.0 -1.0 -2.0 0.0 -2.0 -4.0 0.0 -1.0 -2.0 -2.0 -4.0 -4.0 -3.0 -2.0 -1.0 -4.0 0.0 -3.0 -4.0 -3.0 -2.0 -1.0 
0.0 -3.0 -2.0 -4.0 -2.0 -4.0 0.0 -4.0 -3.0 -3.0 -2.0 -1.0 -2.0 -2.0 -1.0 -1.0 -1.0 -4.0 -2.0 -2.0 -3.0 0.0 -3.0 0.0 -2.0 -4.0 -1.0 0.0 -4.0 -4.0 -4.0 -1.0 -1.0 -4.0 -3.0 -2.0 -2.0 -4.0 -1.0 0.0 -1.0 0.0 -4.0 -4.0 -3.0 -4.0 -3.0 -1.0 -3.0 -1.0 -4.0 -1.0 -4.0 -3.0 -1.0 -2.0 -1.0 -4.0 -2.0 -2.0 -1.0 0.0 -3.0 -3.0 0.0 -3.0 -4.0 0.0 -4.0 -2.0 0.0 -3.0 -1.0 -2.0 0.0 -3.0 0.0 -4.0 -4.0 -1.0 -2.0 0.0 -4.0 -2.0 0.0 -1.0 -3.0 -2.0 -4.0 0.0 0.0 231.0 0.0 -2.0 -3.0 0.0 -1.0 -3.0 -2.0 -4.0 -1.0 -1.0 -2.0 -2.0 -4.0 -2.0 -4.0 -1.0 0.0 -1.0 0.0 -1.0 -3.0 -1.0 -3.0 
-4.0 -1.0 -4.0 -3.0 -2.0 -3.0 0.0 -2.0 -2.0 -3.0 -4.0 -1.0 -1.0 -1.0 -3.0 -2.0 -2.0 -3.0 -4.0 -3.0 -2.0 -2.0 -4.0 -4.0 -1.0 -1.0 -2.0 -1.0 -4.0 -4.0 -3.0 0.0 -3.0 -3.0 -1.0 -1.0 -2.0 0.0 -3.0 -4.0 0.0 -3.0 0.0 0.0 -1.0 -2.0 -1.0 -3.0 -4.0 -4.0 -3.0 -1.0 -4.0 -1.0 -1.0 -2.0 -4.0 0.0 0.0 -2.0 -1.0 -3.0 -1.0 0.0 -1.0 -1.0 -3.0 -4.0 -4.0 -4.0 -4.0 -2.0 0.0 -4.0 0.0 -3.0 -1.0 -3.0 0.0 -2.0 -4.0 -1.0 -2.0 0.0 -4.0 -1.0 -4.0 -2.0 -3.0 0.0 0.0 -1.0 228.0 -3.0 -3.0 -2.0 0.0 0.0 0.0 0.0 -2.0 0.0 0.0 -3.0 -4.0 -2.0 -4.0 -1.0 -1.0 -1.0 -1.0 -1.0 -1.0 -3.0 -4.0 
0.0 -2.0 -1.0 -3.0 0.0 -4.0 -1.0 0.0 -1.0 -2.0 -1.0 -3.0 -3.0 -4.0 0.0 -1.0 -2.0 -1.0 -3.0 -4.0 -1.0 -3.0 -3.0 -3.0 -3.0 -1.0 0.0 -2.0 0.0 -3.0 -4.0 -1.0 -4.0 -2.0 -4.0 0.0 0.0 -2.0 -2.0 -3.0 0.0 -2.0 -2.0 -2.0 -2.0 0.0 0.0 0.0 0.0 0.0 -2.0 -3.0 0.0 -4.0 -4.0 0.0 -2.0 0.0 0.0 -4.0 -2.0 -2.0 -3.0 0.0 -3.0 -1.0 -3.0 -4.0 -1.0 0.0 -1.0 -2.0 -2.0 -4.0 -1.0 0.0 -2.0 -1.0 0.0 -4.0 -2.0 -4.0 -1.0 -3.0 0.0 0.0 -2.0 -2.0 -4.0 0.0 -3.0 -4.0 0.0 207.0 -1.0 -1.0 0.0 -2.0 -3.0 -4.0 -3.0 -3.0 -2.0 -1.0 -3.0 -1.0 -4.0 0.0 -1.0 -2.0 -3.0 -3.0 -2.0 -2.0 -1.0 
-2.0 0.0 -1.0 0.0 -4.0 -4.0 -1.0 -1.0 -4.0 -3.0 -2.0 0.0 -4.0 -2.0 0.0 -4.0 -1.0 0.0 -3.0 -3.0 -3.0 0.0 -4.0 0.0 0.0 -2.0 0.0 -2.0 -3.0 -1.0 -3.0 0.0 -4.0 0.0 -2.0 -4.0 0.0 -1.0 -1.0 0.0 -2.0 -1.0 0.0 -3.0 -1.0 -1.0 -2.0 -2.0 -4.0 -4.0 -3.0 -3.0 0.0 -1.0 0.0 -2.0 -3.0 0.0 -1.0 -1.0 -4.0 -1.0 -4.0 -1.0 -4.0 -2.0 -2.0 -2.0 -4.0 -3.0 -2.0 -1.0 0.0 0.0 0.0 0.0 -2.0 -4.0 -3.0 -3.0 -4.0 -1.0 -1.0 0.0 -1.0 -2.0 -4.0 0.0 -4.0 -3.0 -2.0 -4.0 0.0 0.0 206.0 -1.0 0.0 -4.0 -2.0 -3.0 -3.0 -2.0 -1.0 -4.0 -3.0 0.0 0.0 -2.0 -3.0 -4.0 0.0 0.0 -1.0 -1.0 -1.0 
-4.0 -2.0 -3.0 -1.0 0.0 -1.0 0.0 0.0 -3.0 0.0 -4.0 -3.0 0.0 0.0 -1.0 0.0 0.0 -1.0 -3.0 -3.0 0.0 0.0 -1.0 -1.0 -1.0 -3.0 0.0 -3.0 -3.0 -2.0 0.0 0.0 -3.0 -4.0 -2.0 -4.0 -2.0 0.0 -1.0 -1.0 -1.0 0.0 -2.0 -2.0 0.0 0.0 -4.0 -1.0 -1.0 -1.0 -1.0 -3.0 0.0 -3.0 -3.0 -3.0 -3.0 -2.0 -2.0 -3.0 -4.0 -1.0 0.0 -4.0 0.0 -4.0 0.0 -1.0 -4.0 -3.0 -4.0 -1.0 -1.0 -4.0 -1.0 -4.0 -3.0 -4.0 -3.0 -4.0 -3.0 -3.0 -3.0 -1.0 -3.0 -4.0 -4.0 -4.0 0.0 -2.0 -3.0 -2.0 -4.0 -3.0 -4.0 228.0 -3.0 -3.0 -2.0 -1.0 0.0 -3.0 -2.0 0.0 -1.0 -4.0 -2.0 -4.0 -1.0 -3.0 -2.0 -1.0 -1.0 -3.0 -4.0 
0.0 0.0 -2.0 -2.0 0.0 -2.0 -1.0 -3.0 -4.0 0.0 -1.0 -2.0 -1.0 0.0 -4.0 -3.0 -1.0 0.0 -4.0 0.0 -1.0 -1.0 -1.0 -4.0 0.0 -4.0 0.0 -1.0 0.0 -4.0 0.0 -3.0 -1.0 -2.0 -4.0 -1.0 -4.0 -1.0 0.0 -1.0 -2.0 -4.0 -3.0 -1.0 -2.0 0.0 -2.0 -1.0 -1.0 -1.0 -4.0 0.0 -2.0 -4.0 -4.0 -1.0 -3.0 -3.0 -3.0 0.0 -4.0 0.0 -4.0 -4.0 -4.0 -3.0 0.0 -1.0 -2.0 -1.0 0.0 0.0 -3.0 -1.0 -2.0 -3.0 -4.0 -3.0 -2.0 -4.0 -3.0 -3.0 -3.0 -1.0 0.0 -2.0 -4.0 -4.0 -3.0 -1.0 -1.0 -1.0 0.0 -4.0 -3.0 0.0 208.0 -1.0 -3.0 -2.0 0.0 -3.0 -1.0 -2.0 -2.0 0.0 0.0 0.0 -3.0 0.0 -3.0 0.0 -4.0 0.0 -2.0 
-3.0 -4.0 -4.0 -1.0 -4.0 -3.0 -3.0 -4.0 -1.0 -2.0 -2.0 -3.0 -4.0 -2.0 -1.0 -2.0 -3.0 -2.0 0.0 -4.0 0.0 -1.0 -1.0 0.0 -2.0 -1.0 -2.0 -1.0 -1.0 -1.0 -4.0 0.0 0.0 0.0 -4.0 -3.0 -1.0 -3.0 -2.0 -2.0 -1.0 -2.0 -2.0 -4.0 0.0 0.0 0.0 -1.0 -1.0 -3.0 -3.0 -1.0 -4.0 0.0 -2.0 -3.0 -2.0 -4.0 -4.0 -4.0 -2.0 -1.0 -4.0 -4.0 -2.0 -3.0 -1.0 -1.0 -3.0 -4.0 -2.0 -4.0 -1.0 0.0 -2.0 -3.0 -4.0 -2.0 -2.0 -2.0 -3.0 -4.0 -2.0 -4.0 0.0 -4.0 -2.0 -1.0 -3.0 -4.0 -1.0 -1.0 -1.0 -2.0 -3.0 0.0 -2.0 244.0 -4.0 -3.0 -1.0 -1.0 -3.0 -1.0 -1.0 0.0 -4.0 -1.0 -3.0 0.0 -2.0 -4.0 -2.0 -4.0 -4.0 
-1.0 -4.0 -4.0 0.0 -2.0 -1.0 -4.0 -3.0 -4.0 0.0 -1.0 -2.0 0.0 -3.0 -1.0 -4.0 -3.0 -2.0 -1.0 -3.0 -3.0 -2.0 -1.0 -4.0 -3.0 -4.0 -3.0 -4.0 -1.0 -4.0 0.0 -1.0 -1.0 -4.0 -2.0 -3.0 -1.0 0.0 -1.0 -4.0 -4.0 -4.0 0.0 0.0 -2.0 0.0 0.0 -2.0 -1.0 -2.0 -4.0 -4.0 -4.0 -2.0 0.0 -3.0 0.0 -1.0 -3.0 0.0 0.0 -2.0 -4.0 0.0 -4.0 -4.0 -3.0 -4.0 -4.0 0.0 -3.0 -2.0 -1.0 -4.0 -2.0 -3.0 -1.0 -1.0 -4.0 0.0 -4.0 -1.0 -1.0 0.0 -2.0 -1.0 -1.0 -3.0 -2.0 -1.0 -4.0 -4.0 -1.0 0.0 -3.0 -2.0 0.0 -4.0 236.0 -3.0 -1.0 -3.0 0.0 -1.0 -1.0 -2.0 -4.0 -2.0 -1.0 -4.0 0.0 -3.0 -4.0 -2.0 0.0 
-4.0 -4.0 0.0 -3.0 -2.0 -1.0 -3.0 -3.0 -1.0 -1.0 0.0 -2.0 -1.0 -4.0 0.0 -3.0 -3.0 0.0 -3.0 -4.0 -3.0 0.0 -3.0 -1.0 -2.0 -3.0 -2.0 -4.0 -2.0 -4.0 0.0 0.0 -3.0 -2.0 -3.0 0.0 -2.0 0.0 -4.0 -4.0 -2.0 -2.0 -1.0 0.0 -1.0 0.0 -2.0 -3.0 -4.0 -2.0 -2.0 -2.0 -1.0 -2.0 -3.0 -2.0 -3.0 -1.0 -2.0 -1.0 -4.0 0.0 -1.0 -4.0 -2.0 -3.0 0.0 -4.0 -3.0 -2.0 -4.0 -1.0 0.0 -2.0 0.0 -3.0 -4.0 -2.0 -4.0 -2.0 0.0 0.0 0.0 -2.0 -2.0 -2.0 -1.0 -3.0 -4.0 -2.0 0.0 -1.0 -2.0 -3.0 -3.0 -3.0 -4.0 -2.0 -2.0 233.0 -3.0 -2.0 -4.0 0.0 -3.0 0.0 -2.0 -4.0 -4.0 -3.0 -2.0 -1.0 -1.0 -2.0 -1.0 
-2.0 -4.0 -1.0 -3.0 -1.0 -4.0 -2.0 -2.0 -1.0 -3.0 -1.0 -2.0 -1.0 -4.0 0.0 -1.0 -4.0 -1.0 -3.0 0.0 -3.0 0.0 0.0 -2.0 0.0 -1.0 -2.0 -3.0 -1.0 -4.0 -3.0 -3.0 -1.0 -4.0 -3.0 -1.0 -1.0 0.0 -3.0 0.0 -1.0 -3.0 -4.0 0.0 -4.0 -3.0 0.0 -4.0 -4.0 -2.0 0.0 -1.0 -3.0 -3.0 -1.0 -1.0 -4.0 -1.0 -3.0 -4.0 -2.0 0.0 -4.0 -3.0 -3.0 -2.0 -1.0 0.0 -1.0 -1.0 -3.0 -4.0 -1.0 -4.0 -4.0 0.0 0.0 -2.0 -4.0 -2.0 -3.0 -4.0 -3.0 -1.0 -1.0 -3.0 -1.0 -1.0 -1.0 -2.0 -3.0 0.0 -2.0 -1.0 -4.0 -1.0 0.0 -4.0 -2.0 -2.0 231.0 -3.0 -3.0 0.0 -4.0 -1.0 -1.0 0.0 -4.0 -1.0 -2.0 -4.0 -4.0 -1.0 -2.0 
0.0 -4.0 -3.0 -4.0 -1.0 -4.0 -3.0 0.0 -4.0 -1.0 -3.0 0.0 -3.0 0.0 -2.0 -2.0 -2.0 -4.0 -3.0 -4.0 -3.0 -2.0 -4.0 -4.0 -4.0 -2.0 -3.0 -1.0 -2.0 -1.0 -4.0 -1.0 -2.0 -4.0 -4.0 -3.0 -1.0 -1.0 0.0 -4.0 -3.0 -3.0 -2.0 0.0 -2.0 -3.0 -3.0 -1.0 -3.0 -2.0 -3.0 -4.0 -2.0 -1.0 -3.0 -1.0 0.0 -1.0 -1.0 -3.0 -4.0 -3.0 -3.0 0.0 -3.0 -2.0 -2.0 -1.0 -2.0 -3.0 -1.0 -4.0 0.0 -3.0 -2.0 -1.0 -1.0 -2.0 -2.0 -4.0 -3.0 -2.0 -3.0 -2.0 -2.0 -3.0 0.0 0.0 -3.0 -2.0 -1.0 0.0 -2.0 -2.0 -4.0 -2.0 -2.0 -4.0 -3.0 0.0 -2.0 249.0 -2.0 -4.0 -2.0 -2.0 -1.0 -4.0 -3.0 0.0 0.0 -3.0 -2.0 -3.0 0.0 
-2.0 -1.0 -2.0 -1.0 -1.0 0.0 -4.0 -2.0 -1.0 -3.0 -4.0 0.0 0.0 -1.0 -1.0 -3.0 -1.0 -2.0 0.0 -2.0 -2.0 -1.0 0.0 -4.0 0.0 -1.0 -1.0 -4.0 -3.0 -3.0 -3.0 -2.0 -2.0 -2.0 -3.0 -2.0 -4.0 0.0 0.0 -2.0 -2.0 0.0 -2.0 -1.0 -3.0 0.0 -3.0 -2.0 -3.0 0.0 -3.0 0.0 0.0 -1.0 0.0 0.0 -1.0 -1.0 -1.0 0.0 -4.0 0.0 -2.0 0.0 -4.0 -1.0 -2.0 -4.0 -4.0 -2.0 -3.0 -1.0 -3.0 -3.0 0.0 -1.0 0.0 -1.0 -4.0 -4.0 -4.0 -1.0 -3.0 -2.0 -2.0 0.0 -3.0 -2.0 -4.0 -1.0 -4.0 0.0 0.0 -4.0 -1.0 0.0 -3.0 -4.0 -3.0 0.0 -1.0 -3.0 201.0 -2.0 0.0 -3.0 -2.0 0.0 -1.0 -3.0 -1.0 -3.0 -2.0 -3.0 0.0 
-4.0 0.0 0.0 -2.0 -1.0 -1.0 -1.0 -3.0 0.0 0.0 -2.0 -3.0 -3.0 -2.0 -3.0 -2.0 -4.0 -4.0 0.0 -4.0 -4.0 -4.0 -2.0 -4.0 -2.0 0.0 -2.0 -4.0 -3.0 0.0 -4.0 -2.0 -2.0 -1.0 -4.0 -3.0 -3.0 -4.0 -2.0 0.0 -1.0 -2.0 -4.0 -1.0 -4.0 -3.0 -3.0 -3.0 -1.0 0.0 -1.0 -3.0 -4.0 -2.0 -2.0 -2.0 -2.0 -2.0 -2.0 -1.0 -4.0 -3.0 -3.0 -4.0 0.0 -2.0 -4.0 -1.0 -4.0 -3.0 -2.0 -3.0 0.0 -4.0 -3.0 -3.0 -3.0 -3.0 -2.0 -2.0 -3.0 -4.0 -3.0 -1.0 -3.0 -3.0 -4.0 0.0 0.0 0.0 -1.0 -3.0 -3.0 -3.0 0.0 -2.0 -4.0 -2.0 -4.0 -1.0 -1.0 -1.0 -4.0 260.0 0.0 -1.0 -1.0 -2.0 -4.0 0.0 -3.0 -4.0 -2.0 -4.0 -4.0 
-3.0 -3.0 -1.0 0.0 -3.0 -1.0 -1.0 0.0 0.0 -3.0 0.0 -2.0 -2.0 -4.0 -4.0 -2.0 -3.0 -2.0 -1.0 0.0 -1.0 -1.0 0.0 -4.0 -4.0 -3.0 -1.0 -3.0 -3.0 -4.0 -4.0 0.0 0.0 -2.0 -1.0 0.0 -4.0 -4.0 -2.0 -4.0 -3.0 0.0 0.0 -1.0 0.0 0.0 -2.0 0.0 -1.0 -1.0 -2.0 -3.0 0.0 -3.0 -3.0 -3.0 -1.0 0.0 -1.0 -3.0 -3.0 -3.0 -4.0 0.0 -3.0 -3.0 -2.0 -2.0 -2.0 -2.0 -1.0 -2.0 -4.0 -3.0 -3.0 0.0 -4.0 -2.0 -4.0 0.0 -1.0 -4.0 -4.0 -3.0 -3.0 -2.0 -2.0 0.0 -4.0 -3.0 -3.0 -3.0 -4.0 -3.0 -4.0 -3.0 -3.0 -1.0 -1.0 -1.0 -2.0 -3.0 -2.0 -3.0 236.0 0.0 -4.0 -1.0 -2.0 -4.0 -2.0 -2.0 -2.0 -3.0 0.0 
-4.0 0.0 -1.0 -2.0 -4.0 -3.0 -1.0 -2.0 -1.0 -4.0 -4.0 -3.0 -2.0 -4.0 -2.0 -2.0 -4.0 -3.0 -2.0 -3.0 -2.0 -1.0 -4.0 -4.0 -3.0 -1.0 -1.0 -3.0 0.0 -1.0 -1.0 -4.0 -4.0 0.0 -2.0 0.0 -3.0 0.0 -4.0 0.0 -4.0 -4.0 -4.0 0.0 -4.0 -1.0 -2.0 -4.0 -3.0 0.0 -1.0 -4.0 -3.0 -4.0 -3.0 -4.0 -1.0 -1.0 -4.0 0.0 -3.0 -2.0 0.0 -2.0 -3.0 -3.0 -1.0 -3.0 -2.0 -2.0 0.0 -3.0 -1.0 -1.0 -4.0 -3.0 0.0 0.0 0.0 -3.0 -2.0 -3.0 0.0 -3.0 -1.0 -4.0 0.0 -4.0 0.0 -3.0 -4.0 -4.0 -4.0 -3.0 -3.0 -4.0 -1.0 0.0 -2.0 -1.0 -3.0 -2.0 -3.0 -4.0 -4.0 260.0 -3.0 -4.0 -1.0 -4.0 -1.0 -1.0 -3.0 -3.0 -2.0 
-4.0 -2.0 -3.0 -2.0 0.0 0.0 0.0 -1.0 -2.0 -2.0 -4.0 -4.0 -1.0 0.0 -2.0 -2.0 -3.0 -2.0 0.0 -3.0 -3.0 -1.0 -4.0 0.0 -1.0 -1.0 -4.0 -1.0 -2.0 -1.0 -2.0 -4.0 -2.0 -3.0 -4.0 0.0 -2.0 -3.0 -2.0 -3.0 -1.0 0.0 -4.0 -2.0 -4.0 -4.0 -1.0 0.0 -4.0 -4.0 -2.0 -1.0 -3.0 -2.0 0.0 0.0 -1.0 -4.0 0.0 -1.0 -2.0 -4.0 -4.0 -4.0 -2.0 -2.0 -2.0 -2.0 -3.0 -4.0 -3.0 0.0 0.0 -2.0 -2.0 -2.0 -4.0 0.0 -1.0 -3.0 -2.0 -1.0 0.0 -2.0 0.0 -1.0 0.0 -2.0 -2.0 -4.0 -3.0 -1.0 -4.0 0.0 0.0 -4.0 -1.0 -4.0 0.0 0.0 0.0 0.0 0.0 -2.0 -3.0 -4.0 225.0 -1.0 -3.0 -3.0 -1.0 -3.0 -3.0 -3.0 -4.0 
-1.0 -2.0 0.0 -2.0 -3.0 0.0 -1.0 -3.0 -4.0 -3.0 -1.0 -2.0 0.0 -4.0 -3.0 -1.0 -1.0 -4.0 -2.0 -1.0 -2.0 -4.0 -1.0 -4.0 -3.0 0.0 -1.0 -4.0 -3.0 0.0 -2.0 -3.0 -1.0 -3.0 -4.0 -4.0 -4.0 -2.0 -4.0 -1.0 -2.0 -4.0 -2.0 -4.0 -2.0 -4.0 -2.0 -4.0 0.0 -1.0 -1.0 -1.0 -3.0 0.0 -3.0 0.0 0.0 0.0 -2.0 -4.0 -2.0 -2.0 -4.0 0.0 -2.0 -2.0 -1.0 0.0 -2.0 -3.0 -2.0 -2.0 0.0 -2.0 0.0 -2.0 0.0 -1.0 -4.0 -3.0 -2.0 0.0 -4.0 0.0 -4.0 -2.0 -1.0 -4.0 -1.0 0.0 -2.0 0.0 -1.0 -1.0 0.0 -3.0 -1.0 -1.0 -3.0 -1.0 0.0 -3.0 -1.0 -1.0 -3.0 -4.0 -3.0 218.0 0.0 0.0 -4.0 -4.0 0.0 -2.0 -1.0 
-3.0 0.0 -3.0 0.0 -1.0 -2.0 -2.0 -3.0 -3.0 -3.0 -2.0 -4.0 -3.0 0.0 -1.0 -3.0 -1.0 -4.0 -2.0 -2.0 -3.0 -1.0 -4.0 -4.0 -4.0 -1.0 -2.0 0.0 -1.0 -1.0 -2.0 -1.0 -2.0 0.0 -4.0 0.0 -4.0 -4.0 -3.0 -2.0 -2.0 -2.0 -1.0 -2.0 -4.0 -4.0 -4.0 -2.0 -1.0 -2.0 -3.0 -1.0 -4.0 0.0 -2.0 -3.0 -4.0 0.0 -3.0 -4.0 -2.0 0.0 -3.0 0.0 -1.0 -3.0 -3.0 -2.0 -4.0 0.0 -1.0 -3.0 0.0 0.0 -1.0 0.0 -4.0 -2.0 -1.0 -3.0 -3.0 -3.0 -1.0 -4.0 0.0 -3.0 -1.0 -3.0 -3.0 -2.0 0.0 -4.0 -4.0 0.0 0.0 -2.0 -1.0 -2.0 0.0 0.0 -1.0 -4.0 0.0 -4.0 -4.0 -1.0 0.0 0.0 228.0 -4.0 0.0 -3.0 0.0 -4.0 -1.0 
-2.0 -4.0 -4.0 -2.0 0.0 -3.0 -3.0 -2.0 -4.0 -4.0 -3.0 -1.0 0.0 -4.0 -3.0 -4.0 -1.0 -3.0 -2.0 0.0 0.0 -1.0 -3.0 -3.0 -3.0 0.0 -4.0 -4.0 -2.0 -1.0 -3.0 -1.0 -2.0 -3.0 -4.0 -3.0 -3.0 0.0 -4.0 0.0 -1.0 -2.0 0.0 -1.0 -3.0 -1.0 -2.0 -4.0 -4.0 -1.0 -4.0 -3.0 0.0 0.0 -2.0 -1.0 -2.0 -1.0 0.0 0.0 -2.0 -3.0 -1.0 -4.0 -2.0 0.0 -3.0 -2.0 -3.0 -4.0 0.0 0.0 0.0 -3.0 -1.0 -2.0 -2.0 -4.0 -2.0 -3.0 -4.0 -3.0 -3.0 -2.0 -1.0 0.0 -1.0 -2.0 -4.0 -1.0 -3.0 -4.0 -1.0 0.0 -3.0 -1.0 0.0 -4.0 -4.0 -1.0 -2.0 -1.0 0.0 -2.0 -2.0 -4.0 -2.0 -2.0 0.0 227.0 0.0 -1.0 0.0 -3.0 0.0 
-1.0 -4.0 -1.0 -4.0 -4.0 -3.0 -1.0 -3.0 -4.0 -4.0 -3.0 -2.0 -3.0 -1.0 0.0 -2.0 -4.0 -2.0 -4.0 -4.0 -3.0 0.0 -2.0 -1.0 -2.0 -1.0 -2.0 -3.0 0.0 -4.0 -2.0 -4.0 -4.0 -4.0 -2.0 -4.0 -3.0 -1.0 0.0 -3.0 0.0 0.0 -4.0 -2.0 -3.0 -3.0 -4.0 0.0 0.0 -3.0 -4.0 -1.0 -3.0 -4.0 -2.0 0.0 0.0 -2.0 -2.0 -2.0 -4.0 -2.0 -4.0 -4.0 0.0 0.0 -2.0 -4.0 -1.0 -4.0 0.0 -2.0 -4.0 -2.0 -4.0 -2.0 -4.0 -2.0 -4.0 -3.0 0.0 -3.0 -4.0 -4.0 -3.0 -3.0 -4.0 -3.0 0.0 -3.0 -3.0 -3.0 -1.0 0.0 -1.0 -2.0 0.0 -1.0 0.0 -1.0 -3.0 0.0 -2.0 -4.0 0.0 -2.0 -4.0 -4.0 0.0 -1.0 249.0 0.0 0.0 0.0 0.0 
-4.0 -2.0 -3.0 -1.0 -2.0 -3.0 -2.0 0.0 -1.0 -1.0 0.0 -1.0 -3.0 0.0 -4.0 -3.0 -1.0 -2.0 -1.0 -3.0 -1.0 -2.0 -1.0 -3.0 -3.0 -2.0 0.0 -4.0 -3.0 -1.0 -4.0 -3.0 -4.0 -4.0 -3.0 -3.0 0.0 -3.0 -1.0 -2.0 -2.0 0.0 -3.0 -3.0 -3.0 -2.0 0.0 -1.0 0.0 -2.0 -2.0 0.0 -2.0 -2.0 0.0 -2.0 -4.0 0.0 -2.0 0.0 -4.0 -4.0 -2.0 0.0 -1.0 -3.0 -4.0 -4.0 -2.0 -2.0 -4.0 -1.0 -3.0 0.0 0.0 -2.0 -3.0 -1.0 -3.0 -2.0 -2.0 -4.0 -3.0 -3.0 -3.0 -4.0 -3.0 0.0 -1.0 -3.0 -3.0 -3.0 -3.0 -1.0 -1.0 0.0 -2.0 -3.0 -3.0 0.0 -2.0 -1.0 -4.0 -3.0 -4.0 0.0 -2.0 -3.0 -2.0 -3.0 0.0 234.0 -2.0 -3.0 -1.0 
-3.0 -2.0 0.0 -1.0 -1.0 -2.0 -2.0 -1.0 -3.0 -2.0 -1.0 -4.0 -4.0 0.0 -3.0 0.0 -2.0 -4.0 0.0 -3.0 -1.0 -2.0 -3.0 -4.0 0.0 -1.0 -2.0 -4.0 -3.0 -1.0 0.0 -4.0 -4.0 0.0 -4.0 -2.0 -2.0 -3.0 -4.0 -2.0 -3.0 -3.0 0.0 -3.0 0.0 0.0 0.0 -4.0 -3.0 -2.0 -1.0 -4.0 -4.0 -1.0 -4.0 -4.0 0.0 0.0 -4.0 -4.0 -4.0 0.0 -4.0 0.0 0.0 -4.0 -2.0 -1.0 -3.0 -3.0 0.0 -1.0 -4.0 -2.0 -2.0 -1.0 -3.0 -3.0 -1.0 -3.0 -4.0 -1.0 -1.0 -3.0 -1.0 -1.0 -2.0 -2.0 -2.0 -3.0 -4.0 -2.0 -2.0 -3.0 -4.0 -2.0 -1.0 -1.0 -2.0 -4.0 -4.0 -1.0 0.0 -3.0 0.0 0.0 -3.0 0.0 -2.0 -2.0 -4.0 -3.0 241.0 -4.0 -1.0 
-3.0 -2.0 -3.0 0.0 -1.0 0.0 -1.0 0.0 -1.0 0.0 -1.0 -3.0 -1.0 -1.0 -2.0 -1.0 -3.0 -4.0 -4.0 -3.0 -2.0 -2.0 0.0 0.0 -1.0 -3.0 -3.0 -2.0 0.0 -4.0 -4.0 -2.0 -2.0 -4.0 0.0 -1.0 -4.0 -1.0 -3.0 -3.0 -2.0 -2.0 -4.0 -3.0 0.0 -4.0 -2.0 -2.0 -3.0 -2.0 -1.0 -2.0 -3.0 -3.0 -4.0 -1.0 -3.0 -2.0 0.0 -2.0 -1.0 -2.0 -4.0 -1.0 -4.0 -4.0 -1.0 -2.0 -2.0 -2.0 -1.0 -1.0 -4.0 -3.0 -1.0 0.0 -2.0 -2.0 -4.0 -2.0 -3.0 -4.0 -4.0 -4.0 -2.0 -4.0 -2.0 -3.0 -3.0 -2.0 -1.0 -1.0 0.0 -4.0 0.0 -4.0 -1.0 -4.0 -2.0 -3.0 -2.0 -2.0 -4.0 -3.0 -1.0 -4.0 0.0 -1.0 0.0 -1.0 -3.0 -3.0 -4.0 246.0 -4.0 
-3.0 -2.0 -3.0 -3.0 -4.0 -1.0 -2.0 -1.0 0.0 -1.0 0.0 -1.0 0.0 -4.0 -1.0 -2.0 -2.0 -3.0 -1.0 -1.0 -4.0 0.0 -4.0 0.0 -2.0 -2.0 0.0 -2.0 -2.0 -4.0 -1.0 -1.0 -2.0 -4.0 -4.0 -2.0 -3.0 -3.0 -4.0 -3.0 -1.0 -1.0 -1.0 0.0 -2.0 0.0 -2.0 -2.0 -2.0 -2.0 -2.0 -2.0 -1.0 -2.0 -4.0 -3.0 -3.0 0.0 -4.0 0.0 -3.0 0.0 -3.0 0.0 -2.0 -4.0 -4.0 -4.0 -2.0 -3.0 -3.0 -4.0 -2.0 -2.0 -1.0 -3.0 -1.0 -1.0 -2.0 -1.0 -1.0 -3.0 0.0 -4.0 -3.0 -3.0 -3.0 0.0 0.0 -4.0 -3.0 -4.0 -2.0 -3.0 -1.0 -1.0 -4.0 -3.0 -2.0 -1.0 0.0 -2.0 -2.0 -1.0 -1.0 -2.0 0.0 -1.0 -4.0 -3.0 -1.0 -1.0 -2.0 0.0 226.0 
