143.9936 -4.0 -1.0 -1.0 -2.0 -1.0 -2.0 -3.0 -4.0 -1.0 -3.0 -2.0 -3.0 -3.0 -3.0 -3.0 -4.0 -2.0 0.0 -4.0 -4.0 -1.0 -1.0 -2.0 0.0 -2.0 -2.0 -2.0 0.0 -3.0 -3.0 -3.0 -1.0 -1.0 -4.0 -1.0 -3.0 -3.0 -4.0 -1.0 -4.0 -1.0 -4.0 -4.0 -2.0 -4.0 -1.0 -4.0 -1.0 -3.0 -1.0 -2.0 0.0 -3.0 -4.0 -1.0 -1.0 -3.0 0.0 -2.0 -2.0 -2.0 -2.0 -2.0 -4.0 
-4.0 126.0 -4.0 0.0 -2.0 -1.0 -2.0 -2.0 -4.0 -2.0 -2.0 -1.0 -2.0 -3.0 0.0 0.0 -1.0 -1.0 0.0 -3.0 -4.0 -2.0 0.0 0.0 0.0 -2.0 -2.0 -4.0 0.0 -1.0 -3.0 -2.0 -4.0 -2.0 -1.0 -2.0 0.0 -1.0 -3.0 -4.0 -4.0 -1.0 -3.0 -3.0 0.0 -3.0 -2.0 -2.0 -3.0 -4.0 -4.0 -3.0 -1.0 0.0 -4.0 -1.0 -2.0 -1.0 -2.0 0.0 0.0 -2.0 -3.0 -4.0 -3.0 
-3.0 -1.0 107.0 -3.0 -1.0 0.0 -4.0 -2.0 -4.0 -4.0 0.0 -4.0 -1.0 0.0 -3.0 -2.0 -1.0 0.0 -1.0 -2.0 -3.0 -4.0 -2.0 -2.0 0.0 -1.0 -4.0 -1.0 0.0 0.0 0.0 0.0 -1.0 -1.0 0.0 -1.0 -3.0 -2.0 -1.0 0.0 -4.0 -1.0 -3.0 0.0 -3.0 0.0 -2.0 0.0 0.0 0.0 -4.0 0.0 -2.0 -3.0 0.0 -1.0 -3.0 0.0 -4.0 0.0 -4.0 -2.0 -4.0 -3.0 -2.0 
-2.0 -2.0 -1.0 123.0 -2.0 -3.0 -2.0 -3.0 -3.0 -3.0 -1.0 0.0 -2.0 -4.0 -3.0 0.0 0.0 -3.0 0.0 -1.0 -1.0 -3.0 -1.0 -1.0 0.0 0.0 -4.0 0.0 -3.0 -4.0 -1.0 -1.0 -4.0 -2.0 -1.0 -4.0 -1.0 -2.0 0.0 -1.0 -3.0 -3.0 0.0 -1.0 0.0 -2.0 -2.0 -2.0 0.0 -4.0 -1.0 -3.0 -3.0 -3.0 -2.0 -3.0 -3.0 -2.0 -3.0 -3.0 -4.0 0.0 -4.0 0.0 -3.0 
-2.0 -2.0 -4.0 -3.0 123.0 -4.0 -3.0 -2.0 -1.0 -1.0 -2.0 0.0 -3.0 -2.0 0.0 -1.0 -3.0 -2.0 0.0 -3.0 0.0 -2.0 -2.0 -1.0 -3.0 -2.0 -2.0 -2.0 -3.0 -2.0 -1.0 -4.0 0.0 0.0 -4.0 -3.0 -1.0 -4.0 -1.0 0.0 -3.0 -4.0 -2.0 -1.0 -2.0 -1.0 0.0 -3.0 -2.0 0.0 -4.0 -2.0 -2.0 0.0 0.0 0.0 -2.0 0.0 -4.0 -4.0 -2.0 -2.0 -4.0 0.0 -4.0 
-2.0 0.0 -2.0 -1.0 -2.0 126.0 -1.0 -3.0 -4.0 0.0 -3.0 -1.0 0.0 -2.0 -3.0 -3.0 -4.0 -3.0 -4.0 0.0 -2.0 -1.0 -1.0 -3.0 -1.0 0.0 -1.0 -3.0 -4.0 -3.0 0.0 -2.0 -3.0 -2.0 -2.0 -2.0 -3.0 -1.0 -2.0 0.0 -2.0 -4.0 -2.0 -1.0 -4.0 -2.0 -4.0 -1.0 -2.0 0.0 0.0 -3.0 -1.0 -1.0 0.0 -1.0 -2.0 -2.0 -3.0 -4.0 -1.0 -1.0 -3.0 -4.0 -4.0 
0.0 -3.0 0.0 -4.0 -3.0 -3.0 141.0 -2.0 -2.0 -1.0 0.0 -3.0 -2.0 0.0 -4.0 -2.0 -3.0 -4.0 0.0 -4.0 0.0 -3.0 -2.0 -3.0 -2.0 -1.0 -2.0 -3.0 -4.0 -3.0 0.0 -3.0 -3.0 -1.0 -4.0 -3.0 -4.0 0.0 -4.0 -2.0 -2.0 -4.0 -2.0 -4.0 -3.0 -3.0 -1.0 -3.0 -1.0 0.0 -1.0 0.0 -3.0 0.0 -4.0 0.0 0.0 -3.0 -3.0 -4.0 -3.0 -3.0 -2.0 -4.0 -1.0 
-1.0 -2.0 0.0 0.0 -2.0 -3.0 0.0 127.0 -2.0 -1.0 -4.0 -1.0 -3.0 -4.0 -3.0 -4.0 -2.0 0.0 0.0 -3.0 -4.0 0.0 -4.0 -3.0 -3.0 -2.0 -2.0 0.0 -1.0 -3.0 -3.0 0.0 -3.0 -1.0 -2.0 -1.0 -3.0 0.0 -2.0 -1.0 -1.0 -4.0 -2.0 -1.0 -3.0 -3.0 -2.0 0.0 -3.0 -2.0 -2.0 -2.0 0.0 -3.0 -2.0 -4.0 -1.0 -3.0 -4.0 -2.0 -3.0 -4.0 0.0 -3.0 0.0 
-1.0 -4.0 -4.0 -1.0 -2.0 0.0 0.0 -2.0 116.0 -2.0 -3.0 -1.0 -3.0 -1.0 -1.0 0.0 0.0 0.0 -3.0 0.0 0.0 -2.0 -2.0 -4.0 -3.0 -2.0 -2.0 -4.0 -2.0 -3.0 -3.0 0.0 -4.0 -2.0 0.0 -3.0 0.0 -2.0 -1.0 -2.0 -1.0 -1.0 -1.0 -2.0 -4.0 0.0 -4.0 -3.0 -2.0 -2.0 -2.0 -3.0 -2.0 0.0 -4.0 -1.0 -3.0 -1.0 -2.0 -2.0 -2.0 -1.0 -1.0 0.0 -3.0 
-3.0 -3.0 -2.0 -2.0 -4.0 0.0 -2.0 0.0 0.0 122.0 -2.0 -1.0 -4.0 -3.0 -4.0 0.0 -4.0 0.0 -2.0 -1.0 -3.0 -1.0 -3.0 -3.0 -2.0 0.0 -3.0 -4.0 -2.0 -3.0 0.0 -1.0 -3.0 0.0 0.0 -2.0 0.0 -3.0 -1.0 -3.0 -1.0 -4.0 0.0 0.0 -4.0 -2.0 0.0 -2.0 0.0 -1.0 0.0 0.0 -3.0 -4.0 -3.0 -2.0 -1.0 -4.0 0.0 -1.0 -4.0 -4.0 -1.0 -4.0 -3.0 
-4.0 -4.0 -3.0 -3.0 -4.0 -1.0 -4.0 -1.0 -2.0 0.0 141.0 -3.0 -3.0 -2.0 -2.0 -4.0 -4.0 -2.0 -3.0 -1.0 -4.0 -1.0 -4.0 -3.0 -4.0 -2.0 -1.0 0.0 -3.0 -2.0 -1.0 -1.0 0.0 -1.0 0.0 0.0 -2.0 -1.0 -4.0 0.0 -2.0 -3.0 -2.0 -3.0 -4.0 -4.0 -3.0 -4.0 -3.0 -3.0 -4.0 -4.0 0.0 -4.0 -2.0 -2.0 -1.0 0.0 0.0 0.0 -4.0 -1.0 0.0 -3.0 -1.0 
-2.0 -2.0 -2.0 -1.0 -4.0 -3.0 -3.0 -3.0 -3.0 0.0 -2.0 130.0 -3.0 -1.0 -4.0 -2.0 -4.0 -4.0 -4.0 -1.0 -1.0 0.0 -4.0 -1.0 0.0 -2.0 -2.0 0.0 -1.0 0.0 -4.0 -2.0 -2.0 -4.0 -1.0 -4.0 -4.0 -4.0 0.0 -2.0 -1.0 -3.0 -4.0 0.0 0.0 -4.0 0.0 -3.0 -2.0 0.0 -2.0 -4.0 -1.0 0.0 0.0 -1.0 -1.0 -4.0 -1.0 -2.0 -2.0 -3.0 -3.0 -2.0 -1.0 
-3.0 -1.0 -4.0 0.0 0.0 -1.0 -3.0 -3.0 -2.0 -3.0 -4.0 -1.0 127.0 0.0 -4.0 -4.0 -3.0 -3.0 -3.0 -4.0 -3.0 0.0 -2.0 -3.0 -4.0 -1.0 0.0 -3.0 -2.0 0.0 0.0 -2.0 -3.0 0.0 -4.0 -2.0 -3.0 -1.0 -4.0 -2.0 -1.0 0.0 -2.0 0.0 -3.0 0.0 -4.0 -2.0 -4.0 -1.0 -2.0 -3.0 -3.0 -2.0 -3.0 0.0 -2.0 -3.0 -2.0 0.0 -2.0 0.0 0.0 0.0 -3.0 
-2.0 0.0 -1.0 -3.0 -4.0 -4.0 -3.0 0.0 0.0 -3.0 -4.0 -1.0 0.0 119.0 -3.0 -4.0 -1.0 0.0 -1.0 -1.0 -2.0 0.0 -4.0 -3.0 -3.0 0.0 -4.0 -3.0 -1.0 -4.0 -2.0 -4.0 0.0 0.0 0.0 -4.0 -3.0 -2.0 -2.0 -1.0 -4.0 -4.0 -4.0 -2.0 -4.0 0.0 -3.0 0.0 -2.0 -1.0 -1.0 0.0 -2.0 -3.0 -1.0 -3.0 0.0 -1.0 0.0 -2.0 -4.0 -1.0 0.0 0.0 0.0 
-4.0 0.0 0.0 -1.0 -4.0 -4.0 -4.0 -3.0 -1.0 -1.0 -3.0 -4.0 -3.0 -2.0 144.0 -4.0 -4.0 -1.0 -3.0 -4.0 -2.0 0.0 -1.0 -4.0 -3.0 -3.0 -1.0 -3.0 -4.0 -2.0 -3.0 -1.0 -2.0 -2.0 -1.0 -2.0 -4.0 -3.0 -4.0 -4.0 -1.0 -2.0 -1.0 0.0 -1.0 -4.0 -4.0 -3.0 -4.0 -1.0 -2.0 -2.0 0.0 -4.0 0.0 -1.0 -1.0 -1.0 -4.0 0.0 -4.0 -1.0 0.0 -3.0 -1.0 
-3.0 0.0 -2.0 0.0 -4.0 -3.0 -3.0 -3.0 -2.0 -1.0 -4.0 -4.0 -1.0 -2.0 -3.0 149.0 -3.0 0.0 -1.0 -3.0 -3.0 -4.0 -3.0 -1.0 -1.0 -4.0 -4.0 -4.0 0.0 -2.0 -3.0 -3.0 -3.0 0.0 -1.0 -4.0 -4.0 -4.0 0.0 -3.0 -1.0 -4.0 -4.0 -2.0 0.0 -2.0 -3.0 -4.0 -3.0 -2.0 -3.0 -2.0 -2.0 -2.0 -3.0 -1.0 -3.0 -4.0 0.0 -4.0 -3.0 -1.0 -2.0 0.0 -1.0 
-2.0 -4.0 0.0 -4.0 -1.0 -2.0 -2.0 -1.0 -2.0 -2.0 -2.0 0.0 -2.0 -1.0 -4.0 -3.0 127.0 -1.0 -1.0 0.0 0.0 -2.0 -1.0 -3.0 0.0 -3.0 -2.0 -2.0 -4.0 -4.0 -4.0 -4.0 -2.0 0.0 -1.0 -3.0 -4.0 -3.0 0.0 -3.0 -4.0 -4.0 -4.0 -1.0 0.0 -3.0 -2.0 -2.0 -1.0 -1.0 -2.0 -4.0 -1.0 -4.0 -4.0 -1.0 -1.0 -1.0 -1.0 0.0 -1.0 -1.0 -1.0 -2.0 -2.0 
-4.0 -1.0 -1.0 -2.0 -2.0 -1.0 -3.0 -3.0 -4.0 -1.0 -1.0 -1.0 -2.0 -4.0 -2.0 -2.0 -1.0 121.0 -2.0 -3.0 -4.0 -1.0 -1.0 -1.0 -1.0 -1.0 -3.0 -3.0 -1.0 0.0 0.0 -1.0 0.0 -1.0 -3.0 0.0 -1.0 -1.0 -4.0 -1.0 -1.0 -3.0 -2.0 0.0 -4.0 -2.0 0.0 -2.0 -3.0 -3.0 -3.0 -3.0 -1.0 -2.0 -3.0 -3.0 -2.0 -1.0 -4.0 -4.0 -2.0 -2.0 -1.0 0.0 -2.0 
-4.0 -1.0 0.0 -4.0 -2.0 -4.0 -3.0 -3.0 -1.0 -1.0 0.0 -3.0 -2.0 -4.0 0.0 -1.0 -4.0 -2.0 121.0 0.0 -4.0 -2.0 -2.0 -3.0 -3.0 -2.0 0.0 -4.0 0.0 -2.0 -1.0 -3.0 -3.0 -3.0 -3.0 -1.0 -2.0 0.0 -4.0 0.0 -4.0 -1.0 -2.0 -3.0 -2.0 -3.0 0.0 -1.0 -1.0 0.0 -1.0 0.0 0.0 0.0 -2.0 -2.0 0.0 -4.0 -4.0 -2.0 -4.0 -2.0 0.0 -1.0 -1.0 
-2.0 -1.0 -3.0 0.0 0.0 -3.0 -1.0 -3.0 -1.0 -3.0 0.0 -3.0 -1.0 -1.0 0.0 -3.0 -2.0 -2.0 -4.0 125.0 -1.0 -2.0 -4.0 -4.0 -4.0 -2.0 -2.0 -1.0 0.0 0.0 -1.0 -3.0 -2.0 -3.0 -3.0 -1.0 -1.0 -3.0 -4.0 -2.0 0.0 -3.0 -1.0 -4.0 0.0 -4.0 -1.0 0.0 -2.0 -3.0 -1.0 -2.0 0.0 -4.0 0.0 -4.0 -1.0 -3.0 -4.0 -3.0 -1.0 0.0 -2.0 -4.0 -2.0 
0.0 -4.0 0.0 0.0 -2.0 0.0 -2.0 -3.0 -1.0 -4.0 -4.0 -3.0 -3.0 -2.0 -1.0 0.0 -2.0 -2.0 -4.0 -2.0 119.0 -1.0 -1.0 -2.0 -3.0 -2.0 -1.0 -3.0 -3.0 -2.0 0.0 0.0 -2.0 -3.0 -3.0 -4.0 0.0 -2.0 -1.0 -3.0 0.0 -1.0 0.0 -1.0 0.0 -3.0 -2.0 -4.0 -4.0 -1.0 0.0 -4.0 0.0 -2.0 -1.0 -1.0 -1.0 -4.0 -3.0 -3.0 0.0 -1.0 -2.0 -3.0 -3.0 
-3.0 -1.0 -2.0 -1.0 -4.0 -1.0 -3.0 -3.0 -3.0 -1.0 0.0 -2.0 -1.0 -1.0 -2.0 -1.0 -1.0 -3.0 -1.0 -3.0 -2.0 136.0 0.0 -4.0 0.0 0.0 0.0 -4.0 -3.0 -4.0 -4.0 -1.0 -2.0 -4.0 -4.0 0.0 -4.0 -3.0 -3.0 -3.0 -4.0 -4.0 -4.0 0.0 -1.0 -2.0 0.0 -3.0 -1.0 -2.0 -1.0 -2.0 -2.0 0.0 -4.0 0.0 -3.0 -3.0 -2.0 -4.0 -2.0 -3.0 -1.0 -3.0 -3.0 
-3.0 0.0 -1.0 0.0 -1.0 -1.0 -3.0 -3.0 -2.0 -1.0 -1.0 -1.0 0.0 -4.0 -2.0 -3.0 -2.0 -1.0 -3.0 -3.0 -1.0 -3.0 135.0 -1.0 -2.0 -1.0 -3.0 -4.0 -3.0 -1.0 -2.0 -2.0 -3.0 -4.0 -4.0 0.0 -3.0 -3.0 -4.0 -4.0 -3.0 -3.0 0.0 -1.0 -3.0 -3.0 -4.0 -1.0 -2.0 0.0 -2.0 -4.0 -3.0 0.0 -3.0 -3.0 -1.0 -3.0 -1.0 -4.0 -3.0 -3.0 0.0 0.0 -2.0 
-3.0 -1.0 -3.0 0.0 -1.0 -4.0 -3.0 -3.0 0.0 0.0 -4.0 -3.0 -1.0 -3.0 -2.0 0.0 0.0 -1.0 -2.0 -1.0 -1.0 -1.0 -4.0 120.0 0.0 -3.0 -3.0 -4.0 -1.0 0.0 -4.0 0.0 -3.0 0.0 -3.0 0.0 -3.0 0.0 -3.0 -4.0 -1.0 -2.0 -3.0 -2.0 -2.0 -1.0 0.0 -1.0 0.0 -3.0 -4.0 -3.0 -2.0 0.0 -4.0 -2.0 0.0 0.0 -2.0 -3.0 -3.0 -4.0 -1.0 -4.0 -1.0 
-1.0 -2.0 -4.0 0.0 -2.0 -1.0 -3.0 -2.0 -1.0 -1.0 -3.0 -1.0 -2.0 -1.0 -1.0 -1.0 0.0 -4.0 -3.0 -2.0 -2.0 0.0 -3.0 -1.0 125.0 -1.0 -1.0 0.0 -4.0 -2.0 -3.0 -4.0 -3.0 -3.0 -3.0 -3.0 -2.0 -2.0 -3.0 0.0 0.0 0.0 -4.0 -4.0 -4.0 -2.0 -4.0 -3.0 -3.0 -2.0 0.0 -1.0 -3.0 -3.0 0.0 -1.0 0.0 -3.0 -4.0 0.0 -4.0 -2.0 -2.0 0.0 -1.0 
-4.0 0.0 -3.0 -3.0 -1.0 -4.0 0.0 -2.0 -4.0 -2.0 -2.0 -2.0 -2.0 -1.0 -3.0 -1.0 -3.0 -2.0 -3.0 -4.0 0.0 0.0 -1.0 -2.0 -4.0 136.0 -2.0 0.0 -2.0 0.0 -2.0 -3.0 -3.0 -2.0 0.0 -1.0 -4.0 -1.0 -4.0 -1.0 -1.0 -1.0 -4.0 -2.0 -4.0 -3.0 -3.0 -1.0 -3.0 -1.0 -4.0 -4.0 -3.0 -2.0 -4.0 -2.0 -1.0 0.0 -1.0 0.0 -3.0 -4.0 -3.0 -3.0 -1.0 
-1.0 -2.0 -4.0 -3.0 0.0 -4.0 -1.0 -2.0 -1.0 -2.0 -1.0 -4.0 -1.0 -2.0 -1.0 -4.0 0.0 -3.0 -2.0 -3.0 0.0 -1.0 0.0 -2.0 -3.0 -1.0 132.0 -3.0 -3.0 -1.0 0.0 -1.0 -4.0 -4.0 0.0 0.0 0.0 -2.0 -1.0 -1.0 -1.0 -4.0 -4.0 -2.0 0.0 -2.0 -3.0 -3.0 -4.0 -2.0 -1.0 -2.0 -4.0 -4.0 -3.0 -2.0 -2.0 -3.0 -2.0 -4.0 0.0 -4.0 -4.0 -4.0 0.0 
0.0 -1.0 -1.0 -1.0 -3.0 0.0 -4.0 -4.0 -3.0 -4.0 0.0 -3.0 -3.0 -1.0 -3.0 -4.0 -1.0 -4.0 -2.0 -1.0 0.0 -4.0 -1.0 -4.0 -4.0 -3.0 -2.0 134.0 -1.0 -3.0 -2.0 -3.0 -1.0 -4.0 -4.0 -4.0 -2.0 -1.0 -2.0 0.0 0.0 0.0 -1.0 -3.0 -2.0 -1.0 -2.0 -1.0 -2.0 -4.0 0.0 -2.0 -1.0 -4.0 0.0 -4.0 -1.0 -2.0 -2.0 -2.0 -2.0 -1.0 -1.0 -4.0 -4.0 
-2.0 -2.0 -4.0 -2.0 0.0 -1.0 -1.0 -4.0 -1.0 -2.0 -1.0 -1.0 -1.0 -4.0 0.0 -1.0 -4.0 0.0 -2.0 -4.0 -1.0 -3.0 -2.0 0.0 -4.0 0.0 -1.0 -3.0 122.0 -2.0 -4.0 -1.0 -3.0 -1.0 -4.0 -3.0 -3.0 0.0 0.0 -3.0 -4.0 -2.0 -3.0 -1.0 0.0 0.0 0.0 -1.0 0.0 -3.0 -2.0 -4.0 -2.0 -4.0 -1.0 -2.0 -1.0 0.0 0.0 -4.0 -4.0 -4.0 -4.0 0.0 -1.0 
-2.0 -1.0 -2.0 -1.0 -3.0 -3.0 0.0 -2.0 -2.0 -4.0 -2.0 -1.0 -4.0 -4.0 0.0 -2.0 -1.0 -4.0 -3.0 -2.0 -4.0 0.0 -3.0 -3.0 -1.0 -4.0 0.0 -1.0 -3.0 132.0 -3.0 -4.0 -1.0 -2.0 -3.0 -3.0 -2.0 0.0 -3.0 0.0 0.0 -3.0 -3.0 -3.0 -3.0 -1.0 0.0 -3.0 -3.0 -1.0 -4.0 0.0 -4.0 -2.0 0.0 -2.0 -4.0 0.0 -1.0 0.0 -3.0 -2.0 -3.0 -3.0 -1.0 
-3.0 -3.0 -4.0 -4.0 -2.0 -1.0 0.0 -4.0 -4.0 -1.0 -4.0 0.0 0.0 -1.0 -3.0 0.0 -3.0 0.0 -2.0 -4.0 -2.0 0.0 -4.0 -4.0 0.0 -1.0 -1.0 0.0 -2.0 -2.0 123.0 -2.0 0.0 -1.0 -2.0 -1.0 0.0 0.0 0.0 -1.0 -4.0 -1.0 0.0 -3.0 -1.0 -3.0 -2.0 0.0 -2.0 -3.0 -1.0 -3.0 -4.0 -2.0 -1.0 -3.0 -2.0 -2.0 -4.0 -2.0 -1.0 -4.0 -3.0 -2.0 -4.0 
-1.0 -2.0 -4.0 -2.0 -3.0 -1.0 -4.0 -4.0 -1.0 -2.0 -1.0 0.0 -4.0 -3.0 0.0 -4.0 -3.0 -4.0 -4.0 -1.0 0.0 -4.0 0.0 0.0 -2.0 -4.0 -2.0 -3.0 -1.0 -1.0 0.0 129.0 -1.0 -1.0 -2.0 0.0 -4.0 -3.0 -4.0 -4.0 -1.0 -3.0 -1.0 -2.0 -1.0 0.0 -3.0 0.0 -4.0 0.0 -3.0 -4.0 0.0 0.0 -4.0 0.0 -4.0 -1.0 0.0 -2.0 -3.0 -4.0 -1.0 -3.0 -1.0 
-2.0 -1.0 -4.0 -2.0 -4.0 -2.0 0.0 -4.0 -3.0 -2.0 0.0 0.0 -4.0 -1.0 -2.0 -1.0 -3.0 -2.0 -1.0 -2.0 -2.0 -1.0 -4.0 -3.0 -1.0 0.0 -2.0 -2.0 -4.0 -4.0 -2.0 0.0 118.0 -2.0 -1.0 0.0 -3.0 0.0 0.0 -3.0 -1.0 -2.0 -1.0 0.0 -2.0 -2.0 -1.0 -1.0 0.0 -3.0 0.0 -2.0 -3.0 -3.0 -4.0 -3.0 -1.0 -3.0 0.0 -3.0 0.0 -2.0 -3.0 -2.0 -2.0 
-3.0 -1.0 0.0 -3.0 -1.0 -2.0 -2.0 0.0 -2.0 0.0 -2.0 -3.0 -1.0 -2.0 -2.0 -1.0 -3.0 -4.0 -1.0 -2.0 -2.0 -3.0 -1.0 0.0 -2.0 0.0 0.0 0.0 0.0 -2.0 -3.0 -1.0 -1.0 112.0 -1.0 -1.0 -2.0 -1.0 -4.0 -1.0 -1.0 -3.0 -1.0 -4.0 -3.0 0.0 -1.0 -2.0 -1.0 0.0 -2.0 -1.0 -2.0 -4.0 -3.0 -1.0 -3.0 -4.0 -2.0 -3.0 -4.0 -3.0 0.0 -4.0 0.0 
-2.0 -3.0 -4.0 -3.0 0.0 0.0 -2.0 0.0 0.0 -4.0 -4.0 0.0 -2.0 -3.0 -3.0 -2.0 -2.0 -3.0 -2.0 -1.0 -4.0 0.0 -1.0 -4.0 -4.0 -1.0 -1.0 -2.0 -2.0 -2.0 -1.0 -4.0 0.0 -3.0 134.0 -1.0 -1.0 -1.0 -1.0 -3.0 0.0 -1.0 -3.0 -2.0 -4.0 -1.0 -4.0 -1.0 -1.0 -4.0 -1.0 -4.0 -2.0 -3.0 -1.0 -3.0 -2.0 0.0 -4.0 -3.0 -1.0 -3.0 -2.0 -4.0 -4.0 
0.0 -3.0 -3.0 -3.0 -1.0 -3.0 -4.0 -3.0 -2.0 -1.0 -2.0 -2.0 -3.0 0.0 -4.0 -3.0 -4.0 -4.0 0.0 -4.0 -2.0 -2.0 0.0 -4.0 -2.0 -4.0 -3.0 -3.0 -1.0 -2.0 -4.0 0.0 -2.0 -2.0 -4.0 143.0 -1.0 -1.0 -3.0 -4.0 -3.0 0.0 -2.0 0.0 -3.0 0.0 0.0 -3.0 -3.0 -3.0 -2.0 -3.0 -1.0 -4.0 0.0 -1.0 -4.0 -4.0 0.0 -4.0 0.0 -2.0 -1.0 -3.0 -4.0 
-4.0 -4.0 -3.0 -1.0 -3.0 -4.0 -4.0 -4.0 0.0 0.0 -4.0 -2.0 -1.0 0.0 -3.0 0.0 -1.0 0.0 -2.0 -3.0 -3.0 -2.0 -4.0 -4.0 -4.0 -4.0 -2.0 -1.0 -1.0 -2.0 -1.0 0.0 -1.0 -2.0 -2.0 -3.0 137.0 -1.0 -1.0 -1.0 -3.0 -2.0 -1.0 -1.0 -3.0 0.0 -4.0 -4.0 -4.0 0.0 -1.0 -1.0 -3.0 -4.0 -1.0 -1.0 -3.0 -4.0 -2.0 -4.0 0.0 -1.0 -4.0 -4.0 0.0 
-1.0 -2.0 -4.0 -3.0 -3.0 -1.0 0.0 -2.0 -3.0 -2.0 -3.0 -1.0 -1.0 -4.0 -4.0 -4.0 -2.0 -1.0 -2.0 -4.0 -3.0 -2.0 -3.0 -4.0 0.0 -4.0 -1.0 -1.0 -1.0 0.0 -4.0 -4.0 -1.0 -2.0 -2.0 0.0 0.0 128.0 -2.0 -4.0 -1.0 -1.0 -4.0 -2.0 -1.0 0.0 -3.0 -2.0 -1.0 -3.0 -1.0 -4.0 -2.0 -3.0 -1.0 -3.0 -1.0 -3.0 -1.0 -2.0 0.0 -1.0 -1.0 0.0 -2.0 
-3.0 0.0 -3.0 0.0 -3.0 -1.0 -2.0 -2.0 -2.0 -1.0 -1.0 -3.0 -4.0 -3.0 -4.0 -3.0 -1.0 -3.0 -4.0 -2.0 -1.0 -4.0 -4.0 -4.0 0.0 -3.0 -3.0 -1.0 -3.0 -1.0 -4.0 -1.0 0.0 -4.0 -4.0 -3.0 -3.0 -4.0 130.0 -2.0 -2.0 -1.0 -2.0 0.0 -1.0 -2.0 -1.0 -3.0 -3.0 0.0 -3.0 -2.0 0.0 -1.0 -2.0 -4.0 0.0 -2.0 -1.0 0.0 0.0 0.0 0.0 -4.0 -2.0 
-2.0 -1.0 -3.0 -1.0 -3.0 -3.0 -1.0 -2.0 -3.0 -4.0 0.0 -1.0 -4.0 0.0 0.0 -4.0 -4.0 -1.0 -4.0 -3.0 -2.0 -4.0 -4.0 -3.0 -4.0 -2.0 -1.0 0.0 -3.0 -4.0 -3.0 -2.0 -2.0 -1.0 -2.0 -4.0 -1.0 -4.0 0.0 144.0 -3.0 -2.0 -4.0 -3.0 -4.0 -4.0 -3.0 -2.0 -3.0 -2.0 -3.0 -3.0 -4.0 0.0 -2.0 0.0 -4.0 0.0 0.0 -2.0 -1.0 -2.0 -1.0 0.0 -2.0 
-2.0 0.0 -2.0 -2.0 -4.0 -3.0 -3.0 -3.0 -4.0 -3.0 -2.0 -1.0 -2.0 -3.0 -2.0 -3.0 -2.0 -4.0 -2.0 -4.0 -3.0 0.0 -4.0 0.0 0.0 0.0 0.0 -3.0 0.0 -4.0 0.0 -1.0 0.0 -4.0 -1.0 -2.0 -2.0 -3.0 0.0 0.0 113.0 -1.0 -3.0 -3.0 -1.0 0.0 0.0 -1.0 -1.0 0.0 -2.0 -1.0 -2.0 -3.0 0.0 0.0 -3.0 -3.0 -3.0 -2.0 -4.0 0.0 -2.0 0.0 0.0 
-2.0 -3.0 -1.0 -1.0 -3.0 -1.0 -1.0 -2.0 -3.0 0.0 -3.0 -3.0 -3.0 0.0 -3.0 -1.0 -2.0 -2.0 0.0 -2.0 -4.0 -1.0 0.0 -4.0 -1.0 -3.0 -3.0 -4.0 0.0 -2.0 -3.0 0.0 -1.0 -1.0 -3.0 -4.0 -3.0 -2.0 -1.0 0.0 -4.0 131.0 -2.0 -2.0 -2.0 0.0 0.0 -2.0 -1.0 -4.0 -4.0 -3.0 -3.0 -4.0 -1.0 -4.0 0.0 -2.0 -3.0 -3.0 0.0 -3.0 -3.0 -3.0 -2.0 
0.0 -1.0 -1.0 -2.0 0.0 -1.0 -3.0 -2.0 -1.0 -3.0 -2.0 -1.0 -3.0 -2.0 -2.0 -2.0 -1.0 -3.0 -3.0 -4.0 -1.0 -4.0 -2.0 -3.0 0.0 -4.0 0.0 -1.0 0.0 -3.0 -2.0 -4.0 -1.0 -4.0 0.0 -3.0 0.0 -1.0 -1.0 -4.0 -3.0 -3.0 106.0 -4.0 -2.0 -1.0 -1.0 0.0 0.0 0.0 -3.0 0.0 -1.0 -1.0 0.0 0.0 -1.0 -2.0 0.0 -1.0 -3.0 0.0 -2.0 0.0 -3.0 
0.0 -2.0 -3.0 0.0 -1.0 -3.0 -1.0 -1.0 -2.0 -1.0 -3.0 -3.0 -3.0 -4.0 -3.0 0.0 -2.0 0.0 -4.0 0.0 -4.0 -4.0 -2.0 -1.0 -1.0 -1.0 -4.0 -3.0 0.0 -1.0 -4.0 -4.0 -4.0 -1.0 0.0 -2.0 0.0 0.0 0.0 -1.0 -3.0 -3.0 -1.0 111.0 -2.0 -4.0 0.0 -1.0 -3.0 0.0 -2.0 0.0 -1.0 -1.0 0.0 -2.0 0.0 0.0 0.0 -4.0 -3.0 -4.0 -1.0 -3.0 0.0 
-3.0 -1.0 -2.0 -3.0 -3.0 0.0 -4.0 -3.0 0.0 -3.0 -2.0 -4.0 -3.0 -3.0 -3.0 -2.0 0.0 -4.0 -1.0 -2.0 0.0 -1.0 0.0 -4.0 0.0 -4.0 -3.0 -4.0 0.0 0.0 -2.0 -3.0 -4.0 -3.0 -2.0 -4.0 0.0 -3.0 -1.0 -4.0 -3.0 -3.0 0.0 -2.0 130.0 -1.0 -2.0 -3.0 -1.0 -2.0 0.0 -1.0 -1.0 -3.0 -1.0 -3.0 -2.0 -3.0 0.0 -1.0 -4.0 -3.0 0.0 0.0 -3.0 
-1.0 -3.0 -2.0 0.0 -3.0 -4.0 0.0 -2.0 0.0 -1.0 -4.0 -3.0 -2.0 -3.0 -2.0 -3.0 -2.0 -4.0 -4.0 -4.0 -4.0 -2.0 -1.0 0.0 -3.0 -3.0 -4.0 -3.0 0.0 -2.0 -2.0 -4.0 -1.0 -4.0 -4.0 -2.0 -2.0 -3.0 0.0 -2.0 -4.0 -1.0 -3.0 -2.0 -1.0 137.0 -2.0 0.0 -3.0 -3.0 0.0 -3.0 0.0 0.0 0.0 -4.0 -4.0 0.0 -1.0 -1.0 -3.0 0.0 -2.0 -3.0 -4.0 
0.0 -4.0 0.0 -3.0 0.0 -3.0 -1.0 -4.0 0.0 -3.0 -1.0 -3.0 -4.0 -3.0 -1.0 -3.0 -3.0 -2.0 -2.0 -2.0 -2.0 0.0 -3.0 0.0 -2.0 -1.0 -4.0 -3.0 -4.0 0.0 0.0 -2.0 -1.0 -3.0 0.0 0.0 -1.0 -3.0 0.0 -2.0 0.0 -4.0 -4.0 -3.0 -1.0 -3.0 127.0 -3.0 -3.0 -2.0 -1.0 -3.0 -2.0 -3.0 -1.0 0.0 -2.0 -4.0 0.0 -1.0 -4.0 -4.0 -3.0 0.0 -3.0 
-3.0 -2.0 0.0 -1.0 -1.0 -2.0 -3.0 -1.0 -1.0 -1.0 -4.0 -4.0 -1.0 -1.0 -3.0 -2.0 -4.0 -1.0 -3.0 -3.0 -3.0 -4.0 0.0 -2.0 -2.0 -3.0 -1.0 -4.0 -2.0 -1.0 -4.0 -3.0 -3.0 -4.0 -3.0 -4.0 0.0 0.0 -1.0 -1.0 -1.0 -3.0 -2.0 -2.0 -2.0 0.0 -3.0 126.0 0.0 0.0 0.0 -1.0 -1.0 -4.0 0.0 0.0 -2.0 -3.0 -4.0 -2.0 -4.0 0.0 -4.0 -2.0 0.0 
-2.0 -1.0 -4.0 0.0 -2.0 0.0 -1.0 -1.0 0.0 -1.0 0.0 -3.0 -4.0 -4.0 -2.0 -2.0 0.0 -1.0 0.0 -4.0 -2.0 -4.0 -4.0 -1.0 -1.0 -4.0 -4.0 -2.0 -3.0 -4.0 -2.0 -3.0 -3.0 -4.0 -1.0 -4.0 0.0 0.0 -4.0 -1.0 0.0 -2.0 -2.0 -4.0 -2.0 -2.0 -1.0 -2.0 133.0 -4.0 -3.0 0.0 -2.0 0.0 -4.0 0.0 0.0 -1.0 -2.0 -4.0 -4.0 -2.0 -4.0 -1.0 -4.0 
-4.0 -4.0 -1.0 -4.0 -4.0 -2.0 -4.0 0.0 0.0 -3.0 -4.0 -4.0 -2.0 0.0 -1.0 -2.0 0.0 -4.0 -4.0 -3.0 -2.0 -3.0 -3.0 -2.0 -4.0 -3.0 -2.0 -1.0 -3.0 -1.0 -4.0 -1.0 -1.0 0.0 -1.0 -4.0 -3.0 -1.0 -2.0 -3.0 -3.0 -1.0 -1.0 -4.0 -1.0 -1.0 -4.0 0.0 -4.0 146.0 -4.0 -2.0 -2.0 -3.0 -4.0 0.0 -4.0 -1.0 -2.0 0.0 -2.0 -3.0 -2.0 -3.0 -1.0 
0.0 -4.0 -4.0 0.0 -1.0 -2.0 0.0 -3.0 -4.0 -3.0 -1.0 -1.0 -2.0 0.0 -3.0 -4.0 -2.0 -3.0 -1.0 -1.0 -2.0 -1.0 -2.0 0.0 -2.0 -2.0 0.0 0.0 -4.0 0.0 -3.0 -2.0 0.0 -4.0 -3.0 0.0 -4.0 0.0 -1.0 -4.0 -3.0 0.0 -4.0 -4.0 -1.0 -2.0 -4.0 -3.0 -1.0 -2.0 123.0 -3.0 -2.0 -2.0 -1.0 -1.0 -2.0 -3.0 -1.0 -2.0 -2.0 -4.0 0.0 -3.0 0.0 
-1.0 -1.0 -1.0 -2.0 -4.0 -2.0 -3.0 0.0 -2.0 -4.0 -1.0 0.0 0.0 0.0 0.0 -3.0 -4.0 -3.0 -1.0 -2.0 -1.0 -3.0 -2.0 0.0 0.0 -2.0 -3.0 -2.0 -2.0 0.0 -3.0 0.0 -1.0 0.0 -1.0 0.0 0.0 -3.0 -3.0 -2.0 -4.0 -4.0 -3.0 -4.0 -1.0 0.0 -2.0 -1.0 -1.0 0.0 -4.0 112.0 -4.0 -3.0 -2.0 -3.0 0.0 -1.0 -4.0 -2.0 -4.0 0.0 0.0 -2.0 -1.0 
-1.0 -2.0 -1.0 -3.0 -1.0 -3.0 -3.0 0.0 -3.0 -1.0 -1.0 -1.0 -1.0 -2.0 -4.0 -4.0 0.0 -3.0 0.0 -4.0 -3.0 0.0 -4.0 0.0 -1.0 -4.0 -1.0 -4.0 -3.0 -2.0 0.0 -3.0 -3.0 -2.0 0.0 -4.0 -1.0 -3.0 -1.0 -3.0 -2.0 -1.0 -1.0 -2.0 -2.0 -4.0 -4.0 -2.0 -2.0 0.0 -3.0 -2.0 136.0 -4.0 -4.0 0.0 -3.0 -2.0 0.0 -4.0 -4.0 -4.0 -4.0 0.0 -2.0 
-4.0 -4.0 -1.0 0.0 -3.0 -2.0 -4.0 -1.0 0.0 -3.0 -3.0 -1.0 -2.0 -3.0 -1.0 -2.0 -4.0 -1.0 -2.0 -1.0 0.0 -2.0 -1.0 -2.0 -1.0 -1.0 -2.0 -4.0 0.0 -3.0 -4.0 -2.0 -2.0 -1.0 -4.0 0.0 -2.0 -3.0 0.0 0.0 -2.0 0.0 -1.0 -4.0 -1.0 -4.0 -1.0 -3.0 -3.0 0.0 -4.0 -2.0 -2.0 130.0 -2.0 -3.0 -1.0 -4.0 -1.0 -4.0 -4.0 -3.0 -2.0 -3.0 0.0 
-2.0 0.0 -4.0 -1.0 -2.0 -3.0 0.0 -2.0 -3.0 -1.0 0.0 0.0 -3.0 -4.0 -4.0 -1.0 -4.0 -2.0 -2.0 -4.0 -1.0 -2.0 0.0 0.0 -2.0 0.0 0.0 -4.0 -2.0 -2.0 -1.0 -3.0 -3.0 -3.0 -1.0 -1.0 -4.0 -3.0 -1.0 -4.0 -1.0 -1.0 -1.0 -4.0 -4.0 -3.0 -1.0 0.0 -1.0 -4.0 0.0 0.0 -1.0 -4.0 118.0 0.0 0.0 -4.0 -1.0 0.0 -4.0 -3.0 0.0 -1.0 -1.0 
-3.0 -1.0 -1.0 -3.0 -2.0 0.0 -1.0 -2.0 -4.0 -1.0 -2.0 -4.0 -2.0 -4.0 -2.0 -2.0 -3.0 -3.0 -3.0 -4.0 -1.0 -2.0 -1.0 -3.0 -1.0 0.0 -2.0 -2.0 -2.0 -1.0 -1.0 -1.0 -3.0 -4.0 0.0 -3.0 -3.0 -1.0 -1.0 -3.0 -4.0 -4.0 -1.0 -4.0 -2.0 -1.0 -3.0 -2.0 -1.0 0.0 0.0 0.0 -2.0 -4.0 -2.0 128.0 -3.0 -3.0 0.0 -4.0 -1.0 -2.0 0.0 -2.0 -1.0 
-1.0 -3.0 0.0 0.0 -3.0 -2.0 0.0 -4.0 -1.0 -2.0 -4.0 -1.0 -4.0 0.0 -4.0 -1.0 -2.0 -1.0 0.0 -2.0 -2.0 -1.0 -4.0 -4.0 0.0 -2.0 -4.0 -4.0 -2.0 -3.0 -4.0 0.0 0.0 -4.0 -2.0 -1.0 -2.0 -3.0 0.0 -1.0 -3.0 0.0 -1.0 -1.0 -3.0 -3.0 -3.0 -3.0 0.0 0.0 -3.0 -2.0 -4.0 0.0 0.0 -3.0 114.0 -3.0 0.0 0.0 -1.0 -1.0 -1.0 -1.0 0.0 
0.0 -1.0 -1.0 -1.0 -2.0 0.0 -4.0 -2.0 0.0 -2.0 -2.0 -2.0 -1.0 -1.0 -4.0 -3.0 0.0 -4.0 0.0 0.0 -4.0 -2.0 -3.0 -3.0 -2.0 -3.0 0.0 -3.0 -2.0 -2.0 -4.0 -3.0 -3.0 0.0 -3.0 -3.0 -1.0 -1.0 -3.0 -3.0 -3.0 0.0 -1.0 -2.0 0.0 -4.0 -4.0 0.0 -3.0 0.0 -2.0 -1.0 -1.0 -1.0 -3.0 -2.0 -4.0 124.0 -2.0 -3.0 -2.0 -1.0 -2.0 -4.0 -1.0 
-4.0 -2.0 -4.0 0.0 -3.0 0.0 -4.0 -1.0 0.0 -2.0 -4.0 -4.0 -3.0 -3.0 0.0 -1.0 -4.0 -3.0 -1.0 0.0 -2.0 -4.0 -1.0 -3.0 -2.0 -1.0 -3.0 0.0 -2.0 -3.0 -3.0 -4.0 0.0 -1.0 -2.0 -2.0 -4.0 -3.0 0.0 0.0 -4.0 -1.0 -1.0 -2.0 0.0 -2.0 0.0 0.0 0.0 -4.0 -1.0 -4.0 -3.0 -1.0 -2.0 -1.0 -3.0 -1.0 122.0 0.0 -4.0 -3.0 -2.0 0.0 0.0 
-3.0 -2.0 -4.0 -2.0 -1.0 -4.0 0.0 -4.0 -4.0 -1.0 -4.0 -1.0 -3.0 0.0 -4.0 0.0 0.0 -3.0 -4.0 -2.0 -3.0 -1.0 -2.0 -4.0 -1.0 -4.0 -4.0 -2.0 -3.0 -2.0 -1.0 -1.0 -3.0 -3.0 -2.0 0.0 -1.0 -3.0 -3.0 -1.0 0.0 0.0 -4.0 -1.0 -4.0 -4.0 0.0 -4.0 -3.0 -4.0 -3.0 -3.0 -3.0 -4.0 -2.0 0.0 0.0 -2.0 -2.0 141.0 -3.0 0.0 -4.0 0.0 -1.0 
-2.0 -2.0 -3.0 -4.0 -3.0 -4.0 0.0 -4.0 -4.0 -2.0 -2.0 -1.0 0.0 -1.0 0.0 -2.0 -2.0 -4.0 -4.0 -3.0 -2.0 0.0 -1.0 -4.0 -1.0 -4.0 0.0 -3.0 -4.0 0.0 0.0 -1.0 0.0 -4.0 -3.0 -4.0 -1.0 -4.0 -3.0 -1.0 -4.0 -4.0 -1.0 -2.0 -1.0 -3.0 -2.0 -3.0 -1.0 -4.0 -2.0 -1.0 0.0 -1.0 -1.0 -1.0 -4.0 -1.0 -2.0 -2.0 138.0 -3.0 -2.0 -4.0 -2.0 
-1.0 -2.0 -4.0 -3.0 -1.0 -2.0 0.0 -2.0 -3.0 -2.0 -4.0 -3.0 -4.0 -4.0 -4.0 0.0 0.0 -2.0 -4.0 -1.0 -1.0 -3.0 -2.0 -4.0 -4.0 0.0 -4.0 -2.0 -4.0 -4.0 0.0 -4.0 -1.0 -3.0 -2.0 -4.0 -2.0 -2.0 0.0 -3.0 -2.0 -1.0 -2.0 -4.0 0.0 -4.0 -4.0 -3.0 0.0 0.0 0.0 -3.0 -1.0 -2.0 0.0 -1.0 -3.0 0.0 -3.0 0.0 -4.0 137.0 0.0 -2.0 -3.0 
-3.0 -2.0 0.0 -1.0 -2.0 -1.0 -3.0 -4.0 -2.0 0.0 -1.0 -1.0 -1.0 -4.0 -3.0 0.0 -4.0 -2.0 -4.0 -2.0 -4.0 -3.0 -1.0 -3.0 -3.0 -4.0 -1.0 -4.0 -2.0 -1.0 -3.0 -3.0 0.0 0.0 0.0 -1.0 -4.0 -3.0 -3.0 0.0 -3.0 -2.0 -1.0 -1.0 -1.0 -2.0 0.0 -4.0 -3.0 0.0 -4.0 -4.0 0.0 -3.0 -2.0 -3.0 -2.0 -3.0 -2.0 -2.0 -3.0 -2.0 138.0 -4.0 -4.0 
0.0 -4.0 -3.0 -1.0 -3.0 -1.0 -1.0 0.0 -1.0 -2.0 -4.0 -4.0 -2.0 -3.0 -3.0 -2.0 -1.0 -1.0 0.0 -3.0 -1.0 0.0 -3.0 0.0 -1.0 -2.0 -1.0 -2.0 -3.0 -1.0 -3.0 0.0 -1.0 -1.0 -1.0 0.0 -4.0 -4.0 -1.0 0.0 -4.0 -3.0 -3.0 -3.0 -4.0 -2.0 -4.0 -2.0 -2.0 -1.0 -1.0 -3.0 -3.0 -4.0 0.0 0.0 -1.0 -4.0 -2.0 -2.0 -2.0 0.0 -1.0 123.0 -4.0 
-2.0 -2.0 -4.0 0.0 -4.0 0.0 -2.0 0.0 -4.0 -2.0 -3.0 -1.0 -3.0 0.0 0.0 -1.0 -3.0 -1.0 -4.0 -2.0 -2.0 0.0 0.0 -4.0 -1.0 -4.0 -2.0 -2.0 -2.0 -4.0 -1.0 -2.0 -4.0 -1.0 -2.0 -3.0 -4.0 -4.0 -4.0 -1.0 -2.0 -4.0 -2.0 -4.0 -3.0 -2.0 -4.0 -2.0 -4.0 -3.0 0.0 0.0 -2.0 -2.0 -2.0 -3.0 -3.0 0.0 -4.0 -2.0 0.0 -1.0 -2.0 0.0 136.0 
