246.9886 -1.0 -4.0 -4.0 -2.0 -3.0 0.0 -1.0 -2.0 -4.0 -1.0 -3.0 0.0 -4.0 -3.0 -1.0 -1.0 -4.0 -3.0 0.0 0.0 0.0 0.0 0.0 -4.0 -2.0 -1.0 -2.0 -2.0 -3.0 -3.0 -2.0 -4.0 -1.0 -4.0 -4.0 -1.0 -3.0 0.0 -3.0 -1.0 -1.0 -2.0 -2.0 -2.0 -1.0 -4.0 -1.0 -3.0 -2.0 -3.0 -1.0 -2.0 -1.0 -3.0 -1.0 -3.0 0.0 -4.0 -3.0 0.0 -3.0 -3.0 -3.0 -4.0 -4.0 -1.0 -2.0 -2.0 -2.0 -1.0 -2.0 -4.0 -1.0 -3.0 -4.0 -2.0 -1.0 0.0 0.0 -4.0 -4.0 0.0 -1.0 -4.0 -3.0 -3.0 0.0 0.0 -4.0 -2.0 -2.0 -4.0 -3.0 0.0 -4.0 -2.0 -3.0 -2.0 -4.0 -4.0 -2.0 -4.0 -2.0 -3.0 -4.0 -3.0 0.0 -4.0 -3.0 0.0 0.0 -4.0 -2.0 -1.0 
-1.0 213.0 0.0 -4.0 -1.0 -3.0 0.0 -3.0 -2.0 0.0 -4.0 -4.0 -4.0 -1.0 -4.0 0.0 -1.0 -3.0 -4.0 0.0 -4.0 0.0 -2.0 -2.0 0.0 -2.0 0.0 -4.0 -1.0 -2.0 -1.0 -1.0 -1.0 -3.0 -2.0 0.0 -3.0 0.0 -3.0 -1.0 -4.0 -1.0 -3.0 0.0 -1.0 -2.0 -4.0 -1.0 0.0 0.0 0.0 -4.0 -3.0 -2.0 0.0 -1.0 -3.0 -2.0 0.0 -1.0 -4.0 0.0 -2.0 -2.0 0.0 -1.0 -4.0 -2.0 -1.0 -1.0 -1.0 -4.0 -1.0 -1.0 0.0 -1.0 -1.0 -3.0 0.0 0.0 -4.0 -3.0 -3.0 -2.0 0.0 -3.0 -4.0 0.0 -3.0 -4.0 0.0 -1.0 0.0 -4.0 -4.0 0.0 -2.0 -1.0 -4.0 -3.0 -4.0 -3.0 -1.0 0.0 -1.0 -4.0 -2.0 -3.0 -2.0 -1.0 -4.0 0.0 -3.0 -4.0 -4.0 
-3.0 -3.0 239.0 -2.0 -4.0 -3.0 -4.0 -3.0 -2.0 -4.0 -1.0 -4.0 -4.0 -2.0 -1.0 -1.0 -2.0 -2.0 -3.0 -3.0 -1.0 -1.0 -1.0 -3.0 0.0 0.0 -1.0 -2.0 -1.0 -4.0 0.0 -2.0 -1.0 -1.0 -4.0 -3.0 -4.0 -4.0 0.0 -3.0 -4.0 -4.0 -4.0 -2.0 -1.0 -2.0 -1.0 -3.0 -2.0 0.0 0.0 -4.0 -3.0 -1.0 -4.0 -2.0 -4.0 -3.0 -2.0 -3.0 -3.0 -1.0 -2.0 -1.0 0.0 -1.0 0.0 0.0 0.0 -4.0 -2.0 0.0 -3.0 0.0 0.0 -1.0 -2.0 -4.0 0.0 -4.0 -2.0 0.0 -2.0 -4.0 -1.0 0.0 -2.0 -2.0 -1.0 -1.0 -2.0 -4.0 -1.0 -3.0 -1.0 -2.0 -4.0 -3.0 -4.0 -1.0 -4.0 -2.0 -2.0 -1.0 -3.0 0.0 -1.0 -3.0 -2.0 -3.0 -3.0 -4.0 -2.0 -1.0 -4.0 
0.0 -1.0 0.0 230.0 -4.0 0.0 -4.0 -1.0 0.0 -4.0 -1.0 -1.0 -3.0 0.0 -4.0 -3.0 0.0 -1.0 -1.0 -3.0 -1.0 -4.0 -3.0 0.0 -3.0 0.0 -2.0 0.0 0.0 -4.0 -4.0 -1.0 -2.0 0.0 0.0 -3.0 -1.0 -1.0 -1.0 -4.0 -4.0 -2.0 0.0 -3.0 0.0 -3.0 -4.0 -2.0 -2.0 0.0 -4.0 -4.0 -3.0 -4.0 -1.0 -4.0 0.0 -4.0 -1.0 -3.0 -2.0 0.0 -3.0 -1.0 -2.0 -3.0 -4.0 -3.0 -4.0 0.0 0.0 0.0 -4.0 -1.0 -4.0 0.0 -2.0 -1.0 -3.0 -1.0 -2.0 -3.0 -4.0 -1.0 0.0 0.0 0.0 -2.0 -3.0 -4.0 -1.0 -2.0 -4.0 -1.0 -4.0 -1.0 -2.0 -1.0 -1.0 -4.0 -4.0 -1.0 -4.0 -4.0 -1.0 -1.0 -3.0 -2.0 -1.0 -3.0 -1.0 -4.0 -3.0 -3.0 -4.0 
-3.0 -4.0 -4.0 -4.0 234.0 -2.0 -2.0 -4.0 -3.0 0.0 -1.0 -1.0 -2.0 -4.0 -2.0 0.0 -3.0 0.0 -3.0 -2.0 -1.0 -2.0 -4.0 -1.0 -4.0 0.0 -4.0 -4.0 -3.0 -1.0 -4.0 -4.0 -3.0 -3.0 -2.0 -4.0 -2.0 0.0 -4.0 0.0 -1.0 -2.0 -4.0 -1.0 -2.0 -3.0 -2.0 -2.0 0.0 0.0 -1.0 0.0 -1.0 -4.0 0.0 -2.0 -1.0 -1.0 0.0 -2.0 -2.0 -2.0 -2.0 -1.0 -1.0 -3.0 -1.0 -1.0 -4.0 0.0 0.0 -3.0 -1.0 -2.0 -1.0 0.0 -1.0 -3.0 -3.0 -3.0 -2.0 -3.0 -4.0 0.0 -4.0 -2.0 -2.0 -2.0 -4.0 -1.0 -1.0 -1.0 0.0 -4.0 -1.0 -1.0 -4.0 -2.0 -4.0 -4.0 -2.0 0.0 0.0 -2.0 -2.0 -2.0 -3.0 -3.0 -1.0 -4.0 -3.0 -3.0 0.0 -2.0 -4.0 
-4.0 -2.0 -4.0 0.0 -4.0 242.0 -2.0 -3.0 0.0 -4.0 -4.0 -3.0 0.0 -1.0 -2.0 -1.0 -2.0 -3.0 -2.0 -2.0 -1.0 -2.0 -2.0 -1.0 -2.0 0.0 -1.0 -3.0 -1.0 0.0 0.0 -2.0 -3.0 -1.0 -2.0 -2.0 -4.0 -1.0 -1.0 -3.0 0.0 0.0 -3.0 0.0 -2.0 0.0 -3.0 -2.0 -4.0 0.0 -4.0 -2.0 -2.0 0.0 0.0 -4.0 -3.0 -3.0 -2.0 -3.0 -3.0 -3.0 -1.0 0.0 -4.0 -4.0 -4.0 -4.0 -4.0 0.0 -2.0 -3.0 -4.0 0.0 -4.0 -4.0 -2.0 -3.0 -2.0 0.0 -3.0 -4.0 -1.0 -2.0 -1.0 -4.0 0.0 -2.0 -1.0 -3.0 0.0 -1.0 -3.0 -3.0 -2.0 -1.0 -3.0 -4.0 -4.0 -2.0 -3.0 -1.0 -4.0 -3.0 -4.0 -2.0 -3.0 0.0 -1.0 0.0 -3.0 0.0 -4.0 -3.0 -4.0 
-3.0 -3.0 -3.0 -2.0 -4.0 -3.0 236.0 -1.0 0.0 -2.0 -4.0 -1.0 -2.0 -4.0 -4.0 -4.0 0.0 -4.0 -4.0 0.0 0.0 -4.0 -1.0 -3.0 -1.0 -3.0 0.0 -1.0 -1.0 -2.0 -1.0 -4.0 -2.0 0.0 0.0 -1.0 -3.0 -3.0 -2.0 -1.0 0.0 0.0 -4.0 -4.0 0.0 -1.0 0.0 -3.0 -2.0 -3.0 -1.0 -3.0 -2.0 0.0 -1.0 0.0 0.0 0.0 -1.0 -4.0 -4.0 -1.0 -1.0 -3.0 -1.0 -1.0 -3.0 -4.0 -2.0 -2.0 -4.0 -2.0 -1.0 -2.0 -2.0 -4.0 -3.0 -3.0 -4.0 -3.0 -3.0 -1.0 -3.0 -1.0 -4.0 -1.0 -3.0 -4.0 0.0 -1.0 -4.0 -4.0 0.0 0.0 0.0 -3.0 -2.0 -4.0 -1.0 -2.0 -2.0 -2.0 0.0 -3.0 -2.0 -4.0 -3.0 -3.0 -3.0 -2.0 -3.0 -3.0 0.0 -4.0 -1.0 
-4.0 -3.0 -2.0 -2.0 0.0 -3.0 0.0 231.0 -2.0 -3.0 -2.0 0.0 -2.0 -2.0 -4.0 -2.0 -3.0 0.0 -4.0 -1.0 -1.0 0.0 -2.0 -4.0 -3.0 -3.0 -3.0 -3.0 -3.0 -3.0 -4.0 0.0 -2.0 -3.0 -3.0 -3.0 -2.0 -4.0 0.0 -1.0 -1.0 -3.0 -2.0 -4.0 -2.0 -2.0 -4.0 -1.0 0.0 0.0 -3.0 -2.0 -2.0 -2.0 0.0 -4.0 -3.0 0.0 -4.0 -2.0 -2.0 0.0 -2.0 0.0 -2.0 -3.0 -3.0 0.0 -2.0 0.0 0.0 -2.0 -2.0 -1.0 0.0 -3.0 -1.0 -1.0 -2.0 -2.0 -3.0 -4.0 -3.0 -3.0 -2.0 -2.0 -2.0 0.0 -3.0 -2.0 -2.0 -1.0 -2.0 -4.0 -3.0 -2.0 -3.0 -2.0 0.0 0.0 -2.0 -2.0 -4.0 -2.0 -3.0 0.0 -4.0 -4.0 0.0 0.0 -1.0 -2.0 -4.0 -3.0 -2.0 
0.0 -4.0 -2.0 -3.0 0.0 0.0 -3.0 -4.0 239.0 0.0 -2.0 -3.0 -2.0 -2.0 0.0 -1.0 -1.0 -4.0 -3.0 -4.0 -2.0 -3.0 0.0 -1.0 0.0 -1.0 -3.0 -4.0 0.0 0.0 -1.0 -3.0 -2.0 -4.0 -2.0 0.0 -1.0 -2.0 -4.0 0.0 -3.0 -1.0 -2.0 -4.0 0.0 -2.0 -1.0 -4.0 -3.0 -4.0 0.0 -3.0 0.0 -3.0 -4.0 -1.0 -4.0 -3.0 -2.0 -4.0 -2.0 -3.0 -4.0 -3.0 -4.0 -1.0 -4.0 0.0 -1.0 -4.0 0.0 -4.0 -2.0 0.0 -4.0 -3.0 -2.0 -1.0 -1.0 -2.0 0.0 0.0 0.0 -4.0 -3.0 -2.0 -2.0 -1.0 -3.0 -1.0 -4.0 -2.0 -4.0 0.0 -1.0 -1.0 -4.0 -2.0 -2.0 0.0 -1.0 -2.0 -2.0 -4.0 -3.0 -3.0 -3.0 -4.0 -2.0 0.0 -3.0 -4.0 -1.0 -3.0 -4.0 
-1.0 -2.0 -3.0 -1.0 -2.0 -4.0 -2.0 -3.0 -3.0 239.0 -3.0 -1.0 -1.0 -4.0 -4.0 -1.0 -4.0 -4.0 -2.0 -3.0 -4.0 -2.0 -3.0 -1.0 0.0 -1.0 -2.0 -2.0 -3.0 -4.0 -3.0 -2.0 -3.0 0.0 -3.0 -4.0 -1.0 -2.0 -1.0 -4.0 -3.0 -1.0 0.0 -1.0 0.0 -3.0 -3.0 -3.0 -4.0 -1.0 -4.0 0.0 0.0 -4.0 -3.0 -3.0 0.0 -3.0 -4.0 -2.0 -4.0 -2.0 -4.0 0.0 -3.0 -1.0 -1.0 -3.0 -2.0 -3.0 -4.0 -2.0 -3.0 -1.0 -4.0 -2.0 -1.0 -3.0 -2.0 -1.0 -1.0 -4.0 0.0 -2.0 -4.0 0.0 -2.0 -2.0 -1.0 -2.0 -1.0 -3.0 0.0 0.0 -3.0 0.0 -4.0 -2.0 -1.0 0.0 0.0 -4.0 -1.0 0.0 0.0 -4.0 -2.0 -4.0 -1.0 -2.0 -2.0 -1.0 0.0 -4.0 -1.0 
-2.0 -1.0 0.0 -2.0 0.0 -2.0 0.0 -3.0 -4.0 -3.0 249.0 -2.0 -4.0 -4.0 0.0 -3.0 -3.0 0.0 -1.0 0.0 -1.0 -3.0 -4.0 -1.0 -4.0 -2.0 -2.0 -4.0 -4.0 -4.0 -2.0 -3.0 0.0 -3.0 0.0 -4.0 -1.0 -3.0 -3.0 -2.0 -3.0 -2.0 -4.0 -4.0 -1.0 -4.0 -3.0 -3.0 0.0 0.0 -2.0 -4.0 -4.0 -4.0 0.0 -3.0 -4.0 -3.0 0.0 -3.0 -4.0 -2.0 -1.0 0.0 -4.0 -4.0 -3.0 -4.0 0.0 -4.0 -2.0 -4.0 -4.0 -3.0 0.0 -1.0 -4.0 -3.0 -2.0 -1.0 0.0 -3.0 -3.0 -2.0 -3.0 -2.0 0.0 -2.0 -4.0 0.0 -2.0 -2.0 0.0 -3.0 -1.0 -3.0 -2.0 -1.0 0.0 -4.0 0.0 -2.0 -2.0 -1.0 -2.0 -4.0 -1.0 -1.0 -4.0 -2.0 -1.0 -1.0 -2.0 -1.0 -3.0 
-3.0 -3.0 -2.0 -3.0 -1.0 -3.0 0.0 0.0 -1.0 0.0 -1.0 222.0 -2.0 0.0 -1.0 0.0 0.0 -3.0 -3.0 -3.0 -4.0 -3.0 -3.0 -3.0 0.0 -4.0 -1.0 -4.0 0.0 -1.0 -1.0 -1.0 -1.0 -3.0 -1.0 0.0 -3.0 0.0 -3.0 -2.0 -1.0 -4.0 -3.0 -4.0 -4.0 -2.0 -4.0 -2.0 -1.0 -2.0 -4.0 -2.0 -4.0 0.0 -2.0 -1.0 -3.0 -2.0 -3.0 0.0 -3.0 -3.0 0.0 -3.0 -4.0 0.0 0.0 -4.0 -1.0 -2.0 -4.0 -3.0 -3.0 -3.0 -3.0 0.0 -2.0 -2.0 0.0 -3.0 -4.0 0.0 -1.0 -1.0 -1.0 -2.0 -4.0 -2.0 0.0 -3.0 -3.0 -2.0 -4.0 -1.0 -1.0 0.0 -2.0 -4.0 -2.0 0.0 -2.0 -3.0 -1.0 -3.0 -2.0 -1.0 -2.0 -3.0 -1.0 0.0 -1.0 -2.0 -1.0 -4.0 -1.0 
0.0 -1.0 -1.0 -2.0 -1.0 0.0 -3.0 -1.0 0.0 -4.0 0.0 -1.0 236.0 -3.0 -1.0 -3.0 -4.0 -4.0 -1.0 -4.0 -4.0 -4.0 -1.0 -1.0 -4.0 -4.0 -4.0 -1.0 -4.0 -3.0 -1.0 0.0 -3.0 -4.0 -2.0 -4.0 -1.0 -4.0 0.0 -4.0 -3.0 -3.0 0.0 -4.0 -3.0 -4.0 0.0 -3.0 -3.0 0.0 -4.0 0.0 -3.0 -4.0 -1.0 -4.0 -3.0 -3.0 -4.0 -1.0 -2.0 -1.0 -4.0 -2.0 0.0 -1.0 -2.0 0.0 -1.0 -3.0 -2.0 -4.0 -4.0 -4.0 -3.0 -2.0 -3.0 0.0 -1.0 -3.0 0.0 0.0 -4.0 -2.0 -3.0 -3.0 -3.0 -2.0 -4.0 -4.0 -2.0 0.0 0.0 -2.0 -1.0 -1.0 -2.0 0.0 -1.0 -1.0 -2.0 -3.0 -1.0 -1.0 -4.0 -3.0 -2.0 -1.0 -1.0 0.0 0.0 -1.0 -2.0 -1.0 0.0 
0.0 0.0 -2.0 -4.0 -3.0 -2.0 -4.0 0.0 -4.0 0.0 -1.0 -2.0 -1.0 206.0 -3.0 -1.0 -3.0 -1.0 -4.0 -1.0 -1.0 0.0 0.0 -1.0 -2.0 -2.0 -4.0 -3.0 -2.0 -2.0 -3.0 -4.0 0.0 0.0 0.0 0.0 -3.0 -1.0 -1.0 -3.0 -2.0 0.0 -3.0 -2.0 -1.0 -2.0 -3.0 -4.0 -1.0 0.0 -4.0 -2.0 0.0 -2.0 -2.0 -2.0 -1.0 0.0 -4.0 -2.0 -3.0 -4.0 -3.0 0.0 -3.0 0.0 -1.0 -1.0 -2.0 -4.0 0.0 0.0 -3.0 -3.0 -1.0 -3.0 0.0 0.0 0.0 0.0 -4.0 0.0 0.0 0.0 -1.0 -2.0 -3.0 0.0 -1.0 -3.0 -1.0 0.0 -4.0 -3.0 -4.0 -3.0 -4.0 -3.0 -1.0 -4.0 -4.0 -1.0 -3.0 0.0 -3.0 -2.0 -3.0 0.0 -1.0 -1.0 -4.0 -1.0 -3.0 -1.0 -2.0 
-4.0 0.0 -4.0 0.0 -3.0 -2.0 -2.0 -1.0 -4.0 -2.0 -2.0 -1.0 -4.0 -1.0 222.0 0.0 0.0 -2.0 -1.0 -2.0 -3.0 -1.0 -3.0 -3.0 -4.0 -2.0 -1.0 -1.0 -3.0 -4.0 -2.0 -1.0 -3.0 -4.0 -4.0 -3.0 -3.0 -1.0 -2.0 0.0 -3.0 -4.0 -1.0 -2.0 -3.0 0.0 0.0 0.0 -4.0 -1.0 -2.0 -2.0 0.0 -2.0 -1.0 -3.0 -3.0 -3.0 -2.0 -2.0 -4.0 0.0 -3.0 -2.0 -1.0 0.0 -2.0 -4.0 0.0 -2.0 -3.0 -2.0 -3.0 -2.0 -2.0 -1.0 -4.0 -2.0 -2.0 -3.0 -2.0 -2.0 0.0 -1.0 -4.0 0.0 -1.0 -1.0 0.0 -3.0 0.0 -1.0 0.0 -3.0 -2.0 -4.0 -1.0 -3.0 0.0 -1.0 -4.0 -2.0 -2.0 -3.0 0.0 -2.0 -1.0 -4.0 -2.0 -2.0 -4.0 -3.0 0.0 -1.0 0.0 
0.0 0.0 0.0 0.0 0.0 -1.0 0.0 0.0 0.0 -2.0 -3.0 0.0 -1.0 0.0 -1.0 216.0 -1.0 0.0 0.0 -4.0 -3.0 -4.0 -1.0 -3.0 0.0 -2.0 0.0 -3.0 -2.0 0.0 -2.0 0.0 -4.0 -4.0 -2.0 -4.0 -3.0 0.0 -1.0 -1.0 -3.0 -1.0 0.0 0.0 -1.0 -3.0 -4.0 -2.0 -3.0 -3.0 -1.0 -3.0 -4.0 0.0 -1.0 -4.0 -2.0 -1.0 0.0 0.0 -3.0 -3.0 -3.0 -2.0 -3.0 0.0 -3.0 -1.0 -3.0 0.0 -3.0 -2.0 -4.0 -3.0 -2.0 -4.0 0.0 -1.0 -2.0 -1.0 -4.0 0.0 -3.0 -2.0 -2.0 -4.0 -2.0 -4.0 -3.0 -4.0 -3.0 -4.0 -3.0 -1.0 -1.0 -1.0 -3.0 -4.0 -2.0 -2.0 0.0 -4.0 0.0 -1.0 -3.0 -2.0 -4.0 -3.0 -1.0 0.0 -2.0 -3.0 -3.0 -4.0 -3.0 
0.0 -2.0 -1.0 -4.0 -1.0 -3.0 -1.0 -2.0 0.0 -3.0 0.0 -3.0 -4.0 -1.0 -2.0 -2.0 219.0 -3.0 -2.0 -1.0 0.0 -1.0 -4.0 0.0 -1.0 -2.0 -1.0 0.0 0.0 -4.0 -4.0 0.0 -3.0 -4.0 0.0 -3.0 -4.0 0.0 -4.0 -2.0 -2.0 0.0 -2.0 -3.0 -2.0 0.0 -2.0 -4.0 -3.0 -2.0 -2.0 0.0 -4.0 -4.0 0.0 -1.0 -4.0 -2.0 -1.0 -2.0 -3.0 -4.0 0.0 -1.0 -3.0 -1.0 -3.0 -2.0 -1.0 0.0 -2.0 -1.0 0.0 -3.0 -4.0 0.0 -2.0 -4.0 -1.0 -1.0 -3.0 -4.0 -3.0 0.0 -2.0 -3.0 -2.0 -2.0 -4.0 -3.0 -1.0 -4.0 0.0 -4.0 0.0 -1.0 -3.0 -2.0 -3.0 0.0 -1.0 -1.0 -4.0 -4.0 0.0 -2.0 0.0 -1.0 -4.0 -4.0 -2.0 0.0 0.0 -2.0 -2.0 
-3.0 0.0 -1.0 -1.0 0.0 -2.0 -3.0 0.0 0.0 -1.0 -2.0 -3.0 -2.0 -1.0 0.0 -1.0 -2.0 219.0 -4.0 -1.0 -1.0 -4.0 -4.0 -1.0 0.0 -1.0 -1.0 -2.0 -4.0 -4.0 -4.0 -1.0 -4.0 -2.0 -2.0 -2.0 -3.0 -2.0 -2.0 0.0 -4.0 -3.0 0.0 0.0 -2.0 -2.0 -1.0 -1.0 -2.0 -1.0 -4.0 -1.0 -4.0 -2.0 -4.0 -3.0 -2.0 -2.0 -2.0 -4.0 -4.0 -1.0 -4.0 -1.0 0.0 0.0 -3.0 -2.0 0.0 -3.0 0.0 -4.0 0.0 0.0 0.0 0.0 -3.0 -3.0 -1.0 -4.0 -1.0 -1.0 -1.0 -4.0 -4.0 -3.0 -2.0 0.0 -2.0 -3.0 -3.0 0.0 0.0 -2.0 -3.0 -4.0 -2.0 0.0 -2.0 -1.0 -1.0 -2.0 -4.0 -1.0 -3.0 -1.0 -1.0 -3.0 -4.0 0.0 -1.0 -4.0 -3.0 -4.0 -1.0 
-2.0 -3.0 0.0 -2.0 -3.0 -3.0 0.0 -1.0 -1.0 -4.0 -2.0 0.0 0.0 -4.0 -3.0 -1.0 -2.0 -1.0 211.0 -4.0 -1.0 -4.0 0.0 0.0 -4.0 -3.0 -1.0 -1.0 -2.0 -1.0 -2.0 0.0 -2.0 -1.0 -1.0 -3.0 -2.0 -3.0 -2.0 -2.0 -1.0 -4.0 0.0 -4.0 -3.0 -2.0 -4.0 0.0 -3.0 -3.0 -2.0 -4.0 -4.0 0.0 -1.0 0.0 -2.0 -1.0 0.0 0.0 -3.0 0.0 -4.0 -2.0 0.0 0.0 -2.0 -2.0 0.0 -4.0 -1.0 -1.0 -3.0 0.0 -1.0 -3.0 0.0 -4.0 -2.0 0.0 0.0 -4.0 -3.0 -2.0 -4.0 -1.0 -1.0 -4.0 -2.0 -1.0 -3.0 -4.0 -4.0 -3.0 -3.0 0.0 -1.0 0.0 -1.0 -3.0 -1.0 -4.0 -3.0 -1.0 -4.0 0.0 -2.0 -1.0 -1.0 -2.0 -3.0 -1.0 -1.0 -2.0 0.0 
-3.0 -2.0 0.0 -4.0 0.0 -4.0 0.0 0.0 -2.0 0.0 0.0 -2.0 -2.0 -2.0 -3.0 0.0 -4.0 -3.0 -2.0 234.0 -1.0 -3.0 -4.0 -4.0 -3.0 0.0 -4.0 -2.0 -3.0 -1.0 -1.0 0.0 -1.0 -1.0 0.0 -2.0 -2.0 -3.0 -3.0 -3.0 -1.0 -3.0 -4.0 -3.0 0.0 0.0 0.0 -1.0 -4.0 -1.0 -4.0 -1.0 -3.0 -4.0 0.0 -3.0 -2.0 -2.0 -1.0 -4.0 -3.0 -4.0 -2.0 0.0 -3.0 -2.0 -1.0 0.0 -4.0 -3.0 -3.0 -2.0 -4.0 -1.0 -3.0 -4.0 -4.0 0.0 -1.0 -3.0 -3.0 -3.0 -2.0 -1.0 -2.0 -4.0 -2.0 0.0 -4.0 -4.0 0.0 -4.0 -1.0 -3.0 -3.0 -3.0 -4.0 -2.0 -1.0 -2.0 0.0 -1.0 -4.0 0.0 0.0 -2.0 0.0 0.0 -1.0 -2.0 0.0 -4.0 -4.0 -2.0 -4.0 
-3.0 -1.0 0.0 0.0 -2.0 -3.0 -2.0 0.0 -1.0 0.0 0.0 -1.0 -3.0 -2.0 0.0 -4.0 -3.0 -2.0 -4.0 -3.0 208.0 0.0 -3.0 -3.0 0.0 0.0 -1.0 -2.0 -1.0 -3.0 -3.0 -3.0 -2.0 -4.0 -2.0 -3.0 0.0 -3.0 -1.0 0.0 -2.0 -4.0 -4.0 -1.0 -1.0 0.0 -3.0 -2.0 -1.0 -1.0 -4.0 -4.0 -4.0 -1.0 -3.0 0.0 -3.0 -1.0 -3.0 -1.0 -2.0 0.0 -3.0 -3.0 -1.0 -1.0 -4.0 -2.0 -4.0 -1.0 -2.0 -1.0 -3.0 -4.0 -2.0 -2.0 -1.0 -3.0 -1.0 0.0 -2.0 -3.0 0.0 -2.0 0.0 -4.0 -4.0 -4.0 -4.0 -3.0 -2.0 -1.0 -1.0 0.0 -2.0 0.0 0.0 -1.0 -1.0 -2.0 -2.0 -1.0 -2.0 0.0 -1.0 -3.0 -3.0 -3.0 -1.0 -4.0 -1.0 0.0 0.0 0.0 0.0 
-3.0 -1.0 0.0 -1.0 -1.0 -4.0 -2.0 -2.0 -2.0 -3.0 -1.0 0.0 -4.0 -3.0 0.0 0.0 -3.0 -3.0 -4.0 -2.0 0.0 223.0 -4.0 -4.0 0.0 -3.0 -4.0 -4.0 -3.0 -3.0 -3.0 -3.0 -3.0 -1.0 -1.0 0.0 -4.0 -4.0 -3.0 -3.0 0.0 0.0 0.0 -1.0 0.0 -4.0 -3.0 0.0 -3.0 -1.0 -1.0 -4.0 -1.0 -3.0 -2.0 -4.0 -3.0 -4.0 -1.0 -1.0 -4.0 0.0 -3.0 -4.0 -1.0 -3.0 0.0 -2.0 -2.0 -4.0 0.0 -1.0 -2.0 -1.0 -4.0 -1.0 -4.0 0.0 0.0 -3.0 -4.0 -1.0 0.0 -4.0 0.0 -3.0 -1.0 -4.0 -4.0 -2.0 -3.0 -4.0 -3.0 0.0 0.0 -2.0 0.0 -1.0 -4.0 0.0 -2.0 -1.0 0.0 0.0 -2.0 -1.0 0.0 -2.0 -2.0 -2.0 -1.0 -2.0 -3.0 0.0 -1.0 
0.0 -3.0 -4.0 -2.0 -1.0 0.0 -3.0 -2.0 -3.0 -4.0 0.0 -4.0 -3.0 -3.0 -4.0 -2.0 -2.0 -3.0 -4.0 -4.0 -2.0 -4.0 254.0 -3.0 -3.0 -3.0 0.0 -1.0 -4.0 -3.0 -1.0 -4.0 -1.0 -2.0 0.0 -4.0 -3.0 -2.0 -4.0 -4.0 -4.0 -4.0 -4.0 -2.0 -3.0 0.0 0.0 -1.0 -3.0 -1.0 -4.0 -3.0 -4.0 -2.0 -3.0 -1.0 -3.0 0.0 -2.0 -2.0 -1.0 -3.0 -2.0 -1.0 -4.0 -2.0 -2.0 0.0 0.0 -2.0 -1.0 -1.0 0.0 -3.0 -3.0 -1.0 -2.0 -4.0 0.0 -1.0 -1.0 -1.0 -2.0 -2.0 -3.0 -4.0 0.0 0.0 -4.0 -3.0 -4.0 -1.0 -3.0 -3.0 -4.0 -4.0 -2.0 -4.0 -1.0 -2.0 -4.0 -2.0 -1.0 0.0 -2.0 0.0 -4.0 -3.0 -4.0 -1.0 -3.0 0.0 -4.0 0.0 0.0 
-4.0 -2.0 -3.0 0.0 -3.0 -1.0 -1.0 -1.0 -1.0 -1.0 -2.0 -2.0 -4.0 -3.0 -4.0 -3.0 -3.0 -3.0 -4.0 -1.0 -3.0 -4.0 -1.0 242.0 -1.0 -1.0 0.0 -1.0 -2.0 0.0 -4.0 0.0 0.0 -2.0 -2.0 -3.0 -1.0 -1.0 -2.0 -3.0 -4.0 -1.0 -3.0 -4.0 0.0 -1.0 -4.0 -3.0 -3.0 -1.0 -3.0 -3.0 -3.0 -1.0 -4.0 -1.0 -2.0 -4.0 -2.0 -2.0 -3.0 0.0 0.0 -4.0 -4.0 -1.0 -2.0 -1.0 -1.0 -1.0 -2.0 -3.0 -2.0 -1.0 -1.0 0.0 -4.0 -4.0 -4.0 -3.0 -3.0 -2.0 -3.0 -1.0 -3.0 -1.0 -2.0 -4.0 -1.0 -1.0 -4.0 -4.0 -3.0 -1.0 -2.0 -1.0 -2.0 0.0 -1.0 0.0 -4.0 -2.0 -4.0 -1.0 -4.0 -3.0 -2.0 -2.0 -1.0 -3.0 0.0 -1.0 -4.0 -3.0 -2.0 
-1.0 -3.0 -4.0 -1.0 -3.0 -2.0 -3.0 -1.0 -3.0 -2.0 0.0 -4.0 -4.0 -1.0 0.0 0.0 -1.0 -2.0 -4.0 -1.0 -3.0 -1.0 -1.0 -1.0 207.0 -4.0 -4.0 0.0 -1.0 -3.0 -2.0 -1.0 -2.0 -3.0 -4.0 -1.0 0.0 -2.0 -2.0 -3.0 -2.0 -1.0 -1.0 -2.0 0.0 -4.0 -1.0 -1.0 -3.0 -2.0 -4.0 -2.0 -1.0 -4.0 -4.0 -2.0 -1.0 0.0 -2.0 0.0 -4.0 -3.0 -4.0 -1.0 -1.0 0.0 -4.0 -1.0 -2.0 -3.0 0.0 -4.0 0.0 -3.0 -2.0 -4.0 -3.0 -3.0 -2.0 -3.0 -2.0 -4.0 0.0 -4.0 0.0 -3.0 -2.0 -1.0 -2.0 -1.0 0.0 -1.0 -1.0 -1.0 -3.0 -1.0 0.0 0.0 -2.0 -2.0 -3.0 0.0 0.0 -1.0 0.0 -1.0 0.0 -2.0 0.0 -2.0 0.0 -2.0 -1.0 0.0 -3.0 
-3.0 0.0 -2.0 0.0 -3.0 -2.0 -3.0 -2.0 -2.0 0.0 0.0 -4.0 0.0 -2.0 -2.0 -4.0 0.0 -4.0 -3.0 -4.0 0.0 -4.0 -3.0 0.0 -2.0 213.0 -2.0 -2.0 -1.0 0.0 -2.0 -2.0 -1.0 -3.0 -2.0 0.0 -3.0 -2.0 0.0 -4.0 0.0 -2.0 0.0 -1.0 0.0 0.0 -1.0 -2.0 -2.0 -1.0 -3.0 -3.0 -2.0 0.0 -4.0 -2.0 -1.0 -3.0 -2.0 -1.0 -1.0 -3.0 0.0 -1.0 -4.0 -1.0 0.0 -3.0 -2.0 -4.0 -4.0 -4.0 0.0 -3.0 -4.0 -1.0 0.0 -2.0 0.0 -3.0 -3.0 -1.0 -4.0 -3.0 -3.0 -1.0 -3.0 0.0 -2.0 -2.0 -3.0 -3.0 0.0 -2.0 0.0 -2.0 -2.0 -3.0 -2.0 -1.0 -3.0 -4.0 0.0 -4.0 0.0 0.0 -4.0 -1.0 -1.0 -3.0 -1.0 -1.0 -4.0 0.0 -4.0 
-1.0 -1.0 -3.0 -1.0 -2.0 -4.0 -4.0 -3.0 -2.0 0.0 -3.0 -1.0 -1.0 -3.0 -4.0 -3.0 0.0 -1.0 -1.0 -3.0 -2.0 -2.0 0.0 -1.0 0.0 -2.0 224.0 -4.0 -4.0 -3.0 0.0 0.0 -2.0 -1.0 -1.0 -4.0 -4.0 -1.0 0.0 -4.0 -2.0 -1.0 -1.0 -1.0 -2.0 -1.0 -3.0 -2.0 0.0 -4.0 -1.0 0.0 0.0 -4.0 -3.0 -1.0 0.0 -2.0 -2.0 -4.0 -1.0 0.0 0.0 -1.0 0.0 -4.0 -3.0 -1.0 -2.0 -2.0 0.0 -1.0 -4.0 -2.0 -3.0 -4.0 -1.0 0.0 -3.0 -2.0 -2.0 -2.0 0.0 -4.0 -3.0 -4.0 -3.0 0.0 -4.0 -3.0 -1.0 -2.0 -3.0 0.0 -1.0 -3.0 -2.0 -2.0 -4.0 -3.0 -4.0 -3.0 -4.0 -1.0 0.0 -1.0 0.0 -2.0 -2.0 -3.0 -3.0 -3.0 0.0 -4.0 -4.0 
-1.0 -1.0 -1.0 -3.0 -2.0 -2.0 -3.0 -3.0 -2.0 -2.0 -1.0 -3.0 -3.0 -2.0 -4.0 -3.0 -2.0 -2.0 -1.0 0.0 -4.0 -3.0 -4.0 0.0 -3.0 -2.0 -3.0 234.0 0.0 -1.0 -4.0 0.0 -3.0 0.0 -3.0 -3.0 -3.0 -1.0 -4.0 0.0 -2.0 -2.0 -3.0 -2.0 -4.0 -3.0 -3.0 -1.0 -1.0 -1.0 -4.0 -1.0 -2.0 0.0 -2.0 -4.0 -3.0 -4.0 -1.0 -4.0 -4.0 -4.0 0.0 -3.0 -2.0 0.0 -2.0 -3.0 -1.0 -1.0 0.0 -3.0 -1.0 -2.0 -3.0 -2.0 -2.0 -3.0 0.0 -1.0 0.0 0.0 -1.0 -3.0 -3.0 -2.0 0.0 -2.0 -1.0 -1.0 -3.0 -1.0 -2.0 -2.0 -2.0 0.0 0.0 -4.0 -3.0 -4.0 -1.0 -2.0 -2.0 -3.0 -4.0 0.0 -3.0 -4.0 -1.0 -2.0 -2.0 -4.0 -3.0 -2.0 -1.0 
-2.0 0.0 -2.0 -3.0 -2.0 -3.0 -2.0 0.0 0.0 -3.0 -1.0 -2.0 -4.0 0.0 0.0 -1.0 0.0 -2.0 0.0 0.0 -4.0 -2.0 -4.0 -2.0 -2.0 0.0 -3.0 -1.0 225.0 -1.0 -4.0 -3.0 0.0 -3.0 0.0 -3.0 0.0 -4.0 -4.0 -2.0 -1.0 -3.0 0.0 -4.0 -4.0 -3.0 0.0 -4.0 -4.0 0.0 0.0 -3.0 -1.0 -3.0 -2.0 -4.0 -3.0 0.0 -1.0 -1.0 -2.0 -1.0 -1.0 -3.0 -4.0 -2.0 0.0 -2.0 -1.0 -4.0 -2.0 -3.0 -3.0 0.0 0.0 -3.0 -3.0 -4.0 -2.0 0.0 -1.0 0.0 0.0 -1.0 -3.0 -3.0 0.0 -4.0 -4.0 -1.0 -4.0 -1.0 0.0 -4.0 -2.0 -4.0 -3.0 -3.0 0.0 -1.0 -3.0 -4.0 -1.0 -1.0 -1.0 -3.0 -2.0 -4.0 -3.0 -3.0 -1.0 -2.0 0.0 -4.0 -4.0 
-1.0 0.0 -2.0 0.0 -4.0 -2.0 -1.0 -2.0 -4.0 0.0 -4.0 -3.0 -2.0 -1.0 -4.0 0.0 -3.0 -3.0 -3.0 -1.0 -3.0 0.0 -1.0 -4.0 -3.0 -4.0 -3.0 -4.0 -1.0 237.0 0.0 0.0 0.0 -4.0 -4.0 -2.0 0.0 -1.0 -4.0 -1.0 -1.0 -3.0 -3.0 -3.0 -4.0 -2.0 0.0 -2.0 -3.0 -1.0 -1.0 -1.0 0.0 -3.0 -4.0 -2.0 -4.0 -4.0 -2.0 -4.0 0.0 -2.0 -3.0 0.0 -4.0 -2.0 0.0 0.0 -4.0 -1.0 -3.0 0.0 -1.0 -2.0 -1.0 -3.0 -4.0 0.0 -2.0 -2.0 0.0 -1.0 -2.0 -4.0 -3.0 -3.0 -2.0 -2.0 -2.0 -2.0 -2.0 -1.0 -4.0 -3.0 -4.0 -4.0 -3.0 0.0 -2.0 0.0 -3.0 -2.0 -3.0 -4.0 -1.0 -3.0 -1.0 -2.0 -2.0 -3.0 -2.0 0.0 -3.0 -2.0 -2.0 
-2.0 -2.0 -1.0 -4.0 -4.0 -3.0 -3.0 -4.0 -3.0 -2.0 0.0 -3.0 -2.0 -3.0 -2.0 -3.0 0.0 -2.0 -1.0 0.0 -3.0 -2.0 0.0 -4.0 0.0 -1.0 -1.0 -4.0 -1.0 -2.0 247.0 -1.0 0.0 -3.0 0.0 -4.0 -3.0 0.0 -2.0 -2.0 -3.0 -3.0 -4.0 -2.0 -2.0 -1.0 -4.0 -2.0 -2.0 -3.0 -2.0 -4.0 -1.0 -3.0 -2.0 0.0 -4.0 -2.0 0.0 -4.0 -4.0 -3.0 -4.0 -2.0 -1.0 -1.0 -3.0 -4.0 -1.0 -4.0 -3.0 -4.0 -1.0 0.0 -3.0 0.0 0.0 -4.0 0.0 -4.0 -1.0 0.0 0.0 -4.0 -3.0 -4.0 -3.0 -3.0 -4.0 -3.0 -3.0 -4.0 -2.0 -2.0 0.0 -3.0 -2.0 -2.0 -2.0 -2.0 0.0 -2.0 -1.0 0.0 -3.0 -3.0 -2.0 -3.0 0.0 -3.0 -4.0 -3.0 -2.0 -1.0 -2.0 
-3.0 -1.0 0.0 0.0 -2.0 -2.0 -2.0 -1.0 -4.0 -2.0 0.0 -3.0 -2.0 -2.0 -1.0 -1.0 -3.0 -3.0 -3.0 -4.0 -3.0 -1.0 -2.0 -4.0 -3.0 0.0 -4.0 -1.0 -3.0 -4.0 -3.0 228.0 -3.0 0.0 0.0 -2.0 -3.0 0.0 0.0 -2.0 0.0 -2.0 -2.0 -3.0 -3.0 -1.0 -4.0 -2.0 0.0 -4.0 0.0 -3.0 0.0 -4.0 -1.0 -4.0 -1.0 -3.0 0.0 -4.0 0.0 -3.0 -4.0 -1.0 0.0 -4.0 -3.0 -4.0 0.0 -2.0 -3.0 -1.0 -4.0 -2.0 -4.0 -4.0 -1.0 -2.0 -4.0 -4.0 -1.0 -3.0 -1.0 -3.0 -1.0 -1.0 -2.0 0.0 -1.0 -4.0 0.0 -1.0 -3.0 0.0 -2.0 -2.0 0.0 -4.0 0.0 -3.0 -2.0 -1.0 -3.0 -4.0 -4.0 -3.0 0.0 -2.0 -2.0 -3.0 -3.0 -1.0 0.0 0.0 0.0 
-1.0 -2.0 -2.0 -3.0 -3.0 -1.0 -3.0 -2.0 0.0 -4.0 -1.0 -2.0 -4.0 -3.0 -1.0 0.0 0.0 -1.0 0.0 -1.0 -4.0 0.0 0.0 -2.0 -3.0 -4.0 -1.0 0.0 -2.0 -2.0 -3.0 -2.0 224.0 -4.0 -3.0 0.0 -4.0 -4.0 -1.0 -3.0 -4.0 -1.0 -3.0 0.0 -1.0 -3.0 -1.0 -3.0 -4.0 0.0 -1.0 -3.0 -2.0 -1.0 -1.0 0.0 -1.0 -3.0 -1.0 -3.0 -3.0 -1.0 -1.0 -2.0 -3.0 -2.0 -1.0 -2.0 -1.0 -3.0 -1.0 0.0 0.0 -1.0 0.0 -4.0 -4.0 -1.0 -3.0 0.0 -3.0 -2.0 -4.0 -1.0 -1.0 -4.0 -2.0 -3.0 -4.0 -1.0 -4.0 -4.0 -4.0 -2.0 -4.0 -1.0 -1.0 -3.0 -3.0 0.0 -1.0 -1.0 -1.0 -3.0 -1.0 -2.0 -2.0 -1.0 -2.0 -3.0 -2.0 -4.0 0.0 -1.0 -4.0 
-2.0 0.0 -2.0 -4.0 -2.0 -1.0 -2.0 -1.0 -2.0 -4.0 -4.0 -3.0 -4.0 -1.0 -3.0 -2.0 -2.0 -1.0 0.0 -4.0 -2.0 0.0 -4.0 -2.0 0.0 -2.0 -3.0 -4.0 -1.0 -2.0 -1.0 -2.0 -3.0 229.0 -4.0 -3.0 -3.0 -3.0 -2.0 -3.0 0.0 0.0 -3.0 -2.0 -1.0 0.0 -3.0 0.0 -1.0 -4.0 -4.0 -2.0 -3.0 0.0 -4.0 0.0 -1.0 0.0 -4.0 0.0 -2.0 -2.0 -3.0 -3.0 -2.0 -4.0 -2.0 -4.0 -3.0 -3.0 -1.0 -4.0 -2.0 -1.0 -1.0 -1.0 -4.0 -1.0 -2.0 0.0 -4.0 -4.0 -1.0 -3.0 -4.0 -2.0 -1.0 0.0 -2.0 -4.0 0.0 -1.0 -1.0 -3.0 -4.0 0.0 -4.0 0.0 0.0 -2.0 0.0 0.0 -2.0 -1.0 -2.0 0.0 -4.0 -1.0 -1.0 -3.0 -3.0 0.0 -1.0 -3.0 -3.0 
-3.0 -2.0 0.0 0.0 -2.0 -2.0 -3.0 0.0 -2.0 -2.0 -2.0 -3.0 -4.0 -1.0 -2.0 0.0 -2.0 -3.0 -4.0 -4.0 -1.0 0.0 -1.0 -1.0 -3.0 -3.0 -3.0 0.0 -3.0 -3.0 -4.0 -2.0 -3.0 -3.0 242.0 -1.0 -3.0 -1.0 -2.0 -1.0 -3.0 -2.0 -3.0 0.0 -3.0 -3.0 -1.0 -1.0 -3.0 -4.0 0.0 -2.0 0.0 -4.0 -3.0 -1.0 0.0 -1.0 -4.0 -4.0 -2.0 -1.0 -2.0 -4.0 -3.0 -2.0 -3.0 -3.0 -2.0 -1.0 -1.0 -3.0 -1.0 0.0 0.0 -1.0 -4.0 0.0 -3.0 0.0 0.0 -4.0 -3.0 -4.0 -2.0 0.0 -2.0 -2.0 -4.0 -4.0 -1.0 -3.0 -4.0 -4.0 -3.0 -2.0 -2.0 0.0 0.0 -3.0 -3.0 -3.0 -1.0 -4.0 -4.0 -2.0 -2.0 -4.0 -1.0 -3.0 -2.0 -3.0 -2.0 -4.0 0.0 
-2.0 -4.0 -4.0 -4.0 0.0 -3.0 -4.0 0.0 0.0 -2.0 -3.0 0.0 -1.0 -1.0 0.0 0.0 -4.0 0.0 -2.0 -1.0 -3.0 -4.0 -4.0 -2.0 -2.0 -2.0 -2.0 -1.0 0.0 -1.0 0.0 -1.0 -3.0 -4.0 -3.0 236.0 -3.0 0.0 -3.0 -2.0 -3.0 -4.0 -4.0 -2.0 -4.0 -3.0 -4.0 -3.0 -1.0 -2.0 0.0 -1.0 0.0 -1.0 -4.0 -1.0 -2.0 -2.0 -4.0 -4.0 0.0 0.0 -2.0 -1.0 -4.0 -1.0 -4.0 -1.0 0.0 -2.0 -2.0 -3.0 -2.0 -4.0 0.0 -2.0 -2.0 -3.0 -3.0 -3.0 -1.0 -2.0 -1.0 -2.0 -4.0 0.0 -3.0 -2.0 -3.0 -2.0 -3.0 -4.0 -2.0 -2.0 -2.0 -2.0 0.0 -4.0 0.0 -4.0 -2.0 0.0 -4.0 -4.0 0.0 -3.0 -4.0 -2.0 0.0 -4.0 -3.0 -2.0 0.0 0.0 -2.0 
-1.0 -2.0 -3.0 -4.0 -4.0 -1.0 -4.0 -1.0 -3.0 -3.0 0.0 0.0 -3.0 -1.0 -3.0 -1.0 -2.0 -1.0 0.0 0.0 -3.0 -2.0 -1.0 -1.0 -2.0 -1.0 -4.0 -3.0 -3.0 -1.0 0.0 -1.0 -4.0 -4.0 -1.0 -2.0 223.0 -1.0 -2.0 -2.0 -3.0 0.0 -1.0 -4.0 -1.0 -3.0 -2.0 -2.0 -1.0 0.0 -4.0 0.0 -4.0 -4.0 0.0 0.0 -3.0 -3.0 -3.0 0.0 -1.0 -4.0 -4.0 0.0 -2.0 -4.0 -1.0 -4.0 -3.0 0.0 -1.0 -3.0 -1.0 -1.0 -2.0 -2.0 0.0 -1.0 0.0 0.0 0.0 -3.0 -2.0 -3.0 -1.0 -4.0 -4.0 -2.0 -4.0 -2.0 -4.0 0.0 -2.0 -2.0 -3.0 -2.0 -1.0 -4.0 0.0 -4.0 -3.0 -1.0 -4.0 -1.0 -4.0 0.0 -4.0 -1.0 0.0 -3.0 0.0 -2.0 -3.0 0.0 -3.0 
-4.0 0.0 0.0 -2.0 -2.0 -3.0 -1.0 -3.0 0.0 -1.0 -3.0 -4.0 -1.0 -3.0 -4.0 -1.0 -1.0 -3.0 -4.0 0.0 -4.0 0.0 0.0 -4.0 0.0 -3.0 -2.0 -3.0 -1.0 -1.0 0.0 -4.0 -1.0 -1.0 0.0 -1.0 -4.0 211.0 -2.0 -2.0 -2.0 -4.0 -3.0 -3.0 0.0 -3.0 -2.0 -1.0 -4.0 -1.0 -1.0 -3.0 -4.0 0.0 -2.0 -4.0 -4.0 -1.0 -1.0 -4.0 -1.0 -3.0 -1.0 -1.0 -4.0 -2.0 -2.0 -2.0 0.0 -1.0 -3.0 0.0 -4.0 0.0 0.0 -3.0 -1.0 -4.0 -3.0 -1.0 0.0 -1.0 0.0 0.0 -3.0 -2.0 -2.0 -1.0 -3.0 -1.0 -1.0 -2.0 -3.0 -3.0 0.0 -3.0 0.0 -4.0 -3.0 -2.0 0.0 0.0 -3.0 0.0 -1.0 -4.0 -3.0 -1.0 -3.0 0.0 -2.0 -3.0 0.0 0.0 -1.0 
-3.0 0.0 -1.0 0.0 -4.0 -2.0 -1.0 -1.0 -1.0 -1.0 -2.0 -1.0 -2.0 -3.0 0.0 -1.0 0.0 -2.0 -1.0 -2.0 -1.0 -2.0 -2.0 0.0 -4.0 -2.0 0.0 -2.0 -3.0 -1.0 -3.0 -1.0 -4.0 -1.0 -3.0 -2.0 -4.0 -2.0 217.0 -1.0 0.0 0.0 -3.0 0.0 0.0 0.0 -3.0 -2.0 -2.0 0.0 0.0 -2.0 -2.0 0.0 -3.0 -1.0 -4.0 -3.0 0.0 -2.0 -2.0 0.0 -4.0 -2.0 -2.0 -1.0 -2.0 -1.0 0.0 -4.0 -2.0 -2.0 0.0 -4.0 -4.0 -2.0 -4.0 -2.0 -2.0 -4.0 -4.0 -3.0 0.0 -2.0 -3.0 -3.0 -2.0 -3.0 -1.0 -4.0 -2.0 -3.0 0.0 -1.0 -2.0 -4.0 -4.0 -4.0 -1.0 -3.0 -3.0 -3.0 -4.0 -4.0 -2.0 0.0 0.0 -4.0 -2.0 -1.0 -1.0 -2.0 -3.0 -1.0 -1.0 
-1.0 -2.0 -1.0 -2.0 -1.0 -1.0 -1.0 -2.0 0.0 -2.0 0.0 -4.0 0.0 -2.0 -3.0 -1.0 0.0 -2.0 0.0 -3.0 -4.0 -1.0 0.0 -2.0 -4.0 -1.0 -4.0 -2.0 -1.0 0.0 -3.0 -3.0 -4.0 -3.0 -1.0 -1.0 0.0 -2.0 -1.0 191.0 0.0 -4.0 -1.0 0.0 -4.0 0.0 0.0 -3.0 -2.0 -1.0 0.0 -1.0 -1.0 0.0 -2.0 -1.0 0.0 -4.0 -3.0 -2.0 -3.0 -2.0 -1.0 -1.0 -1.0 -3.0 -1.0 -4.0 -1.0 -4.0 -2.0 0.0 -4.0 0.0 0.0 0.0 -3.0 -3.0 -4.0 -3.0 0.0 -1.0 -3.0 -3.0 -1.0 -1.0 -3.0 -1.0 -4.0 -2.0 -3.0 -4.0 -4.0 0.0 -1.0 0.0 0.0 -1.0 0.0 -1.0 -4.0 0.0 -2.0 -4.0 -1.0 0.0 -2.0 -4.0 0.0 0.0 -2.0 -3.0 0.0 0.0 -2.0 
-4.0 -2.0 -1.0 -3.0 0.0 -2.0 -1.0 -3.0 -1.0 -1.0 -4.0 -1.0 -1.0 -1.0 -2.0 -1.0 -1.0 -4.0 -1.0 -4.0 -3.0 -3.0 -1.0 0.0 0.0 -2.0 -1.0 0.0 -2.0 -2.0 -2.0 0.0 -2.0 -3.0 -1.0 -4.0 -3.0 0.0 -4.0 -3.0 199.0 -1.0 -1.0 -4.0 0.0 -3.0 -4.0 0.0 -1.0 -1.0 0.0 -1.0 0.0 -2.0 -3.0 0.0 -1.0 -4.0 0.0 -3.0 -3.0 -2.0 -3.0 0.0 -3.0 -3.0 -3.0 -1.0 0.0 0.0 -3.0 -4.0 -4.0 -1.0 -2.0 -1.0 -3.0 -1.0 -3.0 0.0 -2.0 -2.0 -4.0 0.0 -2.0 -2.0 -3.0 0.0 -1.0 -3.0 -3.0 0.0 -2.0 -3.0 -2.0 -2.0 -4.0 -4.0 -2.0 0.0 -1.0 -1.0 -3.0 -1.0 0.0 0.0 0.0 -1.0 -3.0 -2.0 0.0 -1.0 -2.0 0.0 0.0 
-3.0 -3.0 -3.0 0.0 -2.0 -1.0 -3.0 -1.0 -4.0 -1.0 -1.0 -1.0 -4.0 -4.0 0.0 -3.0 -4.0 -2.0 0.0 -3.0 -3.0 0.0 0.0 0.0 -1.0 -1.0 -3.0 -2.0 -1.0 -4.0 -4.0 -3.0 0.0 -2.0 0.0 -1.0 -2.0 -3.0 -3.0 -2.0 0.0 233.0 -3.0 -2.0 -3.0 -1.0 -3.0 -3.0 -4.0 -4.0 -2.0 -4.0 -2.0 0.0 0.0 -3.0 -4.0 -2.0 -4.0 -2.0 0.0 -1.0 -1.0 -2.0 -1.0 -2.0 -4.0 -1.0 -1.0 -4.0 -3.0 -2.0 -4.0 -1.0 -1.0 -1.0 -1.0 -4.0 -1.0 -1.0 -1.0 -1.0 -1.0 0.0 -4.0 -4.0 0.0 -3.0 -3.0 -1.0 -1.0 -2.0 -4.0 -2.0 -1.0 -4.0 -4.0 -3.0 0.0 0.0 -4.0 -2.0 -1.0 -4.0 -1.0 -1.0 0.0 -4.0 -3.0 -3.0 -2.0 -1.0 0.0 -4.0 -4.0 
-2.0 -3.0 -4.0 -2.0 -2.0 -3.0 -1.0 -2.0 -2.0 -2.0 -2.0 -1.0 -2.0 -2.0 -2.0 -1.0 0.0 0.0 0.0 -3.0 0.0 -3.0 -3.0 0.0 -1.0 -1.0 -4.0 -3.0 -2.0 0.0 -3.0 -1.0 -1.0 -3.0 -4.0 -2.0 -3.0 -1.0 -1.0 0.0 -4.0 -4.0 208.0 -1.0 -2.0 -1.0 0.0 -3.0 -1.0 0.0 -4.0 -3.0 -1.0 -3.0 0.0 -2.0 -4.0 -3.0 -3.0 -4.0 -2.0 -4.0 -4.0 0.0 -2.0 -1.0 -4.0 -4.0 -4.0 0.0 -2.0 0.0 -4.0 -1.0 -1.0 -4.0 0.0 0.0 0.0 -1.0 -1.0 -1.0 -1.0 -1.0 0.0 0.0 -2.0 0.0 -3.0 0.0 -1.0 -1.0 -4.0 0.0 -1.0 -2.0 -2.0 -3.0 -4.0 -1.0 0.0 -3.0 -2.0 0.0 -2.0 -3.0 -1.0 -3.0 -1.0 -1.0 -3.0 -2.0 -1.0 -1.0 -4.0 
-3.0 0.0 -2.0 0.0 -2.0 0.0 0.0 -4.0 -3.0 0.0 -3.0 -3.0 0.0 -2.0 -3.0 -3.0 -1.0 -1.0 -1.0 -3.0 -2.0 -3.0 -2.0 0.0 -4.0 -1.0 -1.0 -4.0 -4.0 -2.0 -4.0 -4.0 -4.0 0.0 -2.0 -3.0 -2.0 -3.0 -2.0 -3.0 0.0 -3.0 -2.0 236.0 -1.0 0.0 0.0 -3.0 -2.0 -4.0 -1.0 -2.0 -3.0 -3.0 0.0 -3.0 -2.0 -4.0 -2.0 -2.0 -2.0 -4.0 -1.0 -1.0 0.0 -4.0 -3.0 0.0 -3.0 -3.0 -4.0 -1.0 -4.0 0.0 -3.0 -2.0 -4.0 -3.0 -1.0 -2.0 0.0 -2.0 -3.0 -2.0 -3.0 -1.0 -3.0 -1.0 -4.0 -2.0 -4.0 0.0 0.0 -3.0 0.0 -1.0 0.0 0.0 -4.0 0.0 -2.0 -4.0 -2.0 -4.0 -2.0 -3.0 -2.0 -2.0 0.0 -3.0 -1.0 -2.0 -4.0 -2.0 -4.0 
0.0 -1.0 0.0 -2.0 -2.0 0.0 0.0 -1.0 -3.0 -1.0 -4.0 -4.0 -3.0 -3.0 -1.0 -2.0 -3.0 -1.0 -2.0 -3.0 -4.0 -2.0 -1.0 -1.0 -1.0 -4.0 0.0 -4.0 -2.0 -3.0 0.0 -4.0 -2.0 -2.0 -1.0 -3.0 -1.0 -3.0 -2.0 -4.0 -1.0 -3.0 -1.0 0.0 224.0 -1.0 0.0 -3.0 -3.0 0.0 -4.0 -1.0 -4.0 0.0 -2.0 -4.0 0.0 -3.0 -3.0 -4.0 -1.0 0.0 -1.0 0.0 -2.0 -1.0 -2.0 -2.0 -4.0 -1.0 -1.0 0.0 -4.0 -3.0 -2.0 -4.0 0.0 -4.0 -1.0 0.0 -1.0 -1.0 -2.0 -1.0 -4.0 0.0 -4.0 -3.0 0.0 0.0 -2.0 0.0 -4.0 -4.0 0.0 -3.0 -4.0 -1.0 -1.0 -2.0 -3.0 -3.0 -3.0 -1.0 -2.0 -2.0 -4.0 -2.0 -4.0 -2.0 -2.0 -4.0 -3.0 -1.0 -1.0 
0.0 -2.0 -3.0 -3.0 0.0 -3.0 0.0 0.0 -3.0 -3.0 -3.0 -4.0 0.0 -3.0 -1.0 -2.0 -4.0 -1.0 -4.0 -3.0 -2.0 -4.0 -4.0 -4.0 -2.0 -4.0 -3.0 -2.0 -3.0 0.0 -1.0 -2.0 -2.0 -1.0 -2.0 -4.0 -3.0 -1.0 -4.0 -2.0 -2.0 0.0 -1.0 -3.0 -3.0 227.0 -2.0 -3.0 -3.0 -2.0 0.0 -1.0 -1.0 -1.0 -2.0 -1.0 -4.0 -1.0 -4.0 0.0 -4.0 -2.0 0.0 -4.0 -1.0 -1.0 -3.0 0.0 -2.0 -2.0 0.0 -2.0 -1.0 -4.0 -1.0 -3.0 -2.0 -1.0 -2.0 -1.0 -1.0 -4.0 0.0 -3.0 0.0 0.0 -4.0 0.0 -1.0 -1.0 0.0 -4.0 -4.0 -4.0 -4.0 -2.0 -3.0 -2.0 0.0 -4.0 -3.0 -2.0 -4.0 0.0 -4.0 0.0 -1.0 0.0 -2.0 0.0 -2.0 -1.0 -4.0 0.0 -1.0 
-4.0 -2.0 -2.0 -2.0 -3.0 0.0 -1.0 -3.0 -1.0 0.0 -1.0 -4.0 -2.0 -4.0 -4.0 -2.0 0.0 0.0 0.0 -3.0 -4.0 -1.0 -2.0 -3.0 -4.0 0.0 -1.0 -4.0 -4.0 -2.0 0.0 0.0 -3.0 -1.0 -4.0 -2.0 -2.0 -1.0 -3.0 -1.0 -1.0 -2.0 -2.0 0.0 -4.0 -4.0 231.0 0.0 -4.0 0.0 -3.0 -4.0 -1.0 -2.0 -2.0 -2.0 -2.0 -4.0 0.0 -4.0 -1.0 -1.0 -4.0 0.0 -2.0 -1.0 -3.0 0.0 -3.0 -1.0 -1.0 -4.0 -3.0 -1.0 -3.0 -1.0 -3.0 -3.0 -4.0 -1.0 -4.0 -4.0 -1.0 -3.0 0.0 -3.0 0.0 -4.0 0.0 -3.0 -2.0 -1.0 -1.0 -2.0 -4.0 -2.0 0.0 -2.0 -1.0 -3.0 -2.0 -4.0 -2.0 0.0 -2.0 -1.0 -2.0 -4.0 -3.0 0.0 -1.0 -2.0 -4.0 -2.0 -1.0 
0.0 -2.0 -4.0 -4.0 -3.0 -4.0 -1.0 -4.0 -2.0 0.0 -4.0 -4.0 0.0 0.0 -4.0 -2.0 -2.0 -3.0 0.0 -4.0 -2.0 -1.0 -1.0 -4.0 -3.0 -2.0 -2.0 0.0 0.0 -3.0 0.0 -4.0 -2.0 -4.0 -4.0 -3.0 0.0 0.0 -3.0 -2.0 -1.0 -4.0 -4.0 -3.0 -4.0 -2.0 0.0 234.0 -2.0 -3.0 -1.0 -2.0 -1.0 0.0 -3.0 -2.0 0.0 -2.0 -4.0 -2.0 -2.0 0.0 -2.0 -1.0 -3.0 0.0 -1.0 0.0 -4.0 -1.0 -3.0 -3.0 -4.0 -2.0 -2.0 0.0 -2.0 -4.0 0.0 -3.0 -2.0 -3.0 0.0 -3.0 -4.0 -4.0 -2.0 -2.0 0.0 -4.0 -4.0 -2.0 -2.0 -1.0 0.0 -2.0 0.0 -2.0 -1.0 -3.0 -2.0 0.0 0.0 -2.0 -2.0 0.0 -3.0 0.0 -2.0 -4.0 -4.0 -3.0 -3.0 -2.0 -2.0 
0.0 -3.0 -2.0 0.0 -3.0 0.0 0.0 -1.0 -2.0 -2.0 -3.0 -1.0 -2.0 -2.0 -1.0 -4.0 -3.0 -2.0 -3.0 0.0 -3.0 -3.0 -2.0 -3.0 -3.0 -4.0 0.0 0.0 0.0 -1.0 -1.0 -1.0 -3.0 -4.0 -4.0 -1.0 -4.0 -1.0 0.0 -3.0 -2.0 -1.0 0.0 -3.0 -3.0 -2.0 -1.0 0.0 221.0 -1.0 -3.0 -1.0 -2.0 -2.0 -3.0 -2.0 -1.0 0.0 -2.0 -1.0 -1.0 -4.0 -4.0 -4.0 0.0 -4.0 -4.0 0.0 -4.0 -4.0 -3.0 -1.0 -1.0 -3.0 -3.0 -4.0 -2.0 -3.0 0.0 -1.0 -2.0 -3.0 0.0 -1.0 0.0 -4.0 -1.0 -3.0 -3.0 0.0 -1.0 -1.0 -3.0 -1.0 -2.0 0.0 -4.0 0.0 0.0 -3.0 -1.0 -1.0 -1.0 -1.0 -2.0 -2.0 -1.0 -4.0 -4.0 -2.0 -4.0 -3.0 -2.0 -2.0 -4.0 
-4.0 -3.0 -4.0 -3.0 -3.0 -4.0 -4.0 -1.0 -1.0 0.0 -4.0 0.0 0.0 -4.0 0.0 -2.0 -3.0 -3.0 -2.0 -4.0 -2.0 -4.0 -1.0 -1.0 -3.0 -3.0 0.0 -4.0 -3.0 -2.0 -2.0 -1.0 0.0 -1.0 -4.0 -3.0 0.0 -3.0 -2.0 -1.0 -1.0 -4.0 -2.0 -3.0 -3.0 -1.0 -3.0 -2.0 -1.0 224.0 -2.0 -3.0 -1.0 -2.0 -2.0 -1.0 -4.0 -2.0 0.0 -1.0 -3.0 -1.0 0.0 0.0 -4.0 0.0 0.0 -3.0 -1.0 -4.0 -1.0 -3.0 0.0 -4.0 -2.0 -2.0 -2.0 -1.0 -3.0 -1.0 -1.0 -1.0 -2.0 0.0 -3.0 -4.0 -1.0 -3.0 -2.0 0.0 -4.0 -1.0 -1.0 -2.0 -2.0 -4.0 -4.0 -1.0 -1.0 0.0 -3.0 0.0 -1.0 -3.0 -3.0 -2.0 -2.0 -2.0 0.0 -2.0 -4.0 -2.0 -1.0 0.0 0.0 
-2.0 -4.0 -3.0 0.0 -1.0 -1.0 -1.0 0.0 -3.0 -3.0 0.0 -2.0 -4.0 -2.0 -4.0 -2.0 -3.0 -2.0 -4.0 -1.0 0.0 -1.0 -2.0 -2.0 -2.0 -4.0 -1.0 -1.0 -1.0 -2.0 -3.0 -4.0 -1.0 0.0 -4.0 -1.0 -4.0 -3.0 -3.0 -2.0 -3.0 -4.0 -4.0 -2.0 -3.0 0.0 0.0 -1.0 -4.0 -3.0 239.0 0.0 -4.0 0.0 -4.0 -1.0 -3.0 -3.0 -2.0 -1.0 0.0 -1.0 0.0 -1.0 -4.0 -3.0 -2.0 -3.0 -3.0 -4.0 -1.0 0.0 -3.0 -4.0 -3.0 -2.0 -2.0 -3.0 0.0 -2.0 -2.0 -2.0 -3.0 0.0 -2.0 -4.0 -3.0 -2.0 0.0 -1.0 -4.0 -3.0 -2.0 -4.0 -1.0 -3.0 0.0 -2.0 -4.0 -4.0 -1.0 0.0 -4.0 -2.0 -2.0 0.0 -4.0 -4.0 -4.0 0.0 -2.0 -3.0 0.0 -1.0 0.0 
-4.0 0.0 -1.0 0.0 -1.0 -4.0 0.0 0.0 -2.0 -2.0 -1.0 -3.0 -3.0 -3.0 0.0 -2.0 -3.0 -1.0 -1.0 -3.0 -4.0 -4.0 -3.0 -3.0 -4.0 -3.0 -3.0 0.0 -1.0 -1.0 -4.0 -4.0 -1.0 -2.0 -1.0 -3.0 -2.0 -3.0 0.0 -1.0 -3.0 -1.0 -3.0 -2.0 -2.0 0.0 -1.0 -2.0 -2.0 -2.0 -2.0 228.0 -2.0 -2.0 -3.0 -2.0 -3.0 -2.0 -1.0 -2.0 -4.0 -3.0 -1.0 -3.0 -4.0 0.0 -1.0 0.0 -1.0 -4.0 -3.0 -2.0 -1.0 -3.0 -2.0 -3.0 -4.0 -3.0 -2.0 -1.0 -2.0 -1.0 0.0 -1.0 -3.0 0.0 -4.0 0.0 -3.0 -1.0 -3.0 -2.0 -2.0 0.0 -2.0 -2.0 -4.0 -4.0 -3.0 0.0 0.0 -2.0 -2.0 0.0 -4.0 -3.0 -2.0 -1.0 0.0 -3.0 -1.0 0.0 -3.0 -4.0 -3.0 
-4.0 0.0 -3.0 0.0 -1.0 -1.0 -1.0 -2.0 0.0 -4.0 -4.0 -1.0 0.0 0.0 0.0 -3.0 -3.0 -4.0 -3.0 -2.0 -2.0 -3.0 -1.0 0.0 -3.0 0.0 -4.0 -1.0 -3.0 0.0 -1.0 -4.0 -1.0 -1.0 -1.0 -3.0 -1.0 -1.0 -4.0 -1.0 -4.0 -1.0 -2.0 -4.0 -4.0 0.0 -4.0 -4.0 -3.0 -3.0 -1.0 -4.0 213.0 -2.0 -4.0 0.0 -3.0 0.0 0.0 -2.0 0.0 -4.0 -1.0 -2.0 -1.0 -3.0 -3.0 -4.0 -2.0 -2.0 -2.0 -2.0 0.0 0.0 -1.0 0.0 -2.0 -2.0 -1.0 -1.0 -4.0 -1.0 -2.0 -3.0 -4.0 -2.0 -1.0 -3.0 -4.0 -3.0 -1.0 0.0 0.0 -1.0 0.0 -3.0 -2.0 -2.0 -3.0 0.0 -1.0 -1.0 -3.0 -2.0 -1.0 -2.0 -1.0 -2.0 -4.0 -1.0 -3.0 -1.0 0.0 -3.0 0.0 
-4.0 -1.0 -4.0 -2.0 -1.0 -3.0 0.0 -4.0 0.0 -2.0 0.0 -4.0 -1.0 -3.0 -2.0 -4.0 0.0 -1.0 -3.0 -4.0 -2.0 -2.0 -1.0 -2.0 -1.0 -1.0 -1.0 -4.0 -3.0 -4.0 -2.0 -1.0 -1.0 0.0 -2.0 -2.0 -2.0 0.0 -2.0 -1.0 -4.0 -4.0 -3.0 -2.0 -2.0 -3.0 -2.0 -3.0 -2.0 -4.0 -3.0 0.0 -1.0 235.0 -1.0 -3.0 -2.0 0.0 -1.0 -4.0 0.0 -4.0 -4.0 -4.0 -1.0 -2.0 -3.0 -3.0 -2.0 0.0 -2.0 -2.0 0.0 0.0 -4.0 -2.0 0.0 0.0 -1.0 -1.0 -3.0 0.0 -3.0 -3.0 -4.0 -3.0 -2.0 -2.0 0.0 0.0 -3.0 -1.0 -3.0 -4.0 -2.0 -4.0 -1.0 -3.0 -3.0 -2.0 -2.0 -1.0 -4.0 -2.0 -2.0 -4.0 -2.0 -4.0 -1.0 -2.0 -1.0 -1.0 -3.0 -3.0 -1.0 
-2.0 -4.0 0.0 -4.0 -2.0 -2.0 -1.0 -2.0 0.0 -4.0 -3.0 0.0 -3.0 0.0 -1.0 -2.0 -4.0 -1.0 -2.0 -3.0 -2.0 -4.0 -3.0 -1.0 0.0 -2.0 -3.0 -1.0 -4.0 -2.0 0.0 -2.0 0.0 0.0 -4.0 -2.0 0.0 -4.0 -2.0 -2.0 -1.0 0.0 -3.0 -3.0 0.0 0.0 -2.0 -1.0 -3.0 -3.0 -4.0 0.0 -4.0 -4.0 231.0 0.0 -3.0 -3.0 0.0 0.0 -3.0 -2.0 -3.0 -4.0 -2.0 -4.0 0.0 -2.0 -4.0 0.0 0.0 -1.0 0.0 -3.0 0.0 -2.0 -4.0 -4.0 -2.0 -2.0 0.0 -3.0 -2.0 -2.0 -1.0 -2.0 -2.0 -3.0 -4.0 -1.0 -4.0 -2.0 -1.0 -3.0 0.0 -1.0 -4.0 -3.0 -3.0 -2.0 -3.0 -1.0 -2.0 -4.0 -2.0 -4.0 -4.0 -4.0 -3.0 -2.0 -1.0 -2.0 -1.0 -1.0 0.0 
-4.0 -1.0 -3.0 -3.0 -3.0 -3.0 -4.0 0.0 -2.0 -4.0 -4.0 0.0 -3.0 0.0 0.0 -3.0 -4.0 -2.0 0.0 -4.0 -1.0 -4.0 -2.0 0.0 -3.0 -3.0 -2.0 -3.0 0.0 -4.0 -3.0 -1.0 -4.0 -3.0 -1.0 0.0 -2.0 -4.0 -4.0 -1.0 0.0 -2.0 0.0 0.0 -4.0 -4.0 0.0 -4.0 -4.0 0.0 -2.0 -3.0 0.0 -2.0 -3.0 253.0 -4.0 -2.0 -2.0 -3.0 -4.0 -1.0 -1.0 -3.0 -2.0 -4.0 -2.0 -1.0 0.0 -2.0 -2.0 0.0 -3.0 -4.0 -3.0 -4.0 -2.0 -3.0 -4.0 0.0 -2.0 -2.0 0.0 0.0 -3.0 -3.0 0.0 -4.0 -3.0 -4.0 -4.0 -2.0 -1.0 -2.0 -2.0 -1.0 -3.0 0.0 -3.0 -3.0 -1.0 0.0 -3.0 -4.0 -4.0 -2.0 -2.0 -3.0 -2.0 -1.0 -4.0 -2.0 -2.0 -4.0 -1.0 
0.0 -4.0 -4.0 -4.0 -1.0 -2.0 -2.0 -2.0 -1.0 -4.0 -3.0 -1.0 -2.0 -2.0 -2.0 -2.0 -1.0 -2.0 -2.0 -4.0 0.0 -4.0 -4.0 -4.0 -1.0 -1.0 -2.0 -3.0 -1.0 -3.0 -3.0 0.0 -3.0 -1.0 -3.0 -4.0 -1.0 -1.0 -2.0 -4.0 -4.0 -3.0 -1.0 -3.0 -1.0 -2.0 -3.0 0.0 0.0 -1.0 -1.0 -4.0 -3.0 0.0 0.0 -4.0 231.0 0.0 -1.0 -2.0 -1.0 0.0 -1.0 -2.0 -4.0 -4.0 -3.0 -3.0 0.0 -4.0 -4.0 -3.0 -3.0 0.0 0.0 -2.0 -1.0 -4.0 -2.0 -3.0 -4.0 0.0 -1.0 -4.0 -3.0 -4.0 -2.0 -1.0 -3.0 -1.0 -2.0 -3.0 0.0 -3.0 -2.0 -1.0 -3.0 -2.0 0.0 -2.0 -2.0 -3.0 -1.0 -4.0 -3.0 -2.0 0.0 -1.0 0.0 0.0 -4.0 -2.0 -1.0 0.0 0.0 
-1.0 -2.0 -1.0 0.0 -4.0 -1.0 -2.0 -2.0 0.0 -3.0 -2.0 0.0 -1.0 -4.0 -3.0 0.0 0.0 0.0 -2.0 -3.0 0.0 -1.0 -1.0 0.0 -1.0 -1.0 0.0 -4.0 -3.0 -4.0 -1.0 -1.0 -2.0 -4.0 -3.0 -1.0 -1.0 0.0 -1.0 -1.0 -4.0 -4.0 0.0 -4.0 -3.0 -3.0 -4.0 -3.0 -3.0 -1.0 -1.0 -2.0 -3.0 -2.0 -2.0 -2.0 -3.0 205.0 -1.0 0.0 -3.0 -2.0 -2.0 -1.0 -1.0 -4.0 0.0 0.0 -2.0 -3.0 -3.0 0.0 0.0 -3.0 0.0 -2.0 0.0 -4.0 -1.0 -1.0 -2.0 0.0 -4.0 -3.0 -3.0 -1.0 -4.0 -3.0 -3.0 0.0 0.0 0.0 -2.0 -1.0 -2.0 -2.0 0.0 -1.0 0.0 -1.0 -3.0 -3.0 -3.0 0.0 -4.0 -1.0 -4.0 0.0 -3.0 -3.0 -4.0 -1.0 -3.0 -3.0 0.0 
0.0 -2.0 -2.0 -2.0 -2.0 -2.0 -2.0 -3.0 -1.0 -3.0 -3.0 -2.0 -3.0 -1.0 -3.0 0.0 -3.0 -4.0 -4.0 -1.0 -3.0 0.0 -1.0 -3.0 0.0 0.0 -1.0 -3.0 -3.0 -2.0 -4.0 -3.0 -4.0 -1.0 -4.0 -4.0 -2.0 0.0 -3.0 -4.0 -2.0 -3.0 -3.0 -2.0 0.0 -4.0 -2.0 -3.0 -4.0 -3.0 -1.0 -4.0 0.0 -4.0 0.0 0.0 -2.0 -4.0 263.0 0.0 -2.0 -4.0 -1.0 -3.0 -3.0 -4.0 -4.0 -2.0 -1.0 -4.0 -3.0 -1.0 -3.0 -4.0 -3.0 -2.0 -2.0 0.0 0.0 -2.0 -4.0 -3.0 0.0 -4.0 -1.0 0.0 -3.0 0.0 -3.0 -3.0 -3.0 -2.0 -2.0 -4.0 -3.0 -3.0 -3.0 -4.0 -3.0 0.0 -3.0 -4.0 -2.0 -3.0 -1.0 -4.0 -3.0 0.0 -4.0 -2.0 -3.0 -3.0 -1.0 -3.0 -2.0 
0.0 -3.0 -1.0 -4.0 -2.0 -2.0 0.0 0.0 -4.0 -2.0 -3.0 -3.0 0.0 -2.0 -3.0 -1.0 -4.0 -2.0 -2.0 0.0 -2.0 -1.0 0.0 -2.0 -2.0 -2.0 -4.0 -3.0 -3.0 0.0 -3.0 -2.0 -4.0 -2.0 -2.0 0.0 -2.0 0.0 -2.0 -1.0 -3.0 -2.0 -2.0 -3.0 0.0 0.0 -1.0 0.0 -4.0 -2.0 0.0 -4.0 -3.0 -1.0 -3.0 -4.0 -1.0 -2.0 -3.0 234.0 -1.0 -4.0 -2.0 -4.0 -4.0 -2.0 -2.0 -4.0 -2.0 -4.0 -3.0 0.0 -3.0 -3.0 -3.0 0.0 -1.0 0.0 -3.0 0.0 -4.0 -2.0 -2.0 -4.0 -1.0 -4.0 -1.0 0.0 -3.0 -1.0 -2.0 -1.0 -3.0 -1.0 -2.0 -4.0 -1.0 -2.0 -3.0 -4.0 -2.0 -4.0 -3.0 -2.0 -2.0 -1.0 -3.0 0.0 -4.0 -4.0 -3.0 0.0 -3.0 0.0 0.0 
-2.0 0.0 -1.0 -2.0 -4.0 0.0 -4.0 -1.0 -3.0 -4.0 -1.0 -1.0 -2.0 -2.0 -3.0 0.0 0.0 -4.0 -3.0 -3.0 -2.0 -2.0 -2.0 0.0 -4.0 -4.0 -2.0 0.0 -3.0 -3.0 -4.0 0.0 -3.0 0.0 0.0 -4.0 -4.0 -3.0 -2.0 -4.0 0.0 -2.0 -4.0 -1.0 -1.0 -1.0 -2.0 -1.0 -2.0 -3.0 -4.0 -1.0 0.0 0.0 -1.0 -4.0 0.0 0.0 0.0 -3.0 235.0 -1.0 -2.0 -4.0 -4.0 -3.0 -4.0 0.0 -1.0 -1.0 -4.0 -4.0 -3.0 -3.0 -1.0 -4.0 -1.0 -4.0 -4.0 0.0 0.0 -2.0 -1.0 0.0 -1.0 0.0 0.0 0.0 -4.0 -3.0 -4.0 -4.0 -1.0 -3.0 -3.0 -1.0 -4.0 -3.0 0.0 -4.0 -2.0 -2.0 -1.0 0.0 -3.0 -2.0 -4.0 0.0 -4.0 -3.0 -3.0 -4.0 -3.0 -1.0 -1.0 
-4.0 -3.0 0.0 -2.0 -1.0 -3.0 -4.0 -4.0 -4.0 -1.0 -1.0 -1.0 0.0 -2.0 -2.0 -4.0 -1.0 -1.0 -3.0 -2.0 -4.0 -2.0 -3.0 0.0 -3.0 -1.0 -3.0 0.0 0.0 0.0 0.0 -1.0 -2.0 -3.0 -4.0 -1.0 -3.0 -3.0 -3.0 -1.0 -2.0 -1.0 -1.0 0.0 0.0 0.0 -2.0 -1.0 -3.0 -3.0 -3.0 -3.0 -4.0 -2.0 0.0 -4.0 -3.0 -2.0 -2.0 -3.0 -2.0 197.0 -1.0 0.0 -4.0 -1.0 -2.0 -4.0 -1.0 0.0 -2.0 0.0 -1.0 -1.0 -2.0 -3.0 0.0 0.0 -4.0 -4.0 -2.0 0.0 -4.0 -4.0 -2.0 -2.0 -1.0 -3.0 0.0 -1.0 -1.0 0.0 -4.0 0.0 0.0 -1.0 -4.0 -3.0 0.0 0.0 -2.0 0.0 -3.0 -2.0 -2.0 0.0 -1.0 -1.0 0.0 0.0 -1.0 0.0 0.0 0.0 -2.0 
-4.0 -3.0 -4.0 -3.0 -4.0 -3.0 -4.0 0.0 -1.0 -1.0 -1.0 0.0 -2.0 0.0 -4.0 -4.0 -2.0 0.0 -3.0 -3.0 -1.0 0.0 -4.0 -3.0 0.0 0.0 -2.0 -1.0 0.0 -2.0 -4.0 0.0 -4.0 0.0 0.0 -2.0 -3.0 -2.0 -2.0 -2.0 -1.0 -2.0 0.0 -3.0 0.0 -1.0 -2.0 -4.0 -1.0 -4.0 -2.0 0.0 -1.0 0.0 0.0 0.0 -4.0 0.0 -3.0 0.0 -3.0 0.0 204.0 0.0 -1.0 0.0 -4.0 0.0 -1.0 -2.0 0.0 -1.0 0.0 0.0 -3.0 0.0 -1.0 -1.0 -1.0 -1.0 -4.0 -4.0 -1.0 0.0 -3.0 -3.0 -4.0 -4.0 -2.0 -4.0 -1.0 -3.0 -2.0 -2.0 0.0 -4.0 -4.0 -3.0 -3.0 -2.0 0.0 0.0 -4.0 -4.0 -2.0 0.0 0.0 -2.0 -4.0 -4.0 0.0 -3.0 -1.0 0.0 -2.0 
0.0 -1.0 -3.0 -3.0 -2.0 -1.0 -4.0 -2.0 0.0 -4.0 -2.0 -3.0 -4.0 -2.0 -3.0 -4.0 -2.0 0.0 -2.0 -3.0 -1.0 -1.0 -1.0 -3.0 -4.0 -1.0 -2.0 0.0 -3.0 0.0 -1.0 -2.0 -3.0 0.0 -4.0 -3.0 -2.0 -1.0 0.0 -3.0 0.0 -1.0 -1.0 -1.0 -2.0 -1.0 0.0 -2.0 0.0 0.0 -3.0 -1.0 -2.0 0.0 -3.0 -1.0 -4.0 -1.0 -3.0 -2.0 -1.0 -2.0 0.0 230.0 0.0 -4.0 -3.0 0.0 -3.0 0.0 -1.0 0.0 0.0 0.0 -2.0 -2.0 -4.0 -1.0 -2.0 -4.0 -4.0 -1.0 -3.0 -4.0 0.0 -4.0 -4.0 -3.0 -2.0 -4.0 -3.0 -2.0 -4.0 -1.0 0.0 -3.0 -4.0 -2.0 -4.0 -4.0 -2.0 -2.0 -4.0 -1.0 -4.0 -2.0 0.0 -4.0 -1.0 -3.0 -4.0 -4.0 -2.0 -2.0 -2.0 
-3.0 -1.0 -3.0 0.0 -1.0 -4.0 0.0 -4.0 -3.0 -4.0 0.0 0.0 -2.0 -2.0 -4.0 0.0 0.0 -2.0 -2.0 -2.0 -2.0 0.0 -4.0 -4.0 -1.0 -2.0 -2.0 -3.0 -2.0 -4.0 0.0 -1.0 0.0 -3.0 -1.0 -1.0 -2.0 -3.0 -4.0 -1.0 -2.0 0.0 -3.0 -3.0 -4.0 -4.0 -4.0 -3.0 -2.0 -4.0 -1.0 -3.0 -3.0 -1.0 -4.0 -3.0 -1.0 -1.0 0.0 -2.0 -4.0 -2.0 -2.0 -1.0 209.0 -3.0 -3.0 0.0 -3.0 -1.0 0.0 -1.0 -2.0 -2.0 -1.0 -3.0 -4.0 -1.0 -4.0 -2.0 -2.0 0.0 0.0 0.0 0.0 -3.0 0.0 -1.0 -1.0 -1.0 -1.0 -2.0 0.0 -1.0 -4.0 -1.0 -1.0 -1.0 -3.0 -2.0 0.0 -3.0 -4.0 0.0 0.0 0.0 -2.0 -3.0 -1.0 0.0 -1.0 -4.0 0.0 -1.0 -2.0 
0.0 -2.0 0.0 -2.0 -3.0 -3.0 -4.0 -3.0 -1.0 -4.0 -3.0 -3.0 -1.0 -1.0 -3.0 -1.0 0.0 -1.0 -4.0 0.0 -1.0 -4.0 -4.0 -1.0 0.0 -4.0 -1.0 -2.0 -2.0 -3.0 -2.0 -1.0 -3.0 -1.0 -1.0 0.0 -2.0 -2.0 -4.0 -4.0 0.0 -3.0 -4.0 -3.0 -3.0 -1.0 -2.0 -3.0 -2.0 -2.0 -1.0 -3.0 0.0 -2.0 -4.0 -4.0 -3.0 0.0 -1.0 -1.0 -3.0 -3.0 0.0 -3.0 -2.0 242.0 -1.0 -2.0 -1.0 0.0 -2.0 -1.0 -3.0 0.0 -3.0 0.0 -4.0 -4.0 -4.0 -2.0 -3.0 -3.0 -1.0 -4.0 -3.0 -3.0 -2.0 -1.0 -4.0 -2.0 -3.0 -2.0 -2.0 0.0 -3.0 -4.0 -3.0 0.0 -1.0 -3.0 -4.0 -3.0 -3.0 -2.0 -4.0 -1.0 -1.0 0.0 0.0 0.0 -3.0 -4.0 -4.0 -3.0 -2.0 
-1.0 -3.0 -3.0 0.0 -3.0 -3.0 -3.0 -1.0 -3.0 -2.0 -3.0 -1.0 0.0 -3.0 -3.0 0.0 -4.0 -4.0 -4.0 -3.0 -3.0 -3.0 -1.0 -3.0 -2.0 0.0 -3.0 -3.0 -2.0 0.0 -2.0 -1.0 -4.0 -1.0 -3.0 0.0 -2.0 -4.0 0.0 0.0 -3.0 -4.0 -2.0 -1.0 -3.0 -3.0 -1.0 -2.0 -4.0 -1.0 0.0 -2.0 -3.0 -2.0 -1.0 -3.0 0.0 -2.0 0.0 0.0 -3.0 -3.0 -3.0 -1.0 -4.0 -1.0 217.0 -4.0 -3.0 -4.0 -1.0 -3.0 -1.0 -2.0 -4.0 0.0 -4.0 0.0 -3.0 0.0 -3.0 -4.0 -3.0 -1.0 -2.0 0.0 0.0 -3.0 -3.0 0.0 -1.0 -4.0 -4.0 0.0 -3.0 -1.0 -1.0 -1.0 0.0 -3.0 -3.0 -1.0 0.0 0.0 -1.0 0.0 0.0 0.0 0.0 -4.0 -1.0 0.0 -3.0 -2.0 0.0 
-1.0 -2.0 -3.0 -3.0 -2.0 -1.0 -1.0 0.0 -1.0 0.0 -4.0 0.0 -3.0 0.0 -1.0 0.0 0.0 0.0 -2.0 0.0 -3.0 -1.0 -4.0 -2.0 -3.0 -3.0 -1.0 -3.0 -1.0 0.0 -4.0 -2.0 -3.0 -2.0 -3.0 -1.0 0.0 -3.0 0.0 -2.0 -1.0 -1.0 -3.0 -1.0 -3.0 0.0 -3.0 -1.0 -2.0 -2.0 -1.0 -4.0 -3.0 -1.0 -4.0 -4.0 -2.0 -2.0 -4.0 -4.0 -3.0 -3.0 -4.0 -2.0 0.0 -3.0 -1.0 228.0 -3.0 -3.0 0.0 -2.0 -1.0 -3.0 -4.0 -2.0 -1.0 -2.0 -4.0 -1.0 -3.0 -3.0 -2.0 -1.0 0.0 -3.0 0.0 -3.0 -3.0 -3.0 -4.0 -3.0 -3.0 0.0 -3.0 -1.0 -2.0 -4.0 -3.0 0.0 -2.0 -4.0 -2.0 -3.0 0.0 -3.0 -4.0 0.0 -2.0 -2.0 -1.0 0.0 -2.0 -3.0 -3.0 
-3.0 -2.0 0.0 -4.0 -2.0 -1.0 0.0 0.0 -3.0 -1.0 -2.0 -2.0 0.0 -1.0 -2.0 -2.0 -2.0 -1.0 -3.0 0.0 -1.0 -4.0 -1.0 -4.0 0.0 0.0 -1.0 -3.0 0.0 -2.0 -1.0 -1.0 -2.0 -2.0 0.0 -4.0 0.0 0.0 -3.0 -2.0 -1.0 -4.0 -1.0 -2.0 0.0 -3.0 -4.0 -4.0 0.0 0.0 -1.0 -4.0 -2.0 -2.0 -2.0 -2.0 -2.0 -4.0 -3.0 -1.0 0.0 -3.0 -3.0 -2.0 0.0 -1.0 0.0 -4.0 220.0 0.0 -1.0 -4.0 -1.0 -1.0 -2.0 -1.0 -4.0 -1.0 -4.0 0.0 -3.0 -3.0 -4.0 -2.0 -1.0 0.0 -4.0 -1.0 0.0 -3.0 -4.0 -3.0 -1.0 -2.0 -2.0 -2.0 -1.0 -1.0 -1.0 -4.0 -2.0 -1.0 -4.0 -3.0 -2.0 -3.0 -1.0 -4.0 -3.0 -4.0 -2.0 -4.0 -4.0 -3.0 -2.0 
0.0 -3.0 -1.0 -4.0 -3.0 0.0 -1.0 0.0 -2.0 -1.0 -1.0 0.0 -2.0 -1.0 -4.0 0.0 0.0 -2.0 -4.0 -1.0 -1.0 -1.0 -2.0 -1.0 -2.0 -3.0 -1.0 -2.0 -3.0 -1.0 0.0 -2.0 -3.0 0.0 -2.0 -1.0 -3.0 -2.0 0.0 0.0 0.0 -4.0 -3.0 -3.0 -4.0 -3.0 0.0 -1.0 0.0 -4.0 0.0 -2.0 -2.0 -4.0 -3.0 0.0 -4.0 -1.0 0.0 -3.0 -3.0 -4.0 -3.0 0.0 -2.0 -2.0 -1.0 -2.0 -1.0 205.0 -4.0 -4.0 -3.0 -1.0 0.0 -4.0 -1.0 -1.0 0.0 -1.0 0.0 -2.0 -3.0 -3.0 -3.0 -2.0 -2.0 -3.0 -2.0 -2.0 -2.0 -3.0 0.0 -2.0 0.0 -1.0 -4.0 -2.0 -1.0 -1.0 -4.0 0.0 -4.0 -2.0 -1.0 -1.0 0.0 0.0 -2.0 -4.0 -3.0 0.0 -4.0 0.0 -4.0 
-1.0 -3.0 -1.0 -3.0 -1.0 -1.0 -2.0 -3.0 0.0 -2.0 0.0 -3.0 -3.0 -4.0 -2.0 -4.0 -3.0 -2.0 -2.0 0.0 -1.0 -4.0 0.0 0.0 -4.0 -3.0 -2.0 0.0 -3.0 0.0 -1.0 -2.0 -3.0 -4.0 0.0 -3.0 -2.0 -1.0 -4.0 -2.0 -3.0 -4.0 -2.0 -1.0 0.0 -1.0 -1.0 -2.0 -4.0 -2.0 -3.0 -2.0 -4.0 -3.0 -2.0 -1.0 0.0 0.0 0.0 0.0 -3.0 0.0 0.0 -1.0 -3.0 -1.0 -1.0 -4.0 -3.0 -3.0 223.0 -2.0 0.0 -2.0 -4.0 -1.0 -4.0 -2.0 0.0 -1.0 -2.0 -4.0 -1.0 -4.0 0.0 -2.0 0.0 0.0 -3.0 -3.0 -3.0 0.0 -3.0 -3.0 -1.0 0.0 -2.0 -2.0 -1.0 0.0 -4.0 -3.0 -2.0 -3.0 -1.0 -3.0 -3.0 -3.0 -4.0 -2.0 -3.0 -1.0 -4.0 -3.0 -1.0 
-1.0 -3.0 -4.0 -4.0 -4.0 -3.0 -2.0 -2.0 -3.0 -2.0 -4.0 0.0 0.0 -4.0 -1.0 -4.0 -3.0 -1.0 -3.0 -2.0 -2.0 -4.0 -4.0 -3.0 0.0 -4.0 -3.0 -4.0 -4.0 -4.0 -1.0 -2.0 -4.0 -1.0 0.0 -1.0 -2.0 -3.0 -3.0 -2.0 -4.0 -2.0 -3.0 0.0 -2.0 -3.0 -1.0 -3.0 -1.0 0.0 -4.0 -4.0 -1.0 -2.0 -2.0 -1.0 -1.0 -3.0 -3.0 0.0 -3.0 -1.0 -1.0 0.0 0.0 0.0 -2.0 -3.0 -2.0 0.0 0.0 231.0 -1.0 -2.0 -1.0 -3.0 -1.0 -4.0 -2.0 0.0 -4.0 -2.0 -2.0 -3.0 -2.0 -1.0 -1.0 -2.0 -2.0 -4.0 0.0 -4.0 0.0 0.0 -1.0 -3.0 -3.0 -2.0 -1.0 0.0 -2.0 -4.0 -1.0 -3.0 -2.0 -2.0 -3.0 -1.0 0.0 -1.0 -4.0 0.0 -2.0 -2.0 0.0 
-2.0 -1.0 0.0 0.0 -3.0 -3.0 -4.0 -4.0 -3.0 -4.0 -3.0 -1.0 -3.0 -4.0 -4.0 -1.0 -4.0 -4.0 0.0 -2.0 -1.0 -4.0 -4.0 -3.0 -1.0 0.0 -1.0 -3.0 -1.0 -3.0 -1.0 0.0 -3.0 -3.0 -1.0 -2.0 -2.0 -1.0 -4.0 -3.0 -1.0 -1.0 -4.0 -3.0 0.0 -4.0 -1.0 -3.0 -2.0 -2.0 -1.0 0.0 -3.0 -3.0 -4.0 -2.0 -4.0 0.0 -3.0 0.0 -3.0 -3.0 -2.0 -2.0 -4.0 -1.0 -4.0 -1.0 -2.0 0.0 -3.0 -4.0 236.0 -2.0 -1.0 -1.0 0.0 0.0 0.0 -4.0 -2.0 -2.0 -2.0 0.0 -2.0 0.0 -3.0 -3.0 -2.0 -3.0 -1.0 -3.0 -4.0 -3.0 -2.0 -1.0 0.0 0.0 0.0 -1.0 -4.0 0.0 -1.0 -2.0 -4.0 -3.0 -1.0 -2.0 -2.0 -4.0 0.0 -4.0 -1.0 -4.0 -1.0 
0.0 -3.0 -2.0 -3.0 -4.0 -2.0 0.0 -1.0 -4.0 -1.0 0.0 -2.0 0.0 -3.0 -1.0 -3.0 -2.0 0.0 0.0 -4.0 -1.0 -2.0 -3.0 -4.0 -2.0 -4.0 -4.0 -1.0 -4.0 -4.0 -2.0 0.0 -3.0 -1.0 -1.0 -4.0 -2.0 0.0 -1.0 -2.0 -1.0 -2.0 -4.0 -4.0 -3.0 -1.0 -3.0 -2.0 -2.0 0.0 -4.0 0.0 -2.0 0.0 -2.0 -4.0 0.0 0.0 -2.0 -3.0 -4.0 -4.0 0.0 -2.0 -1.0 -1.0 -1.0 -4.0 -2.0 -4.0 -4.0 -2.0 0.0 243.0 -3.0 -4.0 -1.0 -3.0 -1.0 -1.0 -2.0 -2.0 -2.0 -1.0 -3.0 -3.0 -2.0 -2.0 -3.0 -4.0 -2.0 -3.0 -2.0 -1.0 -1.0 -1.0 -4.0 -2.0 -3.0 -4.0 -1.0 -2.0 -4.0 0.0 -1.0 -3.0 -4.0 -3.0 -3.0 -1.0 -3.0 -1.0 -1.0 -4.0 -4.0 
0.0 -2.0 -4.0 0.0 0.0 -4.0 -4.0 -1.0 -3.0 -4.0 -4.0 -1.0 -1.0 -3.0 -3.0 -3.0 -2.0 -4.0 -2.0 -2.0 -1.0 -3.0 -4.0 -1.0 -3.0 -2.0 -1.0 -2.0 -4.0 -2.0 -3.0 0.0 -3.0 -2.0 0.0 -2.0 -3.0 -1.0 -3.0 -1.0 0.0 -1.0 -3.0 -2.0 -4.0 0.0 -2.0 0.0 -4.0 -2.0 -2.0 -4.0 -4.0 -3.0 -2.0 -1.0 -2.0 -3.0 -3.0 -4.0 -3.0 -4.0 -2.0 -2.0 0.0 -1.0 -2.0 -1.0 -1.0 -2.0 0.0 -2.0 0.0 -4.0 226.0 -1.0 0.0 -2.0 0.0 -4.0 0.0 -2.0 -2.0 0.0 -2.0 0.0 -3.0 0.0 0.0 -3.0 0.0 -3.0 -2.0 0.0 -2.0 -2.0 0.0 -1.0 -2.0 -4.0 -1.0 -2.0 -3.0 0.0 -1.0 -4.0 -2.0 -1.0 0.0 -2.0 -4.0 -2.0 -4.0 -3.0 -4.0 
-2.0 -4.0 -4.0 -3.0 -1.0 -2.0 0.0 -3.0 0.0 -2.0 -1.0 -2.0 -4.0 -2.0 -1.0 -4.0 0.0 -4.0 -1.0 0.0 -3.0 0.0 -2.0 -3.0 -4.0 -4.0 -3.0 0.0 -1.0 0.0 -2.0 -1.0 -1.0 -1.0 -2.0 -4.0 -2.0 -1.0 -3.0 0.0 -4.0 -3.0 -3.0 -3.0 -4.0 0.0 -3.0 -2.0 -2.0 -1.0 -1.0 0.0 -4.0 -2.0 0.0 -2.0 -2.0 -4.0 0.0 -2.0 -2.0 -1.0 -1.0 -1.0 0.0 -4.0 -2.0 -1.0 -2.0 -3.0 -2.0 -3.0 -1.0 -2.0 -2.0 223.0 -1.0 -3.0 -3.0 -4.0 -1.0 0.0 -2.0 -4.0 -4.0 -2.0 -4.0 -2.0 0.0 -4.0 -4.0 -1.0 0.0 -4.0 -4.0 -2.0 -3.0 -2.0 -1.0 -3.0 0.0 0.0 0.0 -2.0 -2.0 -2.0 -3.0 0.0 -3.0 -2.0 0.0 0.0 -1.0 -2.0 -2.0 
-1.0 -4.0 -1.0 -2.0 -4.0 -4.0 -4.0 0.0 -2.0 0.0 0.0 -4.0 0.0 0.0 -2.0 0.0 0.0 -4.0 0.0 -1.0 -4.0 -4.0 -3.0 -3.0 -4.0 -2.0 0.0 -1.0 -2.0 -3.0 -1.0 -1.0 0.0 -4.0 -2.0 -3.0 0.0 -4.0 -1.0 -2.0 -1.0 -4.0 0.0 0.0 -3.0 0.0 -2.0 -1.0 -1.0 0.0 -1.0 -2.0 -4.0 -4.0 -3.0 0.0 0.0 -2.0 -4.0 0.0 -4.0 -2.0 -2.0 -3.0 -1.0 0.0 -3.0 -2.0 -2.0 -4.0 -1.0 -1.0 -3.0 -1.0 0.0 -1.0 195.0 -1.0 0.0 -2.0 -4.0 0.0 -1.0 0.0 -2.0 -1.0 -1.0 -1.0 -3.0 -1.0 -4.0 0.0 0.0 -2.0 -4.0 -3.0 -1.0 -4.0 0.0 -4.0 0.0 -2.0 0.0 -1.0 -1.0 -1.0 -1.0 0.0 -1.0 -3.0 0.0 -1.0 -1.0 -1.0 -4.0 
-2.0 -1.0 -3.0 -4.0 -4.0 -1.0 -4.0 -1.0 -4.0 -4.0 -2.0 -4.0 -2.0 -1.0 -1.0 -3.0 -3.0 -2.0 -4.0 -4.0 0.0 0.0 0.0 -1.0 -1.0 -1.0 -1.0 0.0 -1.0 0.0 0.0 -3.0 0.0 -4.0 -4.0 -2.0 -4.0 -4.0 -2.0 -4.0 -2.0 -1.0 -3.0 -3.0 0.0 -4.0 0.0 -4.0 -3.0 0.0 -1.0 -4.0 -3.0 -2.0 -1.0 -1.0 -2.0 -1.0 -2.0 -4.0 -2.0 -2.0 -1.0 -3.0 -3.0 -4.0 -4.0 -4.0 0.0 -1.0 0.0 -4.0 -1.0 -4.0 -4.0 -2.0 -2.0 229.0 -1.0 -3.0 -2.0 -3.0 -1.0 -3.0 -4.0 -1.0 -1.0 0.0 -3.0 0.0 0.0 -1.0 -3.0 0.0 -3.0 -1.0 0.0 -2.0 0.0 -4.0 -4.0 -4.0 -1.0 -1.0 -1.0 0.0 0.0 -1.0 -4.0 -1.0 -3.0 0.0 0.0 -3.0 -2.0 
-2.0 -2.0 -3.0 -3.0 -2.0 -1.0 0.0 -3.0 -1.0 0.0 -2.0 -2.0 -2.0 0.0 -4.0 0.0 -1.0 -4.0 -1.0 -4.0 0.0 -3.0 -3.0 -2.0 -4.0 -3.0 -2.0 -3.0 -3.0 -2.0 -3.0 -3.0 -2.0 0.0 0.0 0.0 -1.0 -3.0 -4.0 -2.0 -4.0 -4.0 -1.0 -1.0 -1.0 -2.0 -4.0 0.0 0.0 -3.0 -4.0 -4.0 -3.0 -2.0 -3.0 -4.0 0.0 -3.0 -1.0 -4.0 0.0 -3.0 -2.0 -4.0 -4.0 -2.0 -1.0 -2.0 0.0 0.0 -4.0 0.0 -4.0 0.0 -4.0 0.0 -4.0 -1.0 234.0 0.0 -1.0 -2.0 0.0 -4.0 -1.0 -2.0 -1.0 -3.0 0.0 -1.0 -3.0 0.0 -4.0 -4.0 -2.0 -1.0 -2.0 -1.0 -2.0 -4.0 -2.0 -2.0 -4.0 -1.0 -4.0 -3.0 0.0 -2.0 -2.0 0.0 -4.0 -4.0 0.0 -1.0 -4.0 
-1.0 -2.0 0.0 -2.0 -3.0 -2.0 -1.0 -4.0 0.0 -4.0 -2.0 0.0 -3.0 -1.0 -1.0 -4.0 0.0 -2.0 -4.0 0.0 0.0 -1.0 -4.0 -3.0 -1.0 -4.0 -2.0 -3.0 -1.0 -1.0 -4.0 -2.0 -1.0 -2.0 0.0 -2.0 -4.0 -3.0 -1.0 -1.0 0.0 -3.0 -3.0 0.0 -2.0 0.0 -1.0 0.0 -4.0 -2.0 -2.0 -4.0 -3.0 -1.0 -1.0 -1.0 0.0 -1.0 -2.0 -1.0 0.0 -2.0 -2.0 -4.0 -4.0 -3.0 -2.0 -3.0 -2.0 -4.0 -2.0 0.0 -3.0 -3.0 -2.0 -2.0 -3.0 0.0 -3.0 220.0 -3.0 -1.0 -3.0 -2.0 0.0 -4.0 -4.0 -1.0 -3.0 -4.0 -1.0 0.0 -2.0 0.0 -4.0 0.0 -1.0 -1.0 -2.0 -2.0 0.0 -1.0 0.0 -3.0 0.0 -3.0 -4.0 -3.0 -3.0 -2.0 -4.0 -3.0 -1.0 0.0 -4.0 
-1.0 -4.0 0.0 0.0 0.0 -2.0 -3.0 -2.0 -2.0 -4.0 -3.0 0.0 -2.0 -3.0 -1.0 -2.0 0.0 -4.0 0.0 0.0 0.0 -4.0 -2.0 -4.0 0.0 0.0 -1.0 0.0 -2.0 -4.0 0.0 0.0 -2.0 -3.0 -2.0 -4.0 -4.0 -4.0 -2.0 -3.0 -4.0 -1.0 0.0 0.0 -4.0 -4.0 -3.0 -3.0 -2.0 -2.0 -1.0 -4.0 -1.0 -2.0 -3.0 -3.0 -1.0 -2.0 -4.0 -4.0 -2.0 -4.0 -4.0 0.0 -4.0 0.0 -2.0 -1.0 -3.0 -1.0 0.0 -3.0 -2.0 0.0 0.0 -3.0 -4.0 -1.0 0.0 0.0 224.0 -4.0 -3.0 -3.0 -3.0 -2.0 -3.0 -1.0 0.0 -3.0 -4.0 -2.0 -4.0 -1.0 -3.0 0.0 -4.0 -2.0 -1.0 -3.0 -2.0 0.0 -1.0 0.0 -2.0 0.0 0.0 -3.0 0.0 -4.0 -3.0 0.0 -3.0 -4.0 0.0 
-3.0 -2.0 -4.0 -4.0 -4.0 -2.0 0.0 -1.0 -4.0 0.0 -4.0 -1.0 -2.0 -4.0 -2.0 -1.0 -4.0 0.0 -3.0 -3.0 -2.0 -4.0 -4.0 0.0 -2.0 -2.0 -1.0 -2.0 -4.0 -2.0 0.0 -4.0 -4.0 -2.0 -2.0 -3.0 -4.0 0.0 -1.0 -2.0 -4.0 -1.0 -3.0 -4.0 -3.0 -2.0 -3.0 -4.0 -3.0 -4.0 -4.0 -3.0 -4.0 -1.0 0.0 -3.0 -3.0 -3.0 -1.0 0.0 -1.0 -2.0 -2.0 -4.0 -3.0 0.0 -1.0 -1.0 -1.0 -3.0 -3.0 -4.0 -1.0 -4.0 -1.0 -2.0 -4.0 -2.0 -1.0 -2.0 -1.0 259.0 -2.0 -2.0 -1.0 -1.0 -4.0 -4.0 -4.0 -1.0 -3.0 -3.0 0.0 -1.0 -4.0 0.0 -3.0 -1.0 -3.0 -1.0 -2.0 -1.0 -4.0 -1.0 -4.0 -1.0 -4.0 -2.0 0.0 -2.0 -4.0 -3.0 -2.0 -2.0 0.0 
0.0 -1.0 0.0 0.0 -2.0 -2.0 -3.0 -4.0 0.0 -2.0 -4.0 -1.0 0.0 -4.0 -1.0 -4.0 -1.0 -4.0 -3.0 -2.0 0.0 -2.0 -2.0 -2.0 -2.0 0.0 0.0 -2.0 -3.0 0.0 -4.0 0.0 -3.0 -1.0 -3.0 -1.0 -1.0 -4.0 -1.0 -3.0 0.0 -3.0 -1.0 -1.0 0.0 -3.0 0.0 -3.0 -3.0 0.0 -2.0 0.0 -4.0 -2.0 -1.0 -4.0 -2.0 -1.0 -3.0 -1.0 -4.0 -4.0 -1.0 -2.0 -2.0 -1.0 -4.0 -3.0 -3.0 -1.0 -4.0 -1.0 -1.0 -1.0 -1.0 -1.0 -2.0 -4.0 -1.0 0.0 -1.0 -3.0 209.0 -4.0 -4.0 0.0 -4.0 -1.0 0.0 0.0 -3.0 0.0 0.0 -1.0 0.0 -3.0 -3.0 -2.0 -1.0 -1.0 0.0 -2.0 -2.0 -2.0 -4.0 -4.0 -1.0 0.0 -1.0 -2.0 -3.0 0.0 -4.0 -2.0 -4.0 
-3.0 -1.0 0.0 -3.0 -2.0 -4.0 -1.0 -4.0 -3.0 -3.0 -3.0 -4.0 -1.0 -2.0 -1.0 -4.0 0.0 -2.0 0.0 -3.0 0.0 -4.0 -4.0 -1.0 -1.0 -1.0 0.0 -1.0 -3.0 -1.0 -4.0 -1.0 -4.0 -2.0 -2.0 -4.0 -1.0 -1.0 -1.0 -4.0 -1.0 -4.0 0.0 -3.0 0.0 -1.0 0.0 -1.0 -3.0 -1.0 -4.0 -3.0 -3.0 -4.0 -3.0 -2.0 0.0 0.0 0.0 -4.0 -2.0 -2.0 -2.0 -1.0 -3.0 -3.0 -3.0 -2.0 -3.0 -2.0 -2.0 -2.0 -3.0 -2.0 -1.0 -2.0 -3.0 -2.0 -2.0 -2.0 0.0 -1.0 0.0 213.0 -2.0 0.0 -2.0 -1.0 -3.0 -2.0 -4.0 -2.0 -1.0 -4.0 -4.0 -1.0 -3.0 0.0 -1.0 -2.0 -1.0 -2.0 0.0 0.0 -1.0 -4.0 -1.0 0.0 -3.0 0.0 0.0 -1.0 -1.0 0.0 -1.0 
-3.0 -3.0 -4.0 -4.0 -2.0 -1.0 0.0 -1.0 -3.0 -2.0 -2.0 -3.0 -2.0 0.0 -2.0 0.0 -2.0 -2.0 -1.0 0.0 -4.0 -3.0 0.0 -2.0 -1.0 -4.0 0.0 -1.0 -2.0 -1.0 -2.0 -4.0 -2.0 -1.0 -4.0 -4.0 -2.0 -4.0 -3.0 -3.0 -2.0 -1.0 0.0 -4.0 -1.0 0.0 -1.0 -3.0 -3.0 -3.0 -1.0 0.0 -1.0 -1.0 -1.0 -3.0 -1.0 -3.0 -4.0 0.0 -2.0 -4.0 -2.0 -4.0 -2.0 0.0 -1.0 -1.0 0.0 -1.0 -3.0 -1.0 0.0 -2.0 -4.0 -4.0 -4.0 0.0 -1.0 0.0 -3.0 -4.0 -3.0 0.0 243.0 -2.0 -3.0 -4.0 -2.0 -4.0 -3.0 -3.0 -3.0 -1.0 -3.0 -4.0 -1.0 -4.0 0.0 -1.0 -3.0 -3.0 -4.0 -4.0 0.0 -2.0 -4.0 -1.0 -4.0 -2.0 -4.0 -2.0 -3.0 -3.0 -3.0 
-3.0 -2.0 -4.0 -4.0 -1.0 0.0 -4.0 -1.0 -3.0 -4.0 -2.0 -1.0 -3.0 0.0 -1.0 -2.0 -2.0 -4.0 -4.0 0.0 -2.0 -2.0 -1.0 -2.0 -3.0 0.0 -2.0 -3.0 -1.0 -1.0 -1.0 -4.0 0.0 -2.0 -3.0 -3.0 0.0 -3.0 -2.0 -3.0 -3.0 -4.0 -2.0 -1.0 -4.0 0.0 -1.0 0.0 -2.0 -3.0 -4.0 -2.0 -3.0 0.0 -1.0 -3.0 0.0 -2.0 -1.0 -3.0 -2.0 -1.0 0.0 -4.0 0.0 -1.0 0.0 0.0 -2.0 -1.0 -2.0 -1.0 0.0 -2.0 -3.0 0.0 -4.0 -2.0 0.0 -3.0 -2.0 -1.0 0.0 -1.0 -3.0 211.0 -3.0 -4.0 0.0 -4.0 0.0 -4.0 -3.0 -4.0 -3.0 0.0 -1.0 -2.0 0.0 0.0 0.0 -2.0 -3.0 -1.0 -2.0 -2.0 -4.0 0.0 -3.0 -3.0 -2.0 -2.0 0.0 0.0 -2.0 
-1.0 -3.0 -4.0 -4.0 -2.0 -4.0 -2.0 -3.0 0.0 -2.0 0.0 -2.0 0.0 0.0 -3.0 -3.0 0.0 -4.0 -2.0 -4.0 -4.0 -2.0 -3.0 -2.0 -2.0 -1.0 0.0 -1.0 -2.0 -3.0 -3.0 0.0 -2.0 -4.0 -1.0 -3.0 -4.0 -4.0 -4.0 0.0 -3.0 -4.0 -3.0 -3.0 -1.0 0.0 -1.0 -2.0 0.0 -4.0 -3.0 -2.0 -1.0 -1.0 -3.0 0.0 -3.0 -3.0 -3.0 -2.0 -1.0 -3.0 0.0 -2.0 -2.0 0.0 -3.0 0.0 -2.0 -3.0 -1.0 -4.0 -2.0 -1.0 -2.0 -2.0 -2.0 -1.0 -2.0 -1.0 -3.0 -1.0 0.0 -3.0 -2.0 0.0 244.0 -4.0 -1.0 -4.0 -4.0 -3.0 -2.0 -4.0 -1.0 -3.0 -4.0 -1.0 -4.0 -3.0 -3.0 -3.0 -1.0 -4.0 -4.0 -1.0 -4.0 0.0 -1.0 -2.0 -1.0 0.0 -1.0 -4.0 -4.0 
-2.0 0.0 -4.0 -2.0 -1.0 -4.0 -3.0 -2.0 0.0 -1.0 -1.0 -3.0 -4.0 -2.0 -4.0 -4.0 -3.0 -1.0 -1.0 -2.0 -3.0 -1.0 -4.0 -4.0 -2.0 -2.0 -1.0 0.0 -2.0 -1.0 0.0 -3.0 -4.0 -4.0 -2.0 0.0 -3.0 -4.0 -1.0 -3.0 0.0 -1.0 -3.0 -3.0 -1.0 -1.0 -1.0 -3.0 -3.0 -1.0 -4.0 -4.0 -1.0 -2.0 0.0 -2.0 -1.0 0.0 -1.0 -3.0 -1.0 -3.0 -4.0 -1.0 -4.0 -3.0 -4.0 0.0 -4.0 -3.0 -1.0 0.0 0.0 0.0 -4.0 -2.0 0.0 0.0 0.0 -2.0 -2.0 -3.0 -3.0 -2.0 -4.0 0.0 0.0 222.0 -4.0 -4.0 -4.0 0.0 -3.0 -2.0 -4.0 -1.0 0.0 -3.0 0.0 0.0 -4.0 -2.0 0.0 -1.0 0.0 -1.0 0.0 0.0 -2.0 -2.0 -1.0 0.0 -4.0 -4.0 -3.0 
-2.0 -4.0 -2.0 -3.0 -3.0 0.0 -3.0 -2.0 -3.0 -3.0 -1.0 -1.0 -1.0 -2.0 -1.0 0.0 -1.0 -2.0 -1.0 -1.0 -3.0 0.0 -1.0 -4.0 -2.0 -3.0 -2.0 -1.0 -2.0 -4.0 -4.0 -4.0 -3.0 -4.0 0.0 -4.0 -3.0 0.0 -3.0 -3.0 -1.0 -1.0 -4.0 -1.0 -3.0 -1.0 -2.0 -3.0 -1.0 0.0 -3.0 0.0 0.0 -3.0 -2.0 0.0 0.0 -1.0 -2.0 -2.0 -2.0 -2.0 0.0 -3.0 -1.0 -3.0 -3.0 0.0 -4.0 -1.0 -2.0 0.0 0.0 -1.0 0.0 -1.0 -4.0 0.0 -1.0 0.0 -4.0 -4.0 -2.0 0.0 -4.0 -3.0 -4.0 0.0 213.0 -4.0 -3.0 0.0 -4.0 -2.0 0.0 -2.0 -2.0 -1.0 0.0 -3.0 0.0 -1.0 -4.0 0.0 0.0 -2.0 -2.0 0.0 -3.0 -3.0 -3.0 -2.0 0.0 -3.0 -4.0 
-3.0 0.0 0.0 -3.0 -2.0 -2.0 -3.0 -3.0 -2.0 0.0 -1.0 -4.0 0.0 -3.0 -3.0 -3.0 0.0 0.0 0.0 0.0 -2.0 -4.0 -2.0 -4.0 -4.0 -3.0 -1.0 0.0 -2.0 -4.0 -1.0 -2.0 -4.0 0.0 -2.0 -4.0 0.0 -1.0 -4.0 -1.0 -2.0 0.0 -3.0 0.0 -4.0 -1.0 -2.0 -1.0 -3.0 0.0 -1.0 -2.0 0.0 -2.0 0.0 -3.0 -4.0 -3.0 0.0 -3.0 -2.0 -2.0 -2.0 0.0 -3.0 -2.0 -3.0 -1.0 0.0 -4.0 0.0 0.0 -4.0 -1.0 -4.0 -2.0 0.0 -1.0 0.0 -4.0 -2.0 -2.0 -1.0 -4.0 0.0 -3.0 -3.0 -3.0 0.0 204.0 0.0 -4.0 -4.0 -1.0 -3.0 0.0 -3.0 -4.0 0.0 -1.0 0.0 0.0 -2.0 0.0 -3.0 -4.0 0.0 -1.0 0.0 -1.0 -4.0 -3.0 0.0 0.0 -2.0 
-2.0 0.0 -3.0 0.0 -2.0 0.0 -4.0 0.0 -2.0 0.0 0.0 -4.0 0.0 -3.0 -2.0 -3.0 0.0 0.0 -3.0 0.0 -2.0 -3.0 -1.0 -2.0 -3.0 -3.0 0.0 -4.0 -4.0 -4.0 -4.0 -3.0 -3.0 -2.0 0.0 -3.0 0.0 -4.0 0.0 -4.0 -2.0 -2.0 0.0 -4.0 -4.0 -4.0 0.0 0.0 -4.0 -2.0 -2.0 -4.0 -1.0 -3.0 -3.0 -2.0 -4.0 -1.0 -4.0 -2.0 0.0 -2.0 -3.0 -4.0 -4.0 -1.0 -4.0 -4.0 -3.0 -3.0 -4.0 -3.0 -1.0 -4.0 -2.0 -1.0 -3.0 -1.0 -2.0 -2.0 -3.0 -3.0 -1.0 -2.0 -3.0 -2.0 -1.0 0.0 -3.0 -3.0 233.0 0.0 0.0 -1.0 -1.0 -2.0 -1.0 0.0 -4.0 -4.0 -4.0 0.0 0.0 -3.0 -1.0 -3.0 0.0 0.0 -1.0 -2.0 -3.0 -2.0 -2.0 -2.0 0.0 
-1.0 0.0 0.0 0.0 -1.0 -4.0 -2.0 -2.0 0.0 -2.0 -4.0 -4.0 -1.0 -2.0 -1.0 0.0 -2.0 -4.0 -4.0 -2.0 -2.0 -4.0 0.0 -2.0 -2.0 -4.0 -2.0 -2.0 0.0 -2.0 -3.0 -4.0 -4.0 -3.0 -3.0 -4.0 -3.0 -1.0 -4.0 -3.0 -2.0 0.0 -3.0 -1.0 -1.0 -1.0 -1.0 0.0 -1.0 -3.0 -4.0 -2.0 -2.0 -3.0 -1.0 0.0 0.0 -1.0 -3.0 -3.0 -3.0 0.0 -1.0 0.0 -1.0 -1.0 -3.0 -4.0 -4.0 -3.0 -2.0 -1.0 0.0 -3.0 0.0 -2.0 0.0 -1.0 -4.0 -2.0 -4.0 -3.0 -2.0 0.0 -3.0 -1.0 0.0 -1.0 -3.0 -1.0 -1.0 212.0 -4.0 -2.0 -2.0 -1.0 -3.0 -3.0 -2.0 0.0 -1.0 -4.0 -1.0 0.0 -4.0 -1.0 0.0 0.0 -3.0 -1.0 0.0 -1.0 -2.0 -1.0 -2.0 
0.0 -4.0 0.0 -1.0 -4.0 -1.0 -3.0 -3.0 -4.0 -4.0 0.0 0.0 -4.0 -4.0 -4.0 -4.0 -1.0 0.0 -3.0 -4.0 -4.0 -4.0 -1.0 -3.0 -4.0 -4.0 0.0 -4.0 -2.0 -3.0 -2.0 -3.0 0.0 -4.0 -4.0 -1.0 0.0 0.0 -2.0 -3.0 -4.0 -4.0 -3.0 -1.0 -2.0 -4.0 -3.0 -3.0 0.0 -2.0 -4.0 -2.0 -1.0 -3.0 -1.0 -1.0 -3.0 -3.0 -2.0 -2.0 -1.0 -2.0 -2.0 -3.0 -2.0 -4.0 -1.0 -1.0 -1.0 -3.0 -1.0 0.0 0.0 -3.0 -3.0 -1.0 -2.0 -4.0 0.0 -3.0 0.0 0.0 -3.0 -2.0 -4.0 -1.0 -3.0 0.0 -3.0 -1.0 -1.0 -4.0 246.0 -2.0 -4.0 -3.0 -2.0 -3.0 -3.0 -2.0 -2.0 0.0 -3.0 -1.0 -2.0 -4.0 -3.0 0.0 0.0 0.0 -1.0 -4.0 -1.0 -1.0 -2.0 
-3.0 -4.0 -1.0 -2.0 0.0 0.0 -1.0 -4.0 -3.0 -4.0 -3.0 0.0 -2.0 -3.0 -1.0 -2.0 -2.0 -1.0 -1.0 -4.0 -3.0 0.0 -1.0 0.0 -4.0 -3.0 0.0 -3.0 -1.0 -2.0 -1.0 -1.0 -3.0 -2.0 -3.0 -2.0 -4.0 0.0 -3.0 -3.0 -1.0 -4.0 -1.0 -1.0 -2.0 -1.0 0.0 -3.0 -4.0 -1.0 -3.0 -4.0 -1.0 -1.0 -3.0 -1.0 -4.0 -4.0 -4.0 -1.0 -1.0 -1.0 0.0 -4.0 -3.0 -3.0 -2.0 -1.0 -3.0 0.0 -1.0 0.0 -1.0 -1.0 -1.0 -4.0 -4.0 -2.0 -3.0 -3.0 -4.0 -1.0 -2.0 -2.0 0.0 -3.0 0.0 0.0 -4.0 0.0 0.0 -3.0 -3.0 231.0 -2.0 -1.0 -2.0 -3.0 -2.0 -1.0 -2.0 -2.0 -4.0 -2.0 -3.0 0.0 -4.0 -4.0 0.0 -3.0 -1.0 -4.0 -3.0 0.0 -4.0 
-2.0 -2.0 -2.0 -2.0 -3.0 -4.0 -2.0 -1.0 -3.0 0.0 0.0 -1.0 -4.0 -3.0 0.0 -4.0 0.0 -4.0 0.0 -4.0 0.0 -3.0 -3.0 0.0 0.0 -3.0 -4.0 0.0 0.0 -1.0 0.0 -3.0 -3.0 0.0 -3.0 -3.0 -2.0 -2.0 -4.0 -4.0 -2.0 -3.0 -2.0 0.0 -4.0 -1.0 -4.0 -1.0 -4.0 -3.0 0.0 0.0 -1.0 -2.0 -3.0 -1.0 -2.0 -3.0 -4.0 -3.0 -1.0 0.0 -1.0 -2.0 -2.0 0.0 -2.0 -3.0 -4.0 0.0 0.0 -4.0 -3.0 -2.0 -2.0 -2.0 -4.0 -4.0 -1.0 -2.0 -3.0 -4.0 0.0 -4.0 -1.0 -1.0 0.0 -2.0 -2.0 -3.0 -3.0 -4.0 -3.0 -2.0 239.0 -2.0 -4.0 -2.0 -4.0 -3.0 -1.0 -4.0 -3.0 -3.0 0.0 -1.0 -2.0 0.0 -3.0 -1.0 -3.0 -2.0 -2.0 -2.0 -4.0 
-2.0 -1.0 -2.0 -4.0 -4.0 0.0 -2.0 -2.0 -1.0 -4.0 -4.0 -1.0 -1.0 -1.0 -2.0 -4.0 -4.0 -2.0 -3.0 -3.0 -2.0 -2.0 -1.0 -4.0 -1.0 0.0 0.0 0.0 -4.0 0.0 -2.0 -2.0 -1.0 0.0 -1.0 -4.0 -2.0 0.0 0.0 -2.0 -2.0 -4.0 -2.0 -3.0 0.0 -3.0 -4.0 -1.0 -4.0 0.0 -4.0 -3.0 -1.0 -4.0 -1.0 0.0 -4.0 -2.0 -1.0 -2.0 -4.0 0.0 -2.0 -1.0 -2.0 0.0 -1.0 0.0 -2.0 0.0 -3.0 0.0 -3.0 0.0 -2.0 -4.0 -2.0 -2.0 -2.0 -1.0 -2.0 -1.0 -3.0 -3.0 -1.0 -3.0 0.0 -3.0 -2.0 -1.0 -3.0 -3.0 -4.0 -1.0 -4.0 213.0 -1.0 -3.0 -1.0 -1.0 -2.0 -2.0 0.0 -2.0 -1.0 0.0 -1.0 -1.0 -4.0 -3.0 -2.0 -2.0 -1.0 -1.0 0.0 
-1.0 -1.0 -2.0 -2.0 -2.0 -3.0 -2.0 -1.0 0.0 0.0 -1.0 -1.0 -2.0 -3.0 0.0 0.0 -3.0 -2.0 -3.0 -4.0 -4.0 0.0 -1.0 -4.0 -2.0 -4.0 -3.0 -1.0 -4.0 -4.0 -3.0 -3.0 -2.0 -1.0 -4.0 -3.0 -2.0 -1.0 0.0 -1.0 -4.0 -1.0 -2.0 -1.0 0.0 -4.0 0.0 0.0 -1.0 -1.0 -4.0 -3.0 -2.0 -4.0 0.0 -1.0 0.0 -1.0 -2.0 -3.0 -4.0 -4.0 -1.0 -1.0 -2.0 -2.0 -1.0 0.0 -4.0 -3.0 -3.0 -4.0 0.0 -1.0 -4.0 -2.0 -4.0 -2.0 -1.0 -4.0 -2.0 -2.0 -4.0 -1.0 -2.0 -4.0 -1.0 -1.0 -1.0 -3.0 -2.0 0.0 -3.0 -1.0 -4.0 -3.0 234.0 -2.0 -2.0 -4.0 -3.0 -3.0 -1.0 -1.0 -4.0 0.0 -3.0 0.0 -4.0 -2.0 -4.0 -1.0 -1.0 -1.0 -3.0 
-2.0 -2.0 0.0 -4.0 -4.0 -2.0 -2.0 -3.0 -2.0 -2.0 -3.0 -3.0 -1.0 0.0 -3.0 0.0 -4.0 0.0 0.0 -3.0 -1.0 -1.0 -3.0 -4.0 -3.0 0.0 -4.0 -2.0 -1.0 0.0 -2.0 -1.0 -4.0 -2.0 -4.0 -1.0 -3.0 -2.0 -1.0 -4.0 -4.0 -1.0 0.0 -2.0 -2.0 0.0 -1.0 -4.0 0.0 -2.0 -4.0 -3.0 -2.0 -3.0 -1.0 -4.0 0.0 0.0 -2.0 0.0 -4.0 -1.0 -2.0 -3.0 0.0 -4.0 -4.0 -1.0 -3.0 -1.0 -2.0 -4.0 -4.0 -2.0 -4.0 -3.0 -3.0 -4.0 -4.0 -4.0 0.0 -3.0 -2.0 -1.0 -4.0 -2.0 -1.0 -4.0 0.0 -2.0 -3.0 0.0 -4.0 -1.0 -2.0 0.0 -2.0 235.0 -3.0 -2.0 0.0 0.0 -3.0 -4.0 -2.0 0.0 -1.0 -1.0 -2.0 -4.0 -4.0 -1.0 -1.0 -1.0 0.0 
-4.0 -1.0 -2.0 0.0 -3.0 -1.0 -2.0 0.0 -4.0 -4.0 -1.0 -1.0 -1.0 -1.0 -4.0 -1.0 -4.0 0.0 0.0 -2.0 -3.0 -3.0 -2.0 0.0 -1.0 -2.0 -3.0 -4.0 -2.0 -4.0 -4.0 -1.0 -2.0 0.0 -4.0 -3.0 -3.0 0.0 -1.0 -2.0 -4.0 0.0 -1.0 -2.0 -2.0 -4.0 -2.0 -3.0 -1.0 -2.0 0.0 -1.0 -4.0 0.0 -3.0 0.0 -2.0 -3.0 -1.0 0.0 -1.0 0.0 -3.0 0.0 -2.0 -3.0 0.0 -2.0 -2.0 -3.0 -1.0 -1.0 -1.0 0.0 -1.0 -4.0 -2.0 -4.0 -3.0 -2.0 -3.0 -4.0 0.0 0.0 -4.0 0.0 0.0 -2.0 -1.0 -4.0 -2.0 0.0 -3.0 -3.0 0.0 -3.0 -2.0 0.0 218.0 -4.0 -3.0 -1.0 -1.0 -1.0 -4.0 -3.0 -2.0 0.0 -2.0 -4.0 -4.0 -3.0 -1.0 -3.0 -1.0 
-1.0 -1.0 -1.0 -1.0 -3.0 -2.0 -3.0 -2.0 -2.0 -3.0 -3.0 -1.0 -2.0 -3.0 0.0 -2.0 -4.0 0.0 0.0 -3.0 0.0 0.0 -2.0 -2.0 -4.0 -1.0 -4.0 -4.0 -2.0 -3.0 -3.0 -3.0 0.0 -2.0 -4.0 -3.0 -3.0 -2.0 -1.0 -4.0 -2.0 -2.0 -3.0 0.0 -4.0 -2.0 -2.0 -3.0 0.0 -2.0 -3.0 -4.0 -4.0 -4.0 -2.0 -2.0 -4.0 -3.0 -3.0 0.0 -2.0 -4.0 -1.0 -2.0 -2.0 -1.0 0.0 -2.0 0.0 -3.0 0.0 -4.0 -3.0 0.0 -4.0 -4.0 -2.0 -2.0 -3.0 -2.0 0.0 -1.0 0.0 -1.0 -2.0 -3.0 -3.0 -2.0 -1.0 -4.0 -3.0 0.0 -4.0 -2.0 -2.0 0.0 -2.0 -3.0 -4.0 233.0 -3.0 -2.0 -3.0 -1.0 0.0 -1.0 0.0 -2.0 -2.0 -3.0 -3.0 -1.0 -1.0 0.0 0.0 
-2.0 -2.0 0.0 -4.0 -3.0 0.0 -1.0 0.0 -4.0 -1.0 -2.0 0.0 -1.0 0.0 -4.0 -4.0 -2.0 -2.0 0.0 0.0 -4.0 -1.0 -3.0 -3.0 0.0 -1.0 -1.0 -3.0 -2.0 0.0 -2.0 -4.0 0.0 -4.0 -4.0 -4.0 -1.0 -1.0 -3.0 0.0 0.0 0.0 -2.0 -1.0 0.0 -3.0 -1.0 -4.0 -1.0 -4.0 -3.0 0.0 0.0 -2.0 -3.0 -4.0 0.0 -4.0 -3.0 -3.0 -3.0 -2.0 -3.0 -4.0 -1.0 -3.0 0.0 -2.0 -1.0 0.0 -4.0 -2.0 -3.0 -4.0 -1.0 0.0 -2.0 -1.0 -2.0 -1.0 -1.0 -4.0 -1.0 -2.0 -3.0 -4.0 0.0 -2.0 -3.0 -4.0 -3.0 -4.0 -1.0 -2.0 -2.0 -4.0 -1.0 0.0 0.0 -4.0 230.0 -4.0 -1.0 -4.0 -2.0 -2.0 -3.0 -4.0 0.0 -4.0 -2.0 -4.0 0.0 -3.0 -2.0 
0.0 -1.0 0.0 -1.0 0.0 -2.0 -2.0 -1.0 0.0 -4.0 -3.0 -1.0 -1.0 -3.0 -4.0 0.0 -1.0 -2.0 -4.0 0.0 -3.0 -3.0 -4.0 -3.0 -4.0 -2.0 -1.0 0.0 -4.0 -4.0 -1.0 0.0 -3.0 -4.0 -1.0 -4.0 -2.0 -1.0 -2.0 -3.0 -2.0 -4.0 0.0 -4.0 0.0 0.0 -1.0 -1.0 -1.0 -4.0 -1.0 -1.0 0.0 -1.0 -4.0 -1.0 0.0 -1.0 -2.0 -1.0 -3.0 -4.0 0.0 -4.0 -1.0 -4.0 -1.0 -2.0 -2.0 -2.0 -3.0 -4.0 0.0 -4.0 -2.0 -2.0 -2.0 0.0 -3.0 0.0 -1.0 -1.0 -1.0 0.0 0.0 0.0 -1.0 -1.0 -1.0 -1.0 0.0 -1.0 0.0 -3.0 -1.0 -1.0 0.0 -3.0 0.0 -3.0 -4.0 210.0 -2.0 -4.0 -3.0 -4.0 -2.0 0.0 -3.0 -2.0 -2.0 -3.0 -4.0 -3.0 -4.0 
0.0 -1.0 -4.0 -4.0 -2.0 -4.0 -3.0 -1.0 -4.0 -2.0 -4.0 -4.0 0.0 -2.0 0.0 -4.0 0.0 0.0 -2.0 -1.0 -1.0 -2.0 -4.0 0.0 -1.0 -2.0 -3.0 -2.0 -4.0 -3.0 -3.0 -4.0 -4.0 -2.0 -3.0 -2.0 -1.0 0.0 -3.0 -4.0 -2.0 0.0 -3.0 -2.0 0.0 -4.0 -4.0 -3.0 -3.0 -1.0 -1.0 -2.0 -3.0 -3.0 -3.0 -1.0 -3.0 -2.0 0.0 -4.0 -4.0 -4.0 -2.0 -3.0 -3.0 -3.0 -2.0 -4.0 -3.0 -4.0 0.0 -3.0 -1.0 -2.0 -1.0 -4.0 -4.0 0.0 0.0 0.0 -4.0 -1.0 0.0 -1.0 -3.0 -3.0 -4.0 0.0 0.0 -3.0 -4.0 -2.0 -4.0 -2.0 0.0 0.0 -1.0 -1.0 -4.0 -2.0 -4.0 -2.0 247.0 0.0 -2.0 -4.0 -1.0 -3.0 -2.0 -1.0 0.0 -4.0 0.0 0.0 -4.0 
-3.0 0.0 0.0 -3.0 -2.0 0.0 -2.0 -1.0 -1.0 0.0 -2.0 -2.0 -3.0 -1.0 0.0 0.0 -2.0 -2.0 0.0 -1.0 -3.0 -1.0 -4.0 -2.0 0.0 -1.0 -2.0 -3.0 -1.0 -4.0 -3.0 0.0 -1.0 0.0 -2.0 -4.0 -2.0 -2.0 -2.0 -4.0 -4.0 -4.0 0.0 -1.0 0.0 -1.0 -2.0 -1.0 -3.0 -4.0 -4.0 -1.0 -3.0 -4.0 -2.0 -1.0 0.0 -2.0 -1.0 -3.0 -3.0 -3.0 -2.0 -2.0 -3.0 -1.0 -3.0 -2.0 0.0 -4.0 -2.0 -3.0 0.0 0.0 -4.0 -3.0 -3.0 -1.0 -4.0 0.0 -3.0 -4.0 -2.0 -2.0 -2.0 -3.0 -4.0 -2.0 -4.0 -2.0 -3.0 -2.0 0.0 -2.0 -1.0 -4.0 0.0 -3.0 -2.0 -1.0 -1.0 -4.0 0.0 219.0 -1.0 0.0 0.0 -3.0 0.0 -3.0 0.0 -4.0 -2.0 -4.0 -1.0 
0.0 -2.0 -2.0 0.0 -4.0 -1.0 -4.0 -2.0 0.0 -1.0 0.0 -2.0 -1.0 -1.0 -4.0 -2.0 0.0 -1.0 -4.0 -2.0 0.0 0.0 -1.0 0.0 0.0 0.0 -4.0 -2.0 -4.0 -2.0 -1.0 -1.0 -2.0 0.0 -2.0 -2.0 0.0 -1.0 -3.0 -2.0 -2.0 -1.0 -1.0 -4.0 -4.0 0.0 -4.0 -3.0 -1.0 -4.0 -2.0 0.0 0.0 0.0 -3.0 -2.0 -2.0 -3.0 0.0 -1.0 -2.0 -2.0 -1.0 0.0 0.0 -2.0 0.0 -1.0 0.0 -1.0 -4.0 -1.0 0.0 -4.0 -2.0 0.0 0.0 -3.0 0.0 -4.0 -3.0 -3.0 -3.0 0.0 -2.0 0.0 -4.0 -2.0 -1.0 -4.0 -4.0 -4.0 -4.0 -3.0 0.0 0.0 -1.0 -2.0 0.0 0.0 -3.0 -3.0 0.0 -3.0 191.0 -1.0 -3.0 -3.0 -2.0 0.0 -3.0 -3.0 -3.0 0.0 0.0 
-4.0 0.0 -1.0 0.0 -1.0 -3.0 -1.0 -4.0 -3.0 -3.0 -4.0 0.0 -2.0 -4.0 -1.0 -4.0 -1.0 -2.0 -4.0 -1.0 -1.0 0.0 0.0 -3.0 -3.0 0.0 0.0 -4.0 0.0 -4.0 -3.0 -2.0 -1.0 0.0 -4.0 -2.0 -2.0 0.0 -3.0 -2.0 -1.0 0.0 -1.0 -1.0 -3.0 -4.0 -2.0 -4.0 -1.0 -1.0 -4.0 -1.0 -1.0 -3.0 -3.0 0.0 -3.0 -1.0 0.0 -3.0 -2.0 -4.0 -2.0 -3.0 -2.0 -4.0 0.0 -2.0 -2.0 -4.0 -2.0 0.0 -1.0 -2.0 -3.0 0.0 -3.0 -2.0 -3.0 -2.0 -2.0 -3.0 -2.0 -4.0 -1.0 0.0 -4.0 -3.0 -1.0 -3.0 -2.0 -3.0 -2.0 -4.0 -1.0 0.0 -1.0 -3.0 -1.0 0.0 -1.0 -4.0 -1.0 -4.0 0.0 226.0 -1.0 -4.0 -3.0 -2.0 -1.0 -2.0 -2.0 -2.0 -2.0 
0.0 0.0 -2.0 -1.0 -4.0 -2.0 -4.0 -4.0 0.0 -1.0 -3.0 -1.0 -4.0 -2.0 -3.0 -4.0 -3.0 -1.0 -3.0 -1.0 0.0 -4.0 0.0 -4.0 -1.0 0.0 -4.0 -4.0 -2.0 -3.0 -4.0 -1.0 -3.0 -4.0 -2.0 -2.0 -3.0 -2.0 0.0 -3.0 -2.0 -3.0 -2.0 -4.0 -4.0 -4.0 -1.0 -4.0 0.0 -3.0 -4.0 -3.0 -2.0 0.0 -2.0 -1.0 -3.0 0.0 -1.0 -2.0 -2.0 -3.0 -3.0 -2.0 0.0 -1.0 -3.0 -4.0 0.0 -3.0 -4.0 -2.0 -2.0 0.0 -4.0 -3.0 0.0 -4.0 0.0 -4.0 0.0 0.0 -1.0 -1.0 -4.0 0.0 -2.0 -4.0 -2.0 -1.0 -3.0 0.0 -1.0 0.0 0.0 -1.0 -4.0 -4.0 0.0 -4.0 0.0 -2.0 0.0 0.0 -2.0 -3.0 232.0 0.0 0.0 -4.0 -1.0 -4.0 -3.0 -2.0 -1.0 
-4.0 -1.0 -1.0 -1.0 0.0 -1.0 -3.0 -2.0 -2.0 -4.0 -1.0 0.0 -4.0 0.0 -4.0 0.0 -3.0 -1.0 0.0 -2.0 0.0 -3.0 -3.0 -4.0 -3.0 -4.0 0.0 -3.0 -4.0 -3.0 -2.0 -3.0 -3.0 -3.0 -3.0 0.0 -3.0 0.0 -4.0 -2.0 -1.0 -4.0 -1.0 -3.0 -1.0 -1.0 -1.0 -1.0 -4.0 -2.0 -1.0 -3.0 0.0 -2.0 0.0 0.0 -3.0 -1.0 -2.0 -4.0 0.0 -2.0 -1.0 0.0 -2.0 -1.0 -2.0 0.0 0.0 -4.0 -4.0 -4.0 -4.0 -2.0 -1.0 -2.0 -2.0 -2.0 0.0 -4.0 -4.0 0.0 -4.0 0.0 -3.0 -3.0 -2.0 0.0 -4.0 -1.0 -4.0 -4.0 -4.0 -1.0 -1.0 -1.0 -2.0 -3.0 -2.0 -1.0 -4.0 -3.0 0.0 -4.0 0.0 -1.0 0.0 227.0 -1.0 -2.0 -2.0 -2.0 -4.0 0.0 -4.0 
-3.0 0.0 -3.0 -1.0 -3.0 -4.0 0.0 -4.0 -2.0 -1.0 -3.0 -2.0 -3.0 -4.0 -1.0 -1.0 -3.0 -1.0 0.0 -2.0 0.0 -3.0 -3.0 -3.0 -1.0 -3.0 -4.0 0.0 -3.0 -4.0 -3.0 -4.0 -3.0 0.0 0.0 -4.0 -4.0 -3.0 -1.0 -2.0 -3.0 -3.0 -2.0 -2.0 -2.0 -1.0 -1.0 -1.0 -1.0 -4.0 -4.0 -2.0 -4.0 -4.0 -2.0 -4.0 -1.0 -2.0 -1.0 0.0 -3.0 0.0 0.0 -3.0 -2.0 0.0 -3.0 -2.0 -3.0 -2.0 -2.0 -4.0 -3.0 -3.0 -3.0 0.0 -1.0 -4.0 -2.0 0.0 -2.0 -4.0 -2.0 -4.0 -3.0 -4.0 -2.0 -2.0 -4.0 0.0 -2.0 0.0 -2.0 -3.0 -4.0 -2.0 -2.0 -4.0 0.0 0.0 -2.0 -3.0 -3.0 0.0 -4.0 -3.0 -4.0 -1.0 253.0 -1.0 -2.0 -4.0 -3.0 -3.0 -1.0 
0.0 -1.0 -3.0 -3.0 0.0 -3.0 -2.0 -1.0 0.0 -1.0 -1.0 -1.0 0.0 -2.0 -2.0 -1.0 -4.0 -1.0 -1.0 -1.0 -3.0 -4.0 -4.0 -4.0 0.0 -2.0 -2.0 0.0 -3.0 -1.0 -4.0 0.0 0.0 0.0 -4.0 0.0 -1.0 -2.0 0.0 0.0 0.0 -2.0 0.0 0.0 -4.0 -1.0 -1.0 0.0 -2.0 -2.0 -1.0 -1.0 -2.0 0.0 -3.0 -1.0 -3.0 -4.0 -1.0 -2.0 -4.0 -4.0 -1.0 -3.0 -2.0 -2.0 -3.0 -1.0 -3.0 -4.0 0.0 -2.0 -1.0 -4.0 -1.0 -4.0 0.0 0.0 -1.0 0.0 0.0 -1.0 -3.0 -1.0 0.0 -1.0 -2.0 -3.0 -3.0 -2.0 -2.0 -3.0 0.0 -4.0 -4.0 -1.0 0.0 -4.0 -3.0 0.0 -4.0 -4.0 -2.0 -2.0 -1.0 0.0 -2.0 -3.0 -2.0 199.0 -3.0 -4.0 -1.0 -2.0 0.0 
-2.0 0.0 -3.0 -1.0 -2.0 -4.0 -3.0 -4.0 -3.0 -4.0 -1.0 0.0 -2.0 -2.0 -3.0 -2.0 -3.0 -3.0 -4.0 -4.0 -1.0 -4.0 -1.0 -1.0 -4.0 -1.0 -3.0 -3.0 0.0 -3.0 -1.0 -4.0 -3.0 0.0 -3.0 0.0 -3.0 -4.0 0.0 -1.0 -2.0 0.0 -4.0 -4.0 -3.0 0.0 0.0 -2.0 -1.0 -2.0 -1.0 0.0 -2.0 -2.0 0.0 0.0 -3.0 -3.0 -1.0 -3.0 0.0 -3.0 0.0 -4.0 -1.0 -2.0 -2.0 0.0 -2.0 -3.0 -2.0 -4.0 -2.0 -4.0 -2.0 -3.0 -2.0 -3.0 -1.0 -2.0 -3.0 0.0 -3.0 -3.0 0.0 -2.0 0.0 -4.0 -3.0 -2.0 -3.0 -2.0 -1.0 0.0 -2.0 -1.0 -4.0 -4.0 -2.0 -4.0 -2.0 -1.0 0.0 -4.0 0.0 -1.0 -1.0 0.0 0.0 -3.0 228.0 -2.0 -2.0 -4.0 0.0 
-3.0 -4.0 -2.0 -2.0 -1.0 -1.0 -4.0 -3.0 -4.0 -3.0 -1.0 -4.0 -2.0 -4.0 -4.0 -4.0 -4.0 0.0 -2.0 -4.0 0.0 -2.0 0.0 -3.0 0.0 -2.0 -2.0 -3.0 -2.0 -1.0 -4.0 0.0 0.0 -4.0 -3.0 -3.0 -2.0 0.0 -1.0 0.0 -4.0 -4.0 0.0 -4.0 -3.0 -1.0 -1.0 -2.0 -4.0 0.0 -2.0 -1.0 -3.0 -2.0 -3.0 0.0 -3.0 -4.0 -2.0 0.0 -1.0 -4.0 0.0 -2.0 -2.0 0.0 -3.0 -3.0 -3.0 -3.0 -4.0 -4.0 -4.0 -1.0 -2.0 -3.0 0.0 -2.0 -3.0 0.0 -4.0 -2.0 -1.0 -4.0 -1.0 -4.0 -3.0 -2.0 -2.0 -4.0 -4.0 0.0 -1.0 -1.0 -2.0 -3.0 -1.0 -2.0 -1.0 -3.0 -4.0 -2.0 -3.0 -4.0 -3.0 -3.0 -2.0 -2.0 -3.0 -2.0 -1.0 254.0 0.0 -4.0 -1.0 
-1.0 -4.0 -4.0 -3.0 0.0 -4.0 -4.0 -3.0 0.0 -2.0 -2.0 0.0 -2.0 0.0 -4.0 -3.0 0.0 -1.0 0.0 -1.0 -1.0 -1.0 -1.0 -4.0 0.0 -1.0 0.0 -2.0 -4.0 -1.0 0.0 -4.0 -4.0 -1.0 -4.0 -4.0 -4.0 -2.0 -4.0 -4.0 -3.0 -2.0 -1.0 -4.0 -4.0 -2.0 -3.0 0.0 -1.0 0.0 -2.0 -2.0 -3.0 -4.0 -4.0 -1.0 -2.0 -3.0 0.0 -2.0 -4.0 -2.0 0.0 0.0 -1.0 0.0 -2.0 -4.0 -2.0 -3.0 -3.0 -1.0 -1.0 -3.0 -4.0 0.0 -2.0 -4.0 -1.0 -4.0 -3.0 0.0 -4.0 -1.0 -4.0 -1.0 0.0 -1.0 0.0 -4.0 -3.0 -3.0 -1.0 -3.0 -1.0 -1.0 0.0 -2.0 -1.0 -1.0 0.0 -3.0 -3.0 -4.0 -4.0 -2.0 -2.0 -1.0 -2.0 -4.0 -4.0 -4.0 239.0 -2.0 -2.0 
-3.0 0.0 -4.0 -1.0 -4.0 -3.0 -3.0 -1.0 -2.0 0.0 -1.0 0.0 0.0 -4.0 -3.0 -4.0 -3.0 -1.0 -2.0 -4.0 -4.0 -3.0 -2.0 -2.0 -1.0 -4.0 -4.0 0.0 0.0 0.0 0.0 -3.0 -3.0 -3.0 -3.0 -3.0 -1.0 -2.0 -3.0 -1.0 -3.0 -1.0 -4.0 -4.0 -2.0 -2.0 -3.0 -4.0 -1.0 -4.0 -1.0 0.0 -3.0 -1.0 -2.0 -2.0 0.0 0.0 -3.0 -2.0 -2.0 -4.0 -1.0 0.0 0.0 -2.0 -3.0 -4.0 -3.0 0.0 -2.0 -3.0 -1.0 -2.0 -3.0 -1.0 -3.0 0.0 -2.0 -2.0 -4.0 -2.0 -4.0 -2.0 -4.0 -4.0 0.0 -2.0 -4.0 -3.0 -2.0 -1.0 -1.0 -2.0 -3.0 -3.0 -1.0 0.0 -2.0 0.0 0.0 -2.0 -2.0 0.0 -4.0 -1.0 -2.0 -4.0 -4.0 -3.0 -3.0 -3.0 -4.0 242.0 -1.0 
-2.0 -4.0 -4.0 -3.0 -3.0 0.0 0.0 -1.0 -4.0 -3.0 -4.0 0.0 0.0 -2.0 -4.0 -1.0 -3.0 -1.0 0.0 -3.0 -2.0 -1.0 0.0 -4.0 -2.0 -1.0 -2.0 -2.0 -4.0 -4.0 -4.0 -4.0 0.0 -1.0 0.0 -3.0 -4.0 -3.0 0.0 -4.0 -1.0 -2.0 0.0 0.0 0.0 -2.0 -4.0 -4.0 -3.0 -2.0 -2.0 -2.0 -2.0 0.0 -3.0 -1.0 0.0 -1.0 -3.0 -3.0 -3.0 -3.0 0.0 0.0 -2.0 -1.0 -4.0 -2.0 0.0 -1.0 -4.0 -4.0 0.0 0.0 -3.0 0.0 -4.0 -3.0 -2.0 0.0 -2.0 -4.0 -2.0 -3.0 -4.0 -2.0 -2.0 -2.0 -4.0 -2.0 -4.0 -4.0 -4.0 0.0 -1.0 -1.0 -1.0 -2.0 -4.0 0.0 -2.0 -4.0 -3.0 -2.0 -1.0 -2.0 -1.0 -2.0 -1.0 -2.0 -2.0 0.0 -2.0 -2.0 232.0 
