120.99936 -2.0 0.0 -3.0 -2.0 -2.0 0.0 -2.0 -1.0 0.0 0.0 -4.0 -3.0 -1.0 -1.0 -1.0 -1.0 -4.0 -1.0 -3.0 -4.0 0.0 0.0 -3.0 -1.0 0.0 -2.0 -1.0 -1.0 0.0 -3.0 -2.0 -3.0 -4.0 -1.0 -2.0 -4.0 0.0 0.0 0.0 -4.0 -3.0 0.0 0.0 -1.0 -4.0 -3.0 -4.0 -1.0 -3.0 -2.0 -4.0 -3.0 -1.0 -4.0 -3.0 -2.0 -3.0 0.0 -4.0 -2.0 -4.0 0.0 0.0 -4.0 
-3.0 136.0 -1.0 -4.0 -3.0 -3.0 -3.0 -2.0 -2.0 -2.0 -1.0 -2.0 -3.0 -1.0 -4.0 -4.0 0.0 -4.0 -3.0 0.0 -3.0 0.0 -2.0 -3.0 0.0 -1.0 -4.0 -1.0 0.0 0.0 -4.0 -1.0 -3.0 -3.0 -2.0 -1.0 -1.0 -2.0 -1.0 -3.0 0.0 -2.0 -1.0 -3.0 -4.0 -3.0 -4.0 -4.0 0.0 0.0 -1.0 -1.0 -3.0 -4.0 -2.0 -1.0 -4.0 -3.0 -2.0 -2.0 0.0 -4.0 -2.0 -4.0 -2.0 
0.0 -2.0 117.0 0.0 -3.0 0.0 -1.0 -1.0 -1.0 -1.0 -2.0 -4.0 -1.0 -4.0 0.0 -2.0 -2.0 -1.0 -4.0 -3.0 0.0 -3.0 -2.0 -1.0 -2.0 -3.0 -2.0 -2.0 -3.0 -3.0 -4.0 0.0 -2.0 -4.0 -3.0 -4.0 -3.0 0.0 -4.0 -1.0 -1.0 -1.0 0.0 -3.0 0.0 -4.0 -4.0 -1.0 -1.0 -1.0 -2.0 -3.0 -1.0 0.0 0.0 -1.0 0.0 0.0 -3.0 -1.0 -2.0 -4.0 0.0 -2.0 -4.0 
-2.0 -3.0 -3.0 132.0 -1.0 -2.0 -1.0 0.0 -2.0 -1.0 -3.0 0.0 -3.0 -4.0 -1.0 -3.0 0.0 -2.0 -1.0 -1.0 0.0 -1.0 -4.0 -1.0 -4.0 -3.0 -4.0 0.0 -3.0 0.0 0.0 -4.0 -2.0 -3.0 -2.0 0.0 0.0 -3.0 -4.0 -1.0 -1.0 -4.0 -3.0 -1.0 -4.0 0.0 -4.0 -4.0 -3.0 0.0 -4.0 -4.0 -2.0 -1.0 -1.0 -1.0 -3.0 -4.0 -1.0 -3.0 -4.0 -1.0 -4.0 -2.0 -1.0 
0.0 -3.0 -4.0 0.0 130.0 -2.0 -4.0 -3.0 -3.0 -3.0 -2.0 0.0 -3.0 -1.0 -3.0 0.0 -3.0 -1.0 -2.0 0.0 0.0 -1.0 0.0 -1.0 -4.0 -3.0 -2.0 -4.0 -2.0 -4.0 -2.0 -4.0 -1.0 0.0 -2.0 0.0 -3.0 -2.0 -4.0 -3.0 0.0 0.0 0.0 -4.0 0.0 -4.0 -2.0 -3.0 0.0 -3.0 -1.0 -3.0 -4.0 -3.0 -2.0 -3.0 -2.0 -1.0 -3.0 -3.0 -1.0 -1.0 -1.0 -4.0 -3.0 
-4.0 -1.0 -1.0 -1.0 -1.0 116.0 -3.0 -2.0 -3.0 -1.0 -1.0 -2.0 -3.0 0.0 0.0 -1.0 -4.0 0.0 -1.0 -2.0 -2.0 -4.0 -4.0 -1.0 0.0 0.0 0.0 -1.0 -3.0 0.0 -3.0 -3.0 -3.0 -3.0 -1.0 -3.0 -2.0 -3.0 -1.0 -2.0 -3.0 -2.0 -1.0 -2.0 0.0 -3.0 -1.0 0.0 -2.0 0.0 -1.0 0.0 -4.0 0.0 -1.0 -3.0 -2.0 -1.0 -1.0 -4.0 0.0 -4.0 -4.0 -4.0 -3.0 
0.0 -3.0 -4.0 -4.0 -2.0 -4.0 132.0 -4.0 -3.0 -3.0 -1.0 -1.0 -1.0 -2.0 -2.0 -1.0 -3.0 -1.0 -2.0 -4.0 -2.0 -3.0 -3.0 0.0 -2.0 -4.0 0.0 0.0 -3.0 -1.0 0.0 0.0 0.0 -3.0 0.0 -1.0 -2.0 0.0 -3.0 -4.0 0.0 -3.0 -3.0 -3.0 -2.0 -4.0 -2.0 -3.0 0.0 -4.0 -2.0 0.0 -1.0 -3.0 -4.0 -4.0 -3.0 -4.0 -1.0 0.0 -1.0 -3.0 -2.0 -1.0 -3.0 
-2.0 -1.0 -2.0 -1.0 -4.0 0.0 0.0 132.0 -2.0 -3.0 -1.0 -4.0 -2.0 -1.0 -1.0 -1.0 -3.0 -1.0 -1.0 0.0 -1.0 -3.0 -2.0 -3.0 -1.0 -2.0 -2.0 -2.0 -1.0 0.0 -4.0 -1.0 -1.0 -4.0 -2.0 -3.0 -4.0 -3.0 -4.0 -4.0 0.0 0.0 0.0 -3.0 -3.0 -4.0 -4.0 -1.0 -4.0 -4.0 -2.0 -4.0 -2.0 -2.0 -3.0 -2.0 -3.0 -1.0 -3.0 0.0 0.0 -2.0 -2.0 -4.0 -2.0 
0.0 -1.0 -1.0 -1.0 -4.0 -1.0 -3.0 -4.0 120.0 -3.0 -4.0 0.0 -4.0 -3.0 -2.0 0.0 0.0 -4.0 -1.0 -3.0 -3.0 -1.0 -3.0 -1.0 0.0 0.0 0.0 -2.0 -1.0 -1.0 0.0 -2.0 -4.0 -2.0 -1.0 0.0 -1.0 -2.0 0.0 -1.0 -4.0 -4.0 -2.0 -3.0 -2.0 0.0 0.0 -3.0 -1.0 0.0 -4.0 -1.0 -4.0 -1.0 0.0 -1.0 -3.0 -3.0 -4.0 -3.0 -3.0 -2.0 -2.0 -4.0 -2.0 
-1.0 -2.0 -4.0 -3.0 0.0 0.0 -4.0 0.0 -3.0 126.0 -2.0 -4.0 -1.0 -2.0 -4.0 -2.0 -2.0 -3.0 -1.0 -1.0 -4.0 -1.0 -2.0 -1.0 -4.0 -4.0 -2.0 -1.0 -2.0 0.0 -2.0 -2.0 -4.0 -2.0 -1.0 -1.0 -3.0 -2.0 -2.0 -4.0 -3.0 -3.0 -3.0 -3.0 -2.0 -1.0 -3.0 0.0 0.0 -2.0 -1.0 -1.0 -3.0 -2.0 -3.0 -1.0 -2.0 0.0 0.0 -1.0 0.0 -2.0 -2.0 -3.0 -2.0 
-3.0 0.0 -2.0 -4.0 -2.0 -1.0 -4.0 -3.0 0.0 -2.0 123.0 -3.0 -4.0 -4.0 0.0 -1.0 -3.0 -1.0 -4.0 0.0 -1.0 0.0 -3.0 -2.0 0.0 0.0 -3.0 -3.0 0.0 -3.0 -2.0 -2.0 -4.0 -2.0 -2.0 0.0 0.0 -1.0 -4.0 -1.0 -3.0 0.0 -2.0 -1.0 -4.0 -4.0 -3.0 0.0 -3.0 0.0 -3.0 -1.0 -2.0 -2.0 -4.0 -4.0 -4.0 -2.0 -1.0 -1.0 -1.0 -4.0 0.0 0.0 0.0 
-1.0 -1.0 -3.0 -3.0 0.0 -3.0 -1.0 -4.0 -4.0 -4.0 -3.0 124.0 -4.0 -2.0 -4.0 -1.0 -4.0 -3.0 -1.0 -4.0 -2.0 -2.0 0.0 -2.0 -4.0 -3.0 -3.0 -3.0 0.0 -1.0 -3.0 -1.0 0.0 -1.0 -2.0 -3.0 -1.0 0.0 0.0 -2.0 -1.0 -3.0 -1.0 -1.0 -1.0 0.0 -2.0 -1.0 -1.0 -2.0 -3.0 -1.0 -3.0 0.0 -2.0 0.0 0.0 -2.0 -2.0 -4.0 -2.0 0.0 -3.0 -2.0 -4.0 
-3.0 -3.0 -4.0 -3.0 -2.0 -2.0 -2.0 -3.0 -3.0 -4.0 -1.0 0.0 139.0 -3.0 -4.0 0.0 0.0 -4.0 -2.0 -1.0 -3.0 -1.0 -2.0 0.0 0.0 -1.0 -1.0 -4.0 -4.0 0.0 -3.0 -1.0 -3.0 -3.0 -4.0 -1.0 -1.0 -4.0 -2.0 -2.0 -1.0 -4.0 -1.0 -3.0 -3.0 -1.0 0.0 -1.0 -1.0 -4.0 -1.0 -4.0 -4.0 0.0 -2.0 -4.0 0.0 -3.0 -3.0 -4.0 -1.0 -4.0 0.0 -3.0 -3.0 
-1.0 -2.0 -2.0 0.0 -4.0 -3.0 -1.0 -3.0 -4.0 -1.0 -3.0 -4.0 0.0 143.0 -3.0 -4.0 -4.0 0.0 -1.0 -3.0 -2.0 -4.0 -1.0 -4.0 -3.0 -3.0 -4.0 -3.0 -4.0 -3.0 -3.0 -4.0 -1.0 -2.0 -1.0 -3.0 -3.0 -2.0 -4.0 -2.0 -2.0 -4.0 -3.0 -2.0 0.0 -1.0 -4.0 -3.0 -4.0 -1.0 -1.0 -2.0 -3.0 -1.0 -3.0 -1.0 -2.0 -1.0 -1.0 -3.0 -1.0 0.0 0.0 0.0 -1.0 
-1.0 -4.0 -4.0 0.0 -3.0 -2.0 -1.0 0.0 -1.0 -1.0 -4.0 -2.0 0.0 -4.0 134.0 -2.0 -1.0 -1.0 -1.0 -4.0 -1.0 -4.0 0.0 -4.0 0.0 -3.0 -4.0 -1.0 -3.0 -3.0 -4.0 -3.0 -4.0 0.0 -1.0 -1.0 -4.0 -1.0 -2.0 -2.0 0.0 -3.0 -4.0 -3.0 -1.0 -4.0 -1.0 -2.0 -3.0 -2.0 -2.0 -1.0 -3.0 -3.0 0.0 -1.0 -1.0 -2.0 -4.0 -3.0 -3.0 -1.0 -4.0 -2.0 0.0 
-3.0 0.0 -1.0 -4.0 -1.0 0.0 0.0 -1.0 -2.0 -4.0 -4.0 -1.0 0.0 0.0 -1.0 124.0 -1.0 -3.0 -2.0 -1.0 0.0 -2.0 -2.0 -1.0 -4.0 -2.0 -3.0 -3.0 -3.0 -2.0 0.0 -3.0 0.0 -3.0 -1.0 -4.0 0.0 -1.0 -3.0 -2.0 -2.0 -4.0 -2.0 -2.0 -3.0 -2.0 -4.0 -4.0 -2.0 0.0 -4.0 -2.0 -2.0 0.0 0.0 -1.0 -3.0 -1.0 -4.0 0.0 -4.0 -3.0 -4.0 -1.0 -2.0 
-2.0 0.0 0.0 -3.0 -1.0 -2.0 0.0 0.0 -4.0 -4.0 -4.0 -3.0 0.0 -4.0 -4.0 0.0 138.0 -4.0 -3.0 -2.0 -2.0 -4.0 0.0 -4.0 -2.0 -1.0 -1.0 -4.0 -4.0 -3.0 -1.0 -3.0 -1.0 -3.0 -2.0 0.0 -3.0 -2.0 -2.0 -4.0 -1.0 -4.0 -2.0 -1.0 -2.0 -4.0 -2.0 -4.0 0.0 0.0 -2.0 -4.0 -3.0 -1.0 -2.0 -2.0 -1.0 -1.0 -4.0 -1.0 -1.0 -4.0 0.0 -3.0 -3.0 
-3.0 0.0 -1.0 -3.0 -3.0 -1.0 -4.0 -2.0 -2.0 -2.0 -2.0 -2.0 -4.0 -2.0 -3.0 -2.0 -1.0 146.0 -1.0 -4.0 -3.0 -3.0 -1.0 -3.0 0.0 -3.0 -4.0 0.0 -4.0 -4.0 -1.0 -3.0 -2.0 -2.0 -1.0 -3.0 -3.0 -3.0 -3.0 -1.0 -3.0 -3.0 -1.0 -3.0 -1.0 -3.0 0.0 -3.0 -3.0 -1.0 -3.0 -2.0 -4.0 -3.0 0.0 -1.0 -2.0 -4.0 -3.0 -3.0 -3.0 -1.0 0.0 -4.0 -3.0 
-1.0 0.0 0.0 -2.0 0.0 -4.0 -4.0 -4.0 -3.0 -4.0 -2.0 -2.0 0.0 -2.0 0.0 -3.0 -2.0 -3.0 124.0 0.0 -2.0 -3.0 -4.0 -3.0 -3.0 0.0 -4.0 -4.0 -4.0 -2.0 -2.0 -4.0 -3.0 -2.0 -2.0 -4.0 -3.0 0.0 -2.0 -2.0 -1.0 -3.0 -1.0 0.0 0.0 -1.0 -3.0 0.0 -2.0 0.0 -3.0 -2.0 0.0 0.0 0.0 -3.0 -3.0 -1.0 -1.0 -2.0 -1.0 -4.0 0.0 -3.0 -1.0 
-2.0 -1.0 0.0 -4.0 -4.0 -3.0 -4.0 0.0 -2.0 0.0 -2.0 -4.0 -1.0 -4.0 -2.0 0.0 -2.0 -3.0 -3.0 121.0 -1.0 -3.0 -3.0 -2.0 0.0 -2.0 -4.0 -4.0 -2.0 -1.0 -2.0 0.0 0.0 0.0 -2.0 -2.0 0.0 -2.0 -1.0 -1.0 -4.0 0.0 -3.0 -4.0 -2.0 0.0 -4.0 -2.0 -3.0 0.0 0.0 -2.0 0.0 -3.0 -1.0 -2.0 0.0 -3.0 -4.0 -4.0 -2.0 -2.0 0.0 -2.0 -1.0 
-4.0 -4.0 0.0 -2.0 -1.0 -2.0 -2.0 -1.0 -4.0 0.0 -2.0 0.0 -4.0 -3.0 -4.0 -1.0 -3.0 -1.0 -1.0 -3.0 135.0 0.0 -1.0 -3.0 0.0 -2.0 -2.0 -3.0 -1.0 -3.0 -1.0 -4.0 -4.0 -2.0 -2.0 0.0 -4.0 -2.0 -3.0 0.0 -3.0 0.0 -4.0 -2.0 -1.0 -4.0 -1.0 -4.0 -2.0 -4.0 -4.0 -4.0 0.0 -4.0 -4.0 0.0 0.0 -1.0 -3.0 -2.0 -3.0 -2.0 0.0 -1.0 -3.0 
-3.0 -2.0 -4.0 -1.0 -1.0 -2.0 -2.0 -1.0 -1.0 -4.0 -4.0 0.0 -2.0 -4.0 -3.0 -4.0 -4.0 -1.0 -4.0 0.0 -2.0 143.0 -2.0 -2.0 -1.0 -4.0 -2.0 -4.0 -1.0 0.0 -1.0 -1.0 -2.0 -4.0 -2.0 -4.0 -2.0 -4.0 -2.0 0.0 -3.0 -4.0 0.0 -1.0 -3.0 -1.0 -1.0 -3.0 -1.0 -4.0 -4.0 -3.0 -1.0 -4.0 -4.0 -3.0 -2.0 0.0 -4.0 0.0 -3.0 -3.0 -1.0 -3.0 0.0 
0.0 -1.0 -4.0 -3.0 -1.0 -1.0 -1.0 0.0 0.0 -3.0 -4.0 -2.0 0.0 -1.0 -3.0 0.0 0.0 -3.0 -1.0 -2.0 -2.0 -4.0 113.0 0.0 -2.0 -2.0 -4.0 -1.0 -3.0 -3.0 0.0 -4.0 -2.0 -3.0 0.0 -1.0 -2.0 -1.0 -2.0 -1.0 0.0 -1.0 -2.0 0.0 0.0 -3.0 -4.0 -3.0 -2.0 -3.0 -4.0 -1.0 -2.0 -1.0 0.0 -4.0 -2.0 -1.0 -1.0 -4.0 -4.0 -1.0 -2.0 0.0 -1.0 
-3.0 -1.0 -4.0 -3.0 -1.0 -4.0 -3.0 -2.0 -2.0 -2.0 -2.0 0.0 0.0 -2.0 -4.0 -4.0 -1.0 -1.0 -4.0 -1.0 -2.0 -2.0 -2.0 141.0 0.0 -4.0 -2.0 -1.0 -2.0 -2.0 -4.0 -2.0 -3.0 -4.0 -3.0 -3.0 -3.0 -1.0 -3.0 -4.0 -4.0 -1.0 -4.0 0.0 -2.0 -1.0 -1.0 0.0 -3.0 -2.0 -1.0 -4.0 0.0 -4.0 0.0 -3.0 -3.0 -3.0 -2.0 -3.0 0.0 -4.0 -4.0 0.0 -1.0 
0.0 -2.0 -1.0 -4.0 0.0 -3.0 -2.0 -4.0 -4.0 -4.0 -4.0 -3.0 0.0 -2.0 -2.0 0.0 -3.0 -3.0 -2.0 -4.0 -3.0 -4.0 -3.0 -4.0 130.0 -3.0 0.0 -1.0 -3.0 -1.0 -1.0 0.0 -4.0 -1.0 -2.0 -3.0 -2.0 -1.0 -2.0 0.0 -1.0 -1.0 -4.0 -4.0 0.0 -1.0 -3.0 -2.0 -2.0 0.0 -2.0 0.0 -3.0 0.0 -2.0 -1.0 -3.0 -4.0 -3.0 0.0 -1.0 -2.0 -1.0 -2.0 -3.0 
-1.0 -3.0 0.0 0.0 -3.0 -4.0 -4.0 -4.0 -2.0 -1.0 -1.0 -1.0 -2.0 0.0 -1.0 -3.0 -2.0 -2.0 -4.0 -4.0 0.0 -1.0 -3.0 -2.0 0.0 141.0 -3.0 -3.0 -4.0 -1.0 -3.0 -3.0 -4.0 -4.0 -2.0 -4.0 0.0 -1.0 -1.0 0.0 -2.0 -2.0 -3.0 -1.0 -4.0 -3.0 -4.0 -4.0 -4.0 -1.0 -3.0 0.0 -1.0 -2.0 -3.0 -2.0 -2.0 -4.0 -1.0 -1.0 0.0 -4.0 -1.0 -4.0 -4.0 
-1.0 -4.0 -1.0 -2.0 -3.0 0.0 -3.0 0.0 0.0 -4.0 -3.0 -4.0 -2.0 -4.0 -3.0 -3.0 0.0 -3.0 -2.0 0.0 -4.0 -4.0 0.0 -1.0 -3.0 -2.0 142.0 0.0 -4.0 -3.0 -1.0 -3.0 -3.0 -1.0 -4.0 -2.0 -2.0 -1.0 -1.0 -3.0 0.0 -4.0 -3.0 -3.0 -2.0 -4.0 -4.0 0.0 0.0 0.0 0.0 -4.0 -4.0 -4.0 0.0 -3.0 0.0 -2.0 -4.0 -2.0 -1.0 -2.0 -4.0 -4.0 -4.0 
-4.0 -1.0 0.0 -2.0 0.0 0.0 0.0 -4.0 -2.0 0.0 -4.0 -3.0 0.0 -1.0 -1.0 -4.0 -2.0 -1.0 -4.0 -3.0 -1.0 -4.0 -2.0 -3.0 -4.0 -1.0 -1.0 137.0 -3.0 -4.0 -1.0 -1.0 -1.0 0.0 -3.0 0.0 -4.0 0.0 -2.0 -2.0 -2.0 -2.0 -2.0 -1.0 -2.0 -3.0 -2.0 -3.0 0.0 -2.0 -3.0 -1.0 -3.0 -4.0 -4.0 -4.0 -4.0 -2.0 -3.0 -3.0 -4.0 -3.0 -2.0 -1.0 -4.0 
-2.0 -1.0 0.0 -1.0 -4.0 -4.0 0.0 -2.0 -2.0 -3.0 -1.0 -1.0 -3.0 0.0 0.0 -2.0 0.0 -3.0 -1.0 -2.0 -2.0 0.0 -4.0 -1.0 -1.0 0.0 -3.0 -4.0 117.0 -1.0 -3.0 -1.0 0.0 -2.0 -1.0 -1.0 -3.0 -2.0 -2.0 -3.0 -3.0 -3.0 -3.0 -4.0 -2.0 -1.0 0.0 -3.0 -3.0 0.0 -4.0 -1.0 0.0 0.0 -1.0 -1.0 -2.0 -4.0 -1.0 -1.0 -2.0 -1.0 -4.0 -3.0 -4.0 
-3.0 -1.0 -3.0 -3.0 -4.0 -2.0 -1.0 -4.0 -4.0 -4.0 -4.0 -1.0 -4.0 0.0 -1.0 0.0 0.0 -2.0 -1.0 -1.0 -2.0 0.0 -2.0 -2.0 0.0 -3.0 -1.0 -2.0 0.0 117.0 -3.0 -1.0 -3.0 -3.0 -3.0 -3.0 0.0 -3.0 0.0 -1.0 -2.0 -4.0 -1.0 0.0 -3.0 0.0 -1.0 -2.0 0.0 0.0 -3.0 -3.0 -1.0 0.0 -3.0 -4.0 0.0 0.0 -4.0 -4.0 0.0 -3.0 -4.0 0.0 0.0 
-1.0 -2.0 0.0 -4.0 -3.0 0.0 -4.0 -4.0 -2.0 -2.0 -4.0 -1.0 0.0 -2.0 -1.0 -3.0 -4.0 -1.0 -1.0 -4.0 0.0 -2.0 -1.0 -1.0 -4.0 -2.0 0.0 -2.0 -1.0 -1.0 121.0 -2.0 0.0 -2.0 -3.0 -4.0 -3.0 -3.0 -4.0 -1.0 0.0 -3.0 -2.0 -3.0 -1.0 -2.0 -4.0 -2.0 -1.0 -1.0 0.0 -3.0 -4.0 -1.0 -2.0 -2.0 -3.0 0.0 -2.0 0.0 -4.0 -1.0 -1.0 0.0 0.0 
-1.0 -3.0 -2.0 -4.0 -1.0 -1.0 -4.0 0.0 0.0 -4.0 -3.0 -4.0 -1.0 -2.0 0.0 -4.0 -3.0 -3.0 0.0 0.0 -3.0 -1.0 -4.0 -1.0 -1.0 -4.0 -2.0 -4.0 -1.0 -2.0 -4.0 137.0 -4.0 -2.0 -4.0 -4.0 -2.0 -2.0 -3.0 -1.0 0.0 -2.0 -3.0 -3.0 -3.0 -3.0 -3.0 0.0 -1.0 -1.0 -3.0 0.0 -3.0 -4.0 0.0 -1.0 0.0 -3.0 -3.0 -2.0 -4.0 -2.0 0.0 -4.0 0.0 
-4.0 0.0 0.0 0.0 -2.0 -1.0 -3.0 -3.0 0.0 -2.0 0.0 0.0 -4.0 -3.0 -1.0 -4.0 -1.0 -3.0 -4.0 -2.0 -1.0 -3.0 -1.0 -4.0 -2.0 0.0 -3.0 0.0 -4.0 -1.0 -4.0 0.0 124.0 0.0 -2.0 0.0 0.0 -1.0 -2.0 -4.0 -2.0 0.0 -3.0 -3.0 0.0 -1.0 -3.0 -4.0 -4.0 -3.0 -3.0 -1.0 -3.0 -4.0 -1.0 -1.0 -2.0 -1.0 -2.0 -4.0 -3.0 -4.0 0.0 0.0 -3.0 
0.0 -4.0 -4.0 -4.0 -3.0 -2.0 0.0 -4.0 0.0 -4.0 0.0 0.0 -1.0 -2.0 -3.0 -1.0 -3.0 -2.0 -3.0 -1.0 -2.0 -2.0 -3.0 -3.0 -2.0 -3.0 -2.0 -2.0 -2.0 0.0 -3.0 -4.0 -2.0 130.0 -2.0 -3.0 -2.0 -4.0 -2.0 -1.0 -2.0 0.0 -2.0 -2.0 -3.0 -1.0 -2.0 -1.0 -2.0 -4.0 -3.0 0.0 -2.0 -3.0 -2.0 -1.0 -1.0 -1.0 0.0 -4.0 -2.0 -3.0 0.0 -4.0 0.0 
-4.0 -3.0 -3.0 0.0 -3.0 -2.0 -4.0 -4.0 -4.0 -4.0 -4.0 -1.0 -1.0 -2.0 -2.0 -4.0 -1.0 -1.0 -1.0 -1.0 -4.0 -3.0 -1.0 -1.0 -1.0 -2.0 -4.0 -4.0 -3.0 -3.0 -4.0 -3.0 -1.0 -2.0 159.0 -4.0 -2.0 -4.0 -3.0 -1.0 -2.0 -3.0 -2.0 -4.0 0.0 0.0 -4.0 0.0 -2.0 -3.0 -1.0 -4.0 -1.0 -3.0 -3.0 -2.0 -3.0 -2.0 0.0 -4.0 -2.0 -4.0 -4.0 -4.0 -3.0 
-2.0 -4.0 -1.0 -3.0 -4.0 0.0 -2.0 -1.0 -1.0 0.0 -1.0 0.0 0.0 0.0 -4.0 -1.0 -3.0 0.0 -4.0 -3.0 -3.0 0.0 -2.0 -1.0 0.0 -1.0 -1.0 -4.0 -2.0 -4.0 -1.0 0.0 -4.0 -1.0 -3.0 115.0 -2.0 -3.0 -1.0 -3.0 -2.0 -1.0 -2.0 -4.0 -3.0 -1.0 -1.0 -2.0 0.0 -1.0 -2.0 0.0 -1.0 -4.0 -4.0 -3.0 0.0 -2.0 0.0 -2.0 -2.0 -4.0 -3.0 0.0 -1.0 
-1.0 -3.0 0.0 -1.0 0.0 0.0 0.0 0.0 -1.0 -3.0 0.0 -1.0 -2.0 -2.0 -2.0 -2.0 0.0 -3.0 -3.0 -2.0 -1.0 -1.0 -1.0 0.0 -1.0 -4.0 -1.0 0.0 0.0 -4.0 -2.0 -4.0 -2.0 -1.0 -2.0 -2.0 116.0 -2.0 -3.0 -4.0 -1.0 -4.0 -3.0 -3.0 -2.0 0.0 -1.0 -3.0 -1.0 -1.0 -2.0 -3.0 -3.0 -2.0 -3.0 -1.0 -2.0 -4.0 -4.0 -4.0 -4.0 0.0 -2.0 -1.0 -1.0 
-2.0 -3.0 -3.0 -1.0 0.0 -3.0 -2.0 0.0 -1.0 -2.0 -4.0 -4.0 -2.0 -2.0 -2.0 -3.0 -3.0 -1.0 0.0 -1.0 -4.0 -2.0 -4.0 -3.0 -2.0 0.0 -4.0 -3.0 0.0 -3.0 -1.0 -3.0 -4.0 -4.0 -1.0 0.0 0.0 128.0 -1.0 -3.0 -2.0 -1.0 -3.0 -1.0 -4.0 -1.0 -3.0 -3.0 0.0 0.0 -3.0 -4.0 0.0 -2.0 -2.0 -2.0 -2.0 -2.0 0.0 -2.0 -1.0 -2.0 -4.0 -1.0 -2.0 
-1.0 -3.0 -2.0 -3.0 -2.0 0.0 0.0 -1.0 0.0 -1.0 -1.0 -3.0 -3.0 -2.0 -1.0 -1.0 -4.0 -3.0 -1.0 -2.0 -1.0 -4.0 -1.0 -1.0 -3.0 -4.0 -4.0 -4.0 -3.0 -1.0 -2.0 -2.0 -2.0 0.0 0.0 0.0 0.0 -3.0 118.0 0.0 -3.0 -3.0 0.0 -2.0 -2.0 -1.0 -3.0 -3.0 -1.0 -4.0 -4.0 -1.0 -1.0 0.0 -1.0 -4.0 -3.0 -3.0 -2.0 -1.0 0.0 -4.0 0.0 -1.0 -2.0 
-4.0 0.0 0.0 -2.0 -4.0 -3.0 -4.0 0.0 -4.0 -1.0 -4.0 -1.0 -3.0 -1.0 -3.0 -4.0 -2.0 0.0 -2.0 -2.0 0.0 -4.0 -1.0 0.0 -2.0 -1.0 -1.0 -3.0 0.0 -4.0 -3.0 -2.0 -1.0 -2.0 -1.0 -2.0 -2.0 -2.0 0.0 119.0 -2.0 -3.0 0.0 -3.0 -1.0 -2.0 0.0 -2.0 -2.0 -2.0 -4.0 -1.0 -1.0 -1.0 -1.0 -3.0 -2.0 -1.0 -4.0 -1.0 -2.0 -2.0 0.0 -1.0 -3.0 
0.0 -1.0 -3.0 -1.0 -1.0 -4.0 0.0 -4.0 -1.0 -4.0 -4.0 -1.0 -3.0 0.0 -2.0 -3.0 -2.0 -3.0 -3.0 -4.0 0.0 -1.0 -2.0 0.0 0.0 -3.0 0.0 -4.0 -4.0 -3.0 0.0 -1.0 -3.0 -4.0 -3.0 0.0 -1.0 0.0 -4.0 0.0 111.0 -2.0 0.0 -1.0 0.0 0.0 -3.0 -2.0 -3.0 0.0 -2.0 -3.0 -1.0 -2.0 0.0 -4.0 -2.0 0.0 0.0 -2.0 -1.0 0.0 -2.0 -4.0 0.0 
-1.0 -2.0 -2.0 -1.0 -1.0 -3.0 -3.0 -1.0 -3.0 -2.0 -3.0 -3.0 -2.0 -2.0 -1.0 0.0 0.0 -2.0 -4.0 -2.0 -3.0 -1.0 -3.0 -1.0 -3.0 -2.0 0.0 -1.0 -4.0 0.0 -2.0 -4.0 -2.0 -3.0 0.0 0.0 -1.0 -2.0 -3.0 -1.0 -3.0 117.0 -4.0 0.0 0.0 -4.0 -1.0 -1.0 -4.0 -1.0 0.0 0.0 0.0 -2.0 -4.0 -1.0 -1.0 -3.0 0.0 0.0 -4.0 -4.0 -4.0 0.0 -2.0 
0.0 -1.0 0.0 -4.0 -1.0 -1.0 -4.0 -2.0 -3.0 -2.0 -3.0 -1.0 -3.0 -1.0 -4.0 -2.0 -3.0 -2.0 -2.0 0.0 -4.0 0.0 -2.0 -4.0 -2.0 -2.0 -3.0 -4.0 -3.0 -4.0 -2.0 0.0 -1.0 0.0 -4.0 -4.0 0.0 -2.0 0.0 -3.0 -2.0 0.0 130.0 -3.0 -2.0 -4.0 -3.0 0.0 -3.0 0.0 -1.0 -2.0 -3.0 -3.0 -4.0 -2.0 -1.0 -2.0 -1.0 -4.0 -1.0 -2.0 0.0 -1.0 -3.0 
-4.0 -1.0 -1.0 0.0 -1.0 -1.0 -4.0 -3.0 -4.0 -1.0 0.0 0.0 -3.0 -3.0 0.0 -1.0 -2.0 -4.0 -2.0 -3.0 -4.0 -1.0 -4.0 -4.0 -3.0 -1.0 -2.0 -1.0 -1.0 -3.0 0.0 -2.0 -2.0 -2.0 -4.0 -4.0 -4.0 -3.0 -1.0 0.0 -2.0 -2.0 -1.0 126.0 -1.0 -1.0 -1.0 -3.0 -4.0 -2.0 -3.0 -1.0 -1.0 -4.0 0.0 -2.0 -2.0 -3.0 -2.0 0.0 -2.0 -1.0 -2.0 -2.0 0.0 
-3.0 -3.0 0.0 -4.0 -2.0 -4.0 -4.0 -2.0 -3.0 -1.0 0.0 -4.0 -2.0 -3.0 -1.0 -3.0 -2.0 -3.0 -2.0 0.0 -4.0 -1.0 -4.0 -4.0 -3.0 -2.0 -3.0 -3.0 -2.0 -3.0 -2.0 0.0 0.0 0.0 -2.0 -4.0 -2.0 -4.0 -4.0 -2.0 -3.0 0.0 -1.0 -3.0 148.0 -2.0 -2.0 -4.0 0.0 0.0 -1.0 -1.0 -4.0 -3.0 -4.0 -2.0 -1.0 -3.0 -4.0 -1.0 -4.0 -2.0 -4.0 -1.0 -3.0 
-2.0 -3.0 -2.0 0.0 -4.0 -3.0 -3.0 0.0 -2.0 -2.0 -1.0 -4.0 -4.0 -2.0 -3.0 -1.0 -3.0 -1.0 -2.0 -1.0 -4.0 -2.0 -2.0 0.0 -4.0 -2.0 0.0 -2.0 -1.0 0.0 -3.0 -3.0 -1.0 -4.0 -3.0 0.0 0.0 -1.0 -2.0 -2.0 -1.0 0.0 -4.0 -1.0 0.0 116.0 -4.0 -1.0 0.0 0.0 0.0 -3.0 -3.0 0.0 -1.0 0.0 0.0 0.0 -4.0 -2.0 0.0 -2.0 -4.0 -4.0 -3.0 
-1.0 0.0 -2.0 -4.0 -3.0 -1.0 -1.0 -3.0 -4.0 -4.0 -2.0 -4.0 0.0 -3.0 -3.0 0.0 0.0 -3.0 -3.0 -3.0 -4.0 -4.0 -1.0 -4.0 -4.0 -2.0 -3.0 -1.0 -2.0 -1.0 0.0 0.0 -2.0 -1.0 -2.0 -4.0 -1.0 -1.0 0.0 0.0 -4.0 -3.0 -3.0 -4.0 -3.0 -2.0 141.0 -3.0 -1.0 -4.0 -1.0 0.0 -2.0 -4.0 -2.0 -4.0 -3.0 -2.0 -4.0 -3.0 0.0 -2.0 -2.0 -3.0 -1.0 
-3.0 -1.0 -1.0 -4.0 0.0 -3.0 -2.0 -2.0 -4.0 -1.0 -1.0 0.0 0.0 -4.0 -4.0 -2.0 -3.0 -4.0 -3.0 -1.0 -4.0 0.0 -3.0 -3.0 -3.0 0.0 -1.0 -3.0 -2.0 -1.0 -1.0 -3.0 -1.0 0.0 0.0 -3.0 -4.0 -1.0 -4.0 -2.0 0.0 -4.0 0.0 -1.0 -2.0 -2.0 0.0 127.0 -3.0 -2.0 -2.0 -1.0 -1.0 0.0 -4.0 -2.0 -3.0 -4.0 0.0 -1.0 -4.0 -2.0 -4.0 -2.0 -1.0 
-1.0 0.0 -3.0 0.0 -1.0 0.0 0.0 -3.0 0.0 0.0 -4.0 -3.0 0.0 -2.0 -3.0 -3.0 -4.0 0.0 0.0 -3.0 -2.0 -4.0 -2.0 -4.0 0.0 -4.0 -4.0 -1.0 -4.0 -1.0 -3.0 -1.0 -4.0 -4.0 -1.0 -4.0 0.0 -2.0 -4.0 0.0 0.0 -2.0 -3.0 0.0 -2.0 0.0 -3.0 -4.0 118.0 -1.0 -2.0 0.0 0.0 -2.0 0.0 -1.0 -1.0 -4.0 -3.0 0.0 -1.0 -2.0 -3.0 -2.0 -3.0 
-1.0 -3.0 -4.0 -2.0 -1.0 -2.0 -2.0 0.0 -2.0 -4.0 -4.0 -3.0 -3.0 -1.0 -3.0 -1.0 -3.0 -2.0 -2.0 -4.0 -2.0 -4.0 -3.0 -4.0 -4.0 -1.0 -4.0 -3.0 -4.0 -2.0 -4.0 -3.0 -1.0 -3.0 -3.0 -3.0 0.0 0.0 -3.0 -4.0 -2.0 -4.0 -4.0 -1.0 0.0 0.0 0.0 -3.0 -3.0 148.0 -1.0 -3.0 -1.0 -2.0 0.0 -2.0 -4.0 -4.0 -1.0 -3.0 0.0 0.0 -4.0 -1.0 -3.0 
-4.0 -4.0 -1.0 -4.0 0.0 -4.0 -1.0 0.0 -3.0 -2.0 -4.0 0.0 -2.0 -3.0 -4.0 -4.0 -4.0 -4.0 -4.0 -3.0 -1.0 -2.0 -2.0 -2.0 -3.0 -1.0 0.0 0.0 -1.0 -3.0 0.0 0.0 0.0 -2.0 -1.0 -1.0 -1.0 -2.0 -2.0 -4.0 -4.0 -3.0 -3.0 -2.0 0.0 0.0 -4.0 0.0 -2.0 -1.0 126.0 0.0 -4.0 -3.0 0.0 0.0 -1.0 -2.0 -3.0 -3.0 -2.0 0.0 -4.0 -1.0 -1.0 
0.0 -3.0 -3.0 -3.0 -1.0 -4.0 -2.0 -4.0 0.0 -2.0 -4.0 -2.0 -2.0 0.0 -2.0 -4.0 -4.0 -4.0 -3.0 0.0 -2.0 0.0 -2.0 -1.0 -3.0 -4.0 -4.0 -4.0 -4.0 0.0 0.0 -3.0 -3.0 -1.0 -2.0 -3.0 -2.0 0.0 -2.0 -3.0 -4.0 0.0 -2.0 -2.0 -1.0 -4.0 -1.0 -2.0 -3.0 -3.0 -2.0 138.0 -1.0 -1.0 -4.0 -1.0 0.0 -2.0 0.0 -4.0 -3.0 -2.0 0.0 -4.0 -2.0 
-1.0 -1.0 -1.0 -4.0 -1.0 0.0 0.0 -3.0 0.0 0.0 -1.0 -2.0 -2.0 -4.0 -2.0 -2.0 -4.0 -1.0 -2.0 -2.0 -3.0 -1.0 0.0 -3.0 -3.0 0.0 -1.0 -1.0 -1.0 -2.0 0.0 -1.0 -2.0 -2.0 -3.0 -1.0 0.0 -2.0 0.0 -2.0 -4.0 -2.0 -4.0 -3.0 -1.0 -2.0 0.0 -4.0 0.0 0.0 0.0 0.0 99.0 0.0 -4.0 0.0 -1.0 -2.0 -4.0 0.0 -2.0 0.0 -3.0 -2.0 0.0 
0.0 -1.0 -3.0 0.0 -1.0 -4.0 -1.0 -4.0 -1.0 0.0 -1.0 -1.0 -3.0 -3.0 -2.0 -3.0 -1.0 -1.0 0.0 0.0 -1.0 0.0 -3.0 -2.0 -4.0 -2.0 -4.0 -3.0 -3.0 0.0 -4.0 -3.0 -4.0 -3.0 0.0 -4.0 -4.0 -1.0 0.0 -3.0 -2.0 -4.0 -3.0 -1.0 -2.0 -3.0 0.0 -1.0 0.0 -4.0 0.0 0.0 -3.0 117.0 -1.0 0.0 0.0 -1.0 -3.0 -3.0 -3.0 -1.0 -2.0 -2.0 0.0 
-3.0 -2.0 -3.0 -4.0 0.0 -2.0 -1.0 -1.0 -3.0 -1.0 -1.0 0.0 -1.0 -1.0 0.0 -4.0 -4.0 -2.0 -3.0 -3.0 -4.0 0.0 -1.0 -2.0 0.0 -3.0 -2.0 -4.0 0.0 -2.0 -4.0 -1.0 -2.0 -1.0 -2.0 -4.0 -2.0 -1.0 -2.0 -3.0 -4.0 -2.0 -3.0 -1.0 -1.0 -2.0 -1.0 -1.0 -2.0 -2.0 -2.0 -4.0 -1.0 -4.0 134.0 -2.0 -4.0 -3.0 -2.0 -2.0 -2.0 -4.0 -1.0 -4.0 -1.0 
-1.0 0.0 -2.0 -2.0 -4.0 0.0 -3.0 -2.0 -1.0 -4.0 0.0 -3.0 0.0 -2.0 -3.0 -3.0 -3.0 -3.0 0.0 -4.0 0.0 -4.0 -2.0 -4.0 -3.0 -2.0 -2.0 -2.0 0.0 -2.0 -4.0 -2.0 -2.0 -4.0 -4.0 -3.0 -4.0 -3.0 -4.0 -3.0 -1.0 -3.0 -4.0 -2.0 -2.0 -1.0 -2.0 0.0 -2.0 0.0 -4.0 -1.0 -2.0 -4.0 0.0 145.0 -3.0 -3.0 -1.0 0.0 -4.0 -2.0 -4.0 -3.0 -3.0 
0.0 -2.0 -3.0 -3.0 -3.0 0.0 -1.0 -2.0 0.0 0.0 -4.0 0.0 -4.0 0.0 -1.0 0.0 -1.0 -3.0 -3.0 -4.0 -4.0 -4.0 -3.0 -2.0 -2.0 -3.0 -4.0 -4.0 -3.0 -3.0 -3.0 -2.0 0.0 -2.0 -4.0 -1.0 -4.0 -2.0 -4.0 0.0 -1.0 -2.0 -2.0 -4.0 0.0 -4.0 -2.0 -1.0 -3.0 -3.0 0.0 -1.0 -2.0 -4.0 0.0 -2.0 127.0 0.0 -1.0 -1.0 0.0 -1.0 -1.0 -3.0 -1.0 
0.0 -1.0 -1.0 -1.0 0.0 -3.0 -3.0 -3.0 -3.0 -4.0 -2.0 -1.0 -4.0 -1.0 -4.0 0.0 0.0 0.0 -2.0 -1.0 -2.0 0.0 -2.0 -4.0 -2.0 -2.0 -2.0 -1.0 -1.0 -4.0 0.0 -4.0 0.0 -4.0 -2.0 -3.0 -3.0 -2.0 -3.0 -2.0 -3.0 -1.0 -3.0 -2.0 -2.0 -4.0 0.0 -3.0 -3.0 -4.0 -2.0 0.0 0.0 -2.0 0.0 -2.0 -2.0 119.0 -2.0 -2.0 -2.0 0.0 -2.0 0.0 -1.0 
-2.0 -1.0 -4.0 -4.0 -1.0 -4.0 -4.0 -2.0 0.0 0.0 -4.0 -4.0 -1.0 -1.0 -4.0 -3.0 -4.0 -1.0 -3.0 -3.0 -4.0 0.0 0.0 -2.0 0.0 0.0 -3.0 -1.0 -2.0 -4.0 0.0 -1.0 -1.0 -2.0 0.0 -1.0 -2.0 -1.0 -3.0 -2.0 -1.0 -2.0 -2.0 -2.0 -3.0 -2.0 0.0 -1.0 -1.0 -4.0 -4.0 -4.0 0.0 0.0 0.0 -4.0 -1.0 -3.0 120.0 -3.0 0.0 0.0 -3.0 -1.0 0.0 
0.0 -2.0 -1.0 -3.0 0.0 -1.0 -2.0 -3.0 -1.0 -2.0 -2.0 -2.0 -1.0 -4.0 0.0 -4.0 -4.0 0.0 -1.0 -1.0 0.0 0.0 -1.0 0.0 -4.0 -1.0 -4.0 0.0 0.0 0.0 -4.0 -1.0 -4.0 -3.0 -3.0 -1.0 0.0 0.0 -3.0 0.0 0.0 -3.0 -3.0 -1.0 -1.0 -3.0 -2.0 0.0 -1.0 0.0 -4.0 0.0 0.0 -2.0 -2.0 -4.0 -1.0 -4.0 -1.0 110.0 -3.0 -3.0 -3.0 -2.0 -4.0 
-4.0 -3.0 -4.0 -1.0 -2.0 0.0 -3.0 -4.0 -4.0 -2.0 0.0 -1.0 -1.0 -4.0 0.0 0.0 -1.0 -1.0 -4.0 -3.0 -4.0 -2.0 0.0 -3.0 0.0 -2.0 -4.0 0.0 -1.0 -3.0 -2.0 -4.0 0.0 -4.0 -2.0 -4.0 0.0 -2.0 0.0 -4.0 -2.0 -4.0 -1.0 -1.0 -1.0 -3.0 0.0 -4.0 -2.0 -3.0 -3.0 -3.0 -1.0 -3.0 0.0 -4.0 0.0 -2.0 -2.0 -2.0 137.0 -4.0 -3.0 -4.0 -2.0 
-2.0 -2.0 0.0 -3.0 -2.0 -4.0 -2.0 -4.0 0.0 -3.0 -4.0 -4.0 -4.0 -3.0 -1.0 0.0 -3.0 -1.0 -2.0 -4.0 -4.0 -3.0 -3.0 -4.0 -4.0 -2.0 -1.0 -3.0 0.0 -3.0 -3.0 -1.0 0.0 -1.0 -1.0 -3.0 -2.0 -1.0 0.0 -2.0 -4.0 -2.0 -3.0 -3.0 0.0 -2.0 -2.0 -2.0 -4.0 0.0 -4.0 -2.0 0.0 -4.0 -2.0 -2.0 -4.0 -4.0 -1.0 -4.0 -4.0 150.0 -3.0 -1.0 -4.0 
-4.0 -1.0 -2.0 -1.0 -1.0 0.0 0.0 -1.0 0.0 -2.0 -2.0 -1.0 -4.0 -2.0 -3.0 -2.0 -3.0 -3.0 0.0 -1.0 0.0 -3.0 0.0 -2.0 -3.0 -2.0 0.0 -3.0 -4.0 -2.0 -3.0 0.0 0.0 -2.0 -4.0 -3.0 -4.0 -4.0 -1.0 -1.0 -3.0 0.0 -1.0 0.0 0.0 -3.0 -1.0 -2.0 -1.0 -1.0 -4.0 0.0 0.0 0.0 0.0 0.0 -4.0 0.0 -1.0 -3.0 -4.0 0.0 105.0 -3.0 0.0 
-4.0 -4.0 0.0 -1.0 -3.0 -4.0 0.0 -2.0 -1.0 -2.0 -3.0 -2.0 -3.0 -3.0 -2.0 -1.0 -4.0 -4.0 -4.0 -4.0 -2.0 -3.0 0.0 -2.0 -2.0 -2.0 -3.0 0.0 -4.0 -2.0 -3.0 -2.0 -2.0 0.0 -1.0 0.0 0.0 0.0 0.0 -4.0 -2.0 0.0 0.0 0.0 -1.0 -2.0 -2.0 -1.0 -1.0 -1.0 0.0 0.0 0.0 -1.0 -2.0 0.0 -2.0 -1.0 0.0 -2.0 -1.0 -3.0 -2.0 110.0 -3.0 
-2.0 -1.0 -3.0 -4.0 0.0 -1.0 -4.0 -1.0 -2.0 -1.0 -3.0 -4.0 0.0 0.0 -4.0 0.0 0.0 -2.0 -3.0 -4.0 -2.0 -4.0 -3.0 -4.0 -2.0 -2.0 0.0 -2.0 -1.0 0.0 -2.0 0.0 -3.0 -3.0 -3.0 -4.0 -1.0 0.0 -4.0 -3.0 -1.0 0.0 -3.0 -3.0 0.0 -3.0 -1.0 -1.0 -1.0 -4.0 -1.0 -2.0 -3.0 0.0 0.0 -1.0 0.0 -3.0 -3.0 -1.0 -1.0 -1.0 -3.0 -2.0 120.0 
