35.99986 -2.0 -4.0 0.0 -4.0 -3.0 0.0 -3.0 -4.0 -4.0 -2.0 -4.0 0.0 -2.0 -4.0 
-2.0 30.0 -3.0 -4.0 -2.0 -4.0 -3.0 0.0 -3.0 -1.0 0.0 -2.0 0.0 -4.0 -2.0 
-4.0 -2.0 39.0 -4.0 0.0 -3.0 -3.0 -3.0 -1.0 -2.0 -2.0 -4.0 -3.0 -4.0 -4.0 
-2.0 -1.0 -4.0 30.0 -1.0 0.0 -2.0 -3.0 -2.0 -4.0 -1.0 -3.0 -1.0 -3.0 -3.0 
-4.0 -3.0 -3.0 -2.0 30.0 -3.0 -3.0 -3.0 0.0 0.0 -3.0 0.0 -2.0 -4.0 0.0 
-2.0 -2.0 -3.0 -4.0 -4.0 35.0 -3.0 -4.0 0.0 -4.0 -3.0 -1.0 -3.0 -2.0 0.0 
-3.0 0.0 -2.0 -1.0 -4.0 0.0 24.0 0.0 -1.0 0.0 -4.0 -2.0 -3.0 -1.0 -3.0 
-4.0 -2.0 -4.0 -3.0 0.0 -4.0 -1.0 33.0 0.0 -3.0 -3.0 0.0 -2.0 -3.0 -4.0 
-1.0 -1.0 -1.0 -4.0 -4.0 -1.0 0.0 -2.0 25.0 -2.0 -4.0 -1.0 -2.0 -2.0 0.0 
-1.0 -4.0 0.0 0.0 -2.0 -4.0 0.0 -3.0 -4.0 29.0 -3.0 -3.0 -1.0 -1.0 -3.0 
-1.0 -3.0 -2.0 -2.0 -4.0 -1.0 0.0 -4.0 -3.0 -1.0 25.0 -1.0 -2.0 -1.0 0.0 
-1.0 -4.0 0.0 -3.0 -4.0 -3.0 -2.0 -3.0 -4.0 0.0 0.0 33.0 -4.0 -4.0 -1.0 
-3.0 -3.0 0.0 -2.0 -4.0 -3.0 -3.0 -2.0 -4.0 0.0 -3.0 -1.0 29.0 0.0 -1.0 
-4.0 -1.0 0.0 -3.0 0.0 -1.0 -4.0 -1.0 -2.0 -3.0 0.0 -3.0 -3.0 29.0 -4.0 
-3.0 0.0 -2.0 -3.0 -2.0 -4.0 -2.0 -2.0 -3.0 -2.0 -1.0 0.0 -3.0 -3.0 30.0 
