204.99886 0.0 -4.0 -4.0 0.0 -3.0 0.0 -1.0 -2.0 -3.0 -4.0 -1.0 -1.0 -2.0 -2.0 -3.0 -3.0 -3.0 -1.0 0.0 -3.0 -1.0 -1.0 -1.0 0.0 0.0 -2.0 -4.0 -2.0 0.0 -3.0 0.0 -2.0 -2.0 -3.0 -3.0 0.0 -4.0 -4.0 -2.0 -1.0 -4.0 -4.0 -4.0 -3.0 0.0 -2.0 0.0 -3.0 -4.0 -1.0 0.0 -4.0 -4.0 -4.0 0.0 -4.0 -1.0 -2.0 -1.0 0.0 -2.0 -1.0 -4.0 -4.0 0.0 -4.0 0.0 0.0 -1.0 -2.0 0.0 0.0 -3.0 -1.0 -3.0 -3.0 -1.0 -1.0 0.0 -1.0 0.0 -3.0 -3.0 -1.0 0.0 0.0 -2.0 -2.0 -1.0 0.0 -1.0 -3.0 -2.0 -2.0 0.0 -1.0 0.0 -1.0 -1.0 -4.0 -3.0 0.0 -1.0 -4.0 -4.0 -4.0 -2.0 -3.0 -3.0 0.0 -1.0 -1.0 0.0 -1.0 
-3.0 230.0 -2.0 0.0 -4.0 -3.0 0.0 -2.0 -2.0 0.0 -2.0 0.0 -1.0 -1.0 -1.0 -2.0 -1.0 -1.0 -4.0 -1.0 -3.0 -4.0 -2.0 -2.0 -3.0 -4.0 -4.0 -1.0 0.0 -3.0 -4.0 -4.0 -1.0 -3.0 -2.0 -1.0 -4.0 -4.0 -4.0 -2.0 0.0 -1.0 -2.0 -3.0 -2.0 0.0 -2.0 -1.0 -2.0 -4.0 0.0 -1.0 -1.0 -2.0 -4.0 0.0 -3.0 0.0 -3.0 0.0 -2.0 -4.0 -3.0 -1.0 0.0 -2.0 -4.0 -4.0 -3.0 -3.0 -2.0 0.0 -2.0 -2.0 0.0 -3.0 -1.0 -4.0 -3.0 -4.0 -4.0 -2.0 -3.0 -2.0 0.0 -2.0 -1.0 0.0 -3.0 -3.0 0.0 0.0 -3.0 -1.0 0.0 -1.0 -4.0 -2.0 -1.0 -4.0 -2.0 -3.0 0.0 -4.0 -4.0 -2.0 -4.0 0.0 0.0 -2.0 -4.0 -4.0 0.0 -1.0 -1.0 
0.0 -4.0 208.0 -1.0 -4.0 0.0 -1.0 0.0 0.0 -4.0 -3.0 -1.0 -3.0 -1.0 -2.0 0.0 -1.0 -3.0 -4.0 -2.0 -2.0 -3.0 -4.0 0.0 0.0 -2.0 -1.0 0.0 0.0 -4.0 -3.0 -1.0 -2.0 -3.0 -3.0 -1.0 -4.0 -4.0 -1.0 0.0 -2.0 0.0 -4.0 -4.0 0.0 0.0 -4.0 -1.0 -4.0 0.0 -2.0 -3.0 -1.0 -1.0 -1.0 -2.0 0.0 -4.0 -3.0 -3.0 -2.0 -2.0 -3.0 -3.0 -4.0 -1.0 -1.0 0.0 0.0 -2.0 0.0 -3.0 -1.0 -3.0 -4.0 -4.0 -3.0 -2.0 -4.0 0.0 -1.0 -2.0 0.0 -2.0 -1.0 0.0 0.0 -4.0 -2.0 -3.0 -2.0 0.0 -1.0 -1.0 0.0 0.0 0.0 -1.0 -3.0 -1.0 -3.0 -3.0 -4.0 0.0 0.0 -2.0 -1.0 -4.0 0.0 -4.0 0.0 -1.0 -3.0 -3.0 -3.0 
-1.0 -2.0 -2.0 235.0 -3.0 -1.0 0.0 -2.0 -1.0 -2.0 -3.0 -1.0 -3.0 -4.0 -1.0 -4.0 -3.0 -2.0 -4.0 -4.0 -1.0 -1.0 -2.0 -3.0 -3.0 -3.0 -4.0 -4.0 -4.0 -3.0 -1.0 -4.0 0.0 -2.0 -3.0 -2.0 -4.0 -4.0 -1.0 0.0 0.0 -4.0 -2.0 0.0 -3.0 -2.0 -4.0 -4.0 -4.0 0.0 -3.0 -1.0 -4.0 0.0 -4.0 0.0 -4.0 -1.0 -4.0 -4.0 0.0 0.0 -2.0 -3.0 -4.0 -1.0 -2.0 -2.0 -1.0 -3.0 -4.0 -2.0 -2.0 0.0 -1.0 0.0 0.0 0.0 -2.0 -3.0 -4.0 -1.0 0.0 0.0 0.0 -4.0 -4.0 -4.0 -1.0 -3.0 -1.0 -4.0 -4.0 -4.0 -1.0 -3.0 0.0 0.0 -1.0 -3.0 -1.0 0.0 -2.0 -2.0 -2.0 -4.0 -1.0 0.0 -3.0 0.0 -1.0 0.0 -2.0 -2.0 -1.0 
-4.0 -1.0 -3.0 0.0 249.0 -2.0 -4.0 0.0 0.0 0.0 -3.0 -4.0 -2.0 0.0 -1.0 -4.0 -3.0 -3.0 -1.0 -3.0 -4.0 -2.0 0.0 -4.0 -3.0 -2.0 -1.0 -1.0 -3.0 -2.0 -3.0 -3.0 -4.0 -1.0 -1.0 -1.0 -3.0 -1.0 0.0 0.0 0.0 -4.0 -4.0 -4.0 0.0 -3.0 -4.0 0.0 -4.0 -4.0 -3.0 -3.0 0.0 -1.0 -4.0 -3.0 -1.0 0.0 -4.0 -4.0 -1.0 -4.0 -1.0 -4.0 -4.0 -4.0 -2.0 -1.0 -3.0 -4.0 -4.0 -4.0 -4.0 -3.0 -4.0 -3.0 0.0 -1.0 -1.0 -3.0 -1.0 -1.0 0.0 -1.0 -4.0 -3.0 -1.0 -1.0 -4.0 -1.0 -4.0 -4.0 -4.0 0.0 -2.0 -2.0 0.0 -1.0 0.0 -4.0 -3.0 -4.0 -1.0 -1.0 -1.0 0.0 -2.0 -4.0 -3.0 -4.0 0.0 -4.0 0.0 -1.0 -1.0 
-2.0 0.0 -3.0 0.0 -3.0 248.0 -1.0 -3.0 -4.0 -4.0 -1.0 -1.0 -2.0 -1.0 -2.0 -3.0 -4.0 -1.0 -4.0 -3.0 -2.0 -3.0 -1.0 -2.0 -4.0 -4.0 -4.0 -3.0 -4.0 -4.0 -3.0 -4.0 -3.0 -2.0 -4.0 -4.0 -4.0 -3.0 -4.0 0.0 0.0 -2.0 -4.0 -4.0 0.0 -3.0 -2.0 0.0 0.0 -4.0 -2.0 -1.0 -1.0 -3.0 -4.0 -3.0 -1.0 -1.0 -2.0 -1.0 -1.0 -4.0 0.0 -4.0 -1.0 -3.0 -4.0 -1.0 -3.0 -3.0 -2.0 -4.0 0.0 -1.0 -1.0 -4.0 0.0 -2.0 -1.0 -1.0 0.0 -2.0 -1.0 -1.0 -1.0 0.0 0.0 -4.0 -3.0 -4.0 -3.0 -2.0 0.0 -4.0 -2.0 -2.0 -2.0 -1.0 0.0 0.0 -2.0 -3.0 -2.0 -2.0 -1.0 -2.0 -4.0 -4.0 -2.0 -1.0 -3.0 -4.0 0.0 -1.0 -3.0 
-1.0 0.0 0.0 -3.0 -1.0 -4.0 190.0 -4.0 -4.0 -2.0 -1.0 -2.0 0.0 -1.0 -1.0 -4.0 0.0 -3.0 -4.0 0.0 0.0 0.0 -3.0 -3.0 0.0 -2.0 -1.0 0.0 0.0 -4.0 0.0 0.0 0.0 0.0 -3.0 -1.0 -4.0 -3.0 -4.0 -3.0 -1.0 -1.0 0.0 0.0 -3.0 -2.0 -3.0 0.0 -2.0 0.0 0.0 -4.0 -2.0 0.0 -3.0 0.0 -2.0 0.0 -2.0 -1.0 -4.0 0.0 -3.0 0.0 -1.0 -2.0 -3.0 -3.0 -1.0 -4.0 -1.0 0.0 -1.0 -2.0 0.0 0.0 0.0 -3.0 -2.0 -2.0 -2.0 -1.0 -3.0 -2.0 -1.0 -1.0 -3.0 0.0 -2.0 -2.0 -1.0 -2.0 -4.0 -1.0 -3.0 -2.0 0.0 -4.0 -3.0 -2.0 -3.0 -3.0 -2.0 0.0 -2.0 -1.0 -2.0 -1.0 0.0 -2.0 0.0 -3.0 0.0 -4.0 -4.0 
-2.0 -4.0 -1.0 -3.0 -4.0 -4.0 -4.0 219.0 -4.0 -1.0 -3.0 -2.0 -3.0 0.0 0.0 -4.0 -4.0 -3.0 -4.0 0.0 -4.0 -3.0 -4.0 -3.0 -2.0 -1.0 -3.0 0.0 0.0 0.0 -3.0 -2.0 -4.0 -4.0 0.0 -3.0 -3.0 -1.0 0.0 -3.0 -4.0 0.0 -3.0 0.0 -4.0 -4.0 -2.0 0.0 -4.0 -3.0 0.0 -4.0 0.0 -1.0 -3.0 -2.0 -2.0 -2.0 -1.0 0.0 -1.0 0.0 -1.0 -4.0 -1.0 -2.0 0.0 -4.0 -2.0 0.0 0.0 -1.0 -2.0 -3.0 -2.0 0.0 0.0 -3.0 0.0 -3.0 0.0 -3.0 -3.0 -3.0 0.0 -1.0 -4.0 -1.0 -2.0 -4.0 0.0 -1.0 0.0 -2.0 -1.0 -1.0 0.0 0.0 -1.0 -3.0 0.0 -4.0 -4.0 0.0 -2.0 -1.0 -1.0 -1.0 -2.0 -3.0 -4.0 0.0 -2.0 0.0 -4.0 
-3.0 -2.0 -2.0 0.0 -2.0 0.0 -3.0 0.0 206.0 -1.0 0.0 -1.0 -2.0 0.0 -2.0 -1.0 -4.0 -4.0 -3.0 -3.0 -2.0 0.0 -2.0 0.0 -3.0 -1.0 -2.0 -3.0 -2.0 -3.0 -3.0 0.0 -3.0 -1.0 0.0 0.0 -2.0 -3.0 -1.0 -2.0 -1.0 -4.0 -2.0 -1.0 -4.0 -1.0 -3.0 -2.0 -2.0 -2.0 -2.0 -1.0 -1.0 -3.0 0.0 -3.0 -3.0 0.0 -3.0 0.0 0.0 -4.0 -1.0 -3.0 -3.0 -3.0 0.0 -1.0 -2.0 -2.0 -1.0 -3.0 -1.0 -3.0 -2.0 -1.0 -3.0 -1.0 -1.0 -1.0 0.0 -3.0 -2.0 -2.0 -1.0 0.0 -1.0 0.0 -1.0 -1.0 -4.0 -4.0 -3.0 -4.0 -4.0 -4.0 -1.0 -4.0 -3.0 -2.0 0.0 0.0 -3.0 -1.0 -1.0 -3.0 -3.0 -2.0 -2.0 -1.0 -1.0 0.0 -3.0 0.0 -2.0 
-2.0 -3.0 0.0 0.0 0.0 -1.0 -2.0 -1.0 -4.0 217.0 -4.0 -1.0 -2.0 -3.0 -4.0 -4.0 -1.0 -2.0 -3.0 -2.0 -1.0 0.0 -3.0 -1.0 -4.0 -4.0 -1.0 -2.0 -3.0 0.0 -2.0 -2.0 -4.0 -2.0 -4.0 -3.0 -1.0 -1.0 -1.0 -2.0 -2.0 -4.0 -4.0 -1.0 -3.0 -2.0 -1.0 -2.0 0.0 -4.0 -3.0 0.0 -1.0 -2.0 -1.0 -1.0 -1.0 -1.0 -3.0 -2.0 -3.0 0.0 -3.0 -1.0 -2.0 -3.0 -2.0 -1.0 -3.0 -1.0 -3.0 -2.0 -1.0 -4.0 0.0 0.0 -4.0 -1.0 0.0 -3.0 0.0 -1.0 -1.0 -2.0 -1.0 -1.0 -4.0 -1.0 -2.0 -3.0 -4.0 -1.0 -1.0 -3.0 -4.0 -2.0 -1.0 0.0 -1.0 -4.0 -3.0 0.0 -2.0 0.0 -3.0 -4.0 0.0 0.0 -1.0 -2.0 0.0 0.0 -4.0 -2.0 -4.0 
-3.0 -1.0 0.0 0.0 0.0 -4.0 -1.0 -4.0 0.0 -1.0 225.0 -2.0 -4.0 -1.0 -3.0 -4.0 -2.0 0.0 -2.0 0.0 -2.0 -3.0 -2.0 -2.0 -1.0 -3.0 0.0 -2.0 -1.0 -2.0 -4.0 -4.0 -2.0 -2.0 -3.0 -2.0 -4.0 -4.0 -1.0 -1.0 -2.0 0.0 -1.0 -3.0 -2.0 -1.0 -1.0 -2.0 -1.0 -4.0 -4.0 0.0 -2.0 -1.0 -4.0 -3.0 -2.0 -1.0 -3.0 -2.0 -1.0 -2.0 -4.0 -1.0 -1.0 -1.0 0.0 -3.0 -4.0 -2.0 -4.0 -3.0 -1.0 -3.0 -2.0 -2.0 -3.0 -3.0 0.0 -2.0 -4.0 0.0 0.0 -4.0 -1.0 -4.0 0.0 -4.0 -2.0 0.0 -3.0 -1.0 0.0 -4.0 -4.0 0.0 -3.0 -2.0 -2.0 -1.0 -4.0 0.0 -2.0 -3.0 -3.0 -1.0 -4.0 0.0 -3.0 -2.0 -3.0 -2.0 0.0 0.0 -1.0 
-2.0 -3.0 -4.0 -3.0 -2.0 0.0 -4.0 -3.0 -4.0 -4.0 -4.0 226.0 0.0 -1.0 -2.0 0.0 -3.0 -1.0 0.0 -2.0 -3.0 0.0 -1.0 -4.0 0.0 -3.0 -3.0 -2.0 -2.0 0.0 -2.0 -3.0 -4.0 0.0 -2.0 -4.0 -3.0 -4.0 -4.0 -1.0 0.0 -2.0 -4.0 -1.0 0.0 -2.0 0.0 -4.0 0.0 0.0 0.0 -2.0 -4.0 -4.0 -3.0 -1.0 -4.0 0.0 -2.0 -3.0 -1.0 -1.0 -2.0 -4.0 -4.0 -4.0 -2.0 -2.0 0.0 -4.0 0.0 -3.0 -3.0 -4.0 -4.0 -1.0 0.0 0.0 -1.0 -2.0 -4.0 -2.0 -2.0 -3.0 -3.0 -4.0 -2.0 -1.0 -1.0 0.0 0.0 0.0 -2.0 -3.0 0.0 -1.0 -2.0 -4.0 0.0 -1.0 0.0 -2.0 0.0 -1.0 -2.0 -3.0 -1.0 0.0 -4.0 -3.0 -3.0 -3.0 -4.0 0.0 0.0 
-4.0 -4.0 -2.0 0.0 -3.0 -3.0 0.0 -3.0 -3.0 -2.0 -2.0 -4.0 224.0 -2.0 -2.0 -1.0 -3.0 -1.0 -3.0 0.0 -4.0 0.0 -2.0 -2.0 0.0 0.0 -4.0 -4.0 -4.0 0.0 0.0 -3.0 -2.0 -2.0 -3.0 -4.0 0.0 -1.0 -3.0 -3.0 -1.0 -2.0 -2.0 -3.0 0.0 -3.0 -3.0 -4.0 -2.0 0.0 -1.0 -3.0 -3.0 0.0 -4.0 -4.0 -3.0 0.0 0.0 -1.0 -4.0 -4.0 -1.0 -1.0 -1.0 -1.0 -2.0 -2.0 -3.0 -1.0 -2.0 0.0 -2.0 -4.0 -4.0 -1.0 0.0 -1.0 -4.0 0.0 -1.0 -3.0 -3.0 -4.0 0.0 -4.0 -2.0 0.0 -1.0 -3.0 -1.0 -3.0 -1.0 -1.0 -3.0 -1.0 -1.0 0.0 0.0 -3.0 -2.0 -3.0 -1.0 -2.0 -2.0 -4.0 -1.0 -1.0 -2.0 -2.0 0.0 -3.0 0.0 -4.0 -2.0 
-4.0 0.0 -1.0 -3.0 -2.0 -2.0 -3.0 -3.0 0.0 -3.0 -4.0 -4.0 0.0 229.0 0.0 -2.0 0.0 -1.0 -2.0 -4.0 -3.0 -3.0 -2.0 -1.0 -3.0 -4.0 -1.0 -4.0 -1.0 -4.0 0.0 -2.0 -1.0 -2.0 0.0 -3.0 -3.0 0.0 -4.0 -2.0 -1.0 0.0 -2.0 -1.0 -3.0 -2.0 -4.0 -2.0 -2.0 -1.0 -1.0 -4.0 -3.0 -1.0 -1.0 -3.0 -1.0 0.0 -1.0 0.0 -4.0 0.0 -2.0 -4.0 -4.0 0.0 -4.0 0.0 -3.0 -4.0 -3.0 -2.0 -3.0 -2.0 0.0 -3.0 0.0 -1.0 -1.0 0.0 0.0 -1.0 -2.0 -4.0 -1.0 -4.0 -3.0 -3.0 -3.0 -2.0 -3.0 -3.0 0.0 -3.0 -3.0 -3.0 -4.0 -1.0 -4.0 -2.0 0.0 -2.0 -3.0 -4.0 -1.0 0.0 0.0 -1.0 -2.0 -4.0 -3.0 0.0 0.0 -4.0 -2.0 
0.0 -4.0 -3.0 -4.0 0.0 -1.0 -2.0 -3.0 -1.0 -2.0 -3.0 -1.0 -1.0 -2.0 223.0 -4.0 0.0 -4.0 -4.0 0.0 -3.0 -4.0 0.0 0.0 -3.0 0.0 -4.0 0.0 -3.0 -1.0 0.0 -4.0 -4.0 0.0 -3.0 -4.0 0.0 -4.0 -2.0 -2.0 -3.0 -3.0 -3.0 0.0 -4.0 -1.0 0.0 0.0 0.0 -1.0 -3.0 -2.0 -1.0 -1.0 -1.0 -2.0 -2.0 -4.0 -2.0 -2.0 -3.0 0.0 -4.0 -2.0 -2.0 -1.0 -1.0 -3.0 -1.0 -4.0 -1.0 -2.0 -1.0 0.0 0.0 -1.0 -3.0 -1.0 -4.0 -2.0 0.0 -1.0 -2.0 -4.0 0.0 -4.0 -1.0 -4.0 -3.0 -1.0 -1.0 -4.0 0.0 -1.0 -4.0 -3.0 0.0 -3.0 -1.0 -2.0 -1.0 -2.0 -2.0 -3.0 -3.0 -4.0 -3.0 -3.0 -1.0 -3.0 -1.0 -2.0 -1.0 -1.0 -3.0 
-4.0 0.0 -4.0 -1.0 0.0 0.0 -3.0 0.0 -3.0 -3.0 -2.0 -4.0 0.0 -2.0 -3.0 225.0 -4.0 -2.0 0.0 0.0 -4.0 0.0 -3.0 -3.0 -3.0 -3.0 -3.0 0.0 -1.0 0.0 0.0 -1.0 -4.0 -1.0 0.0 -1.0 -4.0 -2.0 -2.0 -1.0 -4.0 -2.0 0.0 -1.0 -2.0 -1.0 -3.0 -4.0 0.0 -3.0 -1.0 -2.0 0.0 -4.0 -3.0 -4.0 -2.0 -2.0 -4.0 -4.0 0.0 0.0 0.0 -2.0 -2.0 -1.0 -4.0 -2.0 -4.0 -1.0 -1.0 -2.0 -2.0 -3.0 -4.0 -1.0 -3.0 -1.0 -2.0 -1.0 -2.0 0.0 -4.0 -1.0 -1.0 -2.0 -3.0 -4.0 0.0 -1.0 -4.0 -4.0 0.0 -4.0 -2.0 -2.0 -3.0 -4.0 -1.0 -1.0 -3.0 0.0 -4.0 0.0 -1.0 -3.0 0.0 -2.0 -4.0 -4.0 -1.0 -3.0 0.0 -2.0 -2.0 
-4.0 0.0 -3.0 -1.0 -4.0 0.0 -2.0 -4.0 0.0 -4.0 -1.0 -2.0 -3.0 -4.0 -2.0 -2.0 260.0 0.0 -1.0 -4.0 -1.0 -3.0 -4.0 -1.0 -2.0 -4.0 0.0 -4.0 -1.0 -3.0 -1.0 -3.0 -1.0 -3.0 0.0 -4.0 0.0 -1.0 -3.0 -3.0 -1.0 -2.0 -3.0 -3.0 0.0 -3.0 -4.0 -3.0 -4.0 -2.0 -3.0 -3.0 -2.0 0.0 -3.0 -3.0 -2.0 -2.0 -4.0 -1.0 0.0 -3.0 -1.0 -3.0 -4.0 0.0 -2.0 -3.0 -2.0 -2.0 -3.0 0.0 -3.0 -4.0 -1.0 -4.0 -1.0 0.0 -3.0 0.0 -1.0 0.0 -3.0 -4.0 0.0 -4.0 -4.0 -1.0 -1.0 -4.0 -1.0 -2.0 -4.0 -1.0 -1.0 -3.0 -4.0 0.0 -2.0 -4.0 -4.0 -4.0 -1.0 -3.0 -4.0 -1.0 -2.0 -4.0 -3.0 -4.0 -3.0 -3.0 -4.0 -4.0 -2.0 
-3.0 -4.0 -3.0 -4.0 -2.0 0.0 -2.0 -2.0 0.0 -3.0 0.0 -4.0 -2.0 0.0 -1.0 -1.0 0.0 226.0 -1.0 -2.0 0.0 -2.0 -3.0 0.0 -4.0 0.0 -1.0 0.0 -2.0 -3.0 -3.0 -2.0 -3.0 0.0 -4.0 0.0 -2.0 -2.0 -3.0 -2.0 -3.0 -1.0 -2.0 -1.0 0.0 -4.0 -2.0 -2.0 -4.0 -4.0 -3.0 -4.0 -1.0 -1.0 -2.0 -2.0 0.0 0.0 -3.0 -2.0 -4.0 -2.0 -4.0 -2.0 -3.0 0.0 0.0 -2.0 -2.0 0.0 -4.0 -2.0 -3.0 -3.0 -1.0 -3.0 -2.0 -1.0 -2.0 -2.0 0.0 -2.0 0.0 0.0 -2.0 -1.0 -2.0 -4.0 -1.0 -2.0 -2.0 -2.0 0.0 -4.0 -4.0 -1.0 -3.0 -3.0 0.0 -3.0 -2.0 -2.0 -4.0 0.0 -4.0 -1.0 -1.0 -2.0 -4.0 -3.0 -4.0 -3.0 -1.0 -4.0 -2.0 
-3.0 -3.0 -1.0 -4.0 -3.0 -1.0 -2.0 -3.0 -3.0 -1.0 -2.0 -2.0 -2.0 -2.0 -2.0 -4.0 -1.0 -2.0 236.0 0.0 -3.0 0.0 0.0 -2.0 -1.0 -4.0 -3.0 -1.0 -1.0 -1.0 -3.0 -4.0 -3.0 -4.0 -1.0 -3.0 0.0 -3.0 -2.0 -4.0 -4.0 -1.0 -1.0 -1.0 -3.0 -3.0 0.0 -2.0 -3.0 -3.0 0.0 -4.0 -4.0 -4.0 0.0 -3.0 -4.0 0.0 -3.0 -3.0 0.0 -1.0 0.0 -1.0 -2.0 -4.0 -4.0 -1.0 -2.0 0.0 -1.0 0.0 -2.0 -2.0 -1.0 -4.0 -3.0 -3.0 -1.0 -4.0 0.0 -1.0 -1.0 -1.0 -3.0 -2.0 -3.0 -4.0 -4.0 -2.0 -2.0 -2.0 0.0 -2.0 -4.0 -4.0 -1.0 -1.0 -4.0 -4.0 -4.0 -1.0 -2.0 -1.0 -2.0 -1.0 -4.0 -4.0 0.0 -1.0 -2.0 -1.0 0.0 -1.0 -1.0 
-1.0 0.0 0.0 0.0 -2.0 -3.0 0.0 -2.0 -3.0 -3.0 -4.0 -2.0 0.0 -4.0 -1.0 -1.0 -2.0 -2.0 -2.0 226.0 0.0 -2.0 0.0 0.0 -1.0 -1.0 0.0 0.0 -2.0 -1.0 -1.0 -3.0 -2.0 -4.0 0.0 -3.0 0.0 -3.0 -1.0 -4.0 -4.0 -3.0 -4.0 -4.0 -2.0 -3.0 0.0 -1.0 -4.0 0.0 -4.0 -2.0 -2.0 0.0 -2.0 -1.0 0.0 -2.0 0.0 -4.0 -2.0 -3.0 -3.0 -1.0 -4.0 0.0 -3.0 -3.0 -4.0 -4.0 -4.0 -1.0 -4.0 -4.0 -3.0 0.0 -4.0 -3.0 -2.0 -2.0 -3.0 -4.0 0.0 -3.0 -4.0 -1.0 -3.0 -3.0 0.0 -3.0 0.0 -1.0 0.0 -1.0 0.0 -3.0 -3.0 -2.0 -1.0 -3.0 -1.0 -4.0 -2.0 -2.0 -4.0 0.0 0.0 -2.0 0.0 -1.0 -3.0 -3.0 -4.0 -2.0 -4.0 
-2.0 0.0 -3.0 -2.0 -1.0 0.0 0.0 -1.0 -3.0 0.0 -1.0 -1.0 -3.0 0.0 -2.0 -4.0 0.0 -4.0 -3.0 -3.0 227.0 -4.0 -2.0 -2.0 0.0 -1.0 0.0 -4.0 -4.0 -1.0 0.0 -1.0 -1.0 -1.0 -4.0 -2.0 0.0 -1.0 -3.0 -4.0 -3.0 -3.0 -1.0 -1.0 -2.0 -2.0 -4.0 -3.0 -2.0 -3.0 -2.0 -4.0 -2.0 -2.0 -4.0 0.0 0.0 -4.0 0.0 0.0 -4.0 -2.0 -1.0 0.0 -1.0 -3.0 -3.0 -3.0 0.0 -3.0 0.0 -2.0 -2.0 -3.0 0.0 -2.0 -3.0 -2.0 -4.0 -1.0 0.0 -4.0 -2.0 -2.0 0.0 -2.0 -1.0 -3.0 0.0 -4.0 -2.0 -3.0 -4.0 0.0 -2.0 -1.0 -3.0 -4.0 -2.0 -1.0 -2.0 -4.0 -3.0 0.0 0.0 -3.0 -2.0 -4.0 -1.0 -3.0 -2.0 -3.0 -3.0 -4.0 -4.0 
-2.0 -2.0 -4.0 -3.0 -1.0 0.0 -3.0 0.0 -2.0 -4.0 -3.0 -4.0 -1.0 -3.0 -2.0 -4.0 -1.0 -3.0 -4.0 -4.0 -4.0 229.0 -2.0 -3.0 0.0 -3.0 -3.0 -2.0 0.0 -2.0 0.0 0.0 0.0 -4.0 0.0 -2.0 -4.0 -2.0 -3.0 -1.0 -2.0 0.0 0.0 -4.0 -1.0 0.0 -1.0 -2.0 -4.0 0.0 -3.0 -2.0 0.0 -3.0 -2.0 0.0 -4.0 -3.0 -2.0 0.0 -3.0 0.0 -2.0 -3.0 -3.0 -3.0 -1.0 -1.0 -2.0 -3.0 0.0 0.0 -2.0 -2.0 -2.0 0.0 -3.0 -1.0 -4.0 -4.0 -1.0 -1.0 -3.0 0.0 -2.0 -1.0 -1.0 -4.0 0.0 0.0 -4.0 -4.0 -2.0 -4.0 0.0 0.0 -4.0 -1.0 -1.0 -3.0 -1.0 -4.0 -4.0 -4.0 0.0 0.0 -3.0 -1.0 -1.0 -3.0 -4.0 -2.0 -2.0 -3.0 -4.0 
-3.0 0.0 -3.0 -3.0 -3.0 0.0 -4.0 -2.0 -4.0 -3.0 -3.0 -2.0 -1.0 -3.0 -3.0 -2.0 -1.0 -4.0 -2.0 -3.0 -1.0 -4.0 218.0 -4.0 -1.0 -1.0 -1.0 -1.0 -3.0 -3.0 -1.0 0.0 -4.0 -1.0 -2.0 -4.0 -4.0 -4.0 -1.0 -1.0 -2.0 0.0 -3.0 0.0 -1.0 0.0 -4.0 -1.0 -3.0 -1.0 -3.0 -1.0 -4.0 0.0 -2.0 0.0 -1.0 0.0 -2.0 -3.0 -4.0 -4.0 0.0 -1.0 0.0 0.0 -2.0 0.0 0.0 -1.0 -2.0 0.0 -3.0 -3.0 0.0 -1.0 -3.0 -3.0 0.0 -3.0 -1.0 -3.0 -1.0 -1.0 -3.0 0.0 -3.0 -4.0 -4.0 -1.0 0.0 -2.0 -2.0 -2.0 -3.0 -3.0 0.0 -2.0 0.0 -2.0 0.0 -4.0 -2.0 0.0 -2.0 -1.0 -4.0 -4.0 -4.0 -3.0 -2.0 -3.0 0.0 -1.0 0.0 
-2.0 -4.0 -2.0 0.0 0.0 -4.0 -4.0 -1.0 -3.0 -1.0 -2.0 -3.0 -2.0 -2.0 -3.0 -4.0 -1.0 -3.0 -3.0 -3.0 -2.0 -4.0 -1.0 263.0 -4.0 -1.0 -1.0 -1.0 -2.0 -1.0 -4.0 -1.0 -4.0 -4.0 -1.0 0.0 -3.0 -4.0 -4.0 -1.0 -4.0 -3.0 -4.0 -2.0 -4.0 -3.0 -1.0 -2.0 -4.0 -1.0 -3.0 -4.0 -4.0 -4.0 -4.0 -4.0 -1.0 -3.0 0.0 -1.0 -4.0 -1.0 -2.0 0.0 -4.0 -2.0 -4.0 0.0 0.0 -3.0 -2.0 -2.0 -3.0 -3.0 -1.0 -2.0 0.0 -1.0 0.0 -2.0 -4.0 0.0 -3.0 -1.0 -4.0 -4.0 -4.0 -4.0 -4.0 0.0 -1.0 -3.0 0.0 -3.0 0.0 -3.0 -1.0 -1.0 -4.0 -4.0 -3.0 -3.0 -4.0 -1.0 -1.0 -3.0 -3.0 -1.0 0.0 -3.0 -1.0 -1.0 -3.0 -4.0 -2.0 
-2.0 0.0 -1.0 -3.0 -1.0 0.0 -3.0 -2.0 -4.0 0.0 -3.0 -4.0 0.0 0.0 0.0 -4.0 -3.0 0.0 0.0 -1.0 -2.0 0.0 -2.0 0.0 219.0 -2.0 -1.0 -4.0 -4.0 -2.0 -4.0 -2.0 0.0 -1.0 -4.0 -2.0 0.0 -3.0 -3.0 -3.0 -1.0 -4.0 -4.0 -3.0 -4.0 -3.0 -4.0 -3.0 -2.0 -3.0 0.0 -4.0 -3.0 -2.0 -1.0 -4.0 -4.0 -3.0 -4.0 -2.0 -1.0 -1.0 -3.0 -2.0 -2.0 -1.0 -2.0 -3.0 -1.0 0.0 -2.0 -3.0 -1.0 -2.0 -1.0 -4.0 -3.0 -4.0 0.0 -2.0 -1.0 -4.0 0.0 -3.0 -3.0 -1.0 -4.0 -4.0 -2.0 0.0 -1.0 -1.0 -4.0 0.0 0.0 0.0 -1.0 0.0 0.0 0.0 0.0 -3.0 -3.0 -4.0 0.0 0.0 -1.0 0.0 0.0 -1.0 -2.0 0.0 -3.0 -4.0 -3.0 
-2.0 -2.0 -4.0 -3.0 -2.0 -2.0 -1.0 -4.0 -1.0 -2.0 -4.0 -4.0 -3.0 -1.0 -4.0 0.0 0.0 -3.0 -3.0 -2.0 -2.0 -3.0 0.0 -2.0 -3.0 241.0 -4.0 -2.0 -1.0 -4.0 -4.0 -1.0 -3.0 -2.0 -3.0 -3.0 -3.0 -1.0 -1.0 0.0 -2.0 -2.0 -2.0 -2.0 0.0 -1.0 -4.0 -2.0 -1.0 -2.0 -4.0 -3.0 -4.0 -2.0 -2.0 -2.0 -4.0 -3.0 0.0 -3.0 -2.0 -2.0 -4.0 -1.0 -1.0 -1.0 -2.0 -3.0 -4.0 0.0 0.0 0.0 -4.0 -1.0 -4.0 -1.0 -1.0 -1.0 -2.0 -4.0 0.0 -4.0 -1.0 -3.0 -2.0 0.0 -2.0 0.0 -1.0 -1.0 -3.0 -2.0 -1.0 -2.0 -3.0 -2.0 -4.0 -4.0 -3.0 -3.0 0.0 0.0 -3.0 -1.0 0.0 -3.0 -1.0 -2.0 -4.0 -3.0 -2.0 0.0 -2.0 -3.0 -4.0 
-3.0 -3.0 -4.0 0.0 -2.0 -3.0 -1.0 -1.0 -2.0 0.0 -1.0 -4.0 -4.0 -1.0 -2.0 -1.0 -1.0 0.0 0.0 -2.0 -1.0 -4.0 -2.0 -2.0 -1.0 -2.0 234.0 -1.0 0.0 -1.0 -3.0 -3.0 -3.0 -1.0 -2.0 -2.0 -4.0 -3.0 0.0 0.0 0.0 0.0 -4.0 0.0 -2.0 -2.0 -1.0 -1.0 -4.0 0.0 -1.0 -2.0 -3.0 -1.0 0.0 -4.0 -4.0 -1.0 -4.0 0.0 -4.0 -4.0 -4.0 -2.0 -3.0 -4.0 -4.0 -4.0 -2.0 -3.0 0.0 -3.0 0.0 -2.0 -1.0 -2.0 -3.0 -3.0 -4.0 -2.0 -4.0 0.0 -4.0 -2.0 -2.0 -4.0 -2.0 -1.0 -2.0 0.0 -1.0 -1.0 -1.0 -2.0 -1.0 -3.0 -2.0 -3.0 -3.0 0.0 -2.0 -3.0 -4.0 -2.0 -3.0 -4.0 -4.0 0.0 -1.0 0.0 -2.0 -4.0 -3.0 -4.0 -2.0 
-3.0 0.0 -3.0 -4.0 -1.0 0.0 -4.0 -3.0 0.0 -2.0 -4.0 -1.0 0.0 -4.0 -4.0 -1.0 -3.0 -1.0 -3.0 -4.0 -3.0 -2.0 -2.0 -2.0 -3.0 0.0 -4.0 256.0 0.0 -3.0 -1.0 0.0 -2.0 -3.0 -2.0 -3.0 -1.0 -4.0 -1.0 -3.0 0.0 -3.0 -4.0 -2.0 -3.0 -4.0 -2.0 -4.0 -3.0 -1.0 -4.0 -3.0 0.0 -4.0 -4.0 0.0 -3.0 -4.0 -4.0 -1.0 0.0 -1.0 -1.0 -1.0 0.0 -1.0 -2.0 0.0 -1.0 -3.0 -4.0 -3.0 -3.0 -4.0 -4.0 -4.0 -2.0 -4.0 -4.0 -1.0 -4.0 -3.0 -3.0 -3.0 0.0 -1.0 -1.0 0.0 0.0 -4.0 -4.0 -4.0 0.0 -4.0 -1.0 -2.0 -4.0 -4.0 -2.0 -1.0 -1.0 -1.0 -4.0 -2.0 0.0 0.0 -3.0 0.0 -4.0 -1.0 -3.0 -4.0 -4.0 -2.0 -2.0 
-1.0 -3.0 -4.0 -1.0 -3.0 -3.0 0.0 0.0 -4.0 0.0 -4.0 -4.0 -4.0 -2.0 -2.0 0.0 -2.0 -1.0 -1.0 0.0 0.0 0.0 0.0 -3.0 0.0 -2.0 0.0 -1.0 220.0 0.0 -4.0 -2.0 0.0 -2.0 0.0 -1.0 -2.0 -2.0 -1.0 -1.0 -3.0 -1.0 0.0 -4.0 0.0 -1.0 -2.0 0.0 -2.0 -2.0 -4.0 -3.0 -3.0 -3.0 -4.0 -3.0 -3.0 -4.0 -4.0 -1.0 -2.0 -1.0 0.0 -2.0 -3.0 -1.0 -2.0 -3.0 -1.0 -3.0 -2.0 0.0 -4.0 -3.0 -3.0 -4.0 -2.0 -3.0 -1.0 0.0 -1.0 0.0 -1.0 -3.0 -2.0 -1.0 0.0 -4.0 -1.0 -3.0 0.0 -4.0 -4.0 -4.0 -2.0 -3.0 0.0 0.0 -1.0 -2.0 -4.0 -3.0 -4.0 0.0 -2.0 -3.0 -4.0 -3.0 -4.0 -2.0 -3.0 0.0 -4.0 -1.0 0.0 
-3.0 -3.0 0.0 -1.0 -2.0 -1.0 -2.0 -1.0 0.0 -2.0 -3.0 0.0 -1.0 -2.0 0.0 -3.0 -2.0 -2.0 -1.0 -2.0 -4.0 -1.0 -1.0 0.0 -3.0 -2.0 -1.0 -1.0 -1.0 216.0 0.0 -2.0 -2.0 -2.0 -2.0 -3.0 -1.0 -1.0 0.0 -2.0 -3.0 -3.0 -4.0 -3.0 -1.0 -2.0 -1.0 -1.0 -1.0 -2.0 -1.0 0.0 -4.0 -1.0 -3.0 -3.0 0.0 -1.0 -2.0 -1.0 -1.0 -4.0 -1.0 -2.0 -2.0 -4.0 -2.0 -3.0 -4.0 -4.0 -1.0 -4.0 -2.0 -3.0 -2.0 -2.0 -1.0 -4.0 -1.0 0.0 -3.0 -2.0 -3.0 -1.0 0.0 0.0 -2.0 -4.0 -4.0 -1.0 0.0 0.0 -3.0 -1.0 0.0 0.0 -3.0 -4.0 -1.0 -4.0 -4.0 -4.0 -1.0 -3.0 -2.0 -3.0 -1.0 -2.0 0.0 -3.0 -3.0 -2.0 -4.0 -3.0 -1.0 
-1.0 -4.0 0.0 -1.0 0.0 -1.0 -1.0 -4.0 0.0 0.0 -1.0 -3.0 -2.0 -3.0 -2.0 -4.0 0.0 -3.0 0.0 -2.0 -4.0 -4.0 0.0 0.0 -4.0 -4.0 -1.0 -3.0 -3.0 -2.0 208.0 -1.0 -3.0 -1.0 0.0 -3.0 -4.0 0.0 -1.0 -1.0 -3.0 0.0 -4.0 -3.0 -3.0 -3.0 0.0 -4.0 -3.0 -1.0 -1.0 0.0 -2.0 -1.0 0.0 -2.0 0.0 -3.0 -4.0 0.0 -2.0 -4.0 -3.0 0.0 -1.0 -4.0 -1.0 0.0 -1.0 0.0 -2.0 -2.0 -2.0 -3.0 -3.0 -2.0 -1.0 -4.0 0.0 -1.0 -3.0 0.0 -1.0 -3.0 -4.0 -4.0 0.0 -3.0 -1.0 0.0 -3.0 -2.0 -2.0 -3.0 -3.0 -3.0 0.0 -4.0 0.0 -2.0 -4.0 -1.0 -2.0 -2.0 -3.0 0.0 -2.0 0.0 -3.0 -4.0 0.0 0.0 0.0 -1.0 -1.0 
0.0 -2.0 -2.0 -4.0 0.0 -2.0 -2.0 -1.0 -3.0 -4.0 -2.0 -2.0 -3.0 -4.0 -1.0 0.0 -1.0 -2.0 -3.0 -4.0 -4.0 -4.0 -1.0 -1.0 -2.0 -1.0 -3.0 -3.0 -4.0 0.0 -2.0 229.0 0.0 0.0 -4.0 -2.0 -3.0 -1.0 -3.0 -3.0 -4.0 -3.0 -4.0 0.0 -2.0 -4.0 -1.0 -1.0 -3.0 -2.0 -1.0 0.0 -4.0 -4.0 -4.0 -1.0 -3.0 -1.0 -2.0 -1.0 0.0 -2.0 -3.0 -3.0 -1.0 -2.0 -3.0 -1.0 -1.0 -1.0 -3.0 -4.0 -4.0 -2.0 -4.0 -1.0 -3.0 0.0 0.0 0.0 -1.0 -1.0 -4.0 -2.0 -2.0 -2.0 -2.0 -3.0 -2.0 -4.0 -1.0 0.0 0.0 -1.0 -1.0 -1.0 0.0 -3.0 -4.0 0.0 -2.0 0.0 -3.0 -1.0 -3.0 0.0 0.0 -4.0 -3.0 -1.0 -4.0 -2.0 0.0 -2.0 -4.0 
-4.0 -4.0 0.0 -1.0 -4.0 -3.0 -4.0 -2.0 -4.0 -4.0 -3.0 -2.0 -2.0 0.0 -3.0 -2.0 0.0 -1.0 -2.0 -1.0 0.0 -4.0 -4.0 -1.0 -2.0 0.0 0.0 -1.0 -2.0 0.0 0.0 -2.0 231.0 -1.0 -1.0 -3.0 -4.0 -4.0 -4.0 -2.0 -2.0 -2.0 -3.0 -4.0 -2.0 -3.0 -2.0 -2.0 -4.0 -2.0 -3.0 -4.0 0.0 -1.0 -1.0 0.0 -2.0 0.0 0.0 -3.0 -3.0 -3.0 0.0 0.0 -2.0 -3.0 -3.0 -3.0 -3.0 -1.0 -2.0 -3.0 -1.0 -4.0 -3.0 0.0 -2.0 -3.0 0.0 0.0 0.0 0.0 -3.0 0.0 0.0 0.0 -3.0 -2.0 -3.0 -4.0 -4.0 -1.0 -4.0 0.0 -1.0 -2.0 -1.0 -2.0 -4.0 -1.0 -2.0 -2.0 -4.0 0.0 -2.0 -3.0 -4.0 -3.0 -1.0 -4.0 -1.0 -3.0 -1.0 -2.0 -4.0 
-4.0 -2.0 0.0 -3.0 -3.0 -1.0 -1.0 -2.0 0.0 0.0 -1.0 -1.0 -3.0 -4.0 -4.0 -2.0 -1.0 -2.0 -1.0 -1.0 -3.0 0.0 -3.0 -3.0 -4.0 -3.0 -1.0 -1.0 -3.0 0.0 -1.0 -3.0 0.0 215.0 0.0 -3.0 -2.0 -2.0 -2.0 -3.0 0.0 0.0 -1.0 -1.0 -1.0 -2.0 -1.0 -1.0 -1.0 -3.0 -1.0 0.0 -1.0 -1.0 -2.0 -4.0 -1.0 0.0 -3.0 -3.0 -4.0 -3.0 -2.0 -4.0 -1.0 -2.0 -4.0 -4.0 -2.0 -4.0 0.0 -3.0 -2.0 -2.0 -1.0 -3.0 -2.0 -3.0 -4.0 -4.0 -3.0 -1.0 -2.0 0.0 -3.0 0.0 0.0 -1.0 -1.0 0.0 -4.0 -4.0 0.0 0.0 -1.0 -4.0 -4.0 -2.0 0.0 -2.0 -2.0 -3.0 -2.0 -4.0 -1.0 -3.0 -1.0 -3.0 -1.0 -4.0 -3.0 0.0 -1.0 0.0 -1.0 
-1.0 0.0 -1.0 0.0 -1.0 -1.0 -3.0 -4.0 -3.0 -2.0 -3.0 -3.0 -1.0 -4.0 -4.0 -3.0 0.0 0.0 0.0 -3.0 -1.0 0.0 -2.0 -1.0 0.0 -1.0 -4.0 0.0 -4.0 0.0 -2.0 -2.0 -3.0 0.0 230.0 -1.0 -3.0 -4.0 -4.0 -4.0 -1.0 -2.0 -4.0 -1.0 0.0 0.0 -3.0 -2.0 -4.0 -3.0 -4.0 -4.0 -3.0 -3.0 -2.0 0.0 0.0 -4.0 -3.0 -4.0 -3.0 -3.0 -3.0 -2.0 -3.0 -1.0 -2.0 -3.0 -2.0 0.0 -2.0 -2.0 -4.0 -3.0 -4.0 -1.0 -1.0 -2.0 0.0 0.0 -2.0 -1.0 -1.0 -1.0 0.0 -1.0 -3.0 -4.0 0.0 -3.0 -4.0 -4.0 -3.0 -2.0 -2.0 -2.0 -4.0 -4.0 -4.0 -2.0 -3.0 -2.0 0.0 -3.0 -2.0 0.0 -1.0 0.0 -4.0 -3.0 -1.0 -1.0 -1.0 -1.0 0.0 
0.0 -3.0 0.0 -2.0 -3.0 -1.0 -3.0 -4.0 -1.0 0.0 -4.0 -2.0 -2.0 -1.0 -3.0 0.0 -2.0 0.0 -3.0 -1.0 -3.0 0.0 0.0 -1.0 -2.0 -1.0 -2.0 -4.0 -1.0 -3.0 -2.0 -1.0 -1.0 0.0 -3.0 218.0 -4.0 -2.0 -1.0 -2.0 0.0 -4.0 -2.0 -3.0 -4.0 0.0 0.0 -3.0 -4.0 -3.0 -3.0 -2.0 0.0 0.0 -4.0 -1.0 0.0 0.0 0.0 -3.0 0.0 -1.0 -3.0 0.0 -1.0 -3.0 -4.0 0.0 -4.0 -3.0 0.0 -1.0 -4.0 0.0 -2.0 -3.0 -4.0 -3.0 -3.0 -1.0 -1.0 0.0 -3.0 -3.0 -4.0 -2.0 -1.0 -1.0 -4.0 -2.0 0.0 -2.0 -2.0 -2.0 0.0 -2.0 -4.0 -1.0 -4.0 -4.0 -2.0 0.0 -4.0 -3.0 -3.0 -4.0 -2.0 0.0 -4.0 -2.0 -2.0 -3.0 -2.0 0.0 -1.0 
-3.0 -3.0 -1.0 -2.0 -3.0 0.0 -1.0 -4.0 -4.0 -3.0 -3.0 -2.0 -4.0 -4.0 -1.0 -4.0 -3.0 -2.0 -4.0 -4.0 0.0 -2.0 -1.0 -3.0 -2.0 -4.0 -2.0 -1.0 -4.0 0.0 0.0 0.0 -1.0 -2.0 -2.0 -4.0 261.0 -4.0 -2.0 -2.0 -3.0 -4.0 -2.0 -1.0 -1.0 -2.0 -2.0 -3.0 -2.0 -4.0 -2.0 -4.0 -3.0 -2.0 -4.0 -2.0 -1.0 -1.0 0.0 -3.0 -2.0 -2.0 -3.0 -1.0 -2.0 0.0 -4.0 -3.0 -3.0 -3.0 -3.0 -2.0 0.0 -4.0 -2.0 -3.0 -3.0 0.0 -2.0 -1.0 -4.0 -2.0 -2.0 -1.0 0.0 -3.0 -4.0 -4.0 -4.0 -2.0 -4.0 -4.0 -4.0 -2.0 -4.0 -2.0 0.0 -3.0 -2.0 -1.0 -3.0 0.0 -4.0 -1.0 -4.0 -2.0 -3.0 0.0 0.0 0.0 -2.0 -4.0 -4.0 -2.0 0.0 
-1.0 -4.0 -3.0 0.0 -4.0 -1.0 -2.0 -2.0 -2.0 0.0 -2.0 -1.0 -2.0 0.0 -3.0 -1.0 -3.0 -1.0 0.0 -1.0 -2.0 -1.0 -4.0 -4.0 -1.0 -2.0 -2.0 -4.0 -3.0 -3.0 -1.0 -4.0 -4.0 -2.0 -1.0 -4.0 -1.0 232.0 -3.0 -3.0 -2.0 0.0 -1.0 -3.0 -1.0 -2.0 -1.0 -1.0 0.0 -2.0 -1.0 -3.0 -2.0 0.0 -2.0 0.0 -3.0 0.0 0.0 -4.0 -3.0 0.0 -3.0 -2.0 0.0 -3.0 -2.0 -3.0 -4.0 -4.0 0.0 -3.0 0.0 -4.0 -3.0 -4.0 -1.0 -1.0 -4.0 -1.0 -2.0 -3.0 -1.0 -4.0 -4.0 -4.0 -3.0 -4.0 0.0 -2.0 -2.0 0.0 -3.0 -4.0 0.0 0.0 -2.0 -3.0 -2.0 -1.0 -4.0 -4.0 0.0 -3.0 -2.0 -3.0 -3.0 -2.0 -4.0 0.0 0.0 -3.0 -3.0 -2.0 0.0 
-3.0 -2.0 -3.0 -3.0 -1.0 -1.0 -3.0 -1.0 -2.0 -1.0 -4.0 -2.0 -2.0 -4.0 -2.0 -2.0 -4.0 -1.0 0.0 -4.0 -4.0 0.0 -3.0 -2.0 -3.0 0.0 -1.0 0.0 0.0 -3.0 -1.0 0.0 -2.0 -2.0 0.0 0.0 -1.0 -2.0 243.0 -4.0 -3.0 -3.0 -2.0 -1.0 -4.0 -3.0 0.0 -4.0 0.0 -2.0 -3.0 -3.0 0.0 -1.0 -4.0 0.0 -2.0 -3.0 -4.0 -4.0 0.0 -3.0 -4.0 -4.0 -4.0 -3.0 -4.0 -2.0 -3.0 -4.0 -1.0 -4.0 -1.0 -4.0 -3.0 -2.0 -1.0 0.0 0.0 -1.0 -1.0 -3.0 -4.0 -4.0 -4.0 -2.0 -4.0 0.0 0.0 0.0 -1.0 -1.0 -1.0 -2.0 -3.0 -2.0 -4.0 -3.0 -3.0 -2.0 -2.0 -3.0 -2.0 -4.0 -3.0 -2.0 -1.0 -4.0 -2.0 0.0 -4.0 -1.0 -1.0 -1.0 -2.0 
-2.0 -1.0 -2.0 -1.0 -2.0 0.0 -1.0 0.0 -3.0 -4.0 -3.0 0.0 0.0 -1.0 0.0 -4.0 -1.0 -2.0 -1.0 -1.0 0.0 -1.0 0.0 0.0 0.0 0.0 -3.0 -2.0 -3.0 0.0 0.0 0.0 -2.0 -2.0 -4.0 -4.0 0.0 -2.0 0.0 200.0 -4.0 0.0 -4.0 -1.0 -2.0 -3.0 -4.0 0.0 -3.0 -4.0 0.0 0.0 -2.0 -3.0 -2.0 0.0 -4.0 -2.0 0.0 -3.0 -4.0 -1.0 0.0 -2.0 -1.0 0.0 -4.0 -1.0 -4.0 0.0 -4.0 -1.0 -1.0 0.0 -4.0 -3.0 0.0 0.0 0.0 -2.0 -1.0 -3.0 -2.0 -1.0 0.0 -2.0 -3.0 -2.0 0.0 -3.0 -4.0 -1.0 -3.0 -1.0 -4.0 -4.0 -2.0 -4.0 -1.0 0.0 -4.0 -1.0 -3.0 -2.0 -3.0 -1.0 0.0 -2.0 -3.0 -4.0 -2.0 -4.0 -2.0 -2.0 -1.0 
0.0 -4.0 -3.0 -1.0 -3.0 -1.0 -2.0 0.0 0.0 -1.0 -2.0 0.0 -3.0 -3.0 -1.0 0.0 -4.0 0.0 0.0 0.0 0.0 0.0 -4.0 -2.0 -1.0 -4.0 0.0 0.0 -2.0 -4.0 -3.0 -4.0 -1.0 0.0 -1.0 -3.0 0.0 -2.0 -4.0 0.0 224.0 -3.0 -2.0 -4.0 0.0 0.0 -3.0 -2.0 -4.0 -3.0 -2.0 -1.0 -1.0 -4.0 -2.0 -3.0 -4.0 -2.0 -3.0 0.0 -1.0 -4.0 -1.0 -3.0 -1.0 0.0 -2.0 -1.0 -1.0 -2.0 -4.0 -4.0 0.0 -2.0 0.0 -1.0 -1.0 -4.0 -2.0 -4.0 0.0 -2.0 0.0 -1.0 -1.0 -2.0 -4.0 -3.0 -4.0 -3.0 -3.0 -2.0 -3.0 -3.0 -4.0 -2.0 -4.0 -1.0 -3.0 -1.0 -3.0 -4.0 -3.0 0.0 -3.0 -4.0 -3.0 0.0 0.0 -4.0 -3.0 -1.0 -2.0 0.0 -4.0 
-4.0 0.0 -3.0 -4.0 -4.0 -1.0 0.0 0.0 -2.0 0.0 0.0 -1.0 -4.0 -1.0 0.0 0.0 -1.0 0.0 -4.0 0.0 -4.0 -3.0 -2.0 -4.0 -2.0 -1.0 0.0 -1.0 -1.0 0.0 -2.0 -4.0 -2.0 -2.0 -4.0 0.0 -4.0 -2.0 -3.0 -4.0 -2.0 241.0 -4.0 -2.0 -3.0 0.0 -2.0 -2.0 -4.0 -4.0 -4.0 -4.0 -1.0 -4.0 -4.0 -1.0 -3.0 -1.0 -4.0 -3.0 -2.0 -3.0 -1.0 0.0 -1.0 -3.0 -1.0 0.0 -2.0 -4.0 -4.0 -2.0 -1.0 -3.0 -4.0 -4.0 -2.0 -2.0 -4.0 0.0 -4.0 -2.0 0.0 -3.0 -2.0 -3.0 -3.0 -2.0 -2.0 0.0 -3.0 -2.0 0.0 -3.0 -2.0 -2.0 -3.0 -4.0 -4.0 0.0 -4.0 -4.0 -1.0 0.0 -1.0 0.0 -4.0 -1.0 -3.0 -2.0 -1.0 -2.0 -3.0 0.0 -2.0 
0.0 -2.0 -2.0 -4.0 -4.0 -4.0 -1.0 -4.0 -4.0 0.0 -1.0 0.0 -4.0 -3.0 -4.0 -3.0 0.0 -3.0 0.0 -4.0 -1.0 -1.0 0.0 -1.0 -4.0 0.0 -4.0 -1.0 -4.0 -2.0 -1.0 -3.0 0.0 -1.0 -2.0 -1.0 0.0 -2.0 -2.0 -1.0 -1.0 0.0 226.0 -3.0 -3.0 0.0 0.0 -3.0 -4.0 -1.0 -2.0 -1.0 0.0 -2.0 -3.0 -4.0 0.0 -2.0 -3.0 -4.0 0.0 -1.0 0.0 -2.0 -3.0 0.0 -3.0 -1.0 -3.0 -4.0 -4.0 -3.0 -4.0 -4.0 -2.0 -1.0 -3.0 -1.0 -2.0 -2.0 -1.0 -2.0 -4.0 -1.0 -1.0 0.0 -3.0 -4.0 0.0 -1.0 -3.0 -2.0 0.0 0.0 0.0 -4.0 -3.0 -3.0 -4.0 0.0 -4.0 0.0 0.0 -2.0 -1.0 -2.0 -4.0 -3.0 -4.0 -2.0 -2.0 0.0 -2.0 -3.0 -4.0 
-4.0 -1.0 -4.0 -3.0 -2.0 0.0 -4.0 -3.0 0.0 0.0 -2.0 -3.0 -1.0 -2.0 -4.0 0.0 0.0 -2.0 -3.0 -1.0 -4.0 -3.0 -1.0 0.0 -2.0 -2.0 -1.0 -2.0 0.0 -4.0 -4.0 -3.0 -3.0 0.0 0.0 -4.0 -4.0 -2.0 -3.0 -2.0 0.0 -3.0 -1.0 222.0 -4.0 -4.0 -1.0 -4.0 -1.0 -1.0 -1.0 -4.0 -3.0 -3.0 -4.0 -3.0 -4.0 -1.0 0.0 -3.0 -4.0 -2.0 -2.0 0.0 -2.0 -1.0 0.0 -4.0 0.0 -3.0 0.0 -1.0 -1.0 -3.0 0.0 -1.0 -1.0 -2.0 -4.0 -3.0 -4.0 -1.0 -3.0 -2.0 -2.0 -1.0 -3.0 -4.0 0.0 0.0 -2.0 -1.0 -2.0 -1.0 0.0 -1.0 -1.0 -2.0 0.0 -2.0 -1.0 -2.0 0.0 -2.0 0.0 -1.0 -3.0 -4.0 -2.0 -3.0 -1.0 -3.0 -1.0 -2.0 -3.0 
-1.0 -1.0 -2.0 -3.0 -4.0 -4.0 -4.0 -3.0 -4.0 -2.0 -2.0 0.0 -2.0 -2.0 -3.0 -2.0 -1.0 -3.0 -1.0 0.0 0.0 -2.0 -1.0 -3.0 0.0 -1.0 -4.0 -4.0 -3.0 -4.0 -1.0 0.0 -2.0 0.0 0.0 -3.0 0.0 -1.0 -3.0 -1.0 -4.0 0.0 0.0 -1.0 208.0 -2.0 -2.0 -2.0 -4.0 -1.0 0.0 -3.0 -4.0 -4.0 -1.0 -2.0 0.0 -2.0 -4.0 -1.0 -2.0 -4.0 -4.0 0.0 -1.0 -1.0 -2.0 -4.0 -4.0 -3.0 -3.0 0.0 0.0 -3.0 0.0 0.0 -4.0 -2.0 0.0 0.0 -3.0 -2.0 -2.0 -4.0 0.0 -4.0 -1.0 -1.0 -4.0 0.0 -3.0 0.0 -2.0 -2.0 0.0 -1.0 -1.0 0.0 -4.0 -1.0 -3.0 -1.0 0.0 -4.0 -1.0 -1.0 -1.0 -4.0 0.0 -3.0 -2.0 -1.0 0.0 0.0 -1.0 
-3.0 -2.0 -4.0 -1.0 -3.0 -1.0 -1.0 -1.0 0.0 -1.0 -2.0 -4.0 0.0 -1.0 -1.0 -4.0 0.0 -2.0 -3.0 -3.0 -3.0 0.0 -4.0 -3.0 -2.0 -4.0 -2.0 -3.0 -4.0 -4.0 -4.0 -3.0 -2.0 -1.0 -3.0 -2.0 -2.0 -1.0 -4.0 -3.0 -4.0 -4.0 0.0 -1.0 -1.0 225.0 0.0 -2.0 0.0 -4.0 -1.0 -3.0 -4.0 -2.0 0.0 -1.0 0.0 0.0 -2.0 -2.0 -2.0 -1.0 0.0 -3.0 -3.0 -4.0 -4.0 -3.0 0.0 -3.0 -1.0 -1.0 -1.0 -2.0 -1.0 -2.0 -4.0 -2.0 -4.0 -1.0 -3.0 -1.0 -2.0 0.0 0.0 -2.0 -2.0 0.0 -1.0 -4.0 -4.0 -3.0 0.0 -2.0 -2.0 -2.0 -1.0 -3.0 -4.0 -1.0 -1.0 -2.0 -4.0 0.0 -1.0 0.0 0.0 -3.0 0.0 -4.0 -3.0 -3.0 -3.0 0.0 0.0 
-3.0 -2.0 -2.0 -3.0 0.0 0.0 -1.0 0.0 0.0 0.0 -2.0 -2.0 -3.0 0.0 -4.0 -3.0 -1.0 -1.0 -3.0 -2.0 0.0 -1.0 0.0 -1.0 -4.0 -2.0 -3.0 -2.0 0.0 -4.0 -3.0 -4.0 -4.0 -2.0 -2.0 0.0 0.0 0.0 -4.0 -1.0 -3.0 -3.0 -3.0 -3.0 -4.0 0.0 231.0 -4.0 -1.0 0.0 -4.0 -2.0 0.0 -4.0 -4.0 -2.0 -3.0 -2.0 -3.0 -3.0 -1.0 -2.0 -1.0 -4.0 -4.0 -4.0 -4.0 -3.0 -2.0 0.0 -1.0 -1.0 -1.0 -4.0 -1.0 -4.0 -2.0 -4.0 -3.0 -2.0 0.0 -3.0 -4.0 -4.0 -3.0 -3.0 -4.0 -1.0 -2.0 -1.0 -3.0 -1.0 -1.0 0.0 -1.0 -1.0 -2.0 -1.0 -4.0 -4.0 -4.0 -1.0 -3.0 0.0 -2.0 0.0 -3.0 -1.0 0.0 -2.0 -2.0 -3.0 0.0 0.0 -2.0 
-3.0 -1.0 -2.0 -4.0 0.0 -4.0 0.0 -3.0 -4.0 0.0 -3.0 -1.0 0.0 -3.0 -2.0 -4.0 -1.0 -4.0 -2.0 -3.0 -3.0 -1.0 0.0 -2.0 -3.0 -4.0 -2.0 0.0 -3.0 -3.0 -3.0 -4.0 -1.0 -3.0 -1.0 0.0 -3.0 0.0 -3.0 -4.0 -4.0 -2.0 -2.0 0.0 -1.0 0.0 -2.0 221.0 -4.0 -1.0 -1.0 -2.0 -2.0 -3.0 -2.0 -1.0 0.0 0.0 -2.0 -2.0 -2.0 -4.0 0.0 -3.0 -3.0 -3.0 -1.0 -3.0 -4.0 -1.0 -1.0 0.0 -4.0 0.0 -1.0 -1.0 -1.0 -1.0 -4.0 -4.0 -4.0 -1.0 -4.0 -1.0 -1.0 0.0 -1.0 -1.0 -2.0 0.0 0.0 -4.0 -4.0 -2.0 0.0 -2.0 0.0 -4.0 -2.0 -1.0 -2.0 -1.0 -3.0 -2.0 -3.0 -1.0 -2.0 -2.0 -2.0 0.0 -1.0 -3.0 -4.0 0.0 -2.0 
-4.0 -4.0 0.0 -1.0 -1.0 -1.0 -2.0 0.0 -4.0 -3.0 -3.0 -4.0 0.0 -2.0 -4.0 -2.0 -3.0 -2.0 -1.0 -4.0 -3.0 -3.0 -1.0 -3.0 -1.0 -1.0 -1.0 -3.0 -4.0 0.0 -2.0 -1.0 0.0 -1.0 -2.0 -1.0 0.0 -2.0 -3.0 0.0 -1.0 0.0 0.0 0.0 0.0 -2.0 0.0 -3.0 203.0 -3.0 -3.0 -2.0 -2.0 0.0 -2.0 -4.0 -3.0 0.0 -3.0 0.0 -2.0 -2.0 -1.0 -3.0 -3.0 0.0 0.0 -2.0 -2.0 -3.0 -4.0 -1.0 -1.0 0.0 0.0 -1.0 0.0 -2.0 -2.0 -4.0 -2.0 -3.0 -1.0 0.0 -4.0 -3.0 -4.0 -2.0 -2.0 -2.0 -3.0 0.0 -1.0 -2.0 -2.0 -2.0 -1.0 -2.0 -2.0 0.0 -2.0 -4.0 0.0 -4.0 0.0 0.0 -1.0 -3.0 -2.0 -3.0 0.0 0.0 -4.0 -4.0 0.0 
-1.0 0.0 -4.0 -2.0 -3.0 -1.0 -1.0 -3.0 -3.0 0.0 -1.0 -3.0 -3.0 -2.0 -3.0 -4.0 0.0 0.0 -3.0 -1.0 -2.0 -2.0 -1.0 0.0 -2.0 -1.0 -3.0 -1.0 -1.0 0.0 0.0 0.0 -4.0 -2.0 -3.0 -4.0 -2.0 -3.0 -2.0 -1.0 -1.0 -3.0 0.0 -3.0 0.0 0.0 -2.0 -4.0 -2.0 207.0 -1.0 -2.0 -2.0 -4.0 -4.0 -4.0 -1.0 0.0 0.0 -1.0 -1.0 -3.0 0.0 -4.0 -2.0 -1.0 -4.0 0.0 0.0 0.0 0.0 -2.0 -1.0 -3.0 -3.0 0.0 0.0 -4.0 -1.0 -2.0 0.0 -3.0 -1.0 -3.0 -2.0 -3.0 -3.0 -1.0 0.0 -1.0 0.0 -2.0 -4.0 -1.0 0.0 -3.0 -3.0 -4.0 -1.0 -3.0 -1.0 -1.0 -3.0 -1.0 -3.0 -4.0 -4.0 -1.0 -3.0 0.0 0.0 -2.0 -3.0 -2.0 -4.0 
0.0 -4.0 -4.0 -4.0 -3.0 -4.0 -2.0 -3.0 -3.0 -1.0 -2.0 -4.0 -3.0 -3.0 -1.0 -2.0 -2.0 -1.0 -2.0 -4.0 -1.0 -2.0 -1.0 -1.0 -1.0 0.0 0.0 -3.0 -3.0 -3.0 -3.0 -4.0 -4.0 -3.0 -4.0 -4.0 0.0 -1.0 -2.0 0.0 -3.0 -2.0 -2.0 -3.0 0.0 -2.0 -1.0 -3.0 0.0 0.0 221.0 0.0 -1.0 -2.0 -1.0 -2.0 -1.0 -2.0 -2.0 -4.0 -3.0 -4.0 -4.0 -2.0 -1.0 -3.0 0.0 -1.0 -4.0 -4.0 -4.0 -2.0 -1.0 -2.0 0.0 0.0 -1.0 0.0 -3.0 -1.0 -1.0 -4.0 0.0 0.0 -1.0 -2.0 -2.0 -2.0 0.0 -1.0 -4.0 -4.0 -1.0 -1.0 0.0 -2.0 0.0 0.0 -2.0 -3.0 -1.0 0.0 -2.0 -2.0 -3.0 -1.0 0.0 -4.0 -2.0 -4.0 0.0 0.0 -2.0 -3.0 -4.0 
-1.0 0.0 -3.0 -4.0 -4.0 -3.0 -1.0 -2.0 -4.0 -2.0 -2.0 -4.0 0.0 -2.0 -4.0 0.0 -1.0 -2.0 -4.0 -2.0 -1.0 -1.0 -2.0 -4.0 -1.0 -1.0 -4.0 0.0 -4.0 -1.0 -2.0 -1.0 -4.0 -4.0 -4.0 0.0 -4.0 0.0 -2.0 0.0 0.0 -4.0 -4.0 0.0 -1.0 0.0 -4.0 -1.0 -3.0 -4.0 -4.0 233.0 0.0 -3.0 -2.0 -2.0 0.0 -2.0 -2.0 -1.0 0.0 -2.0 -1.0 -4.0 0.0 -1.0 -3.0 -3.0 -1.0 -4.0 -4.0 -4.0 -1.0 0.0 -1.0 -4.0 -2.0 -2.0 -2.0 0.0 -3.0 -2.0 -3.0 -3.0 0.0 -4.0 -3.0 -2.0 0.0 -1.0 0.0 0.0 0.0 -3.0 -2.0 -4.0 0.0 -2.0 -4.0 -1.0 -2.0 -4.0 -3.0 -3.0 0.0 -3.0 -4.0 0.0 -2.0 -1.0 -4.0 -2.0 -2.0 -1.0 -4.0 
-1.0 -2.0 -4.0 -3.0 -3.0 0.0 -3.0 0.0 -2.0 0.0 -1.0 -2.0 -1.0 -3.0 -2.0 -2.0 -1.0 0.0 0.0 -1.0 0.0 -2.0 -3.0 -4.0 -3.0 -4.0 -2.0 0.0 -3.0 -4.0 -2.0 -3.0 -1.0 -4.0 -4.0 -3.0 -2.0 -2.0 -3.0 -3.0 -3.0 -4.0 -4.0 0.0 0.0 -4.0 -2.0 -3.0 -3.0 -1.0 -4.0 -1.0 216.0 -1.0 -3.0 -3.0 -2.0 0.0 -4.0 0.0 -2.0 0.0 -1.0 -4.0 -3.0 0.0 0.0 -3.0 0.0 -3.0 -2.0 -1.0 0.0 -1.0 -1.0 0.0 -2.0 -2.0 0.0 -1.0 -3.0 -2.0 -2.0 -4.0 -3.0 -1.0 -3.0 -2.0 -3.0 0.0 0.0 -4.0 0.0 0.0 -2.0 -1.0 -4.0 -1.0 -3.0 -2.0 -1.0 -4.0 0.0 -4.0 0.0 -1.0 0.0 -3.0 0.0 -2.0 -4.0 -2.0 -3.0 0.0 -1.0 
-3.0 -1.0 0.0 -3.0 -1.0 -2.0 -1.0 -1.0 -2.0 -2.0 -3.0 -2.0 -2.0 -2.0 0.0 -3.0 -4.0 -3.0 -2.0 -4.0 -3.0 -3.0 0.0 -1.0 0.0 0.0 -4.0 0.0 -4.0 -1.0 0.0 -3.0 -3.0 -4.0 -2.0 -1.0 0.0 -1.0 -3.0 -2.0 -4.0 0.0 -4.0 -3.0 -2.0 -3.0 -3.0 -1.0 -1.0 0.0 -3.0 0.0 -1.0 222.0 -3.0 -3.0 -2.0 -1.0 -3.0 -3.0 0.0 -3.0 -1.0 -4.0 -3.0 -3.0 -1.0 -2.0 -1.0 0.0 -3.0 0.0 -2.0 -1.0 0.0 -2.0 -1.0 -4.0 -3.0 -1.0 -4.0 -2.0 0.0 -4.0 -1.0 -2.0 -3.0 -4.0 -2.0 -3.0 0.0 -3.0 -3.0 -1.0 -2.0 -1.0 -3.0 -3.0 -3.0 -3.0 -4.0 -4.0 -1.0 -4.0 -1.0 0.0 -2.0 0.0 -1.0 -1.0 0.0 -1.0 0.0 -3.0 -2.0 
-1.0 -2.0 -1.0 -2.0 -4.0 -4.0 -1.0 -1.0 -1.0 -2.0 -2.0 -4.0 -1.0 0.0 -1.0 -2.0 -4.0 -1.0 0.0 -4.0 0.0 -2.0 -1.0 -1.0 -3.0 -2.0 0.0 0.0 -4.0 -1.0 -1.0 -3.0 0.0 -4.0 -4.0 -2.0 -2.0 -2.0 0.0 -4.0 0.0 -1.0 -3.0 -3.0 -4.0 -1.0 -2.0 -1.0 -2.0 -2.0 0.0 -3.0 -1.0 0.0 206.0 -2.0 -2.0 -3.0 -3.0 0.0 -1.0 -2.0 -1.0 0.0 0.0 -3.0 -3.0 -2.0 -1.0 -4.0 -4.0 -3.0 -3.0 -4.0 -2.0 0.0 -4.0 0.0 -2.0 -2.0 0.0 -2.0 -4.0 0.0 -3.0 0.0 -2.0 -2.0 -1.0 -4.0 -3.0 -1.0 -4.0 0.0 -2.0 -3.0 -2.0 -1.0 0.0 0.0 0.0 -4.0 -2.0 -3.0 -1.0 -3.0 -2.0 -1.0 -1.0 -1.0 -2.0 -3.0 -1.0 0.0 0.0 
0.0 -2.0 0.0 -3.0 -1.0 -4.0 -2.0 0.0 0.0 -1.0 -3.0 -1.0 -3.0 -1.0 -2.0 -4.0 0.0 -2.0 -3.0 -2.0 -2.0 -4.0 0.0 -1.0 0.0 -4.0 -4.0 -2.0 -3.0 -1.0 -2.0 -2.0 -4.0 -2.0 -2.0 0.0 -3.0 -4.0 -1.0 0.0 -4.0 -3.0 0.0 -4.0 -4.0 -3.0 0.0 -2.0 0.0 -3.0 -4.0 0.0 -1.0 -3.0 -4.0 228.0 0.0 -4.0 -1.0 -1.0 0.0 -4.0 -1.0 -4.0 -1.0 0.0 -4.0 -1.0 -4.0 -4.0 -3.0 -1.0 0.0 -1.0 0.0 -2.0 -4.0 -3.0 -2.0 -3.0 -2.0 -2.0 -4.0 -2.0 -3.0 -4.0 -2.0 0.0 -2.0 -4.0 -2.0 -1.0 -2.0 -1.0 -1.0 0.0 -2.0 -4.0 0.0 0.0 -3.0 -3.0 -4.0 -1.0 -2.0 -4.0 0.0 -1.0 -3.0 -2.0 -3.0 0.0 -2.0 0.0 -4.0 
0.0 -1.0 -4.0 -1.0 0.0 -3.0 0.0 -1.0 0.0 -3.0 -4.0 -4.0 0.0 0.0 -4.0 -4.0 -2.0 -3.0 -4.0 -3.0 -2.0 -1.0 -3.0 -1.0 -3.0 0.0 0.0 -1.0 0.0 0.0 -4.0 -1.0 0.0 -2.0 -1.0 -2.0 -2.0 0.0 -1.0 -4.0 -3.0 -2.0 -2.0 0.0 -4.0 -1.0 -4.0 0.0 -1.0 -2.0 0.0 -2.0 -3.0 -3.0 -3.0 -4.0 225.0 -2.0 0.0 0.0 -2.0 -3.0 0.0 -1.0 0.0 -1.0 -3.0 -1.0 0.0 -3.0 -4.0 -1.0 -2.0 -1.0 0.0 -3.0 -3.0 -4.0 -1.0 -2.0 -4.0 -4.0 -4.0 -3.0 0.0 -3.0 -4.0 -3.0 -1.0 -3.0 -4.0 0.0 -2.0 -1.0 -4.0 0.0 -2.0 -4.0 -2.0 0.0 0.0 -1.0 -4.0 -1.0 -4.0 -1.0 -4.0 -4.0 -4.0 0.0 -3.0 -2.0 -4.0 -3.0 -2.0 
-4.0 -4.0 -3.0 -3.0 -4.0 -1.0 -4.0 -1.0 -2.0 0.0 -2.0 -1.0 -4.0 -3.0 -3.0 -1.0 -1.0 -2.0 -3.0 0.0 0.0 -4.0 -4.0 -1.0 -3.0 -4.0 -1.0 -4.0 -2.0 -1.0 -1.0 -4.0 -2.0 -3.0 -3.0 0.0 -3.0 0.0 -1.0 0.0 -1.0 0.0 -4.0 -2.0 -2.0 -1.0 -2.0 -1.0 -4.0 -2.0 -2.0 -1.0 -2.0 0.0 -4.0 -4.0 -4.0 244.0 -2.0 -2.0 0.0 -1.0 -3.0 -1.0 -2.0 -3.0 -1.0 0.0 0.0 -3.0 -1.0 -1.0 -3.0 -1.0 -3.0 -4.0 -1.0 -3.0 -1.0 -2.0 0.0 -1.0 -4.0 0.0 -4.0 -4.0 -4.0 -3.0 -1.0 -4.0 -4.0 -4.0 -2.0 0.0 -3.0 -1.0 0.0 -4.0 0.0 -1.0 -2.0 -2.0 -2.0 -4.0 -1.0 -3.0 -2.0 -3.0 -3.0 -3.0 -2.0 -2.0 -3.0 -4.0 -3.0 
0.0 0.0 -4.0 -4.0 -1.0 -4.0 -1.0 -3.0 -2.0 0.0 -1.0 0.0 -3.0 0.0 0.0 -3.0 -1.0 -2.0 -3.0 -4.0 -1.0 -3.0 -4.0 0.0 -4.0 -4.0 -2.0 -3.0 -2.0 0.0 -2.0 -1.0 -4.0 -1.0 -2.0 -4.0 -3.0 0.0 -1.0 -1.0 -2.0 0.0 0.0 -4.0 -2.0 -2.0 -2.0 -1.0 0.0 -4.0 -2.0 -3.0 -3.0 0.0 -3.0 -2.0 0.0 -4.0 196.0 -2.0 -3.0 -2.0 0.0 0.0 -3.0 0.0 -1.0 0.0 -1.0 0.0 -1.0 -1.0 -1.0 -2.0 -1.0 0.0 0.0 0.0 -2.0 -2.0 -3.0 -1.0 -1.0 0.0 -2.0 -4.0 -3.0 -4.0 0.0 0.0 0.0 -3.0 -2.0 0.0 -2.0 0.0 -2.0 -1.0 -4.0 -1.0 -2.0 -4.0 -3.0 -2.0 -1.0 -4.0 0.0 -4.0 -1.0 0.0 -2.0 -2.0 0.0 -1.0 -3.0 
0.0 -4.0 -1.0 -4.0 -4.0 0.0 -2.0 0.0 0.0 -3.0 -1.0 -3.0 0.0 -4.0 -2.0 0.0 -2.0 -2.0 0.0 -4.0 -2.0 -1.0 -1.0 0.0 0.0 -1.0 -2.0 -3.0 -3.0 -3.0 0.0 -2.0 -4.0 -3.0 -1.0 0.0 -2.0 -4.0 0.0 -2.0 -3.0 -2.0 -3.0 -3.0 -3.0 -1.0 0.0 -2.0 0.0 -2.0 -4.0 -4.0 -4.0 -1.0 0.0 -2.0 -2.0 -4.0 0.0 223.0 -4.0 -1.0 0.0 0.0 -2.0 -1.0 -2.0 0.0 -3.0 0.0 0.0 0.0 -4.0 -4.0 -3.0 -2.0 -2.0 -2.0 -4.0 0.0 -3.0 -4.0 0.0 -4.0 -2.0 -1.0 -3.0 -4.0 -3.0 -3.0 -3.0 -3.0 -2.0 -3.0 0.0 -4.0 -2.0 -4.0 -1.0 0.0 -3.0 -3.0 -1.0 -2.0 -2.0 -2.0 -3.0 -1.0 -1.0 0.0 -1.0 -2.0 -2.0 -4.0 -3.0 
-4.0 -4.0 -3.0 -1.0 -1.0 0.0 -3.0 -4.0 0.0 -3.0 0.0 -3.0 -4.0 -3.0 -2.0 -3.0 0.0 -2.0 -1.0 -3.0 -1.0 -4.0 0.0 -4.0 -4.0 -3.0 -4.0 -3.0 -3.0 -3.0 -3.0 -4.0 -1.0 -2.0 -4.0 0.0 -1.0 -1.0 -1.0 0.0 0.0 -4.0 -4.0 0.0 -2.0 -1.0 0.0 -3.0 -1.0 -1.0 -2.0 -2.0 -2.0 0.0 0.0 -4.0 -1.0 -1.0 -3.0 0.0 235.0 -2.0 -1.0 -4.0 0.0 0.0 -4.0 -4.0 -2.0 -2.0 -3.0 -4.0 -4.0 -1.0 0.0 0.0 -4.0 -4.0 -3.0 -3.0 -4.0 -2.0 -4.0 -2.0 -2.0 -1.0 -1.0 -1.0 -2.0 -4.0 -1.0 -3.0 -1.0 -1.0 -2.0 -1.0 -1.0 -3.0 -2.0 -3.0 -4.0 -2.0 -1.0 -2.0 -4.0 -3.0 -4.0 0.0 -1.0 0.0 0.0 -1.0 -3.0 -1.0 -2.0 
0.0 -2.0 -4.0 -1.0 -4.0 0.0 -1.0 -2.0 -2.0 0.0 -3.0 -3.0 -1.0 -4.0 -1.0 -3.0 0.0 -1.0 -4.0 -2.0 -2.0 -2.0 -1.0 -4.0 0.0 -3.0 0.0 -2.0 -2.0 -4.0 -2.0 -4.0 0.0 -1.0 -4.0 -3.0 -1.0 0.0 0.0 -3.0 -4.0 -1.0 -2.0 -4.0 -3.0 -1.0 -3.0 0.0 0.0 -4.0 -3.0 -2.0 0.0 -3.0 -2.0 -4.0 -1.0 0.0 -3.0 -4.0 -4.0 230.0 0.0 -2.0 -4.0 -2.0 -4.0 -4.0 -2.0 -2.0 -2.0 -4.0 -3.0 0.0 -2.0 -2.0 -3.0 -3.0 -2.0 0.0 -4.0 -4.0 -3.0 -2.0 -2.0 0.0 -2.0 -2.0 -1.0 -2.0 -3.0 0.0 -4.0 0.0 -1.0 -3.0 -1.0 -1.0 -4.0 -3.0 -2.0 0.0 -1.0 0.0 -2.0 0.0 0.0 -3.0 -4.0 -1.0 -1.0 -1.0 -2.0 -3.0 -3.0 
0.0 -4.0 0.0 -2.0 -2.0 -2.0 0.0 -1.0 0.0 -4.0 -1.0 -3.0 -4.0 -2.0 -2.0 0.0 -4.0 -1.0 -3.0 -4.0 -3.0 0.0 -3.0 -4.0 0.0 -1.0 -2.0 -2.0 -2.0 -1.0 -1.0 -3.0 -4.0 -4.0 -2.0 -2.0 -3.0 -1.0 -2.0 -2.0 -4.0 -4.0 -1.0 0.0 -4.0 0.0 -4.0 -3.0 -2.0 0.0 -2.0 -1.0 -1.0 -4.0 0.0 -3.0 -2.0 -2.0 0.0 -4.0 -3.0 -1.0 249.0 -4.0 0.0 -2.0 -4.0 -2.0 -2.0 -3.0 -1.0 -1.0 -2.0 0.0 -1.0 -1.0 -1.0 -3.0 -1.0 0.0 -3.0 -3.0 0.0 -3.0 -4.0 -4.0 -2.0 -4.0 -3.0 -2.0 -3.0 -2.0 -4.0 0.0 -4.0 -4.0 -1.0 -4.0 -2.0 -4.0 -3.0 -2.0 -2.0 -1.0 -4.0 -2.0 -3.0 -2.0 -4.0 -3.0 -2.0 -4.0 0.0 -4.0 -3.0 
-4.0 -2.0 -4.0 0.0 -3.0 0.0 -3.0 0.0 -4.0 -2.0 -3.0 0.0 -4.0 -2.0 -1.0 -3.0 -1.0 -3.0 0.0 -4.0 -2.0 -4.0 -3.0 -1.0 -1.0 -4.0 -4.0 -1.0 0.0 0.0 0.0 0.0 -2.0 -2.0 -4.0 -3.0 0.0 -1.0 -4.0 0.0 0.0 -3.0 -2.0 -1.0 -3.0 -1.0 -4.0 0.0 -1.0 -3.0 -3.0 -4.0 -1.0 0.0 -4.0 0.0 0.0 -3.0 0.0 -2.0 -3.0 0.0 0.0 217.0 -2.0 0.0 -3.0 -4.0 -1.0 -3.0 -4.0 -4.0 -4.0 -2.0 -1.0 -2.0 -2.0 -2.0 -4.0 -2.0 0.0 -3.0 -4.0 -2.0 -1.0 0.0 -1.0 0.0 -3.0 0.0 -4.0 -3.0 -2.0 0.0 0.0 -1.0 -1.0 0.0 -3.0 -1.0 -4.0 -2.0 -1.0 -3.0 0.0 -3.0 -2.0 -1.0 -2.0 -2.0 -3.0 0.0 -4.0 -4.0 0.0 
-4.0 -3.0 -2.0 -4.0 -3.0 -3.0 -2.0 -4.0 -2.0 0.0 -3.0 -3.0 -2.0 -2.0 0.0 -2.0 -1.0 -1.0 -3.0 -2.0 0.0 -1.0 0.0 -2.0 -1.0 -1.0 -1.0 0.0 -4.0 -4.0 -2.0 -3.0 -2.0 -3.0 -2.0 -1.0 -1.0 -4.0 -4.0 -2.0 -1.0 -4.0 -4.0 -2.0 -2.0 -2.0 -2.0 0.0 -3.0 -3.0 -1.0 -2.0 -1.0 -3.0 -3.0 -2.0 -3.0 -3.0 -2.0 -1.0 0.0 -4.0 -2.0 -3.0 248.0 -3.0 -1.0 -3.0 -1.0 -3.0 -4.0 -1.0 -2.0 -4.0 -3.0 0.0 -1.0 -1.0 -4.0 -2.0 -4.0 0.0 -1.0 0.0 -4.0 -1.0 0.0 -4.0 -3.0 -3.0 -4.0 -1.0 -4.0 -3.0 -4.0 -1.0 -4.0 -4.0 -1.0 -1.0 -1.0 -1.0 -4.0 -4.0 -3.0 0.0 -3.0 -4.0 -1.0 -1.0 0.0 -2.0 0.0 -4.0 -3.0 
-2.0 -3.0 -2.0 -2.0 -4.0 -4.0 -3.0 0.0 -4.0 -4.0 -1.0 0.0 0.0 -4.0 -3.0 -4.0 -1.0 -1.0 -3.0 0.0 -4.0 -2.0 -1.0 0.0 0.0 -4.0 -1.0 -3.0 -2.0 0.0 -3.0 -4.0 0.0 -4.0 -1.0 0.0 -1.0 -2.0 0.0 -4.0 0.0 -1.0 -4.0 0.0 -1.0 -2.0 -3.0 -4.0 -3.0 -4.0 0.0 -3.0 0.0 -2.0 -1.0 -4.0 -3.0 -3.0 -3.0 -3.0 -1.0 0.0 -2.0 0.0 -3.0 230.0 -3.0 0.0 -3.0 -2.0 -2.0 -2.0 -3.0 -2.0 0.0 -3.0 -2.0 -1.0 -3.0 -4.0 -4.0 -4.0 0.0 -3.0 -4.0 -2.0 -3.0 -3.0 -3.0 -4.0 0.0 -1.0 -4.0 0.0 -1.0 -3.0 -3.0 -2.0 0.0 -1.0 -2.0 -4.0 -2.0 -1.0 -1.0 -2.0 0.0 -1.0 0.0 0.0 -3.0 -4.0 0.0 -1.0 -3.0 
0.0 -3.0 -1.0 -1.0 -2.0 -4.0 0.0 0.0 -1.0 -2.0 -3.0 -2.0 -2.0 -1.0 -1.0 0.0 -4.0 0.0 -4.0 -2.0 -3.0 0.0 -3.0 -1.0 -2.0 -3.0 0.0 -4.0 -2.0 -4.0 -2.0 -2.0 -4.0 -4.0 -1.0 0.0 -2.0 0.0 -1.0 -1.0 -3.0 0.0 -2.0 -3.0 -1.0 -2.0 -1.0 -3.0 0.0 -3.0 -3.0 -4.0 -1.0 -2.0 -1.0 0.0 -3.0 -4.0 -2.0 -4.0 -4.0 0.0 -1.0 -3.0 0.0 0.0 222.0 -3.0 -3.0 -4.0 -1.0 -4.0 -4.0 -4.0 -4.0 -1.0 -3.0 -1.0 -3.0 -2.0 0.0 -2.0 0.0 0.0 -3.0 -3.0 0.0 -1.0 -1.0 -4.0 -2.0 -3.0 -4.0 -4.0 -4.0 0.0 -1.0 -4.0 0.0 -2.0 -1.0 -4.0 -4.0 -2.0 -1.0 -1.0 0.0 -4.0 0.0 -4.0 -1.0 0.0 0.0 -2.0 -1.0 
-3.0 0.0 -1.0 -1.0 0.0 -2.0 0.0 -4.0 -4.0 -4.0 -4.0 -4.0 -4.0 0.0 -1.0 -2.0 -1.0 0.0 0.0 0.0 -2.0 -3.0 0.0 0.0 -4.0 -1.0 -1.0 0.0 -3.0 -3.0 -3.0 -3.0 0.0 -1.0 -1.0 -3.0 -3.0 -3.0 -3.0 -2.0 0.0 -4.0 -1.0 -1.0 -1.0 -2.0 0.0 0.0 -2.0 0.0 -1.0 -3.0 -2.0 0.0 -4.0 -3.0 -2.0 -4.0 -3.0 -3.0 -1.0 -3.0 -3.0 -3.0 -4.0 -4.0 -2.0 219.0 0.0 0.0 -1.0 -2.0 -4.0 -3.0 -4.0 -2.0 -4.0 -4.0 0.0 -1.0 -4.0 -3.0 0.0 -1.0 -1.0 -2.0 -1.0 -1.0 -4.0 0.0 -4.0 -4.0 -2.0 0.0 -4.0 -4.0 0.0 -1.0 0.0 -4.0 0.0 -3.0 -2.0 -4.0 -1.0 -4.0 -3.0 0.0 0.0 -4.0 0.0 -1.0 -1.0 -1.0 0.0 
-2.0 -4.0 -4.0 0.0 -3.0 -2.0 0.0 -3.0 -4.0 -1.0 -3.0 -4.0 -3.0 -1.0 -2.0 -3.0 0.0 -3.0 -2.0 -3.0 0.0 -1.0 -3.0 0.0 0.0 -4.0 -3.0 -3.0 -4.0 0.0 -3.0 -2.0 -1.0 -4.0 0.0 -1.0 -3.0 0.0 0.0 0.0 -2.0 -2.0 -1.0 0.0 -3.0 0.0 -1.0 -4.0 0.0 0.0 -4.0 -1.0 -4.0 -2.0 -1.0 0.0 0.0 -1.0 0.0 -3.0 0.0 -1.0 -1.0 -4.0 0.0 -3.0 -1.0 -3.0 196.0 0.0 0.0 -2.0 -1.0 -2.0 -1.0 0.0 0.0 -3.0 -3.0 -2.0 -1.0 -2.0 -4.0 0.0 0.0 0.0 0.0 -3.0 -2.0 -4.0 -2.0 -4.0 -1.0 -4.0 0.0 -4.0 -4.0 -4.0 0.0 -2.0 0.0 0.0 -2.0 -1.0 -2.0 0.0 0.0 -2.0 0.0 -4.0 -2.0 -2.0 -1.0 -1.0 -3.0 
-2.0 0.0 -1.0 -4.0 -1.0 -3.0 -2.0 -2.0 -2.0 -3.0 0.0 -1.0 -2.0 -1.0 -2.0 -2.0 -4.0 -3.0 0.0 -2.0 -4.0 -3.0 -1.0 0.0 -4.0 0.0 -4.0 -3.0 -2.0 0.0 -4.0 -2.0 -1.0 0.0 -3.0 -3.0 -4.0 -2.0 -4.0 0.0 -4.0 0.0 -4.0 -3.0 -1.0 -3.0 -4.0 -1.0 -1.0 0.0 -4.0 -4.0 -4.0 -3.0 -2.0 0.0 0.0 0.0 -2.0 -2.0 -2.0 -1.0 -3.0 -1.0 -3.0 -1.0 -4.0 0.0 -2.0 216.0 -3.0 -2.0 0.0 -1.0 0.0 -2.0 -3.0 -1.0 -1.0 -4.0 -2.0 -1.0 -2.0 -3.0 -2.0 -1.0 -2.0 -2.0 -2.0 -2.0 -3.0 -2.0 -3.0 -4.0 -2.0 0.0 -1.0 -1.0 -3.0 -3.0 -2.0 0.0 -1.0 -1.0 -1.0 -2.0 -1.0 0.0 -2.0 -4.0 0.0 0.0 0.0 0.0 -4.0 
-3.0 0.0 -2.0 -2.0 -4.0 0.0 -4.0 -3.0 -4.0 -1.0 -1.0 0.0 -1.0 -1.0 -2.0 -3.0 -3.0 -1.0 -4.0 0.0 -4.0 -2.0 -1.0 0.0 -1.0 -3.0 -1.0 -3.0 0.0 -1.0 0.0 -2.0 -4.0 0.0 -3.0 0.0 -2.0 0.0 -1.0 0.0 -1.0 -1.0 0.0 -3.0 -4.0 -2.0 -3.0 -4.0 -1.0 -3.0 -3.0 -1.0 0.0 -3.0 -2.0 -1.0 -4.0 -3.0 -1.0 -2.0 -3.0 -4.0 -4.0 -1.0 -1.0 -1.0 -2.0 -2.0 -2.0 -4.0 217.0 -4.0 0.0 -2.0 -1.0 -1.0 -4.0 -4.0 -1.0 0.0 -3.0 -2.0 -2.0 -1.0 -2.0 -3.0 -1.0 -4.0 -1.0 -4.0 -3.0 -1.0 0.0 -3.0 0.0 -3.0 -4.0 0.0 -2.0 0.0 -4.0 -4.0 -2.0 0.0 -1.0 -1.0 0.0 -2.0 0.0 -4.0 -4.0 -1.0 0.0 -4.0 -1.0 
-3.0 -2.0 0.0 0.0 -4.0 -2.0 -4.0 -3.0 -1.0 -2.0 0.0 -1.0 -2.0 -4.0 -4.0 -4.0 -4.0 -3.0 -2.0 -2.0 -1.0 -3.0 -1.0 0.0 -4.0 -3.0 -4.0 -2.0 -1.0 -3.0 -1.0 -4.0 -2.0 -2.0 -1.0 0.0 -3.0 -3.0 -3.0 0.0 -1.0 -3.0 -4.0 -1.0 0.0 -4.0 -3.0 0.0 -3.0 -1.0 -3.0 0.0 -2.0 -1.0 -3.0 -3.0 0.0 -4.0 -1.0 -1.0 0.0 0.0 -1.0 -4.0 -4.0 -2.0 0.0 0.0 -4.0 -1.0 -2.0 234.0 -4.0 -4.0 0.0 -3.0 0.0 -4.0 -2.0 0.0 0.0 -2.0 -2.0 -2.0 -1.0 -4.0 -4.0 0.0 -3.0 -2.0 0.0 -2.0 -2.0 -1.0 -4.0 -1.0 -4.0 -1.0 -3.0 -4.0 -2.0 0.0 -2.0 -4.0 -1.0 -4.0 0.0 -3.0 -3.0 -3.0 -2.0 -3.0 -2.0 -1.0 -1.0 
-4.0 -4.0 -1.0 -1.0 0.0 0.0 -4.0 -3.0 -1.0 0.0 -3.0 0.0 0.0 -2.0 -1.0 -2.0 -3.0 -3.0 -3.0 -4.0 -4.0 0.0 -4.0 -3.0 -1.0 -3.0 -4.0 -3.0 -3.0 -4.0 -1.0 -4.0 0.0 0.0 -4.0 -4.0 -1.0 0.0 -2.0 -1.0 -4.0 0.0 -4.0 -3.0 -1.0 -1.0 -4.0 -2.0 -1.0 -2.0 -3.0 -4.0 -2.0 0.0 -1.0 -2.0 0.0 -1.0 -1.0 -1.0 -4.0 -1.0 -1.0 0.0 -2.0 -1.0 -3.0 -4.0 -2.0 -4.0 -3.0 -2.0 252.0 -1.0 -3.0 -2.0 -1.0 -4.0 -4.0 -2.0 -3.0 -3.0 0.0 0.0 -4.0 -3.0 -3.0 -4.0 -3.0 -2.0 -3.0 -1.0 -3.0 -3.0 -4.0 -4.0 -3.0 -2.0 0.0 0.0 -3.0 -2.0 -4.0 -1.0 -3.0 -3.0 -3.0 -1.0 -4.0 -4.0 -4.0 -2.0 -2.0 -2.0 0.0 
-4.0 -3.0 -1.0 0.0 -4.0 0.0 -4.0 -2.0 -1.0 -1.0 0.0 -4.0 -3.0 0.0 -1.0 0.0 -2.0 -2.0 -3.0 -2.0 0.0 -1.0 -3.0 -3.0 0.0 -4.0 -1.0 -1.0 -3.0 0.0 -3.0 -1.0 -3.0 -3.0 -3.0 -3.0 -4.0 -1.0 -1.0 -3.0 -2.0 0.0 -3.0 -4.0 0.0 -3.0 -3.0 -4.0 0.0 -2.0 -2.0 -4.0 -4.0 -3.0 0.0 -4.0 -2.0 -1.0 0.0 -1.0 -1.0 -3.0 -1.0 -3.0 -1.0 -4.0 -2.0 -1.0 -1.0 -2.0 -1.0 -4.0 -2.0 227.0 -4.0 -1.0 -3.0 -1.0 -1.0 0.0 -3.0 -4.0 0.0 -1.0 -3.0 0.0 -2.0 -3.0 -2.0 -1.0 -4.0 -2.0 -4.0 0.0 -1.0 -2.0 0.0 -1.0 -3.0 -2.0 -4.0 0.0 -1.0 -1.0 -2.0 -2.0 -2.0 -2.0 -4.0 -2.0 -3.0 -3.0 -4.0 -3.0 0.0 
-4.0 0.0 -2.0 0.0 -1.0 -1.0 -2.0 -4.0 -4.0 -4.0 0.0 0.0 -1.0 -3.0 0.0 -4.0 -3.0 0.0 0.0 -2.0 -3.0 -4.0 0.0 -1.0 -2.0 -1.0 -4.0 -4.0 0.0 -4.0 -3.0 -3.0 -2.0 -2.0 -3.0 0.0 0.0 -1.0 -3.0 -3.0 0.0 -3.0 -2.0 0.0 -3.0 0.0 -2.0 -4.0 0.0 0.0 -3.0 -2.0 0.0 -3.0 -4.0 -1.0 -3.0 -1.0 -2.0 -2.0 -3.0 -2.0 0.0 -4.0 -1.0 -1.0 -2.0 0.0 -3.0 -1.0 -1.0 -4.0 -2.0 -4.0 211.0 -3.0 -2.0 -3.0 -3.0 -1.0 -2.0 0.0 -2.0 0.0 -4.0 -1.0 -4.0 -3.0 0.0 -2.0 0.0 0.0 -2.0 -4.0 -3.0 0.0 -2.0 -1.0 0.0 0.0 0.0 0.0 -4.0 0.0 -1.0 -4.0 -3.0 0.0 -4.0 -3.0 -2.0 -1.0 -4.0 -2.0 0.0 
-3.0 0.0 -2.0 -1.0 -4.0 -3.0 -3.0 0.0 -1.0 -4.0 0.0 0.0 0.0 -3.0 -4.0 -3.0 -3.0 -3.0 -4.0 -3.0 -1.0 0.0 -4.0 -1.0 -1.0 0.0 0.0 0.0 0.0 0.0 -1.0 -2.0 0.0 0.0 -3.0 -1.0 -2.0 0.0 -4.0 -1.0 -3.0 0.0 -4.0 -2.0 0.0 -1.0 -1.0 0.0 -4.0 -4.0 -4.0 -2.0 0.0 -3.0 -3.0 -4.0 -3.0 -4.0 -2.0 -2.0 -4.0 -4.0 0.0 -3.0 -4.0 -4.0 -2.0 -3.0 -4.0 -4.0 -1.0 -1.0 -2.0 -4.0 -2.0 235.0 -3.0 -3.0 0.0 -4.0 -2.0 -2.0 -3.0 -4.0 -4.0 -4.0 -1.0 -4.0 -2.0 -1.0 -2.0 0.0 -1.0 -4.0 0.0 -3.0 -4.0 -3.0 -3.0 -2.0 -1.0 -4.0 -1.0 -1.0 -1.0 0.0 -4.0 -1.0 -1.0 0.0 -1.0 0.0 -1.0 -4.0 -3.0 
-3.0 -4.0 0.0 -1.0 -3.0 -4.0 -4.0 -4.0 -4.0 0.0 -1.0 0.0 -4.0 0.0 -4.0 -3.0 -1.0 -1.0 0.0 -1.0 -3.0 0.0 -2.0 -1.0 -1.0 -1.0 -3.0 -3.0 -3.0 -3.0 -2.0 0.0 -4.0 -4.0 -2.0 -2.0 -4.0 0.0 -1.0 0.0 0.0 -4.0 -4.0 -4.0 0.0 0.0 -2.0 -2.0 0.0 -3.0 -4.0 -2.0 -3.0 0.0 -3.0 -3.0 -2.0 -3.0 -2.0 -2.0 -3.0 -3.0 -1.0 -3.0 0.0 -3.0 -1.0 -2.0 -2.0 -2.0 -1.0 0.0 -2.0 -1.0 -2.0 -2.0 222.0 -2.0 -2.0 -1.0 -4.0 -4.0 -1.0 -1.0 -4.0 0.0 -2.0 -4.0 -1.0 -4.0 -1.0 0.0 -2.0 -1.0 0.0 -1.0 0.0 0.0 -3.0 -4.0 -3.0 0.0 -2.0 -3.0 -3.0 -1.0 -2.0 0.0 -1.0 -3.0 0.0 -2.0 -2.0 -4.0 -2.0 
-4.0 -1.0 -1.0 -1.0 -1.0 0.0 -3.0 -1.0 -2.0 0.0 -3.0 0.0 0.0 -4.0 -2.0 -3.0 -4.0 -3.0 0.0 -2.0 0.0 -4.0 -1.0 -2.0 -2.0 0.0 0.0 -2.0 -3.0 -3.0 -2.0 -2.0 -2.0 0.0 -3.0 0.0 -3.0 0.0 -3.0 -2.0 0.0 0.0 -1.0 -3.0 -3.0 -4.0 0.0 -1.0 -4.0 -3.0 -2.0 -2.0 0.0 0.0 -1.0 -1.0 -4.0 -1.0 -2.0 -3.0 -2.0 -4.0 -2.0 -2.0 -1.0 -1.0 -3.0 -3.0 -4.0 -3.0 -3.0 -2.0 -2.0 0.0 -2.0 -2.0 0.0 216.0 -4.0 -1.0 -2.0 -2.0 -2.0 -4.0 -3.0 -4.0 -3.0 -1.0 -4.0 -4.0 -4.0 -2.0 -3.0 0.0 0.0 -1.0 -1.0 -1.0 -4.0 -3.0 0.0 -1.0 -4.0 -4.0 0.0 -1.0 0.0 -3.0 -4.0 -3.0 -3.0 0.0 0.0 0.0 0.0 
-4.0 -1.0 -1.0 -3.0 0.0 -3.0 -1.0 -4.0 -3.0 -2.0 -4.0 -4.0 -4.0 -2.0 0.0 -3.0 -3.0 0.0 -1.0 0.0 0.0 -1.0 -4.0 0.0 -2.0 0.0 -3.0 -3.0 -1.0 -4.0 -1.0 0.0 0.0 -1.0 -2.0 0.0 -2.0 -4.0 -2.0 -4.0 -3.0 -3.0 -3.0 -2.0 0.0 -2.0 -4.0 -4.0 -4.0 -4.0 0.0 -3.0 -2.0 -1.0 -3.0 -3.0 -4.0 -3.0 -1.0 -4.0 -3.0 -2.0 -1.0 -2.0 -3.0 -1.0 -1.0 -4.0 -1.0 -4.0 -1.0 -4.0 0.0 -2.0 -1.0 -3.0 0.0 -1.0 251.0 -2.0 -2.0 -1.0 -2.0 -4.0 -4.0 -4.0 -1.0 -3.0 -2.0 -4.0 -4.0 -2.0 -2.0 -3.0 -3.0 -3.0 0.0 -1.0 -4.0 -2.0 -3.0 0.0 -3.0 -3.0 -1.0 0.0 -3.0 -4.0 -4.0 -2.0 -4.0 -1.0 -1.0 -4.0 -1.0 
0.0 -4.0 -2.0 -1.0 -3.0 -1.0 -2.0 -1.0 -3.0 0.0 0.0 -3.0 0.0 -3.0 -1.0 -2.0 0.0 0.0 -4.0 -3.0 0.0 -3.0 -4.0 -1.0 -1.0 0.0 -3.0 -4.0 0.0 -3.0 -4.0 -2.0 -4.0 -3.0 -2.0 -2.0 -2.0 -1.0 -3.0 -2.0 -3.0 -4.0 -2.0 -4.0 -4.0 -2.0 0.0 -3.0 -3.0 0.0 -3.0 -2.0 -2.0 0.0 -1.0 -2.0 0.0 -3.0 -3.0 0.0 -1.0 0.0 0.0 -4.0 -2.0 0.0 -1.0 -4.0 -1.0 0.0 -1.0 -3.0 -3.0 -1.0 0.0 -3.0 0.0 -2.0 -4.0 217.0 -2.0 -2.0 -1.0 -4.0 -1.0 -3.0 -3.0 -2.0 0.0 0.0 -2.0 -4.0 -4.0 -4.0 0.0 -3.0 0.0 0.0 0.0 -4.0 0.0 -2.0 0.0 -4.0 -2.0 -1.0 -3.0 -4.0 -2.0 -4.0 -1.0 -3.0 -1.0 -1.0 -2.0 
-3.0 -2.0 -2.0 -3.0 0.0 -4.0 -4.0 -1.0 -1.0 0.0 -3.0 -3.0 -4.0 -1.0 -4.0 -3.0 0.0 -2.0 -3.0 -3.0 -3.0 -3.0 -1.0 -2.0 -2.0 -4.0 -2.0 -2.0 -4.0 -4.0 -3.0 -4.0 0.0 -1.0 -1.0 -1.0 0.0 -1.0 0.0 -3.0 0.0 -2.0 -3.0 -3.0 0.0 -4.0 0.0 -3.0 -2.0 -4.0 -3.0 -2.0 -1.0 -3.0 -4.0 -1.0 -1.0 0.0 -2.0 0.0 -2.0 -4.0 -1.0 0.0 0.0 -2.0 -1.0 -2.0 -1.0 -4.0 -1.0 0.0 -3.0 -2.0 -3.0 -2.0 0.0 0.0 -3.0 0.0 205.0 -4.0 -2.0 -3.0 0.0 0.0 -3.0 0.0 0.0 0.0 0.0 0.0 -2.0 0.0 -4.0 -4.0 -3.0 0.0 0.0 -3.0 -3.0 0.0 0.0 -1.0 0.0 -2.0 -3.0 0.0 -1.0 -2.0 0.0 -1.0 -1.0 -4.0 -3.0 
-4.0 -3.0 -4.0 -4.0 0.0 0.0 -1.0 -3.0 0.0 -3.0 -4.0 -2.0 -3.0 -4.0 -4.0 -4.0 -3.0 -4.0 0.0 -4.0 -2.0 0.0 -2.0 -2.0 0.0 -1.0 0.0 0.0 -1.0 -4.0 -4.0 -2.0 -4.0 -4.0 -3.0 -4.0 -3.0 -3.0 -3.0 -3.0 0.0 -3.0 -1.0 0.0 0.0 -4.0 -1.0 -4.0 -4.0 -4.0 0.0 -2.0 -2.0 -1.0 0.0 -4.0 0.0 -3.0 0.0 0.0 -3.0 0.0 0.0 -1.0 -1.0 -3.0 -1.0 0.0 -3.0 0.0 -4.0 -2.0 -4.0 -1.0 -4.0 -3.0 -2.0 0.0 -4.0 -2.0 -4.0 235.0 -4.0 -2.0 -1.0 -4.0 0.0 -3.0 -2.0 -2.0 0.0 -2.0 -4.0 -2.0 -2.0 -4.0 -2.0 -3.0 0.0 0.0 -2.0 -1.0 -1.0 -4.0 -2.0 -2.0 -1.0 0.0 0.0 -3.0 -2.0 -2.0 -1.0 -3.0 0.0 
-1.0 -3.0 -3.0 0.0 -3.0 -1.0 0.0 -4.0 -2.0 -1.0 -3.0 -3.0 0.0 0.0 -2.0 -3.0 -4.0 -2.0 -2.0 -3.0 -2.0 -2.0 -4.0 -4.0 0.0 0.0 -4.0 0.0 -1.0 -1.0 -4.0 -2.0 -2.0 -3.0 -1.0 -2.0 0.0 -3.0 -4.0 -2.0 -1.0 -4.0 -2.0 -3.0 -1.0 0.0 -2.0 -4.0 -4.0 -1.0 -4.0 -2.0 -1.0 -2.0 -2.0 0.0 -2.0 -2.0 -2.0 -4.0 -1.0 -4.0 -1.0 -2.0 -4.0 0.0 -4.0 -2.0 -4.0 -4.0 -3.0 -2.0 -1.0 0.0 -3.0 -2.0 0.0 -4.0 0.0 -2.0 0.0 -2.0 217.0 -1.0 0.0 -1.0 -3.0 0.0 -1.0 -2.0 -1.0 -3.0 -3.0 -1.0 -1.0 0.0 -4.0 0.0 -4.0 -3.0 -1.0 0.0 -4.0 -2.0 -2.0 -2.0 0.0 0.0 -1.0 0.0 -1.0 -2.0 -3.0 -2.0 0.0 
0.0 -4.0 -3.0 -1.0 0.0 -2.0 0.0 -3.0 -1.0 -1.0 -4.0 -3.0 -4.0 -4.0 -4.0 -2.0 -4.0 -3.0 0.0 -2.0 0.0 -3.0 -3.0 -1.0 0.0 -1.0 0.0 -1.0 -2.0 -3.0 -3.0 -3.0 -2.0 -1.0 0.0 0.0 -4.0 -1.0 -3.0 0.0 -1.0 -1.0 -1.0 -1.0 -2.0 -4.0 0.0 -3.0 0.0 -3.0 -3.0 0.0 -3.0 -4.0 -3.0 -2.0 0.0 -4.0 -3.0 0.0 -2.0 -2.0 -1.0 -2.0 0.0 -4.0 -1.0 0.0 0.0 -2.0 -1.0 -2.0 -4.0 -4.0 -1.0 -3.0 0.0 -4.0 0.0 -3.0 -3.0 0.0 0.0 214.0 0.0 -1.0 -3.0 0.0 -4.0 0.0 -3.0 -1.0 -4.0 -4.0 -1.0 -4.0 -2.0 0.0 -2.0 -1.0 0.0 0.0 -3.0 -3.0 -3.0 -2.0 -4.0 -1.0 -4.0 -3.0 -1.0 -1.0 -2.0 -1.0 -3.0 
-2.0 -1.0 -1.0 -2.0 -1.0 -3.0 -4.0 -1.0 -1.0 -1.0 -4.0 -1.0 -3.0 -2.0 -3.0 0.0 -1.0 -3.0 -1.0 -3.0 -3.0 0.0 -3.0 -2.0 -3.0 0.0 -2.0 -2.0 -4.0 -3.0 0.0 -1.0 -3.0 -2.0 -2.0 -4.0 -4.0 0.0 -1.0 -3.0 -1.0 -1.0 -1.0 -3.0 -2.0 -2.0 -2.0 -1.0 -4.0 0.0 -3.0 -3.0 0.0 -1.0 0.0 0.0 -4.0 -4.0 0.0 -2.0 -4.0 -4.0 -1.0 -4.0 -2.0 -1.0 -4.0 -3.0 -2.0 0.0 -2.0 -2.0 -4.0 0.0 -2.0 -4.0 -2.0 0.0 -4.0 -3.0 -4.0 -1.0 -4.0 -1.0 236.0 -3.0 -3.0 -1.0 -4.0 -1.0 -4.0 -3.0 -1.0 -4.0 0.0 -1.0 -1.0 -2.0 -2.0 -3.0 -3.0 -1.0 -4.0 0.0 -4.0 -2.0 -2.0 -2.0 -3.0 -1.0 -4.0 -3.0 -2.0 0.0 0.0 
-4.0 0.0 -1.0 -3.0 0.0 -3.0 0.0 0.0 -2.0 -1.0 -2.0 -3.0 -1.0 -3.0 0.0 -4.0 -3.0 -2.0 -3.0 -4.0 -4.0 -4.0 -2.0 -3.0 -1.0 -2.0 -4.0 -1.0 -1.0 -2.0 -3.0 -4.0 -3.0 0.0 -3.0 -4.0 0.0 -4.0 -1.0 -4.0 -2.0 -4.0 -1.0 -3.0 -2.0 -3.0 -2.0 -1.0 0.0 -4.0 -2.0 -4.0 -4.0 -4.0 -3.0 -1.0 -4.0 0.0 0.0 -2.0 -4.0 0.0 -1.0 0.0 0.0 -4.0 -4.0 -4.0 -4.0 -1.0 0.0 0.0 -4.0 -1.0 -1.0 0.0 -4.0 -4.0 0.0 -2.0 -2.0 -4.0 -3.0 0.0 -1.0 233.0 -3.0 0.0 0.0 -1.0 -1.0 0.0 -4.0 0.0 -3.0 0.0 0.0 -2.0 0.0 -3.0 -4.0 -3.0 -4.0 -4.0 -2.0 -1.0 0.0 -4.0 -3.0 0.0 -3.0 -1.0 -2.0 0.0 -2.0 
-2.0 0.0 0.0 -3.0 -3.0 -4.0 0.0 -2.0 0.0 -2.0 -4.0 -2.0 0.0 -2.0 -3.0 -3.0 -1.0 -3.0 -1.0 -2.0 -3.0 -2.0 0.0 -4.0 -1.0 -4.0 0.0 -4.0 -3.0 -3.0 -1.0 0.0 -1.0 -1.0 -4.0 -1.0 -3.0 -4.0 -4.0 -2.0 0.0 0.0 -2.0 -1.0 -1.0 -4.0 -2.0 -4.0 -4.0 -1.0 -1.0 -1.0 -4.0 -4.0 -2.0 -4.0 -1.0 -3.0 0.0 -2.0 -2.0 0.0 -4.0 -4.0 -1.0 -4.0 -4.0 0.0 0.0 -1.0 -2.0 -1.0 -1.0 -2.0 -2.0 -2.0 -1.0 -1.0 0.0 -3.0 -4.0 -1.0 -4.0 -1.0 -2.0 -1.0 230.0 -1.0 -1.0 -1.0 -4.0 0.0 0.0 -2.0 -4.0 -4.0 0.0 -4.0 -3.0 -2.0 -3.0 0.0 -1.0 -4.0 -4.0 0.0 -3.0 -4.0 -3.0 -1.0 -2.0 0.0 -3.0 -3.0 -2.0 
-4.0 -4.0 -2.0 -2.0 -4.0 -2.0 -4.0 -2.0 0.0 -4.0 -2.0 0.0 -2.0 -3.0 -1.0 -3.0 0.0 -4.0 -3.0 -2.0 -3.0 -1.0 -2.0 -1.0 0.0 -1.0 0.0 -2.0 -3.0 -3.0 -2.0 -2.0 -3.0 -1.0 0.0 -1.0 -2.0 -4.0 -4.0 0.0 0.0 -1.0 -4.0 -1.0 -1.0 0.0 -4.0 -3.0 -3.0 -2.0 -4.0 -1.0 0.0 -2.0 -4.0 -1.0 -2.0 0.0 -1.0 -2.0 -3.0 -2.0 -3.0 0.0 -3.0 -4.0 -3.0 -3.0 -4.0 -2.0 -1.0 0.0 -3.0 -2.0 -3.0 -3.0 0.0 -3.0 -1.0 -3.0 -1.0 -2.0 -3.0 -3.0 -2.0 -3.0 -4.0 241.0 -2.0 -4.0 -1.0 0.0 -4.0 0.0 -1.0 0.0 -3.0 -2.0 -1.0 -4.0 -3.0 -3.0 -1.0 -1.0 -3.0 -1.0 -4.0 -3.0 -3.0 -3.0 -3.0 -3.0 -2.0 0.0 -3.0 
-3.0 -2.0 -1.0 -4.0 -3.0 0.0 -1.0 -2.0 0.0 -2.0 -3.0 -2.0 -4.0 0.0 -4.0 0.0 0.0 -2.0 -4.0 -4.0 -4.0 -3.0 0.0 -2.0 -4.0 -1.0 -1.0 -2.0 -3.0 -3.0 -2.0 -1.0 -4.0 -1.0 -4.0 -4.0 -3.0 0.0 -3.0 -3.0 -2.0 -1.0 -1.0 -4.0 -1.0 -4.0 -1.0 -3.0 -4.0 0.0 -1.0 -2.0 -2.0 -4.0 -3.0 -2.0 0.0 -1.0 -4.0 -1.0 -2.0 -1.0 -2.0 0.0 -2.0 -4.0 -1.0 0.0 -3.0 -3.0 -4.0 0.0 -1.0 -2.0 -4.0 -1.0 -4.0 0.0 -3.0 -4.0 -3.0 -2.0 0.0 -2.0 -3.0 -3.0 -4.0 -2.0 253.0 -2.0 -3.0 -3.0 -3.0 -3.0 -1.0 -4.0 -1.0 -3.0 -3.0 -4.0 -3.0 -4.0 -3.0 -4.0 -3.0 0.0 -2.0 -1.0 -3.0 -3.0 -3.0 -1.0 -2.0 -1.0 0.0 
-2.0 -2.0 -2.0 -1.0 -4.0 -4.0 -3.0 -3.0 -3.0 -2.0 -1.0 -1.0 -4.0 0.0 -4.0 -2.0 -3.0 -2.0 -1.0 -4.0 0.0 -3.0 -4.0 0.0 -3.0 -3.0 -3.0 0.0 -1.0 -1.0 -4.0 0.0 -3.0 -2.0 -1.0 -1.0 -1.0 -2.0 -1.0 -3.0 -3.0 -3.0 -1.0 -2.0 -2.0 -4.0 -3.0 -1.0 0.0 0.0 -1.0 -1.0 -2.0 -3.0 -3.0 -2.0 -3.0 -3.0 -4.0 0.0 -1.0 -1.0 -2.0 0.0 -1.0 -4.0 -2.0 -4.0 -1.0 0.0 -3.0 -4.0 -1.0 0.0 -1.0 0.0 0.0 -2.0 -3.0 -4.0 -4.0 0.0 -2.0 0.0 -3.0 0.0 0.0 -3.0 -2.0 224.0 -1.0 -4.0 -2.0 -3.0 -4.0 -3.0 0.0 -1.0 -1.0 -4.0 -4.0 -1.0 -2.0 -2.0 -2.0 0.0 0.0 -4.0 -1.0 -3.0 -4.0 -3.0 -2.0 0.0 0.0 
-2.0 -3.0 -4.0 0.0 -1.0 0.0 0.0 -3.0 -1.0 -1.0 -2.0 -2.0 -3.0 0.0 -4.0 -3.0 -2.0 -2.0 -4.0 0.0 -1.0 0.0 -3.0 -3.0 -4.0 -2.0 -1.0 -2.0 -2.0 -4.0 -1.0 -3.0 -2.0 0.0 -4.0 -1.0 -3.0 -2.0 -3.0 -1.0 -2.0 -3.0 -3.0 0.0 -4.0 -3.0 -2.0 -4.0 -1.0 -2.0 -4.0 -3.0 -3.0 0.0 -1.0 -4.0 0.0 -1.0 -4.0 -1.0 -1.0 -3.0 -2.0 -2.0 -3.0 0.0 -4.0 0.0 0.0 0.0 -1.0 -2.0 -4.0 -4.0 -4.0 -2.0 -1.0 -4.0 -4.0 -4.0 -2.0 -1.0 -1.0 0.0 -4.0 -4.0 -1.0 0.0 -1.0 -1.0 238.0 0.0 0.0 -3.0 0.0 -4.0 0.0 -4.0 -3.0 -3.0 -4.0 0.0 -1.0 -2.0 0.0 -4.0 -3.0 -4.0 -3.0 -1.0 -2.0 -3.0 -4.0 -2.0 -4.0 
-4.0 -4.0 -3.0 -2.0 -3.0 -1.0 0.0 -4.0 -4.0 -1.0 -4.0 -2.0 0.0 -4.0 -3.0 -2.0 -2.0 -1.0 0.0 -4.0 0.0 0.0 -4.0 0.0 -3.0 -4.0 0.0 -3.0 0.0 -4.0 -3.0 -2.0 -3.0 -4.0 -3.0 -4.0 -1.0 -2.0 -2.0 0.0 -4.0 -4.0 -1.0 -4.0 -1.0 -1.0 -1.0 0.0 -1.0 -3.0 -2.0 -4.0 -1.0 -2.0 -3.0 -1.0 0.0 -2.0 -2.0 -4.0 -4.0 -3.0 -2.0 -3.0 -2.0 0.0 -3.0 -4.0 -3.0 0.0 -3.0 -1.0 -4.0 -2.0 -4.0 -4.0 -2.0 -4.0 -3.0 -2.0 -3.0 -1.0 -4.0 -2.0 -4.0 -2.0 -4.0 -4.0 -3.0 0.0 -1.0 268.0 -4.0 -4.0 -1.0 -1.0 -3.0 -4.0 -1.0 -3.0 -4.0 -3.0 -2.0 0.0 -1.0 -4.0 -3.0 -4.0 -3.0 -3.0 -3.0 -1.0 -3.0 0.0 -1.0 
-3.0 -4.0 -1.0 -2.0 -1.0 0.0 -3.0 0.0 -1.0 -4.0 -4.0 -1.0 -3.0 -3.0 -2.0 -2.0 0.0 -2.0 0.0 -3.0 -1.0 -2.0 -4.0 -2.0 -2.0 -2.0 -2.0 -4.0 0.0 -3.0 -1.0 -4.0 -1.0 0.0 -2.0 -4.0 -2.0 -1.0 -2.0 -2.0 0.0 0.0 0.0 0.0 -4.0 -2.0 -1.0 0.0 -2.0 -2.0 -1.0 0.0 -3.0 0.0 -3.0 -2.0 -3.0 -2.0 -1.0 -2.0 -4.0 -3.0 -3.0 -4.0 -3.0 0.0 -1.0 -4.0 0.0 -4.0 -3.0 -3.0 -4.0 -3.0 -3.0 -2.0 -3.0 -2.0 -2.0 -4.0 0.0 0.0 -3.0 -1.0 -1.0 -3.0 -1.0 -1.0 -2.0 -3.0 -3.0 -1.0 222.0 -4.0 -1.0 0.0 0.0 -3.0 -4.0 -4.0 -3.0 -1.0 -3.0 -2.0 -2.0 0.0 0.0 -3.0 -2.0 -1.0 -4.0 0.0 0.0 0.0 -3.0 
-3.0 -3.0 0.0 -3.0 -3.0 -4.0 -4.0 -2.0 -1.0 -1.0 -4.0 0.0 -1.0 -1.0 -2.0 -2.0 -1.0 -2.0 -1.0 -3.0 0.0 -1.0 -1.0 -3.0 -2.0 0.0 -3.0 -1.0 -3.0 -3.0 -1.0 -3.0 -3.0 -2.0 -1.0 -2.0 -2.0 0.0 -1.0 -2.0 0.0 -4.0 -3.0 -4.0 -2.0 0.0 -4.0 0.0 0.0 -3.0 -4.0 -4.0 0.0 -4.0 0.0 -2.0 -3.0 -1.0 -2.0 -1.0 -3.0 -4.0 0.0 -3.0 -3.0 -2.0 0.0 0.0 -4.0 -3.0 -3.0 -3.0 -2.0 0.0 -1.0 0.0 -2.0 -2.0 0.0 -4.0 -3.0 -4.0 -3.0 -1.0 0.0 0.0 0.0 -3.0 -3.0 0.0 -1.0 -2.0 0.0 217.0 -1.0 -1.0 -4.0 -3.0 -3.0 -4.0 -4.0 -2.0 -2.0 -1.0 -4.0 -1.0 -2.0 -1.0 -2.0 0.0 -2.0 -1.0 0.0 -3.0 -1.0 
-2.0 -3.0 0.0 0.0 -3.0 -3.0 -4.0 0.0 -4.0 0.0 0.0 -4.0 -2.0 -1.0 0.0 -2.0 -3.0 -2.0 -3.0 -2.0 -1.0 -2.0 -3.0 -3.0 -3.0 -4.0 0.0 0.0 0.0 0.0 -2.0 -4.0 -4.0 -4.0 -1.0 -3.0 0.0 -4.0 -4.0 -3.0 0.0 -3.0 0.0 0.0 -3.0 0.0 -3.0 -4.0 0.0 -2.0 0.0 -1.0 -1.0 -2.0 -4.0 -4.0 -2.0 -3.0 -3.0 0.0 -3.0 -1.0 -2.0 -4.0 0.0 -1.0 -2.0 -2.0 -2.0 -2.0 -2.0 -4.0 0.0 -2.0 -2.0 -2.0 -2.0 -1.0 -1.0 -3.0 -4.0 -3.0 -2.0 -1.0 -2.0 0.0 0.0 -4.0 -2.0 -2.0 -4.0 -4.0 -1.0 -4.0 233.0 -2.0 -3.0 -3.0 -3.0 -3.0 -4.0 0.0 -4.0 0.0 0.0 -2.0 -2.0 -3.0 -3.0 -4.0 -3.0 0.0 -2.0 -2.0 -1.0 
-1.0 -4.0 -1.0 -3.0 -2.0 -1.0 -2.0 -4.0 -2.0 -4.0 -3.0 -1.0 -3.0 -4.0 0.0 -3.0 -3.0 -3.0 -1.0 -3.0 -1.0 0.0 -2.0 -2.0 -4.0 -1.0 -4.0 -2.0 -4.0 -4.0 0.0 -4.0 -3.0 0.0 -3.0 -3.0 -3.0 0.0 -2.0 -4.0 -4.0 -1.0 -3.0 0.0 0.0 -2.0 -2.0 -1.0 -1.0 -3.0 -2.0 -2.0 -2.0 0.0 0.0 -4.0 -2.0 0.0 -2.0 -3.0 -2.0 -2.0 -1.0 -3.0 0.0 -3.0 -2.0 -3.0 -1.0 -4.0 -4.0 -3.0 -2.0 -2.0 -2.0 -1.0 -2.0 0.0 -2.0 -1.0 -4.0 -4.0 0.0 -4.0 -4.0 -3.0 -3.0 0.0 0.0 -1.0 -2.0 -2.0 -4.0 -2.0 -1.0 244.0 0.0 -3.0 -1.0 -2.0 -2.0 0.0 -3.0 -4.0 -4.0 -3.0 -4.0 -4.0 -3.0 0.0 -2.0 -1.0 -4.0 0.0 -2.0 
-1.0 -3.0 -1.0 -2.0 -2.0 -1.0 -3.0 -2.0 -1.0 0.0 -4.0 -4.0 -4.0 0.0 -2.0 -2.0 -4.0 -1.0 -1.0 -4.0 0.0 -1.0 0.0 -4.0 -2.0 -4.0 0.0 -3.0 -2.0 -3.0 0.0 0.0 -4.0 -2.0 -4.0 -4.0 -4.0 -2.0 -1.0 -4.0 -2.0 0.0 -1.0 0.0 -4.0 -2.0 0.0 0.0 -3.0 -4.0 -3.0 0.0 0.0 -1.0 -1.0 -4.0 -4.0 -4.0 -4.0 0.0 -4.0 0.0 -4.0 0.0 -1.0 -3.0 -2.0 -1.0 0.0 -4.0 -4.0 0.0 -3.0 -2.0 -1.0 -4.0 -1.0 -4.0 0.0 -1.0 0.0 -4.0 -1.0 -3.0 -4.0 -4.0 -3.0 0.0 -1.0 -3.0 -2.0 0.0 0.0 -4.0 -4.0 -3.0 235.0 -2.0 -1.0 -4.0 -3.0 0.0 -1.0 -4.0 -3.0 -2.0 -3.0 -3.0 -2.0 -4.0 -2.0 -1.0 -2.0 0.0 0.0 
-3.0 -1.0 -1.0 0.0 -1.0 0.0 -4.0 -2.0 0.0 -1.0 -3.0 -1.0 -2.0 -2.0 -4.0 -3.0 0.0 0.0 -2.0 -4.0 -2.0 0.0 -1.0 -2.0 0.0 -4.0 -4.0 -3.0 -4.0 -2.0 -4.0 0.0 -2.0 -4.0 -3.0 -4.0 0.0 0.0 -2.0 0.0 0.0 -1.0 -1.0 -3.0 -3.0 -3.0 -4.0 -4.0 -3.0 -3.0 -2.0 -4.0 -1.0 0.0 -2.0 -1.0 0.0 -2.0 -4.0 0.0 0.0 0.0 -2.0 -4.0 -3.0 -3.0 -2.0 0.0 -1.0 -4.0 -1.0 -2.0 -2.0 -2.0 -4.0 -2.0 -1.0 0.0 -1.0 0.0 -4.0 -2.0 -1.0 -2.0 -4.0 -1.0 0.0 -2.0 -2.0 -3.0 -3.0 -1.0 -1.0 -4.0 -2.0 0.0 -4.0 219.0 -2.0 -4.0 -4.0 0.0 -4.0 -2.0 -1.0 0.0 -4.0 -4.0 -1.0 -1.0 0.0 -3.0 0.0 -3.0 0.0 
0.0 -3.0 -1.0 -3.0 -1.0 -3.0 -1.0 0.0 -4.0 -1.0 -2.0 -3.0 -3.0 -4.0 -3.0 -1.0 0.0 0.0 0.0 -4.0 -2.0 -3.0 -3.0 -4.0 -4.0 -3.0 0.0 0.0 0.0 -1.0 0.0 -4.0 -3.0 -4.0 -1.0 -1.0 -3.0 0.0 -4.0 -4.0 -4.0 -2.0 -2.0 -2.0 -2.0 -2.0 -4.0 -2.0 -1.0 0.0 -1.0 -1.0 -4.0 -2.0 -3.0 -3.0 0.0 0.0 0.0 0.0 -3.0 -1.0 -3.0 -4.0 -1.0 -2.0 -2.0 -1.0 -1.0 -2.0 -3.0 -3.0 -2.0 -4.0 -1.0 -1.0 -2.0 -3.0 -4.0 -2.0 -2.0 -4.0 -1.0 0.0 -3.0 -1.0 -1.0 -4.0 -2.0 -4.0 -1.0 -3.0 -3.0 -4.0 -4.0 -4.0 0.0 -2.0 231.0 0.0 0.0 0.0 -2.0 -3.0 -4.0 -1.0 -4.0 -3.0 -1.0 -2.0 -3.0 -2.0 -1.0 -1.0 0.0 
-3.0 -4.0 -2.0 -1.0 -3.0 0.0 0.0 -1.0 -2.0 -1.0 -4.0 0.0 -1.0 0.0 -4.0 -3.0 -1.0 -4.0 -4.0 0.0 -4.0 -4.0 -2.0 -2.0 -1.0 -2.0 -3.0 0.0 0.0 -1.0 -2.0 -4.0 -4.0 -1.0 0.0 -3.0 -4.0 -4.0 -2.0 -2.0 0.0 -4.0 -4.0 0.0 -2.0 0.0 -4.0 -4.0 -3.0 -4.0 -3.0 -4.0 -1.0 -3.0 -3.0 0.0 0.0 0.0 -3.0 -4.0 -4.0 -4.0 -2.0 -2.0 -4.0 0.0 -2.0 -4.0 -3.0 0.0 -4.0 -4.0 0.0 -2.0 0.0 0.0 -2.0 -1.0 -4.0 -1.0 -2.0 -3.0 -3.0 -2.0 -4.0 -2.0 -1.0 -4.0 0.0 0.0 -4.0 -4.0 0.0 -1.0 0.0 -1.0 0.0 0.0 -4.0 240.0 -3.0 -3.0 -3.0 -2.0 -1.0 -3.0 0.0 -4.0 -2.0 0.0 -2.0 -3.0 -4.0 -1.0 -2.0 
0.0 -4.0 -4.0 -2.0 -1.0 -2.0 0.0 -2.0 -2.0 -2.0 0.0 -4.0 -4.0 0.0 -3.0 -4.0 0.0 -2.0 -2.0 -3.0 0.0 0.0 -1.0 -2.0 0.0 -4.0 -2.0 0.0 -1.0 -1.0 -1.0 -4.0 -4.0 -1.0 -2.0 -1.0 0.0 -1.0 -4.0 -2.0 -1.0 0.0 -4.0 -4.0 -3.0 -1.0 -2.0 -1.0 -3.0 -4.0 -3.0 0.0 -3.0 -1.0 -3.0 -1.0 -2.0 -1.0 -3.0 -3.0 -4.0 -4.0 -4.0 -2.0 0.0 0.0 -4.0 -1.0 -1.0 -3.0 -3.0 -3.0 0.0 -4.0 -4.0 -2.0 -3.0 -4.0 -1.0 -4.0 -1.0 -2.0 0.0 -3.0 -4.0 0.0 -4.0 -3.0 0.0 -4.0 -1.0 -3.0 -1.0 -4.0 -4.0 -2.0 -2.0 0.0 -1.0 0.0 244.0 -4.0 -4.0 -2.0 -2.0 -4.0 -2.0 -2.0 -4.0 -4.0 -4.0 -2.0 -1.0 0.0 -4.0 
-3.0 0.0 -1.0 -2.0 -4.0 -1.0 -2.0 -3.0 -2.0 -2.0 -1.0 -1.0 -2.0 -2.0 -4.0 -1.0 0.0 -3.0 -3.0 -2.0 0.0 0.0 -2.0 -3.0 -4.0 -4.0 0.0 -2.0 0.0 0.0 -1.0 -1.0 -3.0 -4.0 -2.0 -2.0 -1.0 0.0 -2.0 -1.0 -2.0 0.0 -2.0 -1.0 -1.0 0.0 -4.0 -3.0 0.0 -2.0 -3.0 -3.0 -2.0 -1.0 -2.0 -3.0 -2.0 -3.0 -3.0 -2.0 -4.0 -2.0 -4.0 -2.0 -4.0 -1.0 0.0 -4.0 0.0 0.0 -1.0 -2.0 0.0 -4.0 -1.0 0.0 -2.0 0.0 -2.0 -3.0 -1.0 -4.0 -1.0 -4.0 -2.0 -2.0 0.0 -3.0 -1.0 -4.0 -3.0 -4.0 0.0 -4.0 0.0 -3.0 -3.0 -1.0 -2.0 -4.0 -1.0 219.0 -2.0 -1.0 -2.0 -3.0 -4.0 -2.0 -2.0 -2.0 0.0 -1.0 -1.0 -3.0 -3.0 
-2.0 -3.0 0.0 -4.0 -1.0 0.0 -3.0 -3.0 -2.0 -2.0 -2.0 -2.0 -1.0 -1.0 -2.0 -4.0 -4.0 -3.0 0.0 -4.0 -1.0 -1.0 -3.0 -3.0 -1.0 -1.0 0.0 -2.0 -2.0 -4.0 -4.0 -3.0 0.0 -4.0 -3.0 -1.0 -3.0 0.0 -1.0 -1.0 0.0 0.0 -3.0 -4.0 -1.0 -3.0 -2.0 0.0 -4.0 -2.0 -1.0 -2.0 -4.0 -3.0 -1.0 0.0 -3.0 -1.0 -1.0 -1.0 -2.0 -3.0 -4.0 -1.0 -2.0 -3.0 0.0 -1.0 -3.0 -1.0 -3.0 0.0 -1.0 -1.0 -4.0 -3.0 -2.0 0.0 0.0 0.0 -2.0 0.0 0.0 -4.0 -1.0 -2.0 -1.0 0.0 -2.0 -2.0 -2.0 0.0 -4.0 -3.0 -3.0 -2.0 -3.0 -1.0 -2.0 -1.0 -1.0 -1.0 208.0 0.0 -1.0 -4.0 0.0 -2.0 -2.0 0.0 -1.0 -1.0 -4.0 -3.0 -2.0 
-1.0 -2.0 0.0 0.0 -4.0 0.0 -2.0 0.0 -4.0 -3.0 0.0 -2.0 -2.0 -3.0 -3.0 -2.0 -2.0 -4.0 -3.0 -3.0 -3.0 -1.0 -1.0 -3.0 -3.0 -1.0 -1.0 -4.0 -2.0 0.0 -2.0 -1.0 -3.0 -2.0 0.0 -3.0 -1.0 0.0 -3.0 -4.0 0.0 -1.0 -1.0 -2.0 0.0 -4.0 -1.0 -3.0 0.0 -3.0 0.0 -3.0 -1.0 -3.0 -2.0 -2.0 -3.0 -4.0 -2.0 -1.0 -3.0 -4.0 -3.0 0.0 -3.0 -2.0 0.0 0.0 -2.0 -2.0 -1.0 -2.0 0.0 -3.0 -2.0 0.0 -4.0 0.0 -2.0 -4.0 -4.0 -4.0 0.0 -4.0 -2.0 -1.0 -2.0 -3.0 -2.0 0.0 -1.0 -2.0 -1.0 -2.0 -1.0 -2.0 -4.0 0.0 -3.0 -4.0 -1.0 -2.0 0.0 216.0 -1.0 -3.0 -1.0 -4.0 -2.0 -4.0 -3.0 0.0 0.0 0.0 -2.0 
-3.0 0.0 0.0 -1.0 -3.0 0.0 -1.0 -2.0 0.0 -1.0 -4.0 -3.0 -3.0 -3.0 0.0 -3.0 -2.0 -2.0 0.0 -3.0 0.0 -2.0 -2.0 -2.0 -2.0 -2.0 -3.0 -3.0 -4.0 -3.0 -1.0 -3.0 -4.0 -1.0 -3.0 -2.0 -3.0 -4.0 -2.0 -2.0 -1.0 -2.0 -2.0 -2.0 -3.0 0.0 0.0 0.0 -1.0 -1.0 -1.0 -2.0 -4.0 -3.0 0.0 -2.0 -3.0 0.0 -3.0 -3.0 0.0 -1.0 -4.0 -1.0 -1.0 -1.0 -4.0 0.0 -2.0 0.0 -4.0 -4.0 -2.0 -2.0 -1.0 -1.0 -1.0 -2.0 -2.0 -3.0 -1.0 -4.0 -1.0 -2.0 -1.0 -3.0 -3.0 -2.0 -1.0 -2.0 -1.0 -1.0 0.0 -4.0 0.0 0.0 -2.0 -3.0 -3.0 0.0 -1.0 -2.0 -3.0 -1.0 201.0 0.0 0.0 -1.0 -1.0 -1.0 -2.0 0.0 -2.0 -1.0 -1.0 
-1.0 -2.0 -4.0 -1.0 0.0 -4.0 -3.0 -3.0 0.0 -3.0 0.0 -1.0 -2.0 -2.0 0.0 -3.0 0.0 -2.0 -1.0 0.0 -2.0 -1.0 -1.0 -4.0 -3.0 -3.0 -3.0 -2.0 -3.0 -2.0 0.0 0.0 -3.0 -4.0 -3.0 -4.0 -3.0 -1.0 -2.0 -4.0 0.0 0.0 -2.0 0.0 -2.0 -4.0 -3.0 -1.0 0.0 0.0 -3.0 -2.0 0.0 0.0 -4.0 -4.0 -4.0 0.0 -3.0 -3.0 -4.0 -3.0 -4.0 -3.0 -4.0 -1.0 0.0 0.0 -4.0 -2.0 -4.0 -3.0 -1.0 -1.0 -1.0 -3.0 -1.0 -4.0 -3.0 -2.0 -3.0 -1.0 0.0 -1.0 0.0 0.0 -1.0 0.0 0.0 -3.0 -2.0 -3.0 -3.0 0.0 0.0 -1.0 -2.0 -3.0 -2.0 -3.0 -3.0 -4.0 -4.0 -3.0 -1.0 219.0 0.0 -3.0 -4.0 -2.0 -1.0 0.0 -1.0 -1.0 -1.0 
-4.0 -4.0 -1.0 -2.0 0.0 0.0 -3.0 0.0 -3.0 -3.0 -3.0 -4.0 0.0 0.0 -3.0 -3.0 -1.0 -3.0 -2.0 -2.0 -2.0 -4.0 -3.0 -1.0 0.0 0.0 -3.0 -4.0 -3.0 -1.0 -4.0 -1.0 -3.0 -2.0 0.0 -2.0 0.0 -3.0 -3.0 -1.0 0.0 -2.0 -3.0 -3.0 -3.0 -3.0 -3.0 -2.0 -3.0 -3.0 0.0 0.0 -4.0 -4.0 -3.0 -2.0 -1.0 -3.0 0.0 -3.0 -1.0 0.0 -3.0 -1.0 -1.0 -2.0 0.0 -1.0 -4.0 -3.0 0.0 -2.0 0.0 -3.0 -3.0 -2.0 -4.0 -1.0 -2.0 -2.0 -1.0 -4.0 -1.0 -4.0 -3.0 -1.0 0.0 -3.0 -4.0 -1.0 0.0 -4.0 -4.0 0.0 -4.0 -1.0 -3.0 -3.0 -4.0 -3.0 -4.0 -4.0 -4.0 -1.0 0.0 -2.0 239.0 -2.0 -2.0 -1.0 -3.0 -4.0 0.0 0.0 -3.0 
-3.0 -4.0 -4.0 -3.0 0.0 -3.0 0.0 -3.0 0.0 -3.0 -3.0 0.0 -3.0 -2.0 -4.0 -3.0 -2.0 0.0 -1.0 -2.0 -1.0 -4.0 0.0 -4.0 -2.0 -4.0 -1.0 -4.0 -1.0 -3.0 0.0 -1.0 -3.0 -2.0 -1.0 -4.0 0.0 -1.0 -2.0 0.0 -3.0 -1.0 -4.0 -1.0 -2.0 0.0 0.0 -4.0 -4.0 -4.0 -3.0 -3.0 -1.0 -4.0 -4.0 -4.0 -3.0 0.0 -4.0 -4.0 -1.0 0.0 -4.0 -1.0 -2.0 -1.0 -1.0 -4.0 -4.0 -3.0 -2.0 -3.0 -4.0 -1.0 -1.0 0.0 -2.0 -4.0 -3.0 -3.0 -3.0 -4.0 -1.0 -2.0 -2.0 0.0 -4.0 0.0 -2.0 -1.0 -4.0 -1.0 -1.0 0.0 -4.0 -3.0 0.0 0.0 -4.0 -2.0 0.0 -3.0 0.0 0.0 -2.0 -4.0 -4.0 243.0 -1.0 -2.0 -4.0 -2.0 -1.0 -2.0 -2.0 
-1.0 -2.0 -1.0 -4.0 -3.0 -3.0 -4.0 0.0 -4.0 -3.0 0.0 0.0 -1.0 -3.0 -3.0 -3.0 0.0 0.0 0.0 -4.0 -3.0 0.0 -2.0 -4.0 -4.0 -4.0 -4.0 -3.0 0.0 0.0 -4.0 -3.0 -2.0 -4.0 0.0 -1.0 -3.0 -4.0 0.0 -2.0 -3.0 -4.0 -1.0 0.0 -2.0 0.0 -3.0 -1.0 -2.0 -3.0 -1.0 -2.0 -1.0 0.0 -2.0 -2.0 -1.0 -3.0 -3.0 -4.0 -2.0 -3.0 -1.0 -2.0 0.0 -4.0 -3.0 -1.0 -1.0 0.0 -3.0 -4.0 -1.0 -1.0 -4.0 -3.0 -4.0 -4.0 -1.0 -3.0 -4.0 -2.0 0.0 0.0 -2.0 -3.0 -2.0 -2.0 -1.0 0.0 -4.0 -1.0 0.0 0.0 -2.0 0.0 -4.0 -3.0 -4.0 -3.0 -1.0 -2.0 -4.0 -1.0 0.0 -3.0 -3.0 -3.0 240.0 -4.0 -4.0 -4.0 0.0 -2.0 -3.0 
-3.0 -3.0 -2.0 -2.0 -2.0 -2.0 -4.0 -3.0 0.0 -1.0 -1.0 -1.0 0.0 -4.0 -3.0 0.0 -3.0 -1.0 -4.0 -2.0 0.0 -2.0 -1.0 -1.0 0.0 -4.0 -1.0 -4.0 -3.0 -4.0 -4.0 0.0 -1.0 0.0 -2.0 -4.0 -4.0 0.0 -1.0 -2.0 -2.0 0.0 0.0 -4.0 -4.0 -3.0 -3.0 -4.0 -2.0 -1.0 -3.0 0.0 0.0 -3.0 -3.0 -3.0 -2.0 -1.0 0.0 -3.0 -1.0 -4.0 -3.0 -2.0 -3.0 -4.0 -4.0 -3.0 -3.0 -3.0 -1.0 -1.0 -1.0 -4.0 -4.0 -4.0 -2.0 -3.0 0.0 -3.0 -4.0 -1.0 0.0 0.0 -3.0 -3.0 -1.0 -1.0 -2.0 0.0 -2.0 0.0 -3.0 -1.0 -2.0 -2.0 -4.0 -1.0 -3.0 -1.0 -2.0 -3.0 -4.0 -3.0 -3.0 -3.0 -2.0 0.0 -3.0 237.0 -3.0 -2.0 -1.0 -1.0 0.0 
-1.0 -4.0 -4.0 -4.0 -1.0 -4.0 0.0 -2.0 -2.0 -4.0 -2.0 -2.0 -4.0 -2.0 -1.0 -1.0 -1.0 -3.0 -1.0 0.0 -3.0 -1.0 -3.0 -1.0 -1.0 -4.0 -4.0 -4.0 -2.0 -3.0 -3.0 0.0 -3.0 0.0 -1.0 -2.0 -1.0 -3.0 -3.0 -3.0 -3.0 -1.0 0.0 -1.0 -2.0 -4.0 0.0 -2.0 -4.0 0.0 -2.0 0.0 -1.0 -1.0 -2.0 -4.0 0.0 -1.0 -4.0 -4.0 0.0 -2.0 -2.0 -3.0 -1.0 -1.0 -1.0 -4.0 -3.0 0.0 -2.0 -2.0 -2.0 -2.0 -2.0 -3.0 -4.0 -1.0 -2.0 -4.0 -4.0 -3.0 0.0 0.0 -4.0 -2.0 -2.0 -4.0 -1.0 -4.0 0.0 -3.0 -3.0 -4.0 0.0 0.0 -3.0 -4.0 -4.0 -1.0 -4.0 0.0 -1.0 -4.0 -1.0 -2.0 -2.0 -3.0 -4.0 -4.0 246.0 -2.0 -2.0 -3.0 -3.0 
0.0 -1.0 -4.0 0.0 -3.0 -2.0 -4.0 -1.0 -4.0 -2.0 -3.0 -3.0 -3.0 -1.0 -4.0 -1.0 -4.0 0.0 0.0 -4.0 -2.0 -4.0 -3.0 0.0 -3.0 -2.0 0.0 -4.0 -2.0 -3.0 -4.0 0.0 0.0 0.0 -4.0 -2.0 -2.0 0.0 -1.0 -4.0 -1.0 -4.0 -2.0 -2.0 -3.0 -2.0 -2.0 -3.0 -4.0 -4.0 -2.0 -3.0 -2.0 -3.0 -3.0 -2.0 -3.0 0.0 -1.0 -1.0 0.0 0.0 0.0 0.0 -3.0 -3.0 0.0 -4.0 -3.0 0.0 -2.0 -3.0 -3.0 -1.0 -4.0 -4.0 -4.0 -1.0 -3.0 -3.0 0.0 -1.0 -1.0 -3.0 -2.0 -1.0 0.0 -2.0 0.0 -3.0 -1.0 -4.0 -2.0 -1.0 -1.0 -2.0 0.0 -4.0 -4.0 -4.0 -4.0 -3.0 -3.0 -4.0 -2.0 -1.0 -3.0 -3.0 -1.0 -2.0 -4.0 244.0 0.0 -3.0 -3.0 
-4.0 -4.0 0.0 -4.0 -3.0 0.0 -2.0 -1.0 -4.0 0.0 -2.0 0.0 -1.0 -1.0 -1.0 -3.0 -1.0 -1.0 0.0 -3.0 -1.0 -4.0 -4.0 -4.0 -3.0 -4.0 0.0 -2.0 0.0 -4.0 -4.0 -4.0 -1.0 -3.0 -2.0 -3.0 -3.0 0.0 -1.0 -3.0 -2.0 -4.0 -1.0 -1.0 -4.0 -4.0 -2.0 0.0 0.0 -4.0 0.0 -2.0 0.0 -1.0 -3.0 -2.0 -2.0 -1.0 -3.0 -2.0 0.0 -1.0 -3.0 -1.0 -1.0 -4.0 -4.0 -2.0 -3.0 0.0 -1.0 0.0 -3.0 -4.0 -1.0 -1.0 0.0 -2.0 0.0 -1.0 -1.0 -4.0 -3.0 -2.0 0.0 -4.0 -4.0 -2.0 -2.0 0.0 0.0 0.0 -2.0 -2.0 0.0 -4.0 0.0 -1.0 -2.0 -3.0 -2.0 -1.0 -4.0 0.0 -1.0 -3.0 -4.0 -4.0 -4.0 -4.0 -2.0 -4.0 229.0 -2.0 -3.0 
-2.0 -3.0 -1.0 -2.0 -2.0 -2.0 -3.0 -3.0 -4.0 0.0 -4.0 -4.0 -3.0 -2.0 -1.0 -2.0 0.0 0.0 -4.0 -4.0 -4.0 -3.0 -3.0 -2.0 -1.0 0.0 -1.0 -4.0 0.0 -1.0 -4.0 -1.0 -2.0 -1.0 0.0 0.0 0.0 -1.0 -2.0 -1.0 -4.0 -2.0 -3.0 -1.0 -1.0 -1.0 -2.0 -1.0 -2.0 0.0 -2.0 0.0 -4.0 -4.0 0.0 -1.0 -1.0 -4.0 -4.0 -3.0 -1.0 -3.0 -3.0 0.0 -3.0 0.0 -4.0 -2.0 -4.0 -4.0 -2.0 -4.0 0.0 -3.0 -2.0 -1.0 0.0 -1.0 -2.0 -4.0 0.0 -3.0 -1.0 0.0 0.0 0.0 -3.0 -3.0 -2.0 -3.0 -4.0 0.0 -1.0 -3.0 -2.0 -2.0 -1.0 0.0 -1.0 -1.0 -4.0 -1.0 -3.0 -2.0 0.0 -3.0 0.0 -4.0 -1.0 -3.0 -3.0 0.0 -3.0 220.0 -3.0 
0.0 -4.0 0.0 -2.0 -3.0 -2.0 0.0 0.0 -1.0 -3.0 -1.0 -3.0 -1.0 0.0 -2.0 -3.0 -2.0 0.0 -4.0 -2.0 -4.0 -2.0 -1.0 -3.0 -3.0 0.0 -3.0 0.0 -4.0 -4.0 -2.0 0.0 -3.0 -3.0 -1.0 -1.0 -4.0 0.0 -2.0 -3.0 -2.0 -4.0 0.0 -4.0 -2.0 -4.0 -3.0 -1.0 -4.0 -2.0 -4.0 0.0 -1.0 0.0 -4.0 -1.0 -2.0 -1.0 -2.0 -3.0 -3.0 -2.0 0.0 -4.0 -2.0 -2.0 -2.0 -4.0 -2.0 -4.0 -3.0 -1.0 0.0 -2.0 -2.0 0.0 -2.0 -1.0 -1.0 -1.0 0.0 -1.0 -3.0 -2.0 -4.0 -1.0 0.0 -4.0 -3.0 -2.0 -3.0 0.0 -2.0 -1.0 -1.0 -4.0 -1.0 -1.0 -3.0 -1.0 -4.0 -1.0 -3.0 0.0 0.0 -1.0 -4.0 -1.0 0.0 -1.0 -1.0 -3.0 -3.0 0.0 217.0 
