140.999936 -1.0 -1.0 -1.0 -1.0 -4.0 -2.0 -4.0 -3.0 -3.0 -2.0 -2.0 -3.0 -4.0 -4.0 0.0 -3.0 -4.0 -3.0 -2.0 -4.0 -2.0 -2.0 0.0 -3.0 -2.0 -4.0 -4.0 -1.0 -1.0 -3.0 0.0 -4.0 -1.0 -2.0 -2.0 -4.0 -2.0 -3.0 -3.0 -4.0 -4.0 -1.0 -1.0 -2.0 -2.0 0.0 -1.0 -4.0 -3.0 -2.0 0.0 0.0 -3.0 -2.0 -1.0 -1.0 -2.0 -2.0 -3.0 0.0 -4.0 -2.0 0.0 -3.0 
-1.0 100.0 0.0 0.0 0.0 -2.0 -1.0 -2.0 -2.0 -1.0 -3.0 0.0 -3.0 0.0 0.0 -3.0 -1.0 0.0 -3.0 -1.0 0.0 -2.0 -4.0 -3.0 -4.0 -4.0 -2.0 -2.0 -1.0 0.0 0.0 -1.0 -3.0 -1.0 -1.0 -2.0 -1.0 -1.0 0.0 -1.0 -1.0 0.0 0.0 -4.0 -1.0 -2.0 -2.0 -3.0 -1.0 -1.0 -2.0 -2.0 -3.0 -4.0 -2.0 0.0 0.0 -3.0 -4.0 -3.0 0.0 0.0 -3.0 0.0 -3.0 
0.0 -2.0 129.0 -4.0 -2.0 0.0 -1.0 -2.0 -1.0 0.0 -3.0 -1.0 -2.0 -2.0 -2.0 -4.0 -4.0 -3.0 -3.0 -1.0 -4.0 0.0 -3.0 -1.0 -4.0 -2.0 -2.0 0.0 -1.0 -1.0 -2.0 -2.0 -3.0 -3.0 -1.0 -2.0 -3.0 0.0 -1.0 -4.0 -2.0 -1.0 -1.0 -1.0 -4.0 0.0 -2.0 -4.0 -2.0 -4.0 -4.0 -2.0 -2.0 -4.0 -2.0 -2.0 -1.0 0.0 -1.0 -1.0 -2.0 -3.0 -1.0 -4.0 -3.0 
-3.0 -3.0 -2.0 130.0 0.0 -4.0 0.0 -2.0 -2.0 -1.0 -1.0 -1.0 -1.0 -1.0 -2.0 -2.0 -3.0 -2.0 -3.0 0.0 -1.0 0.0 -4.0 -3.0 -4.0 -1.0 -3.0 -4.0 -3.0 -3.0 -2.0 -4.0 -2.0 -1.0 -4.0 -1.0 -1.0 -3.0 -3.0 -2.0 -3.0 0.0 0.0 -2.0 -2.0 -3.0 -2.0 0.0 -2.0 -4.0 -1.0 -4.0 -3.0 -3.0 -4.0 -2.0 -3.0 0.0 -1.0 -3.0 -2.0 0.0 -2.0 -2.0 0.0 
-1.0 -3.0 -4.0 -4.0 120.0 -1.0 0.0 0.0 0.0 -3.0 0.0 0.0 -2.0 -2.0 -4.0 -1.0 -2.0 -4.0 0.0 0.0 -3.0 -2.0 -3.0 -3.0 0.0 -4.0 -1.0 0.0 0.0 -2.0 -2.0 -4.0 0.0 -2.0 -2.0 -1.0 -3.0 -3.0 -3.0 -2.0 -2.0 -2.0 -1.0 -2.0 0.0 -2.0 -3.0 -1.0 -3.0 -2.0 -1.0 -2.0 -3.0 0.0 -3.0 0.0 0.0 -2.0 -3.0 -3.0 -4.0 -3.0 -3.0 0.0 -4.0 
-2.0 0.0 -1.0 -4.0 -3.0 111.0 -1.0 -2.0 -1.0 -4.0 0.0 -3.0 -1.0 -2.0 0.0 -3.0 -4.0 -4.0 -2.0 -1.0 -2.0 -1.0 0.0 -2.0 0.0 -4.0 -3.0 -1.0 -1.0 -3.0 -2.0 0.0 -1.0 -3.0 0.0 0.0 -4.0 -1.0 -3.0 0.0 -1.0 -1.0 0.0 -3.0 -1.0 -2.0 -1.0 -3.0 -1.0 -2.0 -2.0 -1.0 0.0 -3.0 0.0 -1.0 -4.0 -4.0 0.0 0.0 -4.0 -4.0 0.0 -3.0 -1.0 
-1.0 -2.0 -4.0 0.0 0.0 -2.0 106.0 -1.0 -3.0 -2.0 -1.0 0.0 0.0 0.0 -1.0 -2.0 0.0 -3.0 -3.0 -3.0 -3.0 -4.0 -4.0 -3.0 -1.0 -2.0 0.0 -1.0 -3.0 0.0 0.0 -2.0 -3.0 -4.0 -4.0 -1.0 0.0 0.0 -3.0 -1.0 -2.0 -4.0 0.0 -2.0 -2.0 -1.0 0.0 -1.0 -3.0 -3.0 0.0 -1.0 0.0 0.0 -1.0 -2.0 -1.0 -1.0 0.0 -1.0 -3.0 -1.0 -4.0 -3.0 -3.0 
-2.0 -3.0 -3.0 -1.0 -3.0 0.0 -4.0 128.0 -4.0 -1.0 0.0 -3.0 0.0 -4.0 0.0 -1.0 -1.0 -2.0 -3.0 -3.0 -1.0 -2.0 -4.0 -1.0 0.0 -2.0 0.0 -2.0 -4.0 -3.0 -1.0 -1.0 -3.0 -1.0 -3.0 0.0 -2.0 -2.0 -2.0 -3.0 -3.0 0.0 -2.0 0.0 -2.0 -3.0 0.0 -3.0 -2.0 -4.0 -4.0 -2.0 -4.0 -4.0 0.0 -3.0 -2.0 -1.0 -1.0 0.0 -3.0 -4.0 -2.0 -3.0 -1.0 
-1.0 -1.0 -2.0 0.0 -3.0 0.0 -3.0 -4.0 125.0 -1.0 0.0 -1.0 -3.0 0.0 0.0 -3.0 -2.0 -2.0 0.0 0.0 -4.0 -4.0 -3.0 -4.0 -1.0 -2.0 -2.0 -2.0 0.0 0.0 -1.0 -3.0 -4.0 -2.0 0.0 -4.0 -4.0 -1.0 -1.0 -3.0 -1.0 -2.0 -1.0 0.0 -2.0 0.0 -4.0 -3.0 -3.0 -4.0 -3.0 -2.0 -4.0 0.0 -4.0 -4.0 -2.0 -2.0 -1.0 -4.0 -4.0 0.0 -1.0 0.0 -3.0 
0.0 0.0 -4.0 -3.0 -1.0 -4.0 -4.0 0.0 0.0 139.0 -3.0 -3.0 -4.0 -3.0 0.0 -1.0 -1.0 -4.0 -1.0 -1.0 -4.0 -2.0 -2.0 0.0 -2.0 -3.0 -4.0 -4.0 -4.0 -3.0 -1.0 0.0 -2.0 -4.0 -4.0 0.0 -2.0 -1.0 -4.0 -1.0 -2.0 -1.0 0.0 -4.0 0.0 0.0 -4.0 -4.0 -4.0 -3.0 -4.0 -1.0 0.0 -3.0 -2.0 -2.0 -3.0 -2.0 -3.0 -3.0 -1.0 -1.0 -3.0 -4.0 -1.0 
-1.0 -2.0 0.0 -3.0 0.0 -2.0 -1.0 -4.0 0.0 -4.0 131.0 0.0 0.0 0.0 -1.0 -4.0 -3.0 -4.0 -1.0 0.0 -3.0 -1.0 -1.0 0.0 0.0 -2.0 0.0 0.0 -3.0 -3.0 -3.0 -4.0 -4.0 -3.0 -1.0 -4.0 -3.0 -1.0 -4.0 -1.0 -4.0 -3.0 -2.0 -3.0 -3.0 -1.0 0.0 -2.0 -2.0 -4.0 -2.0 -4.0 -4.0 -2.0 -2.0 -3.0 -2.0 -4.0 -3.0 -2.0 0.0 -1.0 -2.0 -1.0 -4.0 
-3.0 -2.0 0.0 0.0 -1.0 -4.0 0.0 0.0 -1.0 0.0 -3.0 124.0 -1.0 -2.0 -1.0 -3.0 -1.0 -2.0 -4.0 -1.0 -3.0 -3.0 -3.0 -4.0 -2.0 -4.0 0.0 0.0 -2.0 -4.0 -1.0 -2.0 -3.0 0.0 -3.0 -3.0 -1.0 -4.0 -4.0 0.0 -3.0 -2.0 -2.0 -3.0 -3.0 0.0 -1.0 -4.0 0.0 -1.0 -3.0 -2.0 -4.0 -2.0 0.0 -2.0 0.0 -2.0 -1.0 -2.0 -3.0 0.0 -2.0 -4.0 -3.0 
0.0 -1.0 -2.0 0.0 -1.0 -3.0 -3.0 0.0 -4.0 0.0 -4.0 -4.0 143.0 -1.0 -3.0 -4.0 -3.0 -3.0 -4.0 -2.0 -4.0 -3.0 0.0 -1.0 -4.0 -3.0 -4.0 -1.0 -1.0 -3.0 -2.0 -4.0 -2.0 -4.0 -2.0 0.0 -3.0 -1.0 0.0 -2.0 -1.0 -4.0 -3.0 0.0 -3.0 -3.0 -3.0 0.0 -2.0 -3.0 -1.0 -1.0 -1.0 -2.0 -4.0 -1.0 -3.0 -2.0 -4.0 -1.0 -4.0 -4.0 0.0 -4.0 -3.0 
0.0 -4.0 0.0 -2.0 -1.0 -1.0 0.0 -3.0 -2.0 0.0 0.0 -4.0 -1.0 99.0 -2.0 0.0 -2.0 -4.0 0.0 -1.0 -2.0 -1.0 -3.0 -1.0 -2.0 -2.0 -3.0 -4.0 0.0 -1.0 0.0 -3.0 -1.0 -1.0 -2.0 0.0 -3.0 -1.0 -3.0 -1.0 -1.0 0.0 0.0 -4.0 -1.0 -4.0 0.0 0.0 -3.0 0.0 -3.0 -2.0 -4.0 0.0 -4.0 -2.0 -1.0 -1.0 -3.0 0.0 -2.0 -1.0 0.0 0.0 -2.0 
0.0 0.0 -1.0 -2.0 0.0 0.0 -2.0 -2.0 0.0 -3.0 0.0 -2.0 -4.0 -2.0 123.0 0.0 -1.0 -4.0 0.0 0.0 -3.0 0.0 -3.0 0.0 -4.0 -3.0 -1.0 -1.0 0.0 -2.0 0.0 -2.0 -1.0 -3.0 -2.0 0.0 -2.0 -3.0 -2.0 -2.0 -3.0 -2.0 -3.0 -3.0 -2.0 -4.0 -4.0 -2.0 -3.0 -4.0 0.0 0.0 -3.0 -3.0 -1.0 -4.0 -1.0 0.0 -4.0 -4.0 -4.0 -4.0 -3.0 -1.0 -4.0 
-2.0 -3.0 -3.0 0.0 -4.0 -2.0 -4.0 -4.0 -4.0 -2.0 -2.0 -1.0 -4.0 0.0 -4.0 156.0 -4.0 -2.0 -3.0 -2.0 -4.0 0.0 -4.0 -2.0 -1.0 -1.0 0.0 -2.0 -3.0 -4.0 -2.0 -2.0 -4.0 -4.0 -1.0 -4.0 0.0 -3.0 0.0 -4.0 -1.0 -1.0 -1.0 -4.0 -4.0 -1.0 -2.0 -4.0 -3.0 -3.0 -4.0 -4.0 -2.0 -3.0 -3.0 -4.0 0.0 -2.0 -2.0 -4.0 -2.0 -2.0 -1.0 0.0 -4.0 
-3.0 -4.0 0.0 -2.0 0.0 0.0 -1.0 -2.0 -2.0 0.0 -2.0 0.0 0.0 0.0 -2.0 -4.0 124.0 -2.0 -3.0 -4.0 0.0 -4.0 -4.0 -3.0 -2.0 -1.0 0.0 -1.0 -1.0 -2.0 -3.0 -3.0 -2.0 -3.0 -1.0 -3.0 -3.0 -4.0 0.0 -3.0 0.0 0.0 -1.0 -3.0 -3.0 -1.0 -2.0 0.0 -3.0 -3.0 -2.0 -3.0 -2.0 -4.0 0.0 -3.0 0.0 0.0 0.0 -4.0 -3.0 -4.0 -1.0 -4.0 -4.0 
-4.0 -1.0 -1.0 -4.0 -4.0 -2.0 0.0 -3.0 -3.0 0.0 -1.0 0.0 -1.0 -4.0 -4.0 -3.0 0.0 135.0 -3.0 -3.0 -2.0 -2.0 -1.0 -4.0 -4.0 -1.0 -3.0 -1.0 -4.0 -3.0 -3.0 -3.0 0.0 -4.0 -1.0 -3.0 -1.0 -3.0 -2.0 0.0 -4.0 -2.0 -2.0 0.0 -2.0 -4.0 -3.0 -1.0 -2.0 -3.0 -3.0 0.0 -3.0 -2.0 -1.0 -3.0 -4.0 0.0 -4.0 0.0 0.0 -1.0 -1.0 -4.0 0.0 
-4.0 -4.0 -2.0 -2.0 -1.0 -2.0 0.0 -2.0 -1.0 -2.0 -1.0 0.0 0.0 0.0 -3.0 -4.0 -1.0 -4.0 116.0 -2.0 0.0 -2.0 -1.0 -2.0 -1.0 0.0 -3.0 0.0 0.0 -4.0 0.0 -3.0 -1.0 -1.0 0.0 -2.0 -3.0 -3.0 0.0 -4.0 0.0 -4.0 -4.0 0.0 -4.0 -3.0 -1.0 -4.0 -1.0 -1.0 0.0 -4.0 -4.0 0.0 -1.0 -2.0 0.0 -4.0 0.0 -4.0 -1.0 -3.0 -2.0 -2.0 -2.0 
-3.0 -4.0 -3.0 -4.0 -2.0 -2.0 0.0 -4.0 -4.0 0.0 -1.0 -1.0 -3.0 -1.0 -1.0 -4.0 -1.0 -3.0 -4.0 134.0 -4.0 -2.0 -3.0 0.0 -3.0 -3.0 -3.0 -2.0 -3.0 -2.0 0.0 -2.0 -2.0 -1.0 -4.0 -1.0 -1.0 -3.0 0.0 -1.0 -2.0 0.0 -4.0 0.0 -2.0 -3.0 -2.0 -3.0 0.0 -4.0 0.0 0.0 -3.0 0.0 -4.0 -3.0 -4.0 -4.0 -3.0 -1.0 0.0 -3.0 -1.0 -3.0 0.0 
-3.0 -1.0 -1.0 -3.0 -2.0 -4.0 -4.0 -2.0 -3.0 -1.0 -2.0 -4.0 -2.0 0.0 -1.0 -1.0 -4.0 -3.0 -4.0 -1.0 128.0 -4.0 -3.0 -1.0 -2.0 -1.0 -3.0 -2.0 -3.0 0.0 -4.0 -4.0 0.0 -3.0 -3.0 0.0 -3.0 -1.0 0.0 -1.0 -1.0 -1.0 -3.0 -4.0 0.0 -4.0 -3.0 0.0 -3.0 -1.0 0.0 -1.0 -3.0 -2.0 -2.0 -1.0 -1.0 0.0 -1.0 0.0 -2.0 -1.0 -2.0 -4.0 -4.0 
-2.0 -2.0 0.0 -2.0 -4.0 -3.0 -3.0 -3.0 -2.0 0.0 -1.0 -2.0 -1.0 -1.0 0.0 -3.0 -4.0 -3.0 -3.0 -4.0 -1.0 124.0 -2.0 0.0 -4.0 -1.0 -1.0 0.0 -3.0 -2.0 -4.0 -4.0 -2.0 0.0 -1.0 -2.0 -4.0 -1.0 0.0 0.0 -2.0 -3.0 -2.0 -1.0 -3.0 0.0 -4.0 -4.0 -1.0 -2.0 -2.0 0.0 -4.0 0.0 0.0 -1.0 -3.0 0.0 -2.0 -3.0 -3.0 0.0 -1.0 -4.0 -4.0 
0.0 -4.0 -1.0 -3.0 -3.0 -3.0 -3.0 -4.0 -1.0 -2.0 0.0 0.0 -4.0 -2.0 -2.0 0.0 0.0 -2.0 -2.0 0.0 -2.0 0.0 118.0 -3.0 -3.0 -2.0 -2.0 -3.0 -1.0 -3.0 -4.0 -1.0 0.0 -4.0 -1.0 0.0 0.0 0.0 -3.0 -2.0 0.0 -2.0 -2.0 -4.0 -3.0 0.0 -3.0 -1.0 -1.0 -2.0 -3.0 -2.0 -1.0 -4.0 -4.0 -4.0 0.0 -2.0 0.0 -1.0 -2.0 -4.0 0.0 -2.0 -1.0 
-1.0 -2.0 -4.0 -2.0 -2.0 -1.0 -3.0 -3.0 -4.0 0.0 -4.0 -1.0 0.0 -1.0 -4.0 -3.0 -3.0 0.0 -2.0 -2.0 0.0 0.0 -4.0 134.0 -4.0 -4.0 -4.0 0.0 -4.0 -2.0 0.0 -2.0 -1.0 -3.0 -4.0 -1.0 -4.0 -1.0 -2.0 -1.0 -1.0 -2.0 -4.0 0.0 -1.0 -4.0 -1.0 -3.0 -3.0 0.0 -4.0 -3.0 -2.0 -4.0 -4.0 -3.0 -2.0 -2.0 -1.0 -2.0 -1.0 0.0 0.0 0.0 -4.0 
0.0 -4.0 0.0 -3.0 -2.0 -1.0 -4.0 -2.0 -1.0 -2.0 -2.0 -4.0 -3.0 0.0 -1.0 -1.0 -4.0 -2.0 -1.0 -4.0 -2.0 -3.0 -1.0 -4.0 122.0 -2.0 0.0 -2.0 -1.0 0.0 -1.0 0.0 -3.0 -1.0 -1.0 -3.0 0.0 -3.0 -4.0 -2.0 -1.0 0.0 0.0 -2.0 -2.0 -2.0 -3.0 -4.0 -3.0 -1.0 -4.0 -2.0 0.0 -3.0 -4.0 0.0 -1.0 -2.0 -2.0 -2.0 -3.0 -2.0 -3.0 -1.0 -1.0 
0.0 -3.0 -3.0 0.0 -1.0 -1.0 0.0 -1.0 -4.0 0.0 0.0 -1.0 -4.0 0.0 0.0 -4.0 -3.0 -3.0 -3.0 -2.0 -4.0 -3.0 -1.0 -1.0 -2.0 120.0 -2.0 0.0 -1.0 -1.0 -4.0 -3.0 -4.0 -4.0 -4.0 -2.0 -3.0 -2.0 -2.0 -1.0 -3.0 -3.0 -2.0 -4.0 -2.0 0.0 0.0 -2.0 0.0 -2.0 -4.0 -1.0 -3.0 -1.0 -2.0 -2.0 0.0 0.0 0.0 0.0 -2.0 -4.0 0.0 -2.0 -4.0 
0.0 0.0 -3.0 0.0 -2.0 -1.0 0.0 -2.0 -1.0 -4.0 0.0 0.0 0.0 -2.0 0.0 -3.0 -4.0 0.0 0.0 0.0 -1.0 -3.0 -1.0 -3.0 -4.0 -1.0 119.0 0.0 -4.0 -4.0 -2.0 0.0 0.0 -1.0 -1.0 -2.0 -2.0 -1.0 -3.0 -3.0 -4.0 -3.0 -4.0 -2.0 0.0 -4.0 -2.0 -3.0 -1.0 -4.0 -2.0 0.0 0.0 -2.0 -3.0 -4.0 -2.0 -4.0 -3.0 -1.0 -4.0 0.0 -4.0 -1.0 -4.0 
-2.0 -1.0 -3.0 -2.0 -4.0 -4.0 0.0 -2.0 -2.0 -4.0 0.0 -4.0 0.0 -3.0 -3.0 -4.0 -1.0 -2.0 -2.0 -1.0 -4.0 -3.0 -3.0 -1.0 -4.0 0.0 -2.0 150.0 -4.0 -2.0 -4.0 -4.0 0.0 -2.0 -3.0 -2.0 -1.0 -1.0 -2.0 -3.0 -2.0 -2.0 -4.0 -3.0 -3.0 0.0 -1.0 -3.0 -2.0 -3.0 -4.0 -4.0 -4.0 -1.0 -3.0 -2.0 0.0 -4.0 -2.0 -3.0 -2.0 -3.0 0.0 -4.0 -2.0 
-2.0 -2.0 -2.0 -1.0 -2.0 0.0 -2.0 -1.0 -1.0 -2.0 0.0 -3.0 -2.0 -2.0 -1.0 -2.0 -2.0 -2.0 -2.0 -3.0 0.0 0.0 -3.0 -1.0 -2.0 -4.0 -2.0 -1.0 129.0 -4.0 -3.0 -4.0 0.0 -4.0 0.0 0.0 -2.0 0.0 -1.0 -3.0 -3.0 -4.0 -1.0 -3.0 -2.0 -3.0 -2.0 -2.0 -4.0 -2.0 -4.0 -1.0 -4.0 0.0 -4.0 -2.0 -4.0 0.0 -2.0 0.0 -3.0 -4.0 -3.0 -2.0 -2.0 
0.0 -1.0 -3.0 -2.0 -1.0 0.0 -4.0 -2.0 0.0 -2.0 -2.0 -2.0 0.0 0.0 -2.0 -2.0 -4.0 -2.0 -2.0 0.0 -1.0 -1.0 0.0 0.0 -1.0 0.0 -4.0 -2.0 -4.0 121.0 -3.0 -1.0 -4.0 -2.0 -4.0 -2.0 0.0 -1.0 -4.0 -2.0 -2.0 0.0 -2.0 0.0 -3.0 -4.0 -3.0 0.0 -2.0 -1.0 -2.0 -2.0 -3.0 -3.0 -1.0 -3.0 -4.0 0.0 -4.0 -1.0 -1.0 -4.0 -4.0 -4.0 -1.0 
-3.0 -3.0 -4.0 0.0 0.0 -1.0 -1.0 -3.0 0.0 -4.0 -2.0 -4.0 0.0 -3.0 -3.0 0.0 -3.0 -3.0 0.0 -1.0 -4.0 -1.0 -4.0 0.0 -2.0 -1.0 -4.0 0.0 -2.0 -1.0 131.0 -4.0 0.0 0.0 -1.0 0.0 -2.0 -2.0 -2.0 -4.0 -3.0 -2.0 -4.0 -1.0 -2.0 -3.0 -1.0 0.0 -4.0 -4.0 -3.0 0.0 -3.0 -1.0 -2.0 -2.0 0.0 0.0 -4.0 -4.0 -4.0 -2.0 -4.0 -4.0 -2.0 
-4.0 -2.0 -2.0 -2.0 0.0 -4.0 0.0 0.0 -2.0 -4.0 0.0 -2.0 0.0 -3.0 0.0 -1.0 -2.0 0.0 -2.0 -2.0 -1.0 -2.0 0.0 -3.0 -1.0 -2.0 -3.0 0.0 -2.0 -3.0 0.0 106.0 -3.0 0.0 -3.0 0.0 -1.0 -1.0 -4.0 -2.0 -4.0 -4.0 -1.0 0.0 0.0 -2.0 0.0 -4.0 0.0 -4.0 0.0 -3.0 0.0 0.0 0.0 -4.0 -2.0 -3.0 0.0 -1.0 -3.0 -3.0 0.0 -1.0 -4.0 
-1.0 -3.0 -1.0 0.0 -1.0 0.0 -4.0 -4.0 -2.0 -2.0 -1.0 -2.0 -4.0 0.0 -1.0 -2.0 -4.0 -4.0 -3.0 -3.0 -2.0 0.0 -4.0 -2.0 -3.0 -2.0 -3.0 -2.0 -4.0 -2.0 -2.0 -2.0 138.0 -3.0 -2.0 -1.0 -1.0 -4.0 0.0 -3.0 -2.0 -4.0 -4.0 -3.0 -2.0 0.0 -4.0 -2.0 -3.0 -2.0 -1.0 -4.0 0.0 -4.0 0.0 -1.0 -2.0 -2.0 -1.0 0.0 -1.0 -4.0 -1.0 -3.0 -4.0 
-4.0 -4.0 -1.0 -3.0 -4.0 -2.0 0.0 0.0 -3.0 -4.0 -3.0 -2.0 -2.0 -3.0 -2.0 -4.0 -4.0 -1.0 -2.0 -3.0 -4.0 -2.0 -3.0 -4.0 -3.0 0.0 -4.0 -2.0 -1.0 -2.0 -4.0 -1.0 -4.0 144.0 -2.0 -2.0 -2.0 -2.0 0.0 -1.0 -4.0 -2.0 -4.0 -1.0 -2.0 -2.0 -4.0 -3.0 0.0 -1.0 -1.0 -4.0 -4.0 -1.0 0.0 -3.0 0.0 0.0 -2.0 -3.0 0.0 -1.0 -4.0 -4.0 0.0 
-3.0 0.0 -4.0 -2.0 -3.0 -4.0 -3.0 -2.0 -1.0 -2.0 -1.0 0.0 -1.0 0.0 -2.0 0.0 0.0 -3.0 0.0 -2.0 -3.0 -4.0 -3.0 -3.0 -3.0 0.0 -3.0 -3.0 -3.0 -4.0 -3.0 0.0 -3.0 -4.0 117.0 -4.0 -3.0 -4.0 0.0 -1.0 0.0 -1.0 -1.0 -1.0 -4.0 0.0 -2.0 -1.0 0.0 -1.0 -2.0 0.0 -2.0 -3.0 -2.0 -2.0 0.0 -1.0 -3.0 0.0 -2.0 -2.0 0.0 0.0 -3.0 
0.0 0.0 -3.0 -4.0 0.0 -3.0 -2.0 0.0 -3.0 -2.0 0.0 -4.0 -2.0 0.0 -2.0 -2.0 -1.0 -3.0 -1.0 -4.0 0.0 -1.0 -1.0 0.0 -2.0 -1.0 -1.0 0.0 0.0 -3.0 -2.0 -4.0 -1.0 -4.0 -3.0 110.0 0.0 -1.0 0.0 -2.0 -2.0 0.0 -2.0 0.0 -2.0 -4.0 -1.0 -2.0 -2.0 -1.0 0.0 -4.0 -4.0 -2.0 -4.0 -1.0 -4.0 0.0 -3.0 -2.0 -3.0 -1.0 -1.0 -3.0 0.0 
-4.0 -1.0 0.0 -1.0 -2.0 0.0 -3.0 -2.0 -2.0 0.0 -3.0 -3.0 -1.0 -4.0 0.0 -2.0 0.0 -4.0 -3.0 -2.0 0.0 -1.0 -2.0 0.0 -3.0 -3.0 -3.0 -2.0 0.0 -2.0 -2.0 -3.0 0.0 -4.0 -3.0 -4.0 123.0 -1.0 -3.0 -3.0 0.0 -2.0 -4.0 -2.0 -4.0 -1.0 -3.0 0.0 -3.0 -1.0 -1.0 -3.0 -3.0 -1.0 -3.0 -1.0 -3.0 0.0 -1.0 -3.0 0.0 -4.0 0.0 -2.0 -2.0 
-2.0 -4.0 -3.0 -1.0 -4.0 -3.0 -1.0 -2.0 -4.0 -3.0 0.0 -3.0 0.0 -4.0 0.0 -4.0 -1.0 -1.0 -1.0 -2.0 -2.0 -3.0 -2.0 0.0 0.0 0.0 -3.0 -2.0 0.0 -4.0 0.0 -1.0 -4.0 -3.0 -4.0 -4.0 -1.0 132.0 -1.0 0.0 0.0 -1.0 -4.0 -3.0 -3.0 -3.0 -3.0 -4.0 -3.0 -1.0 -2.0 -3.0 -1.0 -3.0 -3.0 -2.0 -2.0 0.0 -3.0 -4.0 -4.0 0.0 0.0 -1.0 -2.0 
-3.0 -1.0 -4.0 -4.0 -1.0 0.0 -4.0 0.0 -2.0 -4.0 -4.0 -4.0 -2.0 -2.0 -1.0 -1.0 -4.0 -3.0 -1.0 -4.0 -3.0 0.0 -4.0 0.0 -4.0 -3.0 -3.0 0.0 -2.0 -3.0 -3.0 -4.0 -4.0 -2.0 -4.0 -2.0 -4.0 -2.0 147.0 -3.0 -4.0 -3.0 0.0 -2.0 -1.0 0.0 -1.0 -3.0 -3.0 -1.0 -1.0 -3.0 -2.0 -1.0 0.0 -3.0 -4.0 -4.0 -2.0 0.0 -2.0 -3.0 -4.0 -1.0 0.0 
-2.0 -1.0 -3.0 -1.0 -1.0 0.0 -1.0 0.0 -3.0 -3.0 -4.0 -2.0 -2.0 -4.0 -1.0 -1.0 -1.0 -4.0 -4.0 -2.0 -4.0 -3.0 -3.0 -3.0 0.0 -4.0 -4.0 -1.0 -1.0 -1.0 -2.0 0.0 0.0 0.0 -1.0 -1.0 -3.0 -1.0 -4.0 120.0 -2.0 -1.0 -4.0 -1.0 0.0 -2.0 -2.0 -4.0 -1.0 0.0 -2.0 -3.0 -3.0 -4.0 -2.0 -1.0 -3.0 -1.0 0.0 -3.0 -1.0 -3.0 0.0 -1.0 0.0 
-3.0 -2.0 0.0 0.0 0.0 -1.0 -1.0 -1.0 -2.0 0.0 0.0 -2.0 -1.0 -2.0 -1.0 0.0 0.0 0.0 -3.0 -3.0 0.0 -1.0 -4.0 -3.0 -1.0 0.0 -1.0 -4.0 -2.0 -4.0 0.0 -2.0 -3.0 -2.0 -4.0 0.0 -2.0 0.0 -2.0 -1.0 103.0 -2.0 0.0 -4.0 0.0 -1.0 -1.0 -3.0 0.0 -2.0 -1.0 -2.0 -2.0 0.0 -3.0 -4.0 -1.0 -1.0 -2.0 -4.0 -1.0 -2.0 -2.0 -4.0 -3.0 
-2.0 -2.0 -1.0 -3.0 -3.0 0.0 0.0 -3.0 -2.0 0.0 -4.0 0.0 -2.0 -3.0 0.0 -4.0 0.0 -2.0 0.0 -1.0 -2.0 -1.0 -2.0 -2.0 -2.0 0.0 -1.0 0.0 0.0 -3.0 -2.0 -4.0 -1.0 -3.0 -3.0 -1.0 -4.0 -1.0 -4.0 0.0 -1.0 123.0 -1.0 -2.0 -2.0 -2.0 -3.0 -4.0 -3.0 -4.0 -4.0 -2.0 -1.0 -1.0 0.0 -2.0 -3.0 0.0 -1.0 -3.0 -3.0 -4.0 -3.0 -2.0 -4.0 
0.0 -2.0 -1.0 -4.0 -1.0 -3.0 -4.0 -3.0 -1.0 -1.0 -2.0 -4.0 0.0 0.0 -1.0 -3.0 -1.0 -4.0 0.0 0.0 0.0 -4.0 -1.0 -1.0 -1.0 -3.0 -4.0 -2.0 -4.0 -2.0 -4.0 -1.0 0.0 -4.0 -4.0 -2.0 -1.0 -2.0 -3.0 0.0 -2.0 -1.0 131.0 0.0 -3.0 -4.0 -1.0 -2.0 -2.0 -3.0 -2.0 -1.0 -3.0 -1.0 -2.0 -4.0 -2.0 -2.0 -3.0 -3.0 -3.0 -2.0 -1.0 -4.0 -2.0 
-3.0 -1.0 -2.0 -3.0 -3.0 -2.0 -1.0 -2.0 -1.0 -1.0 -2.0 -1.0 -1.0 -4.0 0.0 -4.0 0.0 -2.0 -1.0 -3.0 -2.0 -3.0 -4.0 0.0 -1.0 -2.0 -2.0 -2.0 -3.0 -2.0 -1.0 -3.0 -1.0 -1.0 0.0 -2.0 -1.0 -1.0 0.0 -2.0 0.0 0.0 -3.0 121.0 -4.0 -3.0 -2.0 0.0 -4.0 -3.0 -2.0 -3.0 0.0 -3.0 -1.0 -1.0 -4.0 -3.0 0.0 -2.0 -2.0 -3.0 -4.0 -2.0 -2.0 
0.0 -2.0 -2.0 -3.0 -2.0 -4.0 -4.0 0.0 0.0 -2.0 -4.0 -4.0 0.0 -1.0 -3.0 0.0 0.0 -2.0 -2.0 -4.0 -2.0 -3.0 -2.0 -2.0 -3.0 -3.0 -4.0 -2.0 0.0 -2.0 -2.0 -2.0 -2.0 0.0 -1.0 -1.0 -3.0 -4.0 0.0 -1.0 -3.0 -4.0 -1.0 -3.0 139.0 -1.0 -4.0 -3.0 -1.0 -3.0 -4.0 0.0 -4.0 -2.0 -4.0 -3.0 -4.0 -1.0 -4.0 -1.0 -2.0 -3.0 -1.0 -4.0 -1.0 
-4.0 -1.0 -4.0 -3.0 -1.0 -2.0 -4.0 -3.0 -3.0 -3.0 0.0 0.0 -4.0 0.0 0.0 -2.0 -2.0 -4.0 -4.0 0.0 0.0 0.0 -4.0 0.0 -1.0 -3.0 -2.0 0.0 -1.0 0.0 -1.0 0.0 -2.0 0.0 -4.0 -1.0 -4.0 -3.0 -2.0 -4.0 -4.0 -1.0 -4.0 0.0 -4.0 130.0 0.0 -1.0 -4.0 -3.0 -1.0 -1.0 -1.0 -3.0 -2.0 -1.0 -2.0 -1.0 -2.0 -2.0 -4.0 -2.0 -4.0 -4.0 -3.0 
-4.0 -4.0 -4.0 -1.0 -4.0 -4.0 -4.0 -4.0 -1.0 -1.0 -3.0 -1.0 -4.0 0.0 -2.0 -4.0 -2.0 -1.0 -1.0 0.0 -1.0 -1.0 -1.0 -1.0 -2.0 -1.0 -4.0 -1.0 0.0 -1.0 -4.0 -2.0 0.0 -4.0 -4.0 -2.0 -3.0 -3.0 -4.0 -3.0 -2.0 0.0 0.0 -4.0 -3.0 -4.0 146.0 -3.0 -1.0 -3.0 -4.0 -3.0 -4.0 0.0 -1.0 -1.0 -2.0 -4.0 -4.0 -3.0 -1.0 -1.0 -4.0 -3.0 0.0 
-2.0 -4.0 0.0 -3.0 -4.0 -1.0 0.0 -4.0 0.0 -4.0 -1.0 -3.0 -2.0 0.0 -3.0 -2.0 -3.0 -3.0 -3.0 -1.0 -1.0 0.0 0.0 -1.0 -4.0 -3.0 -4.0 -2.0 -1.0 0.0 -4.0 0.0 -1.0 -1.0 -1.0 -2.0 0.0 -1.0 0.0 -4.0 -2.0 -4.0 -3.0 -4.0 -1.0 -2.0 -4.0 133.0 -4.0 -3.0 0.0 -4.0 -4.0 -1.0 -1.0 -3.0 -3.0 -2.0 -4.0 -2.0 -3.0 -1.0 -1.0 -3.0 -1.0 
-3.0 -1.0 -4.0 -4.0 -4.0 0.0 -3.0 -3.0 -2.0 0.0 -2.0 -4.0 0.0 -3.0 -2.0 -3.0 -1.0 -1.0 0.0 -3.0 -3.0 -3.0 -3.0 -3.0 -3.0 -4.0 -3.0 -1.0 -1.0 -2.0 -4.0 0.0 0.0 -3.0 -2.0 0.0 0.0 -3.0 0.0 -3.0 -1.0 -3.0 -4.0 0.0 -3.0 -4.0 0.0 -2.0 136.0 -1.0 -4.0 -3.0 -3.0 0.0 -1.0 0.0 -4.0 -4.0 -2.0 -3.0 -3.0 -2.0 -4.0 0.0 -1.0 
-1.0 -1.0 -1.0 -2.0 -1.0 -2.0 -3.0 0.0 -1.0 -3.0 -4.0 -3.0 -3.0 -2.0 0.0 -1.0 -1.0 -2.0 0.0 -2.0 -2.0 -4.0 -3.0 -1.0 -2.0 -2.0 -1.0 -3.0 -1.0 -1.0 -3.0 -2.0 -2.0 -2.0 -2.0 -1.0 0.0 -4.0 -2.0 -4.0 -3.0 -2.0 -3.0 -1.0 -4.0 -3.0 -4.0 -1.0 -3.0 126.0 -3.0 -2.0 -1.0 0.0 -4.0 -2.0 -1.0 -3.0 -1.0 -3.0 -3.0 0.0 -1.0 0.0 -3.0 
-4.0 -3.0 -3.0 -4.0 -2.0 -2.0 -4.0 -3.0 0.0 -1.0 0.0 -1.0 -1.0 -1.0 -2.0 -1.0 0.0 -4.0 -1.0 -1.0 0.0 -1.0 -2.0 -3.0 -2.0 -3.0 -2.0 -2.0 0.0 0.0 -3.0 -3.0 -2.0 -3.0 -2.0 0.0 -2.0 -1.0 -1.0 -2.0 -1.0 -4.0 -4.0 -2.0 -4.0 -1.0 -1.0 -3.0 -1.0 -3.0 132.0 -1.0 -4.0 -1.0 -4.0 -4.0 0.0 -3.0 -3.0 -4.0 -4.0 -2.0 -1.0 -3.0 -2.0 
0.0 -2.0 0.0 -3.0 -4.0 -1.0 -2.0 -2.0 0.0 -1.0 -2.0 -4.0 -2.0 -2.0 -3.0 -3.0 -3.0 -2.0 -1.0 -2.0 -2.0 0.0 -4.0 -4.0 0.0 -1.0 0.0 0.0 -4.0 -3.0 -3.0 -2.0 -3.0 0.0 0.0 -3.0 -3.0 -2.0 -2.0 -4.0 0.0 -1.0 -3.0 -4.0 -1.0 -4.0 -4.0 -3.0 -2.0 -1.0 -4.0 131.0 -3.0 -1.0 -1.0 -3.0 -3.0 0.0 -3.0 -2.0 -1.0 0.0 -1.0 -4.0 -3.0 
-3.0 -1.0 -1.0 -4.0 -3.0 -2.0 -2.0 -4.0 -1.0 -1.0 -1.0 0.0 0.0 -4.0 -2.0 -3.0 -2.0 -4.0 -3.0 -4.0 -3.0 -4.0 -2.0 -4.0 0.0 -2.0 -1.0 0.0 -4.0 -1.0 -2.0 -4.0 -4.0 -3.0 -1.0 -3.0 -1.0 0.0 -2.0 -2.0 0.0 -2.0 -4.0 -4.0 -2.0 -4.0 -1.0 -2.0 -2.0 -4.0 0.0 -2.0 141.0 -2.0 -4.0 -1.0 -3.0 0.0 -2.0 0.0 -4.0 0.0 -4.0 -4.0 -2.0 
-3.0 0.0 -1.0 -1.0 -4.0 0.0 -3.0 -4.0 -3.0 -1.0 -3.0 -4.0 -4.0 -1.0 -3.0 -2.0 -3.0 -1.0 -2.0 -2.0 -3.0 -2.0 -4.0 -2.0 -2.0 -1.0 -4.0 -2.0 -1.0 -1.0 -3.0 -4.0 0.0 0.0 -3.0 -1.0 -1.0 -2.0 -3.0 -2.0 -2.0 0.0 -3.0 -3.0 -1.0 -4.0 -1.0 -3.0 0.0 -1.0 0.0 -4.0 0.0 126.0 -4.0 -1.0 -2.0 -1.0 -4.0 -3.0 0.0 -1.0 -1.0 -1.0 0.0 
-1.0 -3.0 -3.0 -1.0 -1.0 -1.0 -4.0 -3.0 -3.0 -2.0 -4.0 -3.0 -4.0 -3.0 -3.0 0.0 -2.0 -1.0 -4.0 -1.0 -4.0 -4.0 0.0 -4.0 0.0 0.0 -3.0 -4.0 -4.0 -4.0 -4.0 -2.0 -4.0 0.0 -3.0 -4.0 -2.0 -4.0 -1.0 0.0 -3.0 -1.0 0.0 0.0 -1.0 -4.0 -2.0 -1.0 -3.0 -3.0 0.0 -1.0 -1.0 -2.0 141.0 0.0 -3.0 -2.0 -4.0 -1.0 -3.0 -3.0 -1.0 -1.0 -3.0 
-1.0 0.0 0.0 -1.0 -1.0 0.0 -4.0 -1.0 0.0 -1.0 -4.0 0.0 -1.0 -1.0 -4.0 -1.0 -3.0 -1.0 -3.0 -4.0 -1.0 -4.0 -1.0 -3.0 -3.0 0.0 -2.0 -3.0 -2.0 -1.0 -3.0 -4.0 -4.0 -2.0 0.0 -1.0 -4.0 -2.0 0.0 -3.0 0.0 -1.0 -4.0 -1.0 -3.0 -2.0 -3.0 -1.0 -1.0 -3.0 -2.0 -4.0 -1.0 0.0 -2.0 122.0 -1.0 -3.0 -4.0 -1.0 -4.0 -3.0 -2.0 -1.0 -1.0 
-4.0 -2.0 -3.0 0.0 0.0 -3.0 -4.0 -2.0 -3.0 -1.0 -1.0 -2.0 -1.0 0.0 -1.0 -1.0 0.0 0.0 -4.0 0.0 0.0 -4.0 -1.0 -3.0 -2.0 -1.0 -2.0 -2.0 0.0 -2.0 0.0 0.0 -1.0 -3.0 -3.0 -1.0 0.0 -3.0 -4.0 0.0 0.0 -1.0 -4.0 0.0 -4.0 -3.0 -1.0 -2.0 -2.0 0.0 -3.0 -2.0 -3.0 -3.0 -3.0 -4.0 118.0 -4.0 -3.0 -3.0 -2.0 -1.0 -1.0 -2.0 -3.0 
-4.0 -4.0 0.0 0.0 -1.0 -1.0 -4.0 -1.0 -3.0 -3.0 -3.0 -1.0 -2.0 -4.0 0.0 0.0 -2.0 -1.0 0.0 0.0 -1.0 0.0 -2.0 -1.0 -3.0 0.0 -1.0 -3.0 -4.0 -1.0 -2.0 -2.0 -1.0 -2.0 -4.0 -2.0 -1.0 0.0 -2.0 -2.0 -2.0 0.0 -2.0 -2.0 -1.0 -4.0 0.0 -2.0 0.0 -1.0 0.0 -4.0 -1.0 -4.0 0.0 -1.0 0.0 107.0 0.0 -3.0 -2.0 0.0 -4.0 -2.0 -4.0 
-2.0 0.0 -2.0 -3.0 -2.0 0.0 -4.0 -2.0 -1.0 -1.0 -1.0 -3.0 -2.0 -2.0 0.0 -3.0 -4.0 0.0 -4.0 0.0 0.0 -3.0 -3.0 -4.0 -1.0 0.0 -3.0 -3.0 -4.0 0.0 -1.0 -4.0 0.0 -3.0 -3.0 0.0 -2.0 0.0 -4.0 -4.0 -2.0 -4.0 -4.0 0.0 -4.0 0.0 -4.0 0.0 -3.0 0.0 -4.0 -4.0 -3.0 -4.0 0.0 -2.0 -2.0 -3.0 138.0 -4.0 -4.0 -2.0 -3.0 0.0 -4.0 
-4.0 -2.0 0.0 -4.0 -4.0 -1.0 -4.0 -2.0 -3.0 -1.0 -2.0 -1.0 -3.0 -3.0 -2.0 -2.0 -4.0 -3.0 -3.0 -2.0 -4.0 0.0 -3.0 -3.0 -4.0 0.0 -1.0 -4.0 -2.0 -3.0 -3.0 -1.0 -3.0 -2.0 -2.0 -4.0 -3.0 -3.0 0.0 -2.0 0.0 -3.0 0.0 0.0 -3.0 -4.0 0.0 -4.0 -4.0 -4.0 -4.0 0.0 -2.0 -2.0 -2.0 -2.0 -3.0 -4.0 -3.0 152.0 -3.0 0.0 -1.0 -4.0 -3.0 
-3.0 -1.0 -2.0 -3.0 -1.0 -3.0 -4.0 -4.0 -1.0 -3.0 0.0 -2.0 -3.0 0.0 -3.0 -3.0 0.0 -2.0 -3.0 0.0 -3.0 -2.0 -1.0 -2.0 -1.0 -2.0 0.0 0.0 0.0 -2.0 0.0 0.0 -3.0 -2.0 -1.0 -4.0 -1.0 -4.0 -2.0 -4.0 -2.0 -3.0 -2.0 0.0 -2.0 0.0 -1.0 0.0 -4.0 -2.0 -3.0 -4.0 -3.0 -4.0 -3.0 -2.0 -1.0 -1.0 0.0 -4.0 123.0 0.0 -3.0 -4.0 0.0 
0.0 -1.0 -2.0 -1.0 -3.0 -1.0 -1.0 -1.0 -1.0 -3.0 -2.0 -4.0 -2.0 0.0 -2.0 -4.0 -3.0 -1.0 -4.0 0.0 -1.0 -3.0 0.0 -3.0 -1.0 -4.0 0.0 -3.0 0.0 -1.0 -3.0 -1.0 -2.0 -1.0 -1.0 -3.0 -4.0 -4.0 -2.0 0.0 -3.0 -3.0 -1.0 -4.0 -4.0 -3.0 -3.0 -2.0 -4.0 0.0 -2.0 0.0 0.0 -3.0 -2.0 -4.0 -1.0 0.0 -4.0 -3.0 -4.0 130.0 -2.0 -1.0 -4.0 
-4.0 -1.0 0.0 -4.0 -2.0 0.0 -4.0 -2.0 -4.0 0.0 0.0 -4.0 -2.0 0.0 -2.0 -2.0 0.0 -1.0 -1.0 -3.0 -3.0 0.0 0.0 -3.0 -4.0 0.0 -1.0 -1.0 0.0 0.0 -2.0 -1.0 -4.0 -4.0 -2.0 -1.0 -2.0 -3.0 0.0 -3.0 0.0 -2.0 -4.0 -4.0 0.0 -4.0 -2.0 -3.0 -3.0 -3.0 -4.0 0.0 0.0 -1.0 -3.0 -4.0 -3.0 -4.0 0.0 -2.0 -1.0 -3.0 125.0 -4.0 -1.0 
-1.0 -3.0 0.0 -1.0 -3.0 -1.0 -4.0 0.0 -4.0 0.0 -4.0 -3.0 -4.0 -2.0 -1.0 -4.0 -2.0 -4.0 -2.0 -2.0 -3.0 -3.0 -1.0 -4.0 -2.0 -2.0 -2.0 -1.0 -3.0 0.0 0.0 -3.0 -2.0 -2.0 0.0 -1.0 -2.0 -4.0 -1.0 -3.0 -4.0 -3.0 -4.0 -1.0 -3.0 -3.0 -1.0 -2.0 -3.0 0.0 -1.0 -2.0 -3.0 -2.0 -2.0 -3.0 -3.0 -2.0 -4.0 -3.0 -3.0 -2.0 0.0 141.0 -3.0 
-2.0 -3.0 0.0 -4.0 -3.0 -4.0 -4.0 -2.0 -1.0 -4.0 -2.0 -4.0 -4.0 -1.0 -2.0 -4.0 -4.0 -4.0 -4.0 -1.0 -4.0 -3.0 0.0 -3.0 -1.0 0.0 -3.0 -1.0 0.0 -1.0 -4.0 -4.0 -3.0 -1.0 -1.0 -4.0 0.0 -2.0 -3.0 -2.0 0.0 -1.0 0.0 -4.0 -2.0 0.0 -3.0 -1.0 -3.0 -1.0 -1.0 0.0 -3.0 -4.0 -1.0 -2.0 -4.0 0.0 -4.0 0.0 -2.0 0.0 -3.0 -2.0 138.0 
