221.999886 -3.0 -3.0 -4.0 0.0 -3.0 0.0 0.0 -1.0 -2.0 -4.0 -3.0 -3.0 -1.0 -1.0 -1.0 -1.0 0.0 -2.0 -1.0 -2.0 -1.0 -3.0 -3.0 -3.0 -4.0 -1.0 -1.0 -1.0 -1.0 0.0 -4.0 -1.0 -3.0 -2.0 0.0 0.0 -2.0 -4.0 -4.0 -3.0 -3.0 -2.0 -3.0 -2.0 -4.0 -1.0 -4.0 -1.0 -4.0 -4.0 -4.0 0.0 -4.0 -1.0 -1.0 -4.0 -4.0 -4.0 -2.0 -1.0 0.0 -4.0 -1.0 -2.0 -2.0 -2.0 -3.0 -3.0 -1.0 -3.0 -4.0 -4.0 -3.0 0.0 0.0 0.0 -2.0 -3.0 -2.0 -2.0 -3.0 -1.0 -1.0 -4.0 -3.0 0.0 -4.0 0.0 -1.0 0.0 0.0 -1.0 -3.0 -3.0 -2.0 -1.0 -3.0 -4.0 -1.0 -1.0 -1.0 -1.0 -1.0 0.0 -1.0 -1.0 -2.0 -1.0 -1.0 -1.0 0.0 -1.0 -2.0 -3.0 
-2.0 214.0 0.0 -4.0 -2.0 -1.0 -1.0 -1.0 -3.0 -2.0 0.0 -1.0 -1.0 0.0 -1.0 0.0 -4.0 -1.0 0.0 -4.0 0.0 0.0 -1.0 -4.0 0.0 0.0 -3.0 -3.0 -3.0 -2.0 0.0 0.0 -1.0 -2.0 -1.0 -4.0 -2.0 -4.0 -3.0 -2.0 -2.0 -1.0 -2.0 -1.0 -2.0 -4.0 -4.0 -4.0 -1.0 -2.0 -4.0 -2.0 -1.0 -4.0 -1.0 -3.0 0.0 -1.0 0.0 -1.0 0.0 -2.0 -1.0 -1.0 -3.0 -1.0 -1.0 -4.0 -1.0 -4.0 -1.0 -3.0 0.0 -3.0 -4.0 -3.0 -3.0 0.0 -1.0 -1.0 -3.0 0.0 -2.0 0.0 0.0 -4.0 0.0 -4.0 -4.0 -1.0 -3.0 -3.0 -3.0 -2.0 -1.0 -1.0 -1.0 -3.0 -3.0 -2.0 -2.0 -1.0 -3.0 -1.0 -1.0 -4.0 -4.0 0.0 -3.0 -4.0 -3.0 -1.0 -4.0 -2.0 -1.0 
-3.0 -4.0 246.0 -2.0 -2.0 -1.0 0.0 -1.0 -4.0 -2.0 0.0 -2.0 -2.0 -3.0 0.0 -4.0 -3.0 0.0 -1.0 -3.0 -4.0 -2.0 -4.0 -3.0 0.0 -3.0 -3.0 -4.0 -4.0 -2.0 -1.0 -2.0 -4.0 -1.0 -4.0 0.0 -4.0 -2.0 -4.0 0.0 0.0 0.0 0.0 -1.0 -4.0 -4.0 0.0 -4.0 -2.0 -3.0 -1.0 -4.0 -2.0 0.0 -2.0 -1.0 -1.0 -1.0 -4.0 -1.0 -3.0 -4.0 -3.0 0.0 -2.0 -2.0 -1.0 -1.0 -4.0 -2.0 -2.0 -2.0 -2.0 -4.0 -3.0 -4.0 0.0 0.0 0.0 -2.0 -2.0 -1.0 -4.0 -1.0 -3.0 -3.0 -2.0 -3.0 -4.0 -2.0 -4.0 -4.0 -2.0 0.0 -2.0 -1.0 -4.0 -2.0 -1.0 -3.0 -3.0 -4.0 0.0 -3.0 -1.0 -4.0 -1.0 -3.0 -1.0 -4.0 -2.0 -3.0 -3.0 0.0 -2.0 
0.0 -3.0 0.0 237.0 -3.0 -3.0 -2.0 -2.0 -4.0 -4.0 -3.0 -1.0 -4.0 -2.0 -3.0 -1.0 -2.0 0.0 -4.0 -2.0 -4.0 -3.0 -1.0 -2.0 -4.0 -3.0 -1.0 0.0 -3.0 -2.0 -1.0 -1.0 -4.0 -1.0 0.0 -1.0 -1.0 -1.0 -1.0 -1.0 -1.0 -3.0 -4.0 0.0 -3.0 0.0 -3.0 -1.0 -4.0 -2.0 -4.0 -2.0 -1.0 -4.0 -1.0 -4.0 -3.0 -4.0 0.0 -3.0 -3.0 0.0 -2.0 -1.0 -2.0 -3.0 -3.0 -2.0 -4.0 0.0 -3.0 -2.0 -2.0 -3.0 -1.0 -4.0 -3.0 0.0 -2.0 0.0 0.0 -4.0 -2.0 0.0 -1.0 -4.0 -2.0 -2.0 -3.0 -3.0 -1.0 -4.0 -2.0 -4.0 -2.0 -3.0 -3.0 -2.0 0.0 -4.0 -3.0 -3.0 -1.0 -2.0 0.0 -1.0 -2.0 -4.0 -3.0 0.0 0.0 -1.0 -2.0 -4.0 0.0 
-1.0 -2.0 -1.0 0.0 225.0 -1.0 -2.0 0.0 -2.0 -2.0 -3.0 -1.0 -1.0 -3.0 -3.0 -2.0 -3.0 -3.0 -1.0 -4.0 0.0 -4.0 0.0 -4.0 -2.0 -1.0 -3.0 -2.0 -1.0 -2.0 -2.0 0.0 0.0 -2.0 0.0 -1.0 -4.0 -3.0 -3.0 -4.0 -1.0 -1.0 -3.0 -3.0 0.0 -3.0 -4.0 -4.0 0.0 -2.0 0.0 -4.0 -3.0 -1.0 0.0 -3.0 -2.0 -3.0 -2.0 -4.0 -4.0 0.0 -2.0 -4.0 0.0 -1.0 -2.0 0.0 -2.0 -3.0 -3.0 -4.0 -3.0 -3.0 -1.0 -1.0 -3.0 -2.0 -4.0 -3.0 -2.0 -4.0 0.0 -2.0 -1.0 -1.0 -1.0 0.0 -1.0 -1.0 -2.0 -3.0 -3.0 -2.0 -1.0 0.0 -3.0 -2.0 -3.0 -1.0 -2.0 -3.0 -1.0 -2.0 -4.0 -1.0 -3.0 -1.0 -1.0 -2.0 0.0 -4.0 -4.0 0.0 -3.0 
-4.0 -3.0 -2.0 0.0 -1.0 242.0 0.0 -2.0 -4.0 -2.0 0.0 0.0 -1.0 -3.0 -1.0 -4.0 -4.0 0.0 -4.0 -1.0 -2.0 -2.0 0.0 -4.0 -3.0 -4.0 -4.0 -4.0 -1.0 -4.0 -1.0 -1.0 -1.0 0.0 -3.0 0.0 -1.0 -2.0 0.0 -2.0 -1.0 -4.0 -1.0 -1.0 -2.0 0.0 -4.0 -1.0 -3.0 -1.0 -3.0 -4.0 -4.0 -2.0 0.0 0.0 -2.0 -4.0 -3.0 -4.0 0.0 -2.0 -2.0 -4.0 0.0 -3.0 0.0 -1.0 -2.0 -4.0 -1.0 0.0 -3.0 -3.0 -3.0 -3.0 0.0 -3.0 -4.0 -2.0 -3.0 -3.0 -2.0 -4.0 -4.0 -2.0 -2.0 -2.0 -3.0 -3.0 -4.0 0.0 -1.0 -2.0 -3.0 -3.0 -4.0 0.0 -2.0 -3.0 0.0 -2.0 -4.0 -3.0 -4.0 -1.0 -3.0 -4.0 0.0 -3.0 -1.0 -3.0 -1.0 0.0 -4.0 
-2.0 -4.0 -2.0 0.0 -2.0 -2.0 204.0 0.0 0.0 0.0 -2.0 0.0 -3.0 -3.0 -4.0 0.0 -3.0 0.0 -1.0 -2.0 -3.0 -1.0 -4.0 -2.0 -4.0 0.0 0.0 -3.0 -3.0 0.0 -4.0 -1.0 -4.0 -4.0 -1.0 -1.0 0.0 -3.0 -1.0 -4.0 -3.0 -2.0 -3.0 0.0 -3.0 0.0 0.0 0.0 -3.0 -3.0 -4.0 0.0 -3.0 -2.0 0.0 -3.0 -4.0 -4.0 -1.0 -2.0 0.0 0.0 -3.0 0.0 -1.0 0.0 0.0 -2.0 -2.0 -1.0 -1.0 -2.0 -4.0 -4.0 0.0 0.0 -1.0 -2.0 -3.0 -2.0 0.0 0.0 -4.0 -2.0 -2.0 0.0 -2.0 -3.0 -4.0 0.0 0.0 -2.0 -3.0 -1.0 -1.0 -1.0 -4.0 -3.0 -2.0 0.0 -2.0 -2.0 -4.0 0.0 0.0 -2.0 -4.0 -3.0 0.0 -3.0 0.0 -2.0 -4.0 -3.0 0.0 
-4.0 -4.0 0.0 -2.0 0.0 -4.0 0.0 214.0 -2.0 -1.0 0.0 -3.0 -2.0 0.0 -1.0 -4.0 -4.0 -4.0 0.0 -1.0 -4.0 -3.0 -3.0 -3.0 0.0 -1.0 0.0 -1.0 -1.0 -2.0 -2.0 -2.0 -4.0 -3.0 -3.0 0.0 -2.0 -2.0 0.0 -4.0 -4.0 -4.0 -1.0 -4.0 0.0 -2.0 -3.0 -3.0 0.0 -4.0 -2.0 -2.0 -1.0 0.0 0.0 -2.0 -4.0 -2.0 -4.0 -4.0 -2.0 0.0 -1.0 0.0 0.0 -4.0 -3.0 -4.0 -2.0 -1.0 -4.0 -4.0 -4.0 -3.0 -4.0 0.0 -4.0 -2.0 -3.0 -4.0 -1.0 -3.0 -2.0 0.0 0.0 -4.0 -2.0 0.0 -2.0 -1.0 0.0 -3.0 -2.0 0.0 0.0 -4.0 -1.0 0.0 -2.0 -1.0 0.0 0.0 -2.0 -1.0 0.0 -1.0 0.0 -3.0 -2.0 -1.0 -1.0 -1.0 0.0 0.0 -3.0 
-4.0 -3.0 -1.0 -1.0 -2.0 -2.0 -1.0 -3.0 227.0 -2.0 -2.0 -4.0 0.0 -4.0 0.0 -4.0 0.0 -3.0 -1.0 -2.0 0.0 -2.0 -2.0 -2.0 0.0 -4.0 -2.0 -2.0 0.0 -1.0 -1.0 0.0 -2.0 -2.0 0.0 -4.0 -1.0 -2.0 -4.0 -3.0 -1.0 -4.0 -3.0 -4.0 -1.0 -4.0 0.0 -4.0 0.0 0.0 -2.0 -3.0 -3.0 -2.0 -3.0 -2.0 -4.0 -1.0 -4.0 0.0 -2.0 0.0 -4.0 -4.0 -3.0 -2.0 0.0 -4.0 -2.0 0.0 -2.0 -4.0 0.0 -3.0 0.0 -2.0 -3.0 -3.0 -1.0 -2.0 -1.0 -1.0 -1.0 0.0 -1.0 -1.0 0.0 0.0 0.0 -4.0 -4.0 -3.0 -1.0 -3.0 -2.0 -2.0 -2.0 -3.0 -3.0 -3.0 -4.0 -1.0 -2.0 -4.0 -3.0 -1.0 -1.0 0.0 -4.0 -3.0 -2.0 -3.0 -3.0 -1.0 -1.0 
-1.0 -4.0 -1.0 -1.0 -2.0 -2.0 -1.0 -4.0 0.0 207.0 -3.0 -4.0 -1.0 -3.0 -4.0 -2.0 0.0 0.0 -2.0 -3.0 -3.0 -4.0 -2.0 -1.0 -3.0 0.0 -3.0 0.0 0.0 -1.0 -1.0 0.0 -1.0 0.0 -3.0 -4.0 -2.0 0.0 -2.0 -3.0 -3.0 -4.0 -2.0 -2.0 -3.0 0.0 0.0 -1.0 0.0 -1.0 -1.0 0.0 -4.0 -3.0 -3.0 -3.0 0.0 0.0 0.0 0.0 -3.0 -4.0 -1.0 -4.0 0.0 -4.0 -4.0 -2.0 -2.0 -2.0 -2.0 0.0 -2.0 0.0 -3.0 -1.0 -1.0 -3.0 0.0 0.0 -2.0 -1.0 -1.0 -1.0 -2.0 -3.0 0.0 -1.0 -3.0 -3.0 -3.0 -4.0 -4.0 0.0 0.0 -4.0 0.0 -3.0 -1.0 -4.0 -3.0 -3.0 -3.0 0.0 -3.0 -4.0 -1.0 -4.0 -2.0 -1.0 0.0 0.0 0.0 -1.0 -3.0 
0.0 -2.0 0.0 -2.0 -1.0 0.0 -3.0 -4.0 -1.0 -1.0 187.0 -3.0 -2.0 0.0 0.0 -2.0 0.0 -3.0 -2.0 0.0 -3.0 0.0 -3.0 0.0 -3.0 -1.0 -4.0 -1.0 -4.0 0.0 0.0 -1.0 -2.0 -1.0 -2.0 -2.0 -2.0 -3.0 -4.0 -2.0 -2.0 -3.0 -1.0 0.0 0.0 0.0 -1.0 -1.0 -3.0 0.0 -1.0 -3.0 -2.0 -3.0 -1.0 -4.0 -2.0 -2.0 -2.0 -3.0 -4.0 0.0 -2.0 -1.0 -4.0 -2.0 -4.0 -2.0 -4.0 -1.0 -2.0 -3.0 -2.0 -2.0 -4.0 0.0 -1.0 0.0 -2.0 -3.0 0.0 -1.0 -3.0 0.0 -4.0 -2.0 -4.0 -1.0 -1.0 0.0 -2.0 -2.0 0.0 -1.0 0.0 -2.0 -3.0 -2.0 0.0 0.0 0.0 0.0 -1.0 -1.0 -1.0 -1.0 -2.0 -3.0 -2.0 -3.0 -2.0 0.0 0.0 -1.0 -1.0 
-4.0 -4.0 -4.0 -3.0 -4.0 0.0 -2.0 -1.0 -4.0 -2.0 -1.0 250.0 -2.0 -1.0 -1.0 -2.0 -2.0 0.0 -3.0 -1.0 -1.0 -2.0 -3.0 -2.0 0.0 -2.0 0.0 0.0 -3.0 -3.0 -1.0 0.0 -2.0 -2.0 -4.0 -2.0 -1.0 -1.0 -2.0 -1.0 -3.0 -1.0 -3.0 -3.0 -4.0 -1.0 -2.0 -4.0 -4.0 -3.0 -3.0 -4.0 -2.0 -3.0 -1.0 0.0 -2.0 -1.0 -4.0 0.0 -4.0 -2.0 0.0 -3.0 -1.0 -3.0 -3.0 -4.0 -2.0 -2.0 -3.0 -3.0 -3.0 -4.0 0.0 -4.0 -4.0 -3.0 -1.0 -2.0 -2.0 -4.0 -4.0 -4.0 -1.0 -3.0 -1.0 -3.0 -1.0 -1.0 -3.0 -1.0 -4.0 -4.0 -4.0 -4.0 0.0 -4.0 -3.0 0.0 -2.0 -2.0 -1.0 -1.0 -3.0 -1.0 -1.0 -4.0 0.0 -3.0 -4.0 -2.0 0.0 -1.0 -2.0 
-3.0 -2.0 -1.0 0.0 0.0 -1.0 -4.0 -3.0 -3.0 -3.0 -3.0 0.0 225.0 -4.0 -2.0 0.0 -1.0 -4.0 -3.0 -4.0 -4.0 -1.0 -4.0 0.0 -1.0 0.0 -3.0 -4.0 -4.0 0.0 -4.0 -4.0 0.0 -2.0 -1.0 -3.0 0.0 -1.0 -4.0 -2.0 0.0 -1.0 0.0 -2.0 0.0 -4.0 -3.0 -1.0 -1.0 -3.0 -1.0 -2.0 -2.0 -4.0 -1.0 -4.0 -3.0 0.0 0.0 0.0 -1.0 -4.0 -4.0 -3.0 -4.0 -2.0 -1.0 0.0 -3.0 0.0 -4.0 0.0 -3.0 0.0 -3.0 -4.0 -4.0 -2.0 0.0 -1.0 -3.0 -2.0 -1.0 -1.0 -4.0 -3.0 -2.0 -2.0 -4.0 0.0 0.0 -1.0 -2.0 -1.0 -2.0 -2.0 -4.0 0.0 -1.0 -4.0 -3.0 -2.0 -1.0 -3.0 -1.0 0.0 -1.0 -1.0 0.0 -3.0 -3.0 -3.0 0.0 -3.0 -4.0 
-3.0 0.0 -3.0 -3.0 -3.0 -4.0 -2.0 0.0 -4.0 -2.0 -1.0 -2.0 -3.0 212.0 -1.0 -4.0 -1.0 -1.0 -4.0 -3.0 -3.0 -2.0 -3.0 -1.0 -2.0 -2.0 0.0 -2.0 0.0 -1.0 -2.0 -4.0 -1.0 -3.0 0.0 -4.0 0.0 -1.0 -1.0 0.0 -3.0 0.0 -3.0 -3.0 0.0 0.0 -2.0 -2.0 -4.0 -2.0 0.0 -1.0 -4.0 -4.0 -3.0 0.0 -1.0 -4.0 -1.0 0.0 -2.0 -3.0 -2.0 -4.0 -1.0 -4.0 -1.0 -2.0 -4.0 0.0 -4.0 -1.0 -3.0 0.0 -3.0 -2.0 0.0 -1.0 -2.0 -1.0 0.0 -1.0 -3.0 -1.0 -4.0 -4.0 -1.0 -4.0 -4.0 -2.0 -1.0 0.0 -4.0 -3.0 -1.0 -1.0 -1.0 -2.0 -1.0 -1.0 -3.0 -4.0 0.0 -1.0 0.0 -2.0 -2.0 -2.0 0.0 -1.0 0.0 0.0 0.0 -2.0 -3.0 
-4.0 0.0 -1.0 -4.0 -2.0 -3.0 -1.0 -3.0 -1.0 -4.0 -3.0 -1.0 0.0 -4.0 227.0 -3.0 -1.0 -4.0 0.0 -4.0 -1.0 -3.0 -2.0 -3.0 -2.0 0.0 -1.0 -3.0 -3.0 -2.0 -3.0 -3.0 0.0 -4.0 -3.0 -1.0 -3.0 -4.0 -2.0 0.0 0.0 -4.0 -2.0 0.0 -4.0 -4.0 -4.0 0.0 -1.0 -1.0 -2.0 -3.0 -3.0 0.0 -4.0 0.0 0.0 -1.0 -2.0 -1.0 -1.0 0.0 -2.0 -3.0 0.0 -4.0 -3.0 -3.0 0.0 -3.0 -4.0 -3.0 -1.0 -2.0 -1.0 -1.0 -1.0 -3.0 -4.0 -4.0 -2.0 -1.0 -2.0 -3.0 -3.0 -1.0 -2.0 -1.0 -3.0 0.0 -3.0 -3.0 -2.0 -3.0 -4.0 -1.0 0.0 0.0 -4.0 -3.0 -1.0 -4.0 0.0 -1.0 -2.0 -3.0 -1.0 -3.0 0.0 0.0 0.0 -1.0 -1.0 0.0 -4.0 
-1.0 -2.0 -2.0 -2.0 -4.0 -1.0 -1.0 0.0 0.0 -3.0 -1.0 0.0 -2.0 -3.0 -3.0 249.0 0.0 -3.0 -1.0 -3.0 -1.0 -4.0 -4.0 -2.0 -3.0 0.0 -4.0 -3.0 0.0 -1.0 -4.0 0.0 -2.0 -3.0 -3.0 -3.0 0.0 -2.0 -2.0 -1.0 -2.0 -2.0 -4.0 0.0 -4.0 -4.0 0.0 -4.0 -1.0 -3.0 -3.0 -4.0 -4.0 -3.0 -2.0 0.0 -2.0 -4.0 -2.0 -4.0 -4.0 0.0 -2.0 -4.0 -2.0 0.0 -1.0 -4.0 -4.0 -2.0 -4.0 -4.0 0.0 -4.0 -3.0 -1.0 0.0 0.0 0.0 -4.0 -4.0 -2.0 -1.0 -1.0 -1.0 -1.0 -3.0 -3.0 0.0 0.0 -3.0 -3.0 -1.0 -1.0 -3.0 -2.0 -3.0 -2.0 0.0 -2.0 -4.0 -4.0 -2.0 -4.0 -2.0 -3.0 -4.0 -3.0 -4.0 -2.0 -1.0 -1.0 -4.0 -2.0 -4.0 
-4.0 -3.0 -1.0 0.0 -3.0 0.0 0.0 -2.0 -2.0 -3.0 -3.0 -2.0 -2.0 -2.0 -2.0 0.0 243.0 -4.0 -4.0 -2.0 -2.0 -3.0 -1.0 -2.0 -2.0 -4.0 -2.0 -1.0 -1.0 0.0 -2.0 -1.0 -4.0 -3.0 -1.0 -4.0 0.0 -4.0 -4.0 -3.0 -3.0 0.0 0.0 -3.0 -3.0 0.0 -1.0 -4.0 -1.0 0.0 -4.0 -4.0 -3.0 -4.0 -2.0 -4.0 0.0 -4.0 0.0 -4.0 -1.0 0.0 -1.0 -2.0 -2.0 0.0 0.0 -3.0 -3.0 -3.0 -2.0 -1.0 -1.0 -2.0 -2.0 -1.0 0.0 -2.0 -3.0 -1.0 -4.0 -2.0 0.0 -4.0 -4.0 0.0 0.0 -4.0 -4.0 -2.0 -4.0 -3.0 -4.0 -4.0 -4.0 -2.0 -4.0 0.0 0.0 0.0 -3.0 -3.0 -3.0 -2.0 -4.0 -1.0 -3.0 -3.0 -1.0 -2.0 -1.0 -4.0 -2.0 -2.0 -3.0 
-2.0 -2.0 0.0 -4.0 -3.0 -3.0 -4.0 -3.0 -2.0 -3.0 -1.0 -3.0 -1.0 -2.0 -3.0 -2.0 -1.0 219.0 -3.0 -2.0 -3.0 -3.0 -2.0 0.0 -1.0 -1.0 -1.0 0.0 -4.0 0.0 -1.0 -4.0 -1.0 -4.0 -2.0 -4.0 -1.0 -3.0 -3.0 -1.0 0.0 -3.0 -4.0 -1.0 -1.0 -1.0 0.0 -3.0 -1.0 -1.0 0.0 -4.0 -1.0 -4.0 -1.0 0.0 0.0 0.0 -3.0 -4.0 -4.0 -1.0 -2.0 -3.0 -1.0 -1.0 0.0 0.0 -1.0 0.0 -4.0 -3.0 -1.0 -3.0 -4.0 -2.0 -1.0 -1.0 -1.0 0.0 -2.0 0.0 0.0 -1.0 -3.0 -3.0 -4.0 0.0 0.0 -3.0 -4.0 -4.0 -2.0 -1.0 0.0 -3.0 -3.0 -4.0 -1.0 0.0 -1.0 -2.0 -3.0 -3.0 -2.0 0.0 0.0 -4.0 -2.0 -4.0 -4.0 -4.0 0.0 -2.0 -2.0 
-4.0 0.0 -2.0 -2.0 -3.0 -2.0 -1.0 -2.0 0.0 -4.0 -1.0 -1.0 -3.0 -4.0 -3.0 0.0 -3.0 -4.0 239.0 -3.0 -2.0 -1.0 -2.0 -1.0 0.0 -4.0 -2.0 -2.0 -3.0 -2.0 -2.0 -4.0 -3.0 -1.0 -1.0 -3.0 -3.0 -4.0 -4.0 -3.0 -3.0 -1.0 -1.0 -3.0 -1.0 -1.0 -3.0 -3.0 -3.0 -4.0 -3.0 -1.0 -4.0 -3.0 -2.0 -2.0 -4.0 -1.0 -3.0 -4.0 0.0 0.0 -3.0 0.0 -1.0 -1.0 -1.0 -2.0 -2.0 -4.0 -2.0 0.0 -1.0 -3.0 -2.0 -3.0 -1.0 0.0 -4.0 0.0 -2.0 0.0 -4.0 0.0 0.0 -2.0 -4.0 -3.0 -3.0 -4.0 0.0 -2.0 -1.0 0.0 -4.0 -4.0 0.0 -1.0 -4.0 -3.0 0.0 -1.0 -3.0 -3.0 -3.0 0.0 -2.0 -3.0 -2.0 0.0 -2.0 -1.0 -3.0 -3.0 -3.0 
-4.0 -3.0 -3.0 -2.0 -3.0 -1.0 -2.0 -4.0 -2.0 -1.0 -4.0 -2.0 0.0 0.0 -1.0 -2.0 0.0 -4.0 -1.0 236.0 -2.0 -4.0 -3.0 -4.0 0.0 -2.0 -2.0 -1.0 -1.0 -3.0 -4.0 0.0 -2.0 0.0 0.0 -3.0 0.0 0.0 0.0 -3.0 -3.0 -2.0 -4.0 -4.0 0.0 -2.0 0.0 -4.0 -3.0 -1.0 0.0 -2.0 0.0 -1.0 -4.0 -3.0 -2.0 0.0 -4.0 -4.0 -2.0 -3.0 -4.0 -3.0 -3.0 -4.0 0.0 -3.0 -1.0 -4.0 -4.0 -2.0 -4.0 0.0 -4.0 -4.0 0.0 -4.0 0.0 -3.0 -3.0 -1.0 -2.0 0.0 -3.0 -1.0 -1.0 -2.0 -3.0 0.0 -4.0 -1.0 0.0 0.0 -3.0 -2.0 -3.0 -4.0 -1.0 -1.0 -4.0 -1.0 0.0 -1.0 -4.0 -2.0 -2.0 -3.0 -1.0 -4.0 -4.0 0.0 0.0 -3.0 -4.0 
0.0 -2.0 0.0 -2.0 -2.0 0.0 0.0 -1.0 -2.0 -4.0 -2.0 -3.0 -1.0 0.0 -1.0 0.0 -4.0 -4.0 0.0 -1.0 222.0 -4.0 -3.0 -1.0 -4.0 -2.0 -3.0 -3.0 -2.0 -1.0 -3.0 -1.0 -1.0 -1.0 -1.0 -2.0 0.0 0.0 0.0 -4.0 0.0 -3.0 -3.0 -2.0 -4.0 -4.0 -2.0 -4.0 -3.0 -4.0 -1.0 -3.0 0.0 -1.0 -4.0 -2.0 0.0 -3.0 -2.0 -4.0 -3.0 -2.0 -4.0 0.0 0.0 -3.0 0.0 -4.0 -4.0 -2.0 -2.0 -2.0 0.0 -4.0 0.0 -3.0 -4.0 -3.0 -3.0 -3.0 0.0 -4.0 0.0 -1.0 -2.0 -3.0 -3.0 -4.0 -1.0 -1.0 -3.0 0.0 -3.0 -2.0 0.0 0.0 -2.0 -3.0 0.0 -2.0 0.0 -1.0 -3.0 0.0 -2.0 -4.0 -4.0 -2.0 0.0 -2.0 -2.0 -3.0 -3.0 -1.0 -1.0 
0.0 -4.0 -1.0 -3.0 -3.0 -3.0 -3.0 -4.0 0.0 -4.0 0.0 -1.0 0.0 -4.0 -3.0 -3.0 -2.0 -2.0 0.0 -4.0 0.0 238.0 -1.0 0.0 0.0 0.0 0.0 -2.0 -4.0 -3.0 0.0 -1.0 -4.0 -4.0 -3.0 -1.0 0.0 -2.0 -2.0 -2.0 -4.0 0.0 -2.0 -4.0 -4.0 0.0 -4.0 -4.0 -4.0 0.0 -3.0 0.0 -2.0 -3.0 -3.0 -2.0 -2.0 0.0 -4.0 0.0 -2.0 -2.0 -4.0 -2.0 0.0 0.0 -1.0 -1.0 -2.0 0.0 -3.0 -3.0 -3.0 -1.0 -3.0 0.0 -4.0 -3.0 -3.0 -2.0 -1.0 -1.0 0.0 -2.0 -3.0 -4.0 -3.0 -4.0 -4.0 -3.0 -4.0 -4.0 -4.0 0.0 -3.0 0.0 -2.0 -2.0 -2.0 -4.0 0.0 -4.0 -4.0 0.0 -1.0 -1.0 -4.0 -1.0 -1.0 -4.0 -1.0 -1.0 -4.0 -4.0 -1.0 
-2.0 -1.0 -4.0 -4.0 -4.0 -4.0 -2.0 0.0 -1.0 -1.0 -4.0 -4.0 -3.0 -1.0 -3.0 -2.0 0.0 0.0 -1.0 -3.0 -3.0 -1.0 230.0 -4.0 0.0 -2.0 0.0 -2.0 -3.0 0.0 -2.0 -1.0 -4.0 -2.0 0.0 -4.0 -4.0 -1.0 0.0 -4.0 0.0 -3.0 -4.0 -1.0 -3.0 -2.0 -4.0 0.0 -3.0 -3.0 -2.0 -2.0 -1.0 0.0 -3.0 -2.0 -2.0 -2.0 0.0 -4.0 -4.0 -1.0 0.0 -4.0 -3.0 -1.0 -3.0 -4.0 -4.0 0.0 -4.0 -3.0 -4.0 0.0 -4.0 -1.0 -2.0 0.0 -3.0 -1.0 0.0 -3.0 -4.0 0.0 -3.0 -4.0 -1.0 -4.0 -4.0 0.0 -1.0 -4.0 -2.0 -1.0 -3.0 -4.0 -1.0 -3.0 -1.0 -1.0 -1.0 -1.0 0.0 0.0 0.0 -3.0 -2.0 -2.0 -1.0 -1.0 -3.0 0.0 -4.0 0.0 0.0 
-3.0 -2.0 0.0 -4.0 -4.0 0.0 -4.0 -3.0 -4.0 -2.0 -3.0 -4.0 -4.0 0.0 -2.0 -1.0 -2.0 -1.0 -3.0 -4.0 -3.0 -4.0 0.0 248.0 0.0 -2.0 0.0 -4.0 -1.0 -1.0 -3.0 -2.0 -4.0 -3.0 -3.0 -3.0 -4.0 0.0 -3.0 -1.0 -4.0 -4.0 -2.0 0.0 -2.0 0.0 -2.0 0.0 -2.0 -3.0 -3.0 -4.0 -1.0 -3.0 -1.0 -4.0 -4.0 -4.0 -1.0 0.0 -3.0 0.0 -2.0 -2.0 -4.0 -3.0 0.0 0.0 -3.0 0.0 0.0 -4.0 -2.0 -4.0 0.0 -1.0 -3.0 -4.0 0.0 -3.0 0.0 -4.0 -4.0 -3.0 0.0 0.0 -3.0 -1.0 -3.0 -3.0 0.0 0.0 -2.0 -1.0 -4.0 -4.0 -4.0 -1.0 0.0 -2.0 -4.0 -3.0 -3.0 -3.0 -4.0 -3.0 -1.0 -2.0 -1.0 0.0 -4.0 -3.0 -4.0 0.0 -1.0 
-1.0 -3.0 -4.0 -3.0 -1.0 0.0 -4.0 0.0 -3.0 -4.0 -3.0 -3.0 -3.0 -2.0 -4.0 0.0 -4.0 -1.0 -2.0 -4.0 -1.0 0.0 -4.0 -2.0 226.0 -2.0 -2.0 -3.0 0.0 -2.0 0.0 -2.0 -3.0 -2.0 0.0 -4.0 -3.0 -1.0 0.0 0.0 -4.0 0.0 0.0 -3.0 -1.0 -4.0 -4.0 -1.0 -4.0 -3.0 -4.0 -4.0 0.0 -3.0 -1.0 -4.0 -3.0 0.0 -2.0 -3.0 -4.0 -3.0 0.0 -1.0 -2.0 -4.0 -3.0 -4.0 -1.0 -1.0 -3.0 -1.0 -3.0 -1.0 0.0 0.0 0.0 -1.0 0.0 -1.0 -1.0 0.0 0.0 0.0 -4.0 -4.0 -4.0 -2.0 -2.0 -1.0 -4.0 -1.0 -3.0 0.0 -1.0 -2.0 -4.0 0.0 -2.0 0.0 -1.0 -2.0 0.0 0.0 -3.0 -2.0 -4.0 -2.0 0.0 -2.0 -4.0 -1.0 -4.0 -2.0 -3.0 
-4.0 -2.0 0.0 -1.0 -1.0 -2.0 -3.0 -1.0 -4.0 -1.0 -2.0 -2.0 -3.0 -1.0 -3.0 -2.0 -4.0 -4.0 -3.0 -3.0 -3.0 -4.0 0.0 -2.0 -1.0 238.0 -1.0 -4.0 -4.0 -2.0 -2.0 -1.0 -1.0 -1.0 -4.0 -3.0 -1.0 0.0 -4.0 -2.0 -1.0 -2.0 -2.0 -2.0 -3.0 0.0 -4.0 -4.0 -2.0 -1.0 -3.0 -1.0 -3.0 -3.0 -1.0 -3.0 -4.0 -2.0 -1.0 0.0 0.0 -3.0 0.0 -4.0 -1.0 0.0 0.0 -3.0 -3.0 -4.0 -3.0 -1.0 -2.0 -4.0 0.0 -2.0 -4.0 0.0 0.0 -1.0 -4.0 -2.0 -3.0 -4.0 -1.0 -4.0 -4.0 -3.0 -2.0 0.0 -1.0 0.0 -2.0 -3.0 -3.0 -4.0 0.0 -4.0 -3.0 0.0 -2.0 -1.0 -3.0 -3.0 -1.0 -2.0 -2.0 -3.0 -1.0 0.0 -2.0 0.0 -4.0 -3.0 -1.0 
-4.0 -2.0 -1.0 0.0 0.0 -3.0 -4.0 0.0 -2.0 -2.0 -1.0 -1.0 -2.0 0.0 -1.0 0.0 0.0 0.0 -3.0 0.0 -3.0 -2.0 0.0 -1.0 -3.0 -3.0 229.0 -4.0 -2.0 -2.0 -1.0 -4.0 -1.0 -4.0 0.0 -2.0 -2.0 -2.0 -2.0 -3.0 -3.0 -1.0 -1.0 0.0 0.0 -2.0 -4.0 -1.0 -3.0 -1.0 -3.0 -2.0 -4.0 -4.0 -4.0 -3.0 -2.0 -3.0 -3.0 -1.0 -4.0 -3.0 -2.0 0.0 0.0 0.0 0.0 -4.0 -2.0 0.0 -4.0 -2.0 -1.0 -1.0 -4.0 -1.0 -4.0 -3.0 -2.0 0.0 -2.0 -4.0 -1.0 -4.0 -4.0 0.0 0.0 -2.0 -4.0 -3.0 -2.0 -1.0 -4.0 -3.0 -3.0 -4.0 -4.0 -1.0 -2.0 -1.0 0.0 -4.0 -2.0 0.0 -2.0 -4.0 -2.0 -1.0 -2.0 -4.0 -3.0 -1.0 0.0 -4.0 -2.0 
-3.0 -2.0 -4.0 -1.0 -1.0 -2.0 -3.0 -3.0 -2.0 -4.0 -3.0 -4.0 -2.0 -3.0 -4.0 0.0 -1.0 0.0 -3.0 -2.0 -2.0 -3.0 -3.0 -1.0 -1.0 -1.0 -3.0 220.0 -1.0 -4.0 -2.0 -4.0 -3.0 -4.0 -1.0 -2.0 -3.0 -1.0 0.0 -1.0 -2.0 -3.0 -4.0 0.0 -2.0 -4.0 0.0 -2.0 -3.0 -4.0 -2.0 -4.0 0.0 -4.0 -3.0 0.0 -1.0 -1.0 0.0 -3.0 -3.0 0.0 -4.0 -1.0 -2.0 -3.0 -4.0 -2.0 0.0 -3.0 0.0 -4.0 -1.0 -2.0 -2.0 -3.0 0.0 0.0 -1.0 -3.0 -1.0 0.0 -1.0 0.0 0.0 0.0 -1.0 -2.0 -1.0 -1.0 -3.0 0.0 -3.0 0.0 -3.0 0.0 -2.0 -3.0 -2.0 -2.0 -4.0 -2.0 -4.0 -4.0 0.0 -1.0 0.0 -3.0 0.0 -1.0 0.0 -1.0 -2.0 -2.0 -4.0 
0.0 0.0 0.0 0.0 -1.0 0.0 -2.0 -4.0 -1.0 -2.0 0.0 -3.0 -1.0 -3.0 -2.0 -2.0 0.0 -2.0 0.0 -4.0 -1.0 -1.0 0.0 0.0 -4.0 -4.0 -4.0 -1.0 184.0 0.0 -2.0 0.0 -2.0 0.0 -2.0 -3.0 0.0 0.0 -2.0 -2.0 -1.0 0.0 0.0 -1.0 -4.0 -4.0 -3.0 0.0 0.0 -1.0 -1.0 0.0 -3.0 -3.0 -1.0 -2.0 -4.0 -1.0 -4.0 -3.0 0.0 -2.0 0.0 -1.0 0.0 -1.0 0.0 -4.0 0.0 -1.0 -1.0 -1.0 0.0 -1.0 -3.0 -2.0 -2.0 -3.0 0.0 -3.0 -4.0 -1.0 -1.0 -3.0 -2.0 -4.0 -2.0 -3.0 -2.0 -3.0 0.0 -1.0 -1.0 -3.0 -3.0 -4.0 -2.0 -4.0 -4.0 -1.0 -2.0 -1.0 -2.0 -1.0 -3.0 -1.0 -2.0 0.0 -1.0 0.0 -1.0 -3.0 0.0 0.0 -3.0 
-3.0 -2.0 -2.0 -3.0 -1.0 -1.0 0.0 -3.0 -4.0 -1.0 -3.0 -4.0 -1.0 -3.0 -2.0 0.0 -2.0 -1.0 -4.0 -2.0 -3.0 -4.0 -3.0 -1.0 -4.0 -3.0 -2.0 -1.0 -1.0 234.0 0.0 -3.0 -2.0 -2.0 -3.0 -3.0 0.0 -3.0 -1.0 -1.0 0.0 -4.0 0.0 -1.0 -1.0 -1.0 -2.0 -2.0 -4.0 -2.0 0.0 -2.0 -4.0 -2.0 -2.0 -4.0 -4.0 0.0 -3.0 -2.0 0.0 -3.0 0.0 -3.0 -2.0 -2.0 0.0 0.0 -1.0 -1.0 0.0 -2.0 -1.0 0.0 -4.0 -4.0 -3.0 -4.0 -2.0 -2.0 -1.0 -4.0 -1.0 -4.0 0.0 -3.0 -3.0 -1.0 -2.0 -4.0 -3.0 -4.0 -1.0 -4.0 0.0 -4.0 -2.0 -1.0 -3.0 -2.0 0.0 -2.0 -4.0 -1.0 -3.0 -3.0 -2.0 -3.0 -2.0 -3.0 -2.0 -1.0 -1.0 -1.0 -3.0 
-4.0 0.0 -2.0 -3.0 -1.0 0.0 -3.0 -1.0 -2.0 0.0 -3.0 -3.0 -1.0 -4.0 -3.0 -1.0 -2.0 -2.0 0.0 -1.0 -2.0 0.0 -4.0 -4.0 -1.0 -1.0 -1.0 -1.0 -4.0 0.0 220.0 -2.0 0.0 -3.0 -1.0 -3.0 -2.0 -3.0 -2.0 0.0 -2.0 -2.0 -3.0 0.0 -3.0 -4.0 -4.0 -1.0 -1.0 -2.0 0.0 -2.0 -4.0 -1.0 -1.0 -4.0 -3.0 -4.0 -3.0 -2.0 -2.0 -4.0 0.0 -2.0 -2.0 -3.0 -4.0 -1.0 -3.0 -2.0 -1.0 -2.0 -2.0 -3.0 -1.0 0.0 -2.0 -3.0 -1.0 -3.0 -4.0 -2.0 -4.0 -1.0 -1.0 0.0 -1.0 -1.0 -4.0 -2.0 -2.0 -2.0 -2.0 -2.0 -3.0 0.0 -1.0 -3.0 0.0 -1.0 -1.0 -2.0 -4.0 -1.0 -4.0 -1.0 -2.0 0.0 -1.0 -2.0 -1.0 0.0 -2.0 -4.0 -2.0 
-2.0 -1.0 -2.0 -3.0 -4.0 0.0 -3.0 0.0 0.0 -1.0 0.0 0.0 0.0 -1.0 -2.0 0.0 -4.0 0.0 -2.0 -2.0 -1.0 -2.0 -3.0 -1.0 -3.0 -3.0 -1.0 -1.0 0.0 0.0 -2.0 212.0 -1.0 -3.0 -2.0 -4.0 -3.0 0.0 -1.0 -3.0 -2.0 -2.0 -2.0 -1.0 -3.0 -3.0 -1.0 -3.0 -2.0 -3.0 -4.0 -4.0 -3.0 -2.0 -3.0 -3.0 -2.0 -3.0 -2.0 -2.0 -1.0 -1.0 -2.0 -2.0 0.0 -3.0 -4.0 -1.0 -2.0 0.0 0.0 -2.0 -4.0 -2.0 0.0 -1.0 0.0 -3.0 -1.0 -4.0 0.0 -3.0 0.0 -2.0 0.0 -1.0 -3.0 -1.0 -4.0 -4.0 0.0 -4.0 -3.0 -2.0 -1.0 0.0 -4.0 0.0 -2.0 -3.0 -1.0 -4.0 0.0 -2.0 -4.0 -1.0 -2.0 -4.0 -3.0 -4.0 -2.0 -2.0 0.0 -1.0 -1.0 
-3.0 -4.0 -2.0 -2.0 -1.0 0.0 -3.0 -3.0 -1.0 -3.0 -1.0 -4.0 -4.0 -4.0 -1.0 -2.0 0.0 -3.0 -2.0 0.0 0.0 -1.0 -4.0 -4.0 0.0 -3.0 0.0 0.0 -1.0 -2.0 -3.0 -3.0 234.0 -1.0 -2.0 0.0 -3.0 -4.0 -2.0 0.0 -1.0 -2.0 -2.0 -4.0 -3.0 -1.0 -1.0 -1.0 -2.0 -1.0 -3.0 -4.0 -2.0 -1.0 -4.0 -3.0 0.0 -4.0 -3.0 0.0 -1.0 -3.0 -4.0 -1.0 -1.0 -2.0 -3.0 -3.0 -4.0 -3.0 -1.0 -1.0 -3.0 -4.0 -3.0 -4.0 -2.0 -3.0 -2.0 -4.0 -1.0 -3.0 -4.0 -1.0 -4.0 -3.0 -3.0 0.0 -3.0 -4.0 0.0 -2.0 -3.0 0.0 0.0 -2.0 -3.0 -1.0 0.0 -2.0 0.0 -4.0 -2.0 -1.0 -4.0 -1.0 -1.0 -1.0 -1.0 0.0 -1.0 -1.0 -4.0 -1.0 -3.0 
-4.0 -2.0 -2.0 -3.0 -2.0 0.0 -4.0 0.0 -1.0 -2.0 -1.0 -4.0 -1.0 -1.0 -3.0 -2.0 -1.0 -2.0 -3.0 -1.0 0.0 -1.0 -2.0 -1.0 -3.0 -2.0 -3.0 -1.0 -4.0 -4.0 -3.0 -3.0 -2.0 246.0 -3.0 0.0 -4.0 -3.0 -1.0 -4.0 -2.0 0.0 -3.0 -4.0 -1.0 -1.0 -2.0 0.0 -2.0 -4.0 -1.0 -3.0 -1.0 -4.0 -4.0 -2.0 -3.0 -1.0 -2.0 -3.0 -1.0 -1.0 0.0 -2.0 -2.0 -3.0 -3.0 -1.0 -3.0 -1.0 -4.0 -3.0 0.0 -2.0 -3.0 -1.0 -1.0 -4.0 -2.0 -4.0 -4.0 -1.0 -2.0 -1.0 -4.0 -4.0 -2.0 -4.0 -1.0 -1.0 -4.0 -2.0 -2.0 -2.0 -1.0 -4.0 -4.0 -2.0 -1.0 -3.0 -3.0 0.0 -3.0 -1.0 -3.0 0.0 0.0 -3.0 -4.0 0.0 -4.0 -3.0 -2.0 -2.0 -2.0 
-3.0 -1.0 0.0 -2.0 -4.0 -2.0 -2.0 -3.0 -2.0 -2.0 -4.0 -3.0 -1.0 -4.0 -2.0 -3.0 0.0 0.0 -2.0 -2.0 -1.0 -2.0 0.0 0.0 -1.0 -2.0 -2.0 -3.0 -4.0 0.0 0.0 -2.0 -1.0 0.0 203.0 -4.0 -2.0 0.0 -1.0 -4.0 -1.0 -2.0 -2.0 -2.0 -1.0 -1.0 -1.0 0.0 -1.0 0.0 -2.0 0.0 -4.0 -3.0 -4.0 -2.0 0.0 -2.0 -3.0 0.0 0.0 -3.0 -4.0 -4.0 -2.0 0.0 -1.0 -3.0 -2.0 -1.0 -1.0 -1.0 -4.0 -1.0 -3.0 0.0 0.0 -3.0 -4.0 -3.0 0.0 -2.0 -1.0 0.0 -1.0 -1.0 -3.0 -3.0 -3.0 -1.0 0.0 -2.0 -4.0 0.0 -4.0 -2.0 -1.0 0.0 -2.0 -1.0 -3.0 -3.0 -2.0 0.0 -2.0 0.0 -1.0 0.0 -2.0 -1.0 -3.0 -4.0 -3.0 -3.0 -3.0 
-1.0 -4.0 -1.0 0.0 -3.0 0.0 -2.0 -3.0 -3.0 -2.0 -2.0 -4.0 -4.0 -3.0 0.0 -2.0 -2.0 0.0 -1.0 -1.0 -2.0 -1.0 0.0 -4.0 -3.0 -4.0 -4.0 -2.0 -2.0 -4.0 0.0 -2.0 -3.0 -1.0 -3.0 219.0 0.0 -3.0 -4.0 0.0 -3.0 -2.0 -4.0 -4.0 -4.0 0.0 0.0 -1.0 0.0 0.0 -1.0 -1.0 -2.0 -2.0 -3.0 -2.0 -3.0 0.0 -2.0 -2.0 0.0 -4.0 -4.0 -4.0 -2.0 0.0 -2.0 0.0 -3.0 -1.0 -3.0 -2.0 -3.0 -3.0 -3.0 -4.0 0.0 -4.0 -3.0 -1.0 -3.0 -1.0 -2.0 0.0 0.0 -4.0 -1.0 -3.0 -3.0 -4.0 0.0 -1.0 -4.0 -1.0 -1.0 0.0 -2.0 -4.0 -1.0 0.0 -2.0 0.0 -1.0 -1.0 -2.0 0.0 -2.0 -4.0 -1.0 0.0 -4.0 0.0 -2.0 -3.0 0.0 
-3.0 -3.0 0.0 -1.0 -2.0 0.0 0.0 -1.0 -2.0 -3.0 -1.0 0.0 -2.0 -4.0 -3.0 -2.0 -3.0 0.0 -2.0 0.0 -4.0 -2.0 -4.0 -3.0 0.0 -4.0 0.0 0.0 0.0 -3.0 -4.0 -4.0 -3.0 0.0 -3.0 -4.0 254.0 -1.0 -4.0 -2.0 -1.0 -3.0 -4.0 -3.0 0.0 -2.0 -4.0 0.0 -3.0 -4.0 -2.0 -3.0 -4.0 -4.0 0.0 -4.0 -3.0 -4.0 -4.0 -2.0 -2.0 -4.0 -2.0 -4.0 -2.0 -4.0 -3.0 -4.0 -1.0 -3.0 -1.0 -3.0 -4.0 -1.0 -2.0 -2.0 -4.0 -4.0 -4.0 -1.0 -3.0 -2.0 -4.0 -3.0 0.0 -1.0 0.0 -3.0 0.0 -3.0 -2.0 -4.0 0.0 0.0 -4.0 -1.0 0.0 -3.0 0.0 -4.0 -2.0 -3.0 0.0 -4.0 0.0 -1.0 -4.0 -1.0 -1.0 -3.0 -2.0 -4.0 -1.0 -2.0 -3.0 
-2.0 -4.0 -2.0 -3.0 0.0 -1.0 -3.0 -1.0 -1.0 -3.0 -2.0 -4.0 -3.0 -3.0 -1.0 0.0 -1.0 -3.0 0.0 -2.0 -1.0 -1.0 -3.0 -2.0 0.0 -1.0 -4.0 0.0 -2.0 -1.0 -2.0 0.0 0.0 -2.0 -4.0 -4.0 -1.0 227.0 0.0 0.0 -2.0 -3.0 -2.0 -4.0 -2.0 0.0 -2.0 0.0 0.0 -1.0 -1.0 -3.0 -3.0 -3.0 -3.0 -4.0 -1.0 -2.0 -1.0 -3.0 -2.0 0.0 -3.0 -4.0 -3.0 -4.0 -1.0 -1.0 -3.0 -4.0 -1.0 -4.0 -1.0 -2.0 -4.0 0.0 -2.0 -4.0 -1.0 -3.0 0.0 -1.0 -3.0 -2.0 0.0 -2.0 -3.0 -1.0 -2.0 -1.0 0.0 -3.0 -4.0 -4.0 -2.0 -3.0 0.0 -3.0 -2.0 0.0 -2.0 -4.0 -3.0 0.0 -4.0 0.0 -3.0 -3.0 -4.0 -4.0 0.0 -4.0 -3.0 -2.0 -1.0 
-3.0 -2.0 0.0 -3.0 -1.0 -3.0 -1.0 -3.0 -3.0 0.0 -4.0 -2.0 -3.0 -1.0 -4.0 -4.0 -4.0 -2.0 -2.0 -3.0 -2.0 -3.0 -4.0 -4.0 -3.0 -3.0 -4.0 -4.0 -3.0 -1.0 -3.0 -1.0 -2.0 -4.0 -2.0 -3.0 -1.0 -4.0 259.0 -2.0 -4.0 -1.0 -4.0 -1.0 -3.0 -3.0 -4.0 -1.0 0.0 -3.0 -2.0 -3.0 0.0 -4.0 -3.0 -2.0 -1.0 -3.0 -1.0 -1.0 -1.0 0.0 -3.0 -4.0 -3.0 -3.0 0.0 0.0 -3.0 -2.0 -3.0 -3.0 0.0 -3.0 -4.0 -3.0 0.0 -1.0 0.0 -4.0 0.0 0.0 -3.0 -2.0 0.0 -1.0 -4.0 -1.0 -3.0 -4.0 -2.0 -2.0 -4.0 -4.0 -4.0 -4.0 -1.0 -2.0 -2.0 -4.0 0.0 -2.0 -4.0 -1.0 -4.0 -2.0 0.0 -2.0 0.0 0.0 -4.0 -2.0 -1.0 -1.0 -4.0 
-1.0 -2.0 0.0 -4.0 -1.0 0.0 -4.0 -1.0 -1.0 -1.0 0.0 -1.0 0.0 -3.0 -1.0 -3.0 -1.0 -1.0 -2.0 -3.0 -2.0 -1.0 -4.0 -4.0 -2.0 -4.0 -3.0 -4.0 0.0 -4.0 -2.0 -4.0 -1.0 -2.0 -3.0 -3.0 -1.0 -3.0 -4.0 250.0 -1.0 -1.0 -2.0 -4.0 -2.0 -4.0 -4.0 -3.0 -4.0 -3.0 -4.0 -4.0 -3.0 -3.0 -4.0 0.0 -1.0 -3.0 -2.0 -1.0 -3.0 -1.0 -2.0 -1.0 -2.0 -2.0 -3.0 -4.0 -3.0 -4.0 0.0 0.0 0.0 0.0 -4.0 0.0 -2.0 -1.0 -1.0 -4.0 -3.0 -4.0 -2.0 -1.0 -2.0 -2.0 -3.0 -3.0 -2.0 -4.0 -1.0 -4.0 -3.0 -3.0 -4.0 -3.0 0.0 0.0 0.0 -4.0 0.0 -4.0 -2.0 -2.0 -3.0 0.0 -2.0 0.0 -3.0 -4.0 -2.0 -3.0 -1.0 -1.0 -4.0 
-2.0 -1.0 -1.0 -1.0 -2.0 -4.0 -1.0 -3.0 -3.0 -1.0 0.0 -1.0 -2.0 0.0 -3.0 0.0 -1.0 -4.0 0.0 -4.0 -1.0 -3.0 -3.0 -2.0 0.0 -4.0 0.0 -1.0 0.0 -4.0 -2.0 -3.0 -3.0 -4.0 -3.0 -1.0 -3.0 -4.0 -4.0 -3.0 233.0 0.0 -2.0 -1.0 -4.0 -2.0 -4.0 -1.0 0.0 -1.0 0.0 -1.0 -1.0 0.0 -3.0 -4.0 -3.0 -1.0 -1.0 0.0 -3.0 -1.0 -4.0 0.0 0.0 -4.0 -2.0 -3.0 -4.0 -4.0 -4.0 -1.0 -1.0 -1.0 -3.0 -4.0 -1.0 -1.0 -3.0 -1.0 -1.0 -3.0 -2.0 -3.0 0.0 -4.0 -4.0 -4.0 -2.0 -4.0 -4.0 -4.0 -3.0 0.0 0.0 -2.0 -4.0 -2.0 -4.0 -2.0 -1.0 -1.0 -2.0 0.0 -3.0 -1.0 -2.0 0.0 -1.0 -4.0 0.0 -4.0 -1.0 -1.0 -4.0 
-1.0 -1.0 0.0 -2.0 -2.0 0.0 -4.0 -1.0 0.0 -2.0 -3.0 -2.0 0.0 -3.0 0.0 0.0 -4.0 -3.0 0.0 0.0 0.0 -4.0 0.0 -1.0 -2.0 0.0 -4.0 -4.0 -1.0 -3.0 -4.0 -3.0 -2.0 -2.0 -2.0 -3.0 -4.0 -3.0 0.0 -2.0 -4.0 229.0 0.0 -2.0 -4.0 -1.0 -2.0 -1.0 -3.0 -3.0 -4.0 0.0 -1.0 -2.0 -3.0 -2.0 -3.0 0.0 0.0 -1.0 -2.0 0.0 -2.0 -3.0 -3.0 -4.0 -1.0 -3.0 -1.0 -4.0 0.0 -4.0 -2.0 -3.0 -1.0 0.0 0.0 0.0 -4.0 -2.0 -1.0 -4.0 -3.0 -4.0 -2.0 -2.0 -4.0 -1.0 -3.0 -3.0 -2.0 -2.0 -2.0 -2.0 -4.0 -3.0 -2.0 0.0 -1.0 -4.0 -1.0 -1.0 -3.0 -2.0 0.0 -3.0 -3.0 -1.0 -4.0 -1.0 -4.0 -3.0 -4.0 -2.0 -1.0 
-1.0 -3.0 -1.0 -1.0 -1.0 -2.0 0.0 -2.0 0.0 -1.0 -1.0 -1.0 -2.0 -1.0 -4.0 -4.0 -1.0 0.0 -2.0 -3.0 0.0 0.0 -4.0 -3.0 -1.0 -2.0 -1.0 0.0 0.0 -2.0 -2.0 0.0 0.0 -2.0 -1.0 -2.0 -1.0 0.0 -1.0 -1.0 -4.0 -1.0 191.0 -1.0 0.0 -2.0 -1.0 -4.0 -2.0 0.0 -3.0 -2.0 -1.0 0.0 -4.0 -2.0 0.0 -4.0 -1.0 -2.0 0.0 -1.0 -4.0 -4.0 -3.0 -1.0 -3.0 0.0 -4.0 -1.0 -4.0 -1.0 0.0 -1.0 -2.0 -1.0 -4.0 -1.0 -2.0 -2.0 -3.0 -3.0 0.0 0.0 0.0 -3.0 0.0 -1.0 -4.0 -1.0 -3.0 0.0 -4.0 -2.0 -2.0 -3.0 -1.0 -2.0 -4.0 -2.0 -3.0 0.0 -4.0 0.0 -2.0 -1.0 -1.0 -3.0 0.0 -3.0 -4.0 -3.0 0.0 0.0 -2.0 
-3.0 -3.0 0.0 -2.0 -4.0 -3.0 -2.0 -4.0 0.0 -3.0 -1.0 -4.0 0.0 -3.0 -1.0 -1.0 0.0 0.0 -2.0 -2.0 -3.0 -2.0 -2.0 -1.0 -2.0 -4.0 -4.0 0.0 -2.0 -3.0 -3.0 -4.0 -4.0 0.0 -1.0 0.0 -3.0 0.0 -2.0 -4.0 0.0 0.0 -2.0 212.0 -2.0 0.0 -1.0 -4.0 0.0 -3.0 -2.0 -4.0 -4.0 0.0 -3.0 -1.0 -1.0 0.0 -1.0 -4.0 -1.0 -1.0 -2.0 -3.0 -4.0 -1.0 -1.0 -1.0 -3.0 0.0 -4.0 -4.0 -3.0 -1.0 -4.0 -4.0 -1.0 -3.0 -1.0 -1.0 0.0 -4.0 0.0 -4.0 0.0 -4.0 0.0 0.0 -2.0 0.0 -1.0 0.0 -2.0 -3.0 0.0 -2.0 -2.0 0.0 -1.0 -2.0 -1.0 -1.0 -3.0 -4.0 -4.0 -2.0 0.0 -3.0 0.0 -1.0 0.0 0.0 -3.0 -3.0 -3.0 
-2.0 -2.0 -3.0 -3.0 0.0 -3.0 -3.0 -2.0 -3.0 -4.0 0.0 -3.0 -1.0 -3.0 -3.0 0.0 -4.0 -3.0 -1.0 0.0 -1.0 -2.0 -4.0 -1.0 -2.0 -1.0 -2.0 -2.0 -2.0 0.0 0.0 -3.0 -4.0 -1.0 -2.0 -2.0 -4.0 -1.0 0.0 -1.0 -4.0 -2.0 -4.0 -1.0 245.0 0.0 -1.0 -1.0 -4.0 -4.0 0.0 -1.0 -3.0 -1.0 -4.0 0.0 0.0 -4.0 -2.0 -3.0 -4.0 -2.0 -4.0 -2.0 -2.0 -1.0 -2.0 -4.0 -4.0 0.0 -3.0 -4.0 -3.0 -4.0 -3.0 -4.0 -2.0 -2.0 -4.0 -1.0 -1.0 -3.0 -3.0 -4.0 -3.0 -4.0 -2.0 -3.0 -1.0 -3.0 -2.0 -3.0 -4.0 -2.0 -4.0 -4.0 -1.0 0.0 -1.0 0.0 -3.0 0.0 -1.0 0.0 0.0 0.0 -4.0 -3.0 -4.0 -4.0 -2.0 0.0 -1.0 -2.0 -1.0 
-4.0 -4.0 -1.0 -2.0 -3.0 -4.0 -1.0 -1.0 -2.0 0.0 -4.0 0.0 -1.0 -1.0 -1.0 0.0 0.0 -3.0 -4.0 -3.0 -2.0 -2.0 -3.0 0.0 0.0 -4.0 -2.0 -3.0 -4.0 -4.0 -2.0 -1.0 -1.0 -3.0 -1.0 -1.0 0.0 -2.0 -1.0 -1.0 -4.0 -3.0 -1.0 -4.0 -4.0 204.0 -1.0 -2.0 -2.0 0.0 0.0 -1.0 -3.0 -1.0 -4.0 -3.0 -1.0 -2.0 -4.0 -1.0 -2.0 -1.0 -4.0 -2.0 -2.0 -1.0 -4.0 -1.0 -1.0 -2.0 -2.0 -1.0 0.0 0.0 -4.0 -4.0 -1.0 0.0 -2.0 0.0 0.0 -1.0 -3.0 -3.0 -2.0 -2.0 -1.0 0.0 -4.0 -1.0 -1.0 -4.0 -2.0 -4.0 0.0 -2.0 -3.0 0.0 -1.0 -1.0 -2.0 -2.0 0.0 -1.0 -1.0 -1.0 -4.0 0.0 0.0 0.0 0.0 -3.0 -3.0 -1.0 0.0 
0.0 -3.0 0.0 0.0 -1.0 -2.0 0.0 -2.0 -3.0 -2.0 -1.0 -4.0 0.0 0.0 -4.0 -3.0 -1.0 -2.0 0.0 -4.0 0.0 -2.0 0.0 -3.0 -3.0 -2.0 -3.0 -3.0 -2.0 -1.0 -3.0 -2.0 -3.0 -2.0 -4.0 -4.0 -2.0 0.0 -4.0 -4.0 -4.0 -1.0 -2.0 0.0 -2.0 0.0 210.0 -2.0 -1.0 -2.0 -4.0 0.0 -4.0 -2.0 0.0 -1.0 -1.0 0.0 0.0 0.0 -1.0 -1.0 -3.0 -1.0 -3.0 -3.0 -3.0 -1.0 -4.0 -3.0 -3.0 -1.0 -2.0 -4.0 -1.0 -2.0 -2.0 -2.0 -2.0 -1.0 -1.0 -1.0 -2.0 0.0 -2.0 0.0 -3.0 -2.0 -1.0 -4.0 -2.0 -3.0 -3.0 -3.0 -1.0 -4.0 -1.0 -4.0 -1.0 -2.0 -3.0 0.0 0.0 -2.0 0.0 -4.0 0.0 -1.0 -2.0 0.0 -4.0 -2.0 -1.0 0.0 -3.0 
0.0 -2.0 -3.0 -3.0 0.0 -2.0 -3.0 -2.0 0.0 0.0 -3.0 0.0 0.0 -2.0 -3.0 0.0 0.0 -3.0 -1.0 -1.0 -1.0 0.0 -1.0 -3.0 -4.0 -3.0 -1.0 -1.0 -4.0 -4.0 -3.0 -4.0 -3.0 -4.0 -4.0 0.0 -2.0 0.0 -1.0 -3.0 0.0 -1.0 -1.0 -4.0 0.0 -1.0 -1.0 219.0 -4.0 0.0 -2.0 -3.0 -4.0 -4.0 -4.0 -3.0 -2.0 -2.0 0.0 -4.0 0.0 -4.0 -1.0 -3.0 -4.0 -3.0 -3.0 -2.0 -1.0 0.0 -2.0 -3.0 -2.0 -1.0 -2.0 -4.0 -2.0 -1.0 -4.0 -3.0 -2.0 -4.0 0.0 -4.0 0.0 -3.0 -3.0 -2.0 -1.0 -1.0 -2.0 -1.0 -3.0 -4.0 -4.0 -3.0 -2.0 -1.0 0.0 -2.0 -1.0 0.0 0.0 -3.0 0.0 -2.0 -1.0 0.0 -1.0 -4.0 -2.0 0.0 -1.0 -3.0 0.0 
-3.0 -4.0 0.0 -3.0 -3.0 -4.0 -1.0 -1.0 -1.0 -2.0 -1.0 0.0 0.0 0.0 -3.0 -1.0 -4.0 0.0 -3.0 -2.0 0.0 0.0 -1.0 -1.0 0.0 -1.0 0.0 -1.0 -1.0 -1.0 0.0 0.0 -4.0 -2.0 -3.0 0.0 -1.0 -2.0 -3.0 -4.0 -3.0 -3.0 0.0 -4.0 -1.0 -3.0 -1.0 0.0 211.0 0.0 -4.0 -4.0 -2.0 -1.0 -3.0 -1.0 0.0 0.0 -4.0 -4.0 0.0 -3.0 -3.0 0.0 0.0 -2.0 -3.0 -2.0 -1.0 0.0 0.0 0.0 0.0 -4.0 -3.0 -2.0 -2.0 0.0 -4.0 -4.0 -4.0 -1.0 0.0 -1.0 -4.0 -4.0 0.0 -4.0 -4.0 -4.0 0.0 -3.0 -3.0 -4.0 -1.0 -2.0 -1.0 -1.0 -4.0 -1.0 -4.0 -4.0 -2.0 -4.0 -3.0 -4.0 -1.0 -1.0 -3.0 -4.0 0.0 -1.0 -1.0 -1.0 0.0 
0.0 -3.0 -3.0 -3.0 0.0 0.0 -3.0 -4.0 -3.0 0.0 -2.0 0.0 -4.0 -1.0 0.0 -3.0 -3.0 -4.0 -1.0 -2.0 -3.0 -2.0 -3.0 -3.0 -1.0 -2.0 -1.0 0.0 -2.0 -2.0 -3.0 -3.0 -1.0 0.0 -1.0 -2.0 0.0 -4.0 -2.0 -1.0 -4.0 -4.0 -1.0 -2.0 -3.0 0.0 -1.0 -2.0 -3.0 238.0 -4.0 -3.0 -3.0 -4.0 -3.0 0.0 -4.0 -2.0 -1.0 -4.0 -2.0 -3.0 -1.0 -4.0 -2.0 0.0 0.0 -3.0 -3.0 -2.0 0.0 0.0 -1.0 -3.0 -4.0 0.0 -3.0 -2.0 -2.0 -2.0 -4.0 -3.0 -2.0 -1.0 -2.0 -4.0 -4.0 -2.0 0.0 -4.0 -2.0 -4.0 -1.0 -3.0 -4.0 -1.0 -2.0 0.0 -1.0 -3.0 -3.0 -1.0 -2.0 -3.0 0.0 -4.0 -4.0 -2.0 0.0 -1.0 0.0 -2.0 -3.0 -2.0 -4.0 
-2.0 0.0 -3.0 -3.0 -4.0 0.0 -3.0 0.0 0.0 -3.0 -3.0 -3.0 -4.0 -1.0 -4.0 -4.0 -4.0 0.0 -2.0 -1.0 -2.0 0.0 0.0 -2.0 0.0 -4.0 0.0 -3.0 0.0 0.0 -3.0 -2.0 -2.0 0.0 0.0 -2.0 -2.0 -3.0 -2.0 -1.0 0.0 0.0 0.0 0.0 -2.0 -1.0 0.0 -1.0 0.0 -1.0 215.0 -2.0 -1.0 -4.0 -1.0 -4.0 0.0 0.0 -2.0 -2.0 0.0 0.0 -2.0 -3.0 0.0 -2.0 0.0 0.0 0.0 -4.0 0.0 -4.0 -4.0 -3.0 -1.0 -2.0 -4.0 -3.0 -3.0 0.0 -1.0 -4.0 -3.0 -2.0 -4.0 -2.0 -2.0 -3.0 -1.0 -4.0 -1.0 -2.0 -4.0 -1.0 -4.0 -3.0 0.0 -4.0 -3.0 -1.0 -3.0 -2.0 -3.0 -3.0 -4.0 -1.0 -3.0 -4.0 -1.0 -2.0 -3.0 -3.0 -1.0 -1.0 -4.0 
-1.0 -1.0 -4.0 -3.0 -3.0 -2.0 -1.0 -1.0 -1.0 -4.0 -1.0 -2.0 -1.0 -3.0 -2.0 -2.0 -4.0 -2.0 -1.0 0.0 -1.0 0.0 -4.0 -4.0 0.0 0.0 -2.0 -4.0 -1.0 0.0 -1.0 -1.0 -2.0 -2.0 0.0 -2.0 -4.0 -2.0 0.0 -1.0 -2.0 -4.0 0.0 -4.0 -2.0 -3.0 -1.0 -3.0 -3.0 -4.0 -2.0 232.0 -2.0 -3.0 -2.0 -2.0 -2.0 -3.0 -1.0 -2.0 -2.0 0.0 -4.0 -1.0 -4.0 -2.0 -3.0 0.0 -2.0 -2.0 -3.0 -2.0 -2.0 -3.0 -2.0 -2.0 -3.0 -2.0 -3.0 -3.0 -3.0 -1.0 -1.0 -3.0 0.0 -2.0 -3.0 -3.0 -1.0 -4.0 0.0 -2.0 -2.0 -1.0 -4.0 -1.0 -1.0 -3.0 -2.0 0.0 0.0 -3.0 0.0 -2.0 -3.0 -3.0 -2.0 -3.0 -4.0 -1.0 -4.0 -1.0 -4.0 -1.0 -4.0 
-1.0 -1.0 0.0 -2.0 0.0 -2.0 -3.0 0.0 -1.0 -2.0 -1.0 -3.0 -3.0 0.0 -3.0 -3.0 0.0 -4.0 -3.0 -4.0 -2.0 -1.0 -3.0 -1.0 -1.0 -3.0 -2.0 -3.0 0.0 -4.0 -3.0 0.0 -1.0 -1.0 -4.0 0.0 -4.0 0.0 -2.0 -2.0 -4.0 -4.0 -1.0 -4.0 -1.0 -4.0 -3.0 -2.0 -4.0 -4.0 -3.0 -2.0 240.0 -3.0 0.0 0.0 -4.0 -4.0 -1.0 -1.0 -2.0 0.0 -3.0 -4.0 -3.0 -2.0 -1.0 -4.0 -3.0 -4.0 0.0 -3.0 0.0 -3.0 0.0 -2.0 -1.0 -4.0 -4.0 -3.0 -2.0 -4.0 -4.0 0.0 -1.0 -1.0 -3.0 -3.0 0.0 -2.0 0.0 -4.0 -2.0 0.0 -3.0 0.0 -3.0 -4.0 -2.0 -3.0 -1.0 -3.0 0.0 -1.0 -3.0 -4.0 -2.0 -4.0 -2.0 0.0 -2.0 0.0 -3.0 -4.0 -2.0 
0.0 -4.0 -4.0 -1.0 -3.0 0.0 -1.0 -3.0 -1.0 -2.0 -3.0 -1.0 0.0 0.0 -3.0 0.0 -1.0 0.0 -4.0 -2.0 -2.0 0.0 0.0 -1.0 -2.0 -2.0 0.0 0.0 -2.0 -3.0 -2.0 -3.0 -2.0 -3.0 -1.0 -3.0 0.0 0.0 0.0 -3.0 -1.0 0.0 -3.0 0.0 0.0 -2.0 -3.0 -4.0 0.0 -2.0 0.0 -3.0 -2.0 192.0 -3.0 -3.0 -2.0 -1.0 -3.0 -1.0 -3.0 0.0 -1.0 -2.0 -4.0 0.0 -3.0 0.0 -1.0 -1.0 -1.0 0.0 -2.0 0.0 -1.0 -4.0 -4.0 0.0 0.0 -3.0 -1.0 -2.0 -4.0 -1.0 -4.0 -4.0 -3.0 -4.0 -2.0 0.0 -3.0 0.0 -1.0 -2.0 -3.0 -4.0 0.0 0.0 -1.0 -1.0 -3.0 -3.0 0.0 -1.0 0.0 -1.0 0.0 -4.0 -2.0 0.0 -2.0 -4.0 -3.0 -4.0 0.0 
-4.0 -1.0 -3.0 -2.0 0.0 -1.0 -4.0 0.0 0.0 -2.0 -4.0 -2.0 -4.0 -3.0 -1.0 0.0 -4.0 -2.0 -2.0 -2.0 -2.0 -4.0 -1.0 -1.0 -1.0 -4.0 -1.0 -3.0 -4.0 -1.0 -1.0 0.0 -4.0 -3.0 0.0 -3.0 -2.0 0.0 0.0 -3.0 -2.0 -3.0 -2.0 0.0 0.0 -2.0 -2.0 -3.0 -3.0 -4.0 -1.0 -1.0 -2.0 -3.0 222.0 -3.0 0.0 -2.0 -1.0 0.0 -2.0 -3.0 -4.0 -1.0 0.0 -3.0 -2.0 -2.0 0.0 -3.0 -4.0 -3.0 -2.0 -3.0 -2.0 -4.0 -4.0 -4.0 -3.0 0.0 0.0 -1.0 -4.0 -3.0 -2.0 -4.0 0.0 -1.0 -1.0 -4.0 0.0 -4.0 -2.0 -1.0 -1.0 -3.0 -4.0 0.0 -3.0 0.0 -2.0 -1.0 -1.0 -2.0 0.0 -3.0 0.0 -1.0 -2.0 0.0 -1.0 -4.0 0.0 -2.0 -3.0 
-2.0 -3.0 -4.0 -4.0 -2.0 -4.0 -3.0 -2.0 0.0 -4.0 0.0 -2.0 -3.0 0.0 -2.0 0.0 -3.0 -1.0 -4.0 -4.0 -2.0 -4.0 0.0 -2.0 -1.0 0.0 -3.0 -2.0 -1.0 0.0 -1.0 -3.0 -2.0 -3.0 0.0 -3.0 0.0 -4.0 -2.0 -2.0 -2.0 -3.0 0.0 -4.0 -1.0 -2.0 -4.0 -4.0 -4.0 0.0 -2.0 -3.0 -2.0 0.0 0.0 220.0 -1.0 -1.0 0.0 -4.0 -4.0 0.0 -1.0 -2.0 -4.0 -3.0 -4.0 -1.0 0.0 0.0 0.0 0.0 -4.0 -3.0 -3.0 0.0 -2.0 -1.0 -1.0 -4.0 -1.0 -3.0 -1.0 -4.0 -2.0 0.0 -2.0 0.0 0.0 -1.0 -3.0 -2.0 -1.0 -1.0 -1.0 0.0 -2.0 -3.0 0.0 0.0 -4.0 -2.0 -1.0 -3.0 -3.0 -4.0 -1.0 -3.0 -4.0 -3.0 -2.0 0.0 -3.0 -2.0 -2.0 
-1.0 -1.0 -2.0 -1.0 -4.0 -3.0 -4.0 0.0 0.0 -4.0 -1.0 -1.0 0.0 -2.0 -1.0 -1.0 -3.0 -1.0 -3.0 -3.0 -2.0 -4.0 -1.0 -4.0 -2.0 0.0 -1.0 -1.0 -2.0 -2.0 -4.0 0.0 0.0 -2.0 -3.0 0.0 -2.0 -4.0 -3.0 0.0 -2.0 0.0 0.0 0.0 -4.0 -4.0 0.0 0.0 -2.0 0.0 0.0 -3.0 -4.0 -1.0 -1.0 -4.0 222.0 -2.0 -2.0 0.0 0.0 -1.0 -3.0 -4.0 -1.0 -1.0 -4.0 0.0 -4.0 -4.0 0.0 0.0 -4.0 -2.0 -4.0 -3.0 -4.0 -4.0 -2.0 -4.0 -1.0 0.0 -4.0 -1.0 0.0 -2.0 -1.0 -1.0 0.0 -4.0 -4.0 -3.0 0.0 -3.0 -4.0 -2.0 -1.0 -4.0 -4.0 0.0 -2.0 -3.0 -3.0 -1.0 -2.0 -1.0 0.0 -1.0 -3.0 0.0 -2.0 -4.0 -2.0 -4.0 -4.0 
-3.0 -2.0 -3.0 -4.0 -1.0 0.0 -2.0 -3.0 -2.0 -2.0 -3.0 -2.0 -1.0 0.0 -4.0 -4.0 -2.0 -2.0 -3.0 -3.0 -2.0 -1.0 -3.0 0.0 -4.0 0.0 -3.0 -3.0 -1.0 -3.0 -2.0 -2.0 -3.0 -4.0 0.0 -4.0 -1.0 -3.0 -3.0 -1.0 -3.0 -2.0 -2.0 -4.0 0.0 0.0 0.0 -2.0 -1.0 -4.0 -2.0 0.0 0.0 -3.0 -1.0 -4.0 0.0 230.0 0.0 -4.0 -1.0 0.0 -3.0 0.0 0.0 -3.0 -3.0 -4.0 -4.0 -1.0 -2.0 -4.0 -3.0 0.0 -2.0 -2.0 -1.0 -2.0 0.0 -2.0 -2.0 0.0 -3.0 -3.0 -4.0 0.0 -2.0 -2.0 -4.0 0.0 -1.0 -2.0 -2.0 -4.0 0.0 -1.0 -1.0 -2.0 -3.0 -3.0 0.0 0.0 -4.0 -3.0 -2.0 0.0 -4.0 -3.0 -4.0 -1.0 -3.0 -3.0 -2.0 -2.0 -2.0 
-2.0 -1.0 -2.0 -3.0 -2.0 -3.0 0.0 -3.0 -3.0 -3.0 0.0 -3.0 -4.0 -1.0 -1.0 -4.0 -4.0 -3.0 0.0 -4.0 -3.0 0.0 -2.0 -1.0 -2.0 -1.0 -1.0 -4.0 -3.0 -3.0 -2.0 0.0 -1.0 -4.0 -2.0 -4.0 -3.0 -3.0 -2.0 -3.0 -1.0 -1.0 -2.0 -3.0 -3.0 -3.0 -3.0 0.0 -3.0 0.0 -1.0 -4.0 -2.0 -2.0 -2.0 -4.0 -4.0 0.0 246.0 0.0 -3.0 -1.0 -2.0 -4.0 -1.0 0.0 0.0 -2.0 0.0 -2.0 0.0 -1.0 -2.0 -3.0 -3.0 -4.0 -3.0 -1.0 -3.0 -4.0 -4.0 -3.0 0.0 0.0 -3.0 0.0 -2.0 -3.0 -2.0 -4.0 0.0 -4.0 -2.0 -3.0 -2.0 -4.0 0.0 0.0 -2.0 0.0 -1.0 -4.0 -4.0 -4.0 -4.0 -4.0 -2.0 -1.0 -2.0 0.0 -3.0 -4.0 -4.0 -2.0 -2.0 
-2.0 -3.0 -2.0 0.0 -2.0 0.0 -4.0 -1.0 0.0 -3.0 0.0 -1.0 -2.0 -3.0 0.0 -2.0 -3.0 -1.0 -1.0 -3.0 0.0 -4.0 -2.0 -4.0 -1.0 0.0 -1.0 -2.0 -1.0 -1.0 -3.0 -4.0 -3.0 -2.0 -4.0 -4.0 -1.0 0.0 -4.0 -3.0 -1.0 -3.0 -2.0 -2.0 -4.0 0.0 -4.0 -4.0 -2.0 -1.0 -3.0 0.0 0.0 -4.0 -2.0 -4.0 -1.0 -3.0 0.0 255.0 -3.0 -4.0 -2.0 -3.0 -2.0 -3.0 -1.0 -1.0 -4.0 -4.0 -3.0 -1.0 0.0 -1.0 -4.0 0.0 -1.0 -4.0 -2.0 -1.0 -1.0 -4.0 -4.0 -4.0 -2.0 -4.0 -4.0 -1.0 -4.0 -2.0 -4.0 -4.0 -2.0 -2.0 -1.0 -2.0 -2.0 0.0 -3.0 -4.0 -2.0 -2.0 -1.0 -4.0 -4.0 -2.0 -3.0 -4.0 -2.0 -4.0 -4.0 -3.0 -4.0 0.0 -1.0 
-1.0 -1.0 0.0 -4.0 -4.0 0.0 -2.0 -4.0 -4.0 0.0 -4.0 0.0 -4.0 -1.0 -1.0 -2.0 -3.0 -2.0 -3.0 -2.0 -3.0 -1.0 -2.0 -3.0 -3.0 -3.0 -1.0 0.0 -2.0 -3.0 -3.0 -3.0 -1.0 -4.0 -4.0 -2.0 -1.0 -1.0 -1.0 0.0 -3.0 -1.0 -4.0 -3.0 0.0 0.0 -2.0 -4.0 -4.0 0.0 0.0 -2.0 -3.0 -4.0 0.0 -3.0 -4.0 0.0 -4.0 -4.0 242.0 -2.0 -1.0 -3.0 -3.0 -4.0 -3.0 0.0 -3.0 0.0 0.0 -3.0 -2.0 -1.0 -4.0 -2.0 -1.0 -2.0 -3.0 -2.0 -2.0 -4.0 -1.0 0.0 -1.0 0.0 -4.0 -3.0 -4.0 0.0 -1.0 -3.0 -4.0 -3.0 -3.0 -4.0 -3.0 -1.0 -3.0 0.0 0.0 -3.0 -1.0 -3.0 -1.0 -2.0 0.0 -4.0 -4.0 -3.0 -4.0 -1.0 -1.0 -3.0 -1.0 
-2.0 -4.0 -4.0 -3.0 -4.0 -1.0 -1.0 -2.0 -1.0 -2.0 -4.0 -2.0 -2.0 0.0 0.0 -4.0 -4.0 0.0 -2.0 -3.0 -3.0 -4.0 -3.0 -3.0 0.0 -3.0 -4.0 -3.0 -3.0 0.0 -1.0 -3.0 -4.0 -2.0 -1.0 -4.0 -3.0 -3.0 -3.0 -3.0 -3.0 -3.0 -3.0 -2.0 -1.0 -4.0 -4.0 -1.0 -3.0 -2.0 -2.0 -1.0 -1.0 -2.0 -4.0 -2.0 -2.0 0.0 -4.0 -1.0 -1.0 232.0 -2.0 -1.0 -2.0 -4.0 0.0 -4.0 -1.0 -1.0 0.0 -2.0 -3.0 -3.0 0.0 -1.0 -3.0 0.0 0.0 -3.0 -3.0 -1.0 -1.0 -2.0 -1.0 0.0 0.0 -4.0 -4.0 0.0 -2.0 -3.0 0.0 0.0 0.0 0.0 -2.0 -2.0 -3.0 0.0 0.0 -3.0 -3.0 -1.0 -2.0 -4.0 -1.0 -1.0 -1.0 -4.0 -1.0 -2.0 -4.0 0.0 -3.0 
-4.0 -3.0 -3.0 -3.0 0.0 -2.0 -1.0 0.0 0.0 -1.0 0.0 0.0 -2.0 -2.0 0.0 -3.0 -4.0 -4.0 -3.0 0.0 -2.0 -3.0 -2.0 -1.0 -4.0 -3.0 -2.0 -1.0 -2.0 -2.0 0.0 -2.0 -1.0 -1.0 -3.0 -3.0 0.0 -2.0 0.0 -1.0 0.0 -2.0 -2.0 0.0 -1.0 -2.0 -4.0 -3.0 -4.0 -4.0 0.0 0.0 -2.0 -2.0 -2.0 -3.0 -1.0 -1.0 -3.0 0.0 -2.0 0.0 211.0 -3.0 -1.0 -3.0 -2.0 -2.0 0.0 -3.0 -1.0 -2.0 -3.0 -1.0 -3.0 -3.0 -2.0 -1.0 -1.0 -3.0 -3.0 -1.0 -2.0 -1.0 0.0 -2.0 -3.0 -2.0 -4.0 -3.0 0.0 -3.0 -1.0 -1.0 -3.0 0.0 -2.0 -2.0 -3.0 -1.0 -2.0 -3.0 0.0 -3.0 0.0 -4.0 -3.0 -4.0 -3.0 0.0 -2.0 -4.0 0.0 0.0 -4.0 
-4.0 -2.0 -3.0 -3.0 0.0 -4.0 -4.0 -2.0 -3.0 -4.0 0.0 0.0 -3.0 -3.0 -2.0 -1.0 -2.0 -4.0 -3.0 -4.0 -3.0 -1.0 0.0 -3.0 -4.0 -3.0 -1.0 -2.0 -3.0 -3.0 -2.0 -1.0 -1.0 0.0 -4.0 -4.0 -4.0 -4.0 0.0 -4.0 -2.0 -1.0 -4.0 -4.0 -4.0 -3.0 -3.0 -4.0 -3.0 -4.0 -3.0 -3.0 -4.0 -4.0 -3.0 -4.0 -3.0 -4.0 -2.0 -4.0 -4.0 -1.0 -4.0 286.0 0.0 -2.0 -3.0 0.0 0.0 0.0 -3.0 -2.0 -3.0 -4.0 -4.0 -3.0 -2.0 -2.0 -4.0 -4.0 -2.0 -1.0 -1.0 -4.0 -1.0 -4.0 0.0 -4.0 -4.0 -3.0 -3.0 -2.0 -3.0 0.0 -2.0 0.0 -3.0 -4.0 -3.0 -3.0 0.0 -3.0 -1.0 0.0 -4.0 -4.0 -4.0 -1.0 -1.0 0.0 -4.0 -3.0 -3.0 -2.0 0.0 
-4.0 -4.0 -1.0 -2.0 0.0 -1.0 -2.0 -2.0 -3.0 -2.0 0.0 -1.0 -3.0 -2.0 0.0 0.0 -2.0 0.0 -4.0 0.0 -4.0 -2.0 -4.0 -3.0 -2.0 -3.0 -2.0 -4.0 -4.0 0.0 -1.0 -1.0 -1.0 -1.0 -2.0 0.0 -4.0 0.0 -2.0 -2.0 -1.0 -4.0 -2.0 0.0 -4.0 -4.0 -2.0 -1.0 -4.0 -3.0 0.0 -4.0 0.0 -2.0 0.0 -4.0 -3.0 0.0 -4.0 0.0 -2.0 0.0 -1.0 -2.0 227.0 -1.0 -1.0 -2.0 -3.0 -3.0 -1.0 -4.0 -4.0 -2.0 -3.0 0.0 0.0 -4.0 -1.0 -3.0 0.0 -1.0 -2.0 -3.0 -4.0 -3.0 -4.0 -2.0 -1.0 -4.0 0.0 -2.0 -4.0 -1.0 -1.0 -3.0 -1.0 -4.0 -2.0 -3.0 -1.0 -1.0 -3.0 -2.0 -2.0 -3.0 -4.0 0.0 -3.0 -3.0 -3.0 0.0 -2.0 0.0 -1.0 
-1.0 -2.0 -2.0 0.0 -2.0 -1.0 -1.0 0.0 -2.0 -4.0 -4.0 -2.0 0.0 -1.0 -3.0 -3.0 -2.0 -3.0 -2.0 -4.0 -2.0 -4.0 -2.0 0.0 0.0 -2.0 -2.0 0.0 -3.0 -2.0 0.0 -3.0 -3.0 -3.0 -1.0 -3.0 0.0 -4.0 -2.0 -4.0 -1.0 -1.0 -3.0 -3.0 -2.0 -3.0 -1.0 -3.0 -2.0 -3.0 -3.0 -4.0 -4.0 0.0 -4.0 -2.0 -2.0 -1.0 -1.0 -4.0 0.0 0.0 -1.0 -2.0 -1.0 207.0 0.0 -1.0 -2.0 -1.0 -1.0 0.0 -1.0 0.0 -4.0 -1.0 0.0 0.0 -2.0 -1.0 -2.0 -3.0 -2.0 -1.0 -2.0 0.0 -3.0 -1.0 -1.0 -2.0 -3.0 0.0 0.0 -1.0 0.0 -4.0 0.0 -4.0 -2.0 -4.0 -3.0 -4.0 -3.0 -1.0 -2.0 -3.0 0.0 -2.0 -3.0 -3.0 -1.0 -2.0 -1.0 0.0 0.0 
-1.0 0.0 -3.0 -4.0 0.0 -3.0 -1.0 -2.0 -2.0 -4.0 0.0 -3.0 0.0 -3.0 -4.0 -2.0 -1.0 -3.0 -2.0 -2.0 0.0 -3.0 -1.0 -4.0 -3.0 -3.0 -4.0 -4.0 -1.0 -1.0 0.0 0.0 -1.0 -1.0 -3.0 -3.0 -1.0 -3.0 -1.0 -1.0 -4.0 0.0 -2.0 -2.0 -3.0 -3.0 -4.0 0.0 -1.0 -4.0 -4.0 -2.0 -1.0 -1.0 -2.0 -4.0 -3.0 -1.0 -3.0 -3.0 -4.0 -3.0 -1.0 -2.0 -4.0 -2.0 234.0 -4.0 -1.0 -4.0 0.0 -4.0 0.0 -4.0 -2.0 -3.0 -4.0 -4.0 0.0 0.0 -1.0 -4.0 0.0 -1.0 -3.0 0.0 -3.0 -3.0 -1.0 0.0 -2.0 -3.0 -3.0 -2.0 0.0 -1.0 0.0 -3.0 0.0 -2.0 -1.0 -1.0 -1.0 0.0 -4.0 -4.0 -3.0 0.0 -3.0 -4.0 -2.0 0.0 0.0 -4.0 -4.0 
-1.0 -2.0 -4.0 -3.0 -3.0 -2.0 -4.0 -3.0 -3.0 -4.0 -1.0 -2.0 -3.0 -1.0 -1.0 -1.0 -2.0 -3.0 0.0 -2.0 -3.0 -4.0 -3.0 -3.0 -2.0 -3.0 -4.0 -2.0 -4.0 -4.0 0.0 -2.0 -4.0 -2.0 -3.0 0.0 -1.0 -3.0 -3.0 -3.0 -1.0 0.0 -4.0 -2.0 -2.0 -4.0 -3.0 -2.0 -3.0 -1.0 -4.0 -3.0 0.0 -2.0 0.0 -1.0 -4.0 -2.0 -1.0 -1.0 -4.0 0.0 -3.0 -2.0 -1.0 0.0 -3.0 232.0 0.0 -4.0 -2.0 -1.0 0.0 0.0 -1.0 0.0 -1.0 0.0 -3.0 -2.0 -3.0 -4.0 -1.0 -3.0 -1.0 -4.0 0.0 -3.0 0.0 -2.0 -3.0 0.0 -2.0 -4.0 -2.0 -3.0 -4.0 -3.0 -4.0 -2.0 0.0 0.0 -4.0 -2.0 0.0 -2.0 -1.0 -3.0 -2.0 0.0 -1.0 0.0 0.0 -1.0 -3.0 
0.0 0.0 -3.0 -2.0 -2.0 0.0 -4.0 -4.0 -3.0 0.0 -1.0 -4.0 0.0 -1.0 -3.0 -4.0 -1.0 -2.0 -4.0 -4.0 -1.0 0.0 -3.0 -1.0 -3.0 -2.0 -2.0 -2.0 -3.0 0.0 -3.0 0.0 0.0 -4.0 -2.0 -1.0 -2.0 -2.0 -4.0 0.0 -1.0 -3.0 -2.0 0.0 -1.0 0.0 -3.0 -3.0 -1.0 0.0 -3.0 -2.0 -1.0 -2.0 -2.0 -3.0 0.0 -1.0 -2.0 -2.0 -2.0 0.0 -1.0 -2.0 -3.0 -2.0 -2.0 -1.0 218.0 -3.0 -3.0 -2.0 -3.0 -4.0 -1.0 -3.0 0.0 0.0 -1.0 0.0 -2.0 -3.0 -4.0 0.0 -2.0 -1.0 -4.0 -4.0 0.0 -4.0 -4.0 -2.0 -3.0 -3.0 -3.0 -1.0 -3.0 -2.0 -3.0 -1.0 -2.0 0.0 -2.0 -2.0 -3.0 -1.0 -4.0 0.0 -1.0 -1.0 0.0 -2.0 -4.0 -4.0 -1.0 
-4.0 -2.0 -3.0 -3.0 0.0 0.0 -3.0 0.0 0.0 -3.0 -4.0 -2.0 0.0 -1.0 -1.0 -2.0 -3.0 -3.0 -2.0 0.0 0.0 -3.0 -3.0 -1.0 -4.0 -4.0 0.0 0.0 -1.0 -2.0 -3.0 -4.0 0.0 -2.0 -3.0 0.0 -1.0 -2.0 0.0 -2.0 -3.0 -3.0 -3.0 -4.0 0.0 -2.0 -4.0 0.0 -4.0 -4.0 -2.0 0.0 -1.0 0.0 -2.0 0.0 -4.0 0.0 0.0 -1.0 -2.0 -3.0 -4.0 -3.0 -1.0 -3.0 -1.0 0.0 -4.0 214.0 -1.0 -4.0 -1.0 -2.0 0.0 -1.0 -2.0 -4.0 0.0 0.0 -3.0 -4.0 -3.0 -1.0 -2.0 -3.0 -1.0 -1.0 0.0 -4.0 -3.0 -3.0 -3.0 -4.0 -2.0 -2.0 -3.0 -2.0 -4.0 -1.0 0.0 -2.0 -2.0 -2.0 -4.0 0.0 -2.0 0.0 -3.0 -3.0 -1.0 -2.0 0.0 0.0 0.0 
-4.0 -4.0 0.0 -3.0 -2.0 0.0 -1.0 0.0 0.0 -4.0 -3.0 -2.0 -4.0 -2.0 -4.0 -2.0 -3.0 -3.0 -2.0 -2.0 -4.0 -1.0 -3.0 -2.0 -4.0 -3.0 0.0 -3.0 -2.0 0.0 0.0 -2.0 -2.0 0.0 -2.0 0.0 0.0 0.0 -4.0 -4.0 -4.0 -1.0 -1.0 -3.0 -2.0 -2.0 -2.0 -1.0 -1.0 -1.0 -3.0 -4.0 -2.0 -2.0 0.0 -3.0 -4.0 -1.0 -3.0 -2.0 -1.0 -3.0 -4.0 -3.0 -2.0 -2.0 -4.0 -1.0 -1.0 0.0 233.0 -3.0 -4.0 0.0 -3.0 -3.0 -3.0 0.0 0.0 -3.0 -4.0 -3.0 -2.0 -1.0 -1.0 -3.0 -2.0 -1.0 -2.0 -4.0 0.0 -1.0 -4.0 -4.0 0.0 -3.0 -3.0 -1.0 -1.0 -1.0 0.0 -3.0 0.0 0.0 -3.0 -4.0 -2.0 -4.0 -4.0 -2.0 0.0 -4.0 0.0 0.0 -3.0 
-4.0 -1.0 -3.0 0.0 -3.0 -1.0 -2.0 -1.0 -3.0 -3.0 0.0 0.0 -2.0 -4.0 -2.0 -3.0 -4.0 0.0 0.0 -1.0 -4.0 0.0 -4.0 -2.0 0.0 -3.0 -3.0 -4.0 -2.0 0.0 0.0 -4.0 0.0 -1.0 0.0 -3.0 0.0 -4.0 -1.0 -1.0 -4.0 -4.0 -2.0 -4.0 0.0 -4.0 -3.0 0.0 -3.0 -4.0 -1.0 0.0 -1.0 0.0 -1.0 -1.0 -1.0 -4.0 -1.0 -3.0 -3.0 -1.0 -4.0 0.0 -3.0 -1.0 -2.0 -2.0 0.0 0.0 0.0 216.0 -1.0 -4.0 0.0 -1.0 -4.0 -2.0 -4.0 -4.0 -2.0 0.0 -2.0 -2.0 -1.0 0.0 -1.0 -3.0 -1.0 -2.0 -3.0 -2.0 0.0 -1.0 -2.0 -4.0 -4.0 -3.0 -1.0 -1.0 -4.0 -1.0 -2.0 -1.0 -1.0 -2.0 -2.0 -1.0 -4.0 0.0 -2.0 -1.0 -4.0 -3.0 -3.0 
-2.0 -1.0 -3.0 -2.0 -1.0 0.0 0.0 -1.0 0.0 -1.0 0.0 0.0 -4.0 -2.0 0.0 -4.0 -2.0 -1.0 -3.0 -1.0 -4.0 -1.0 0.0 -1.0 -3.0 -4.0 0.0 -3.0 -3.0 0.0 -1.0 -4.0 -4.0 -3.0 -2.0 0.0 -4.0 -2.0 -3.0 -3.0 0.0 -3.0 -3.0 -2.0 -2.0 -3.0 -2.0 -4.0 -1.0 -2.0 -4.0 -2.0 -2.0 -3.0 -2.0 -1.0 -2.0 -1.0 -3.0 -1.0 -4.0 -2.0 -2.0 -4.0 -3.0 -2.0 0.0 -1.0 -4.0 -2.0 -2.0 -1.0 231.0 -2.0 0.0 0.0 -3.0 -4.0 -1.0 -4.0 -2.0 0.0 -2.0 -3.0 -3.0 -2.0 -3.0 -4.0 -2.0 -1.0 0.0 -4.0 -1.0 -3.0 -1.0 -2.0 0.0 -3.0 0.0 -3.0 0.0 -3.0 -2.0 -4.0 -2.0 -1.0 -4.0 -1.0 -1.0 0.0 -3.0 -4.0 -4.0 -3.0 -3.0 
-3.0 -4.0 -3.0 -2.0 0.0 -3.0 -3.0 -4.0 -4.0 0.0 -1.0 -2.0 -2.0 -3.0 -1.0 -2.0 -4.0 -3.0 -3.0 -4.0 -1.0 0.0 -3.0 0.0 0.0 -1.0 0.0 -1.0 -2.0 0.0 -4.0 -3.0 -1.0 -1.0 -3.0 -4.0 -2.0 -4.0 0.0 -1.0 -3.0 -3.0 -2.0 -2.0 -4.0 -3.0 0.0 -1.0 -3.0 -2.0 -2.0 -4.0 -2.0 -4.0 -1.0 -4.0 -3.0 -1.0 -4.0 -3.0 -3.0 -1.0 -3.0 -2.0 -2.0 -4.0 -2.0 -3.0 -1.0 0.0 0.0 -1.0 -3.0 236.0 -1.0 0.0 -3.0 -1.0 -4.0 -1.0 -4.0 -2.0 -1.0 -2.0 -3.0 -1.0 -4.0 0.0 -3.0 -1.0 -4.0 -4.0 -4.0 0.0 -3.0 -2.0 0.0 -2.0 -1.0 -4.0 0.0 -1.0 -1.0 -4.0 -2.0 -3.0 -2.0 0.0 0.0 0.0 -2.0 0.0 0.0 -4.0 -4.0 
-2.0 -3.0 -4.0 -2.0 0.0 -2.0 -2.0 -2.0 -1.0 0.0 -2.0 -4.0 -2.0 -1.0 -2.0 -1.0 -3.0 -1.0 -1.0 -2.0 -1.0 -4.0 -1.0 -1.0 -2.0 -1.0 -4.0 -4.0 -2.0 -3.0 0.0 -4.0 -4.0 -1.0 -3.0 -2.0 0.0 -4.0 -1.0 0.0 -4.0 -4.0 -4.0 -4.0 -1.0 -4.0 0.0 -2.0 -1.0 -2.0 -2.0 -1.0 0.0 -3.0 -2.0 -3.0 -4.0 0.0 -1.0 -3.0 -2.0 -4.0 -3.0 -4.0 -3.0 -3.0 -4.0 -2.0 -4.0 -1.0 -3.0 -2.0 -2.0 -1.0 238.0 -1.0 -3.0 -3.0 -3.0 -3.0 0.0 -1.0 -3.0 0.0 -1.0 -3.0 -2.0 -2.0 -4.0 -1.0 0.0 -4.0 -3.0 -3.0 -4.0 -3.0 -1.0 -1.0 0.0 0.0 -3.0 -1.0 -4.0 -2.0 0.0 -1.0 -2.0 0.0 -1.0 -3.0 -4.0 -1.0 0.0 -1.0 -4.0 
-3.0 -4.0 -1.0 -1.0 0.0 -1.0 -1.0 -4.0 -4.0 -4.0 -3.0 0.0 0.0 -1.0 -3.0 -2.0 -4.0 0.0 -1.0 -1.0 -3.0 -3.0 -4.0 -2.0 -4.0 0.0 -4.0 -4.0 -4.0 -4.0 -2.0 0.0 0.0 -3.0 -1.0 -3.0 -2.0 -3.0 0.0 0.0 -2.0 -4.0 -2.0 -3.0 -1.0 -2.0 -3.0 -4.0 0.0 0.0 -2.0 0.0 -2.0 0.0 0.0 -3.0 0.0 -1.0 0.0 -2.0 -4.0 -4.0 -2.0 -2.0 0.0 -2.0 -1.0 -1.0 -3.0 -3.0 0.0 -4.0 0.0 -4.0 -4.0 216.0 -2.0 -3.0 0.0 -4.0 -4.0 -2.0 0.0 -3.0 0.0 -1.0 -2.0 -4.0 -3.0 -4.0 -3.0 -4.0 -2.0 -2.0 -4.0 0.0 -1.0 -1.0 -3.0 -2.0 0.0 0.0 0.0 -4.0 0.0 -2.0 0.0 0.0 -1.0 -1.0 0.0 0.0 0.0 -2.0 -3.0 
-1.0 -2.0 -3.0 -2.0 -1.0 -3.0 -1.0 0.0 -1.0 -2.0 0.0 -4.0 -2.0 0.0 -1.0 -4.0 -4.0 -2.0 -4.0 -2.0 0.0 -2.0 -2.0 0.0 -4.0 -3.0 -3.0 0.0 -4.0 0.0 -2.0 0.0 -1.0 -2.0 0.0 0.0 -3.0 0.0 -2.0 0.0 -3.0 -2.0 0.0 -2.0 -3.0 -1.0 -3.0 -1.0 0.0 -4.0 -3.0 -1.0 -4.0 -3.0 -3.0 -1.0 -4.0 -3.0 -2.0 -1.0 -2.0 -3.0 0.0 0.0 0.0 -2.0 -4.0 -2.0 -2.0 -4.0 -4.0 0.0 -4.0 0.0 -4.0 0.0 215.0 -1.0 -4.0 -2.0 -1.0 -1.0 -3.0 -1.0 -4.0 -3.0 -3.0 -1.0 0.0 -4.0 -1.0 -3.0 -1.0 -1.0 -3.0 -2.0 -1.0 -2.0 -4.0 -4.0 -2.0 -3.0 -1.0 -4.0 -1.0 -1.0 -1.0 0.0 -3.0 0.0 0.0 -1.0 0.0 -3.0 -3.0 
-3.0 -1.0 -1.0 -1.0 0.0 -3.0 -1.0 -3.0 0.0 -2.0 -3.0 -1.0 0.0 0.0 -1.0 -2.0 -4.0 -2.0 -2.0 -4.0 -1.0 -4.0 -2.0 -2.0 -4.0 -2.0 0.0 -3.0 -4.0 -1.0 0.0 -4.0 -4.0 -3.0 -3.0 -2.0 0.0 -1.0 -3.0 0.0 -1.0 -1.0 -4.0 -1.0 -4.0 -4.0 -1.0 -1.0 -4.0 -3.0 -2.0 -1.0 -2.0 -3.0 -3.0 -3.0 0.0 -3.0 -1.0 -2.0 -1.0 -2.0 -2.0 -1.0 0.0 -3.0 -2.0 -4.0 0.0 -3.0 -4.0 -1.0 -1.0 -3.0 -4.0 -1.0 -3.0 235.0 0.0 -4.0 -1.0 -3.0 0.0 -4.0 -4.0 -3.0 -2.0 0.0 0.0 -4.0 0.0 -1.0 -3.0 -3.0 -3.0 0.0 0.0 0.0 -4.0 -3.0 -1.0 -3.0 -4.0 -2.0 0.0 -4.0 -4.0 0.0 -3.0 -2.0 -2.0 -4.0 -1.0 -4.0 -3.0 
-4.0 -2.0 -2.0 -4.0 -3.0 -2.0 0.0 -1.0 0.0 -4.0 -2.0 -1.0 -3.0 -2.0 -1.0 -1.0 -3.0 -2.0 -4.0 0.0 -4.0 -1.0 -2.0 -3.0 -4.0 0.0 -1.0 -4.0 -4.0 -2.0 -3.0 -3.0 -3.0 -1.0 -4.0 -1.0 0.0 -3.0 -1.0 -2.0 -2.0 -1.0 -4.0 -4.0 -2.0 -3.0 -2.0 -1.0 -1.0 -1.0 -4.0 -3.0 -4.0 -3.0 -1.0 -1.0 -1.0 -3.0 0.0 -2.0 -3.0 -1.0 -4.0 -4.0 -2.0 -3.0 -4.0 -3.0 0.0 -1.0 -3.0 0.0 0.0 -4.0 -2.0 0.0 -3.0 -3.0 239.0 0.0 -2.0 0.0 0.0 -4.0 -2.0 -1.0 -2.0 0.0 -1.0 -3.0 -1.0 -1.0 -2.0 -1.0 -1.0 -4.0 -1.0 -2.0 -4.0 -2.0 -3.0 -3.0 -2.0 -4.0 -3.0 -1.0 -3.0 -2.0 0.0 -4.0 -3.0 -2.0 -1.0 -4.0 0.0 
-4.0 0.0 -4.0 -4.0 -1.0 -1.0 -4.0 -3.0 -4.0 -4.0 -2.0 -1.0 -4.0 -3.0 0.0 -1.0 -3.0 -4.0 -2.0 0.0 -2.0 0.0 -2.0 0.0 0.0 0.0 -2.0 -2.0 -4.0 0.0 -3.0 0.0 -4.0 -4.0 -3.0 -4.0 -4.0 -2.0 0.0 -2.0 -4.0 0.0 -3.0 -4.0 -2.0 -2.0 -2.0 0.0 0.0 0.0 -3.0 0.0 -4.0 -4.0 -2.0 -1.0 -2.0 -4.0 -2.0 -1.0 0.0 -2.0 -1.0 0.0 -3.0 -1.0 -4.0 -2.0 -1.0 -3.0 -4.0 -3.0 -3.0 -4.0 0.0 -1.0 -3.0 -4.0 -1.0 240.0 -3.0 -2.0 -4.0 -1.0 -3.0 -2.0 0.0 -2.0 -1.0 -2.0 -2.0 -3.0 -1.0 -4.0 -1.0 -3.0 0.0 -4.0 0.0 -1.0 -4.0 0.0 -3.0 -1.0 -1.0 -3.0 -3.0 -2.0 -3.0 -2.0 -4.0 0.0 -2.0 -2.0 -4.0 
-2.0 0.0 -1.0 -3.0 -3.0 0.0 -1.0 0.0 0.0 -4.0 0.0 -3.0 -1.0 -1.0 -1.0 -3.0 -4.0 0.0 -4.0 -1.0 -3.0 -2.0 -3.0 -1.0 -1.0 0.0 -3.0 -2.0 -2.0 0.0 -3.0 -1.0 -1.0 -2.0 -1.0 -4.0 -1.0 -2.0 -2.0 -3.0 0.0 -2.0 -3.0 -3.0 -3.0 -1.0 0.0 0.0 -3.0 -4.0 -2.0 -3.0 -2.0 0.0 -3.0 -4.0 -3.0 -3.0 -4.0 -3.0 0.0 -2.0 -2.0 -1.0 0.0 0.0 -2.0 0.0 -1.0 -4.0 -3.0 -3.0 -2.0 -4.0 -3.0 -2.0 -1.0 -1.0 -4.0 -3.0 212.0 0.0 -1.0 -2.0 -1.0 -1.0 0.0 -3.0 -3.0 0.0 -1.0 -3.0 -2.0 -1.0 -1.0 -1.0 -3.0 -3.0 -3.0 -3.0 -3.0 -1.0 0.0 -4.0 0.0 0.0 -3.0 -3.0 -2.0 0.0 -2.0 -4.0 0.0 -1.0 -4.0 
-1.0 -1.0 -2.0 -4.0 -4.0 -2.0 -1.0 -1.0 -3.0 -2.0 -2.0 -4.0 -1.0 -2.0 -3.0 -3.0 -1.0 -3.0 0.0 -4.0 0.0 -3.0 -1.0 -3.0 -1.0 -1.0 -2.0 -4.0 -3.0 -1.0 -3.0 -2.0 0.0 0.0 -1.0 -1.0 -4.0 -2.0 -3.0 0.0 0.0 -2.0 -3.0 -3.0 0.0 -2.0 -2.0 -4.0 -2.0 0.0 -1.0 -1.0 -2.0 -3.0 -3.0 -3.0 -4.0 -3.0 0.0 -2.0 -2.0 -2.0 -3.0 -1.0 -4.0 0.0 -3.0 -1.0 -1.0 -3.0 -4.0 -4.0 -4.0 -2.0 -4.0 -4.0 -2.0 0.0 -1.0 -4.0 0.0 235.0 0.0 -1.0 -4.0 -3.0 -2.0 -1.0 0.0 -1.0 -4.0 -2.0 -1.0 0.0 0.0 0.0 -1.0 -4.0 -4.0 -2.0 -4.0 -1.0 -1.0 -4.0 -4.0 0.0 -1.0 -3.0 -2.0 0.0 -2.0 -4.0 -4.0 -4.0 -3.0 
-2.0 -4.0 -2.0 -4.0 -1.0 -4.0 -2.0 -2.0 -2.0 0.0 -4.0 -3.0 -4.0 -2.0 0.0 -2.0 -4.0 -3.0 -4.0 -2.0 -4.0 -1.0 -2.0 0.0 -3.0 -2.0 -1.0 -1.0 -1.0 -4.0 -3.0 -1.0 -3.0 -2.0 -3.0 -1.0 0.0 -1.0 -4.0 0.0 -1.0 -1.0 -1.0 -1.0 -4.0 -4.0 0.0 -3.0 -4.0 0.0 0.0 -3.0 -2.0 0.0 -4.0 0.0 -3.0 -1.0 -4.0 -1.0 0.0 -3.0 -2.0 -3.0 -4.0 -3.0 -2.0 -1.0 0.0 -2.0 -3.0 -4.0 -2.0 -4.0 0.0 -1.0 -2.0 -3.0 -4.0 -4.0 -3.0 -3.0 240.0 -1.0 0.0 -2.0 -2.0 -4.0 -4.0 -4.0 -2.0 0.0 -2.0 -2.0 -3.0 -1.0 -1.0 -2.0 0.0 -4.0 -4.0 0.0 -4.0 -1.0 -4.0 -2.0 -1.0 0.0 -3.0 0.0 -3.0 -4.0 0.0 0.0 -2.0 
-4.0 -1.0 0.0 -4.0 -2.0 -2.0 -3.0 -4.0 -4.0 -2.0 0.0 -3.0 -4.0 -2.0 0.0 0.0 -3.0 -2.0 -3.0 0.0 -4.0 -2.0 -1.0 -2.0 -3.0 -2.0 -3.0 0.0 -2.0 -4.0 -2.0 -4.0 -1.0 -4.0 -3.0 -3.0 -3.0 0.0 -4.0 -3.0 -4.0 -1.0 -2.0 -1.0 -1.0 -1.0 0.0 0.0 -1.0 -2.0 -2.0 -4.0 -4.0 -2.0 -2.0 -3.0 0.0 -3.0 0.0 -1.0 0.0 -4.0 0.0 -1.0 -3.0 -3.0 -1.0 -4.0 0.0 -1.0 -3.0 0.0 -1.0 -1.0 -1.0 -3.0 -1.0 -1.0 0.0 -4.0 -1.0 -4.0 0.0 231.0 -2.0 0.0 -4.0 -4.0 -1.0 -3.0 -2.0 -4.0 0.0 0.0 -4.0 0.0 -4.0 -4.0 0.0 -3.0 -3.0 -1.0 -1.0 0.0 -3.0 -4.0 -3.0 -4.0 0.0 -1.0 -4.0 -1.0 -4.0 0.0 -3.0 
-3.0 -3.0 -2.0 -4.0 -3.0 -1.0 -4.0 0.0 0.0 -1.0 -4.0 -1.0 -1.0 -4.0 0.0 -4.0 -1.0 -3.0 -3.0 -1.0 -4.0 -2.0 -1.0 -3.0 -1.0 -4.0 -1.0 -1.0 -1.0 0.0 -1.0 -2.0 -4.0 -1.0 -4.0 -4.0 -1.0 0.0 0.0 -3.0 -4.0 -4.0 0.0 0.0 -2.0 -2.0 -2.0 -1.0 -3.0 -2.0 0.0 -4.0 -3.0 -2.0 -1.0 -2.0 -4.0 -1.0 -1.0 0.0 -1.0 -2.0 0.0 -3.0 -3.0 -2.0 0.0 0.0 -4.0 0.0 -4.0 -4.0 -1.0 -4.0 -4.0 -3.0 -1.0 -4.0 0.0 -4.0 -3.0 -4.0 -2.0 0.0 244.0 -4.0 -3.0 0.0 -4.0 0.0 -2.0 -3.0 -3.0 -3.0 -4.0 -4.0 -1.0 -4.0 -1.0 -4.0 -2.0 -1.0 0.0 -3.0 -3.0 -3.0 -2.0 0.0 -3.0 -4.0 -1.0 -4.0 -1.0 -4.0 -1.0 
0.0 -4.0 -4.0 -3.0 -4.0 0.0 -3.0 -3.0 0.0 -4.0 -3.0 -1.0 -3.0 -4.0 -3.0 -2.0 0.0 -2.0 -4.0 -1.0 -2.0 -3.0 -4.0 -1.0 -3.0 -1.0 -3.0 -1.0 0.0 -4.0 -2.0 -2.0 0.0 -2.0 -3.0 -1.0 -3.0 -4.0 -4.0 -4.0 -2.0 -3.0 -4.0 -3.0 -3.0 -1.0 -4.0 -2.0 -4.0 -4.0 -4.0 -1.0 0.0 -2.0 0.0 -2.0 -2.0 -3.0 -4.0 -2.0 0.0 -3.0 -1.0 -1.0 -4.0 -4.0 -2.0 -3.0 0.0 -2.0 -4.0 -2.0 -4.0 -1.0 -1.0 -3.0 -4.0 -4.0 0.0 -3.0 -2.0 -1.0 -4.0 -3.0 0.0 253.0 -3.0 -4.0 -1.0 -1.0 -2.0 0.0 -1.0 -2.0 -1.0 0.0 -1.0 -1.0 -1.0 0.0 0.0 0.0 0.0 -1.0 -4.0 -2.0 -2.0 -4.0 0.0 -4.0 -3.0 -3.0 -4.0 -3.0 -4.0 
-1.0 0.0 -2.0 0.0 -4.0 -1.0 0.0 -2.0 -1.0 -3.0 0.0 -1.0 0.0 -2.0 -2.0 -1.0 -2.0 -2.0 -4.0 -4.0 -1.0 -1.0 -3.0 -3.0 -1.0 -2.0 -1.0 -1.0 -2.0 -1.0 -2.0 0.0 0.0 0.0 -3.0 -3.0 -4.0 -4.0 -3.0 0.0 -2.0 -1.0 -1.0 -4.0 -4.0 -3.0 -3.0 0.0 -3.0 -3.0 -4.0 -4.0 -2.0 0.0 0.0 -3.0 -4.0 -1.0 -2.0 -4.0 -1.0 -4.0 -1.0 -3.0 -3.0 -2.0 -1.0 -1.0 -2.0 -1.0 -4.0 -4.0 -3.0 -2.0 -2.0 -2.0 0.0 -3.0 -3.0 -2.0 -3.0 -1.0 0.0 0.0 -4.0 -4.0 223.0 -4.0 0.0 -1.0 -3.0 -4.0 -1.0 -4.0 -1.0 -2.0 -2.0 -2.0 -4.0 -4.0 0.0 0.0 -3.0 0.0 0.0 -4.0 0.0 -2.0 -3.0 -2.0 0.0 -4.0 -1.0 -1.0 0.0 
-4.0 -2.0 -2.0 -1.0 -1.0 -1.0 -4.0 -2.0 0.0 0.0 -3.0 -4.0 -2.0 -4.0 0.0 -3.0 -3.0 -2.0 0.0 -1.0 -1.0 0.0 -1.0 -1.0 -3.0 0.0 0.0 -2.0 -1.0 -1.0 0.0 -3.0 -1.0 -3.0 -2.0 0.0 0.0 0.0 -1.0 -1.0 -1.0 0.0 -4.0 -1.0 -1.0 -2.0 -4.0 -4.0 0.0 0.0 -2.0 -1.0 -3.0 0.0 -1.0 -3.0 -1.0 -4.0 -3.0 -3.0 -4.0 -2.0 -2.0 -2.0 -4.0 -4.0 0.0 0.0 -3.0 0.0 -2.0 -2.0 -2.0 0.0 -1.0 -3.0 -4.0 0.0 -2.0 -3.0 -4.0 -1.0 0.0 -1.0 -1.0 -2.0 -4.0 197.0 -4.0 -3.0 -2.0 -1.0 -1.0 -2.0 -2.0 -4.0 -3.0 -2.0 0.0 -1.0 -2.0 -3.0 0.0 0.0 0.0 -1.0 -2.0 -4.0 -2.0 -2.0 0.0 0.0 -1.0 -1.0 -3.0 
0.0 -1.0 -4.0 -3.0 -3.0 -1.0 -4.0 0.0 0.0 0.0 0.0 -2.0 -3.0 -3.0 0.0 -2.0 -3.0 -2.0 0.0 -4.0 0.0 -2.0 0.0 -1.0 0.0 -1.0 -1.0 -4.0 -2.0 0.0 -2.0 -3.0 -2.0 -1.0 -1.0 0.0 -1.0 0.0 -2.0 -1.0 -4.0 -3.0 0.0 0.0 -4.0 -1.0 0.0 0.0 0.0 -2.0 -4.0 -1.0 -1.0 -3.0 -2.0 -3.0 -2.0 -4.0 -4.0 0.0 0.0 0.0 -2.0 -1.0 -2.0 -1.0 -1.0 -2.0 -1.0 0.0 -4.0 -2.0 -1.0 -4.0 0.0 -1.0 0.0 -1.0 -3.0 -3.0 0.0 -1.0 -3.0 -4.0 0.0 -3.0 -2.0 -3.0 186.0 -4.0 0.0 -1.0 0.0 -1.0 -1.0 0.0 -1.0 -3.0 -4.0 -3.0 -2.0 -1.0 -3.0 0.0 -1.0 -1.0 -1.0 0.0 -1.0 -3.0 -3.0 -2.0 -3.0 -2.0 -3.0 
-3.0 -4.0 -2.0 -2.0 -4.0 -1.0 -4.0 -1.0 -2.0 0.0 0.0 -1.0 0.0 -2.0 -1.0 -3.0 -3.0 -1.0 -2.0 -1.0 -1.0 -3.0 -2.0 -1.0 -2.0 -4.0 -2.0 -1.0 -4.0 -3.0 -4.0 -4.0 -1.0 0.0 0.0 -3.0 -4.0 -3.0 0.0 -3.0 -3.0 -4.0 -3.0 -3.0 -1.0 -1.0 -3.0 -2.0 -4.0 -3.0 -4.0 0.0 -3.0 -4.0 -1.0 -4.0 -2.0 -2.0 -4.0 -3.0 0.0 -2.0 -3.0 0.0 -4.0 -4.0 -4.0 -1.0 -4.0 -3.0 -4.0 -1.0 -1.0 -4.0 -2.0 -4.0 -1.0 -3.0 -4.0 -2.0 -1.0 -2.0 -2.0 0.0 -3.0 0.0 -2.0 -1.0 0.0 248.0 -1.0 -1.0 -4.0 -3.0 -1.0 -1.0 0.0 -2.0 -4.0 -1.0 -3.0 -1.0 -3.0 -4.0 -1.0 -3.0 -4.0 -1.0 0.0 0.0 -4.0 -1.0 -1.0 -2.0 -4.0 
0.0 -3.0 -2.0 -2.0 -2.0 -2.0 -2.0 -3.0 -2.0 -2.0 -2.0 -4.0 -4.0 0.0 -4.0 -1.0 -1.0 0.0 0.0 -3.0 0.0 0.0 -3.0 0.0 -2.0 -1.0 -3.0 -2.0 -2.0 -1.0 -4.0 -3.0 -3.0 -1.0 -4.0 -2.0 -1.0 -2.0 -2.0 -3.0 -4.0 -4.0 -3.0 -1.0 -3.0 -1.0 -2.0 -1.0 -3.0 0.0 -2.0 -1.0 -1.0 0.0 0.0 -1.0 -3.0 -3.0 -4.0 -1.0 -2.0 -3.0 0.0 -2.0 -1.0 -2.0 -1.0 -3.0 -3.0 0.0 -3.0 -3.0 -2.0 0.0 0.0 0.0 -1.0 -4.0 -3.0 -2.0 -4.0 0.0 -3.0 -1.0 -4.0 -4.0 0.0 0.0 -2.0 -1.0 232.0 -3.0 -1.0 -4.0 -4.0 0.0 -3.0 -4.0 -1.0 -4.0 -3.0 -2.0 -1.0 -4.0 -3.0 -4.0 -2.0 -3.0 -3.0 -3.0 -1.0 -3.0 -3.0 -3.0 0.0 
0.0 -1.0 0.0 -2.0 -2.0 -4.0 -4.0 0.0 -2.0 -4.0 0.0 0.0 0.0 -4.0 -3.0 0.0 -2.0 0.0 -1.0 -1.0 -1.0 0.0 -3.0 -1.0 -2.0 -3.0 -1.0 -3.0 -3.0 0.0 0.0 -4.0 0.0 -2.0 -3.0 -4.0 -1.0 -2.0 -2.0 -4.0 0.0 -4.0 -4.0 -1.0 -3.0 -1.0 -1.0 -4.0 -3.0 -4.0 -3.0 -1.0 -3.0 -2.0 -2.0 -3.0 -1.0 -3.0 0.0 -3.0 -3.0 -4.0 -3.0 -1.0 -2.0 -2.0 0.0 -2.0 0.0 -1.0 0.0 -4.0 0.0 0.0 -3.0 0.0 -1.0 -1.0 -1.0 -1.0 -3.0 -3.0 0.0 -2.0 -4.0 -3.0 -1.0 -3.0 -1.0 -1.0 0.0 213.0 -2.0 -2.0 0.0 -1.0 -3.0 -1.0 -2.0 -1.0 -3.0 0.0 -3.0 -4.0 -1.0 -3.0 -3.0 -4.0 -3.0 -2.0 -2.0 -3.0 -2.0 -2.0 -1.0 
-3.0 -2.0 -2.0 -1.0 -1.0 -4.0 -3.0 -4.0 0.0 -3.0 -2.0 -2.0 -1.0 -1.0 0.0 0.0 -3.0 -1.0 0.0 -1.0 -3.0 -4.0 0.0 -2.0 -3.0 0.0 -2.0 -4.0 -3.0 -2.0 -2.0 -3.0 -1.0 -4.0 -4.0 -3.0 -1.0 -1.0 -2.0 -2.0 0.0 -1.0 0.0 0.0 -3.0 -2.0 -2.0 -1.0 0.0 -3.0 -1.0 -2.0 -2.0 -1.0 -1.0 -4.0 -1.0 -1.0 -4.0 -1.0 -3.0 -2.0 -2.0 -2.0 -2.0 0.0 -1.0 -4.0 -2.0 -3.0 0.0 0.0 -2.0 -1.0 -4.0 -2.0 -1.0 -4.0 -1.0 -3.0 0.0 -4.0 -4.0 -4.0 -1.0 -3.0 -4.0 -3.0 -1.0 -4.0 0.0 0.0 217.0 -4.0 0.0 0.0 -2.0 -3.0 0.0 -1.0 -4.0 0.0 -2.0 -4.0 0.0 -1.0 -4.0 -4.0 0.0 -4.0 -2.0 0.0 -1.0 -2.0 -2.0 
-3.0 -4.0 -1.0 0.0 -3.0 -2.0 -4.0 -1.0 -1.0 -1.0 0.0 -1.0 -3.0 -3.0 0.0 -1.0 -3.0 -3.0 -2.0 0.0 -1.0 -2.0 -2.0 0.0 -2.0 -4.0 -4.0 -4.0 -4.0 -4.0 -4.0 -3.0 -4.0 -3.0 -3.0 -4.0 -2.0 -3.0 -1.0 -2.0 -3.0 -1.0 -2.0 0.0 -2.0 0.0 -1.0 0.0 -3.0 0.0 -2.0 -2.0 -3.0 -2.0 -4.0 0.0 -4.0 -2.0 0.0 -3.0 -4.0 0.0 0.0 -3.0 -3.0 -2.0 -1.0 -4.0 -4.0 -2.0 -3.0 -4.0 0.0 -4.0 0.0 0.0 0.0 -3.0 0.0 -4.0 0.0 -1.0 -4.0 0.0 -1.0 -4.0 -3.0 0.0 -1.0 -3.0 -3.0 -3.0 0.0 228.0 -4.0 -1.0 0.0 -2.0 -1.0 -2.0 -4.0 -4.0 -1.0 0.0 -3.0 0.0 -3.0 -2.0 0.0 -2.0 -2.0 -3.0 -2.0 -2.0 0.0 
0.0 -1.0 0.0 -3.0 -1.0 -3.0 -4.0 0.0 -4.0 0.0 -3.0 -4.0 -3.0 -2.0 0.0 0.0 -1.0 -1.0 -2.0 -3.0 -2.0 -3.0 0.0 -4.0 -4.0 -2.0 -3.0 0.0 0.0 0.0 0.0 0.0 -3.0 -3.0 -1.0 0.0 -3.0 -3.0 -4.0 0.0 -3.0 -3.0 -3.0 -1.0 -3.0 -2.0 0.0 -2.0 0.0 -3.0 -4.0 -1.0 -4.0 -2.0 -1.0 -4.0 0.0 -2.0 -1.0 0.0 -2.0 -3.0 -2.0 0.0 -3.0 -3.0 0.0 -1.0 0.0 -4.0 -4.0 -3.0 -4.0 -2.0 -1.0 -3.0 -1.0 -4.0 -1.0 0.0 -1.0 -1.0 -2.0 -2.0 -1.0 0.0 0.0 -3.0 -2.0 0.0 0.0 0.0 -3.0 -4.0 204.0 0.0 -4.0 0.0 -2.0 0.0 -1.0 -3.0 -4.0 -1.0 0.0 0.0 -2.0 -1.0 -4.0 -2.0 -2.0 -1.0 -2.0 -2.0 -4.0 
0.0 -4.0 -4.0 -4.0 0.0 -4.0 -2.0 0.0 -2.0 0.0 -3.0 -2.0 -1.0 -4.0 0.0 -4.0 -1.0 0.0 -2.0 -2.0 -4.0 -4.0 -1.0 0.0 -4.0 -4.0 -2.0 -2.0 -1.0 -1.0 0.0 -1.0 -3.0 0.0 -2.0 0.0 -3.0 -1.0 -2.0 0.0 -2.0 0.0 -4.0 0.0 -3.0 0.0 -1.0 0.0 0.0 0.0 -3.0 -3.0 0.0 -4.0 0.0 0.0 0.0 -4.0 -3.0 -4.0 -3.0 -1.0 -4.0 -2.0 -1.0 -1.0 -1.0 -4.0 -3.0 -4.0 -1.0 -3.0 -1.0 -3.0 -1.0 -1.0 -2.0 -4.0 -4.0 -2.0 -1.0 0.0 0.0 -1.0 -3.0 -2.0 -1.0 0.0 -2.0 -2.0 -3.0 0.0 -1.0 -1.0 -2.0 213.0 -3.0 -4.0 -4.0 -3.0 0.0 -1.0 0.0 -3.0 -2.0 -1.0 -3.0 -4.0 -1.0 -3.0 -3.0 -4.0 -1.0 -3.0 0.0 
0.0 -3.0 0.0 0.0 -4.0 0.0 -3.0 -1.0 0.0 -3.0 -4.0 -1.0 -3.0 -3.0 -1.0 -3.0 -2.0 -4.0 -4.0 -1.0 -4.0 -3.0 -1.0 -3.0 -3.0 -2.0 -4.0 -3.0 -4.0 -4.0 0.0 0.0 -2.0 -3.0 -3.0 -4.0 -2.0 -3.0 -4.0 -2.0 -2.0 -2.0 0.0 -3.0 -4.0 -4.0 -2.0 -2.0 -4.0 -2.0 -3.0 -3.0 0.0 0.0 0.0 -1.0 -2.0 -3.0 -2.0 0.0 -4.0 -1.0 -4.0 -3.0 -3.0 -3.0 -1.0 -3.0 -3.0 -4.0 -3.0 0.0 -1.0 -2.0 -1.0 -4.0 -4.0 -4.0 -4.0 -4.0 -2.0 -2.0 -4.0 -3.0 -4.0 0.0 -3.0 -2.0 -3.0 0.0 -2.0 -1.0 -2.0 -4.0 -1.0 -4.0 257.0 -1.0 0.0 0.0 -4.0 -3.0 0.0 0.0 -3.0 -2.0 -1.0 -2.0 -4.0 -3.0 -2.0 0.0 0.0 -3.0 -3.0 
-4.0 -1.0 -4.0 -3.0 -1.0 0.0 0.0 -2.0 -4.0 -1.0 -1.0 -4.0 -2.0 -1.0 -1.0 -1.0 -2.0 -3.0 -1.0 -4.0 -3.0 -1.0 0.0 -2.0 0.0 -2.0 -2.0 0.0 -1.0 -2.0 -4.0 -2.0 -2.0 -4.0 -3.0 0.0 -1.0 0.0 -2.0 -2.0 -3.0 -3.0 -4.0 -3.0 0.0 -2.0 -4.0 -3.0 0.0 0.0 0.0 0.0 -3.0 -2.0 -3.0 -1.0 -4.0 -3.0 -2.0 -1.0 -1.0 -4.0 -4.0 -1.0 0.0 -2.0 0.0 -4.0 -3.0 -4.0 -1.0 -2.0 -1.0 -3.0 -4.0 -3.0 -4.0 -4.0 -3.0 -4.0 0.0 -3.0 -4.0 -3.0 -2.0 -1.0 0.0 -3.0 -3.0 -2.0 -3.0 -3.0 0.0 -2.0 -3.0 -2.0 0.0 228.0 -2.0 0.0 0.0 -1.0 -3.0 -2.0 -2.0 -4.0 0.0 0.0 -3.0 -1.0 -4.0 0.0 -3.0 -3.0 0.0 
-4.0 -1.0 0.0 -3.0 -1.0 -2.0 -3.0 -1.0 0.0 0.0 -2.0 -1.0 0.0 -3.0 -2.0 -1.0 -1.0 0.0 -3.0 0.0 -3.0 -3.0 -3.0 -1.0 0.0 -1.0 -3.0 0.0 -1.0 -4.0 -4.0 0.0 -3.0 -1.0 -4.0 -4.0 -3.0 -2.0 -3.0 -4.0 -4.0 -1.0 -4.0 -2.0 -4.0 -1.0 -2.0 -2.0 -3.0 -4.0 -1.0 -2.0 0.0 -1.0 0.0 -1.0 -3.0 -1.0 -4.0 -1.0 -4.0 -4.0 0.0 -3.0 -1.0 -3.0 -3.0 -4.0 0.0 -3.0 -1.0 0.0 -4.0 -4.0 -2.0 -2.0 -4.0 -2.0 -3.0 -2.0 -2.0 0.0 0.0 -1.0 -1.0 0.0 -2.0 -3.0 -4.0 -1.0 -2.0 -3.0 -3.0 -1.0 0.0 -1.0 -2.0 0.0 221.0 -2.0 -3.0 -2.0 -1.0 -1.0 -2.0 -2.0 -1.0 -3.0 0.0 -2.0 -1.0 -4.0 -1.0 -1.0 -4.0 
-4.0 0.0 -3.0 -3.0 0.0 -4.0 -1.0 -1.0 -1.0 -1.0 -3.0 -1.0 -1.0 -4.0 -4.0 -3.0 -1.0 -1.0 -2.0 0.0 -3.0 -3.0 0.0 -3.0 -3.0 -3.0 -1.0 -4.0 -2.0 -3.0 -2.0 0.0 0.0 -2.0 -3.0 -4.0 -1.0 -2.0 -2.0 -1.0 -3.0 0.0 -4.0 0.0 -3.0 -2.0 -1.0 -1.0 -1.0 -4.0 -4.0 0.0 -1.0 -1.0 -3.0 -3.0 -4.0 -1.0 -1.0 -2.0 -3.0 -4.0 0.0 -2.0 -1.0 -3.0 -4.0 -4.0 -3.0 -1.0 -2.0 -3.0 -3.0 0.0 -1.0 0.0 -2.0 -2.0 -4.0 -3.0 -2.0 -2.0 -1.0 -1.0 -1.0 -3.0 -4.0 -2.0 0.0 -4.0 -3.0 0.0 -1.0 -2.0 -4.0 -2.0 0.0 -3.0 -3.0 227.0 0.0 0.0 -1.0 -3.0 -1.0 -4.0 -3.0 0.0 -1.0 -1.0 -1.0 -3.0 -3.0 -3.0 -1.0 
-3.0 -3.0 -2.0 0.0 0.0 -2.0 -1.0 -3.0 0.0 0.0 -3.0 -4.0 0.0 -1.0 -4.0 -2.0 -4.0 -1.0 -2.0 -3.0 -4.0 -1.0 -3.0 -3.0 -1.0 -4.0 -3.0 -4.0 -3.0 -2.0 -1.0 0.0 -3.0 -1.0 0.0 -3.0 -3.0 -3.0 -1.0 -3.0 -3.0 -2.0 -4.0 -1.0 -4.0 0.0 0.0 -2.0 -4.0 -1.0 -2.0 -3.0 -2.0 -1.0 -1.0 -3.0 -3.0 -4.0 -2.0 -3.0 -4.0 -1.0 -4.0 -3.0 -3.0 -3.0 -3.0 0.0 -4.0 -4.0 0.0 0.0 -4.0 -4.0 -4.0 -4.0 -1.0 -1.0 -1.0 -4.0 -3.0 -4.0 -2.0 0.0 -1.0 -4.0 0.0 -1.0 0.0 -3.0 -3.0 -4.0 -2.0 -3.0 -3.0 -1.0 -1.0 0.0 -3.0 -2.0 249.0 -3.0 -2.0 0.0 -3.0 -2.0 -3.0 -2.0 -3.0 -1.0 0.0 -4.0 -1.0 -3.0 -1.0 
-3.0 0.0 -1.0 -4.0 -3.0 -2.0 -4.0 -1.0 -3.0 -2.0 -1.0 0.0 0.0 -1.0 -2.0 -3.0 -3.0 -3.0 -1.0 0.0 -2.0 -3.0 -2.0 0.0 -3.0 -1.0 -3.0 -4.0 -4.0 -4.0 -4.0 -4.0 0.0 -2.0 0.0 -1.0 -4.0 0.0 -1.0 -4.0 -4.0 -2.0 0.0 -2.0 -1.0 0.0 0.0 -4.0 -3.0 0.0 -2.0 -2.0 -3.0 -4.0 -1.0 -1.0 -4.0 -3.0 -4.0 -3.0 -3.0 -1.0 -2.0 -2.0 -3.0 -4.0 -2.0 -1.0 0.0 0.0 -3.0 -4.0 -3.0 -1.0 -1.0 -3.0 -1.0 -1.0 -4.0 -2.0 -4.0 0.0 -1.0 -3.0 -4.0 -3.0 -2.0 -2.0 -2.0 0.0 -1.0 -2.0 -3.0 -1.0 -4.0 -2.0 0.0 0.0 0.0 -2.0 -1.0 227.0 -3.0 -2.0 -2.0 0.0 0.0 -4.0 -1.0 -1.0 -1.0 -1.0 -3.0 -2.0 -3.0 
-4.0 -4.0 -3.0 -3.0 -2.0 0.0 -1.0 -2.0 -2.0 -2.0 0.0 0.0 -1.0 -2.0 0.0 -2.0 -1.0 -2.0 -3.0 -3.0 -2.0 -1.0 0.0 -1.0 -3.0 0.0 -2.0 -2.0 -2.0 -4.0 0.0 0.0 -2.0 -1.0 -4.0 0.0 -3.0 0.0 -1.0 -1.0 -2.0 -2.0 0.0 -1.0 -4.0 -3.0 0.0 -3.0 0.0 0.0 -1.0 -2.0 -3.0 -3.0 -3.0 0.0 -4.0 -2.0 0.0 -1.0 -3.0 0.0 -1.0 -2.0 -1.0 -2.0 -4.0 -2.0 -3.0 -4.0 -1.0 -1.0 0.0 0.0 -1.0 -4.0 -1.0 -4.0 0.0 0.0 -4.0 -3.0 -4.0 -3.0 -3.0 -1.0 -1.0 -3.0 -3.0 -3.0 0.0 -4.0 -2.0 -3.0 -2.0 -3.0 -1.0 -2.0 -3.0 -3.0 0.0 -3.0 217.0 -4.0 -1.0 -4.0 -3.0 0.0 -4.0 -4.0 0.0 -4.0 -1.0 -3.0 -1.0 
-1.0 -2.0 0.0 0.0 0.0 -3.0 -1.0 0.0 0.0 -3.0 -2.0 -2.0 0.0 -2.0 0.0 -3.0 -2.0 -3.0 -4.0 -3.0 -2.0 -3.0 -2.0 -1.0 -2.0 -3.0 -1.0 -3.0 -2.0 -1.0 0.0 -3.0 0.0 -1.0 0.0 -1.0 0.0 -2.0 -1.0 -2.0 -2.0 -4.0 -2.0 0.0 -2.0 -3.0 -4.0 -1.0 -1.0 -1.0 -1.0 -2.0 -3.0 -3.0 -3.0 -2.0 -4.0 -4.0 0.0 -3.0 -3.0 -4.0 -1.0 0.0 -2.0 -4.0 -3.0 -2.0 -1.0 -1.0 -2.0 -2.0 -4.0 -4.0 -4.0 -4.0 -1.0 -2.0 -4.0 -2.0 -1.0 -4.0 -3.0 -4.0 0.0 -3.0 0.0 -2.0 -2.0 -2.0 -1.0 -2.0 -4.0 -4.0 0.0 -4.0 -2.0 0.0 -4.0 -1.0 0.0 -3.0 -4.0 225.0 -2.0 -4.0 0.0 0.0 -4.0 -3.0 0.0 -3.0 -1.0 -2.0 0.0 
-3.0 -2.0 -3.0 -1.0 -3.0 -3.0 -1.0 -4.0 -2.0 -4.0 -1.0 -1.0 -2.0 -2.0 -3.0 0.0 -1.0 -3.0 0.0 -1.0 -3.0 -4.0 -2.0 0.0 -3.0 -1.0 -1.0 -4.0 -3.0 -3.0 0.0 -3.0 -3.0 0.0 -4.0 0.0 -4.0 0.0 -1.0 -2.0 -1.0 -4.0 -2.0 -4.0 -2.0 -4.0 -3.0 -2.0 0.0 -4.0 -3.0 -1.0 -3.0 -3.0 -4.0 -4.0 -4.0 -4.0 0.0 -2.0 -4.0 -4.0 -4.0 -1.0 -4.0 0.0 -3.0 -2.0 -2.0 -2.0 -1.0 -2.0 -3.0 -4.0 -4.0 -4.0 -1.0 0.0 -1.0 -3.0 -1.0 -4.0 -3.0 0.0 -2.0 -3.0 -1.0 -1.0 -1.0 -4.0 0.0 0.0 -4.0 -1.0 -4.0 0.0 0.0 -3.0 -2.0 0.0 -2.0 -1.0 -4.0 0.0 251.0 -1.0 -3.0 -4.0 -3.0 -3.0 -2.0 -4.0 0.0 -4.0 -2.0 
-1.0 -3.0 -2.0 -2.0 -1.0 0.0 -2.0 -2.0 -2.0 0.0 -2.0 -4.0 -2.0 -2.0 -3.0 -2.0 -1.0 -4.0 0.0 0.0 -4.0 -2.0 -3.0 -3.0 -1.0 -4.0 -2.0 -3.0 -2.0 0.0 -2.0 -3.0 0.0 -2.0 -4.0 -2.0 -4.0 -4.0 -1.0 -3.0 -4.0 0.0 0.0 -4.0 -2.0 -3.0 0.0 0.0 -3.0 0.0 -1.0 -1.0 -3.0 -3.0 0.0 0.0 -2.0 0.0 -4.0 0.0 -1.0 -1.0 -4.0 -3.0 -3.0 -3.0 -3.0 -3.0 -1.0 -2.0 -2.0 -1.0 -1.0 -1.0 -2.0 0.0 -4.0 -1.0 -4.0 -3.0 -2.0 -2.0 -4.0 0.0 0.0 -1.0 -4.0 -3.0 -4.0 -3.0 -4.0 -4.0 -2.0 0.0 -4.0 -3.0 0.0 0.0 -2.0 0.0 -4.0 0.0 -1.0 -2.0 -3.0 227.0 -3.0 -2.0 -4.0 -3.0 0.0 -1.0 -1.0 -1.0 -3.0 
-4.0 -3.0 -1.0 -3.0 -3.0 -2.0 -2.0 -3.0 0.0 0.0 -3.0 -4.0 0.0 -3.0 0.0 -2.0 -2.0 -1.0 -3.0 0.0 -1.0 -3.0 -1.0 -2.0 -1.0 -1.0 0.0 -3.0 -1.0 0.0 -4.0 -4.0 0.0 0.0 -4.0 -3.0 -3.0 -1.0 -4.0 -4.0 -1.0 -3.0 -3.0 -1.0 -3.0 -1.0 -1.0 0.0 -2.0 -4.0 -3.0 -4.0 -2.0 -3.0 -3.0 -2.0 0.0 -1.0 0.0 -2.0 -4.0 -1.0 -2.0 -3.0 0.0 -4.0 -3.0 -2.0 -1.0 -2.0 -4.0 0.0 -1.0 0.0 0.0 -1.0 -3.0 -1.0 -3.0 0.0 0.0 -4.0 0.0 0.0 -3.0 0.0 -3.0 -4.0 -4.0 -1.0 0.0 -4.0 -3.0 -1.0 -2.0 -4.0 -1.0 -2.0 -2.0 -2.0 -1.0 -4.0 0.0 -2.0 -3.0 -4.0 229.0 -4.0 -3.0 -4.0 -4.0 -2.0 -3.0 -2.0 0.0 
-2.0 -3.0 -4.0 -1.0 0.0 -4.0 0.0 -2.0 -3.0 -3.0 -4.0 -1.0 -2.0 -2.0 -4.0 -1.0 -2.0 -1.0 -3.0 -3.0 0.0 0.0 0.0 -3.0 -3.0 -1.0 -1.0 -1.0 -4.0 -1.0 -4.0 -3.0 -1.0 -1.0 0.0 -1.0 -4.0 -3.0 -1.0 -1.0 0.0 -1.0 -1.0 0.0 0.0 -4.0 -4.0 -3.0 -1.0 0.0 0.0 -1.0 -2.0 -1.0 -3.0 0.0 -3.0 -4.0 -3.0 -2.0 -2.0 0.0 -2.0 -4.0 -4.0 -4.0 -1.0 -2.0 -3.0 -4.0 -2.0 -2.0 0.0 0.0 0.0 -4.0 -2.0 -4.0 -3.0 -2.0 0.0 -1.0 -3.0 -2.0 -1.0 -2.0 -2.0 -3.0 -4.0 0.0 -1.0 -1.0 -1.0 -3.0 0.0 0.0 -4.0 0.0 0.0 -1.0 -1.0 -1.0 -4.0 -3.0 -2.0 -4.0 -4.0 218.0 -3.0 0.0 -4.0 -1.0 -2.0 0.0 -4.0 
0.0 0.0 -1.0 -4.0 -1.0 -1.0 -3.0 -2.0 -3.0 -2.0 -1.0 -1.0 0.0 0.0 -4.0 0.0 -1.0 -4.0 0.0 -3.0 -3.0 -3.0 -1.0 -4.0 -2.0 -1.0 -1.0 0.0 -4.0 -2.0 -3.0 -3.0 -1.0 -3.0 -1.0 -1.0 -3.0 -4.0 -1.0 -3.0 -2.0 -3.0 -4.0 0.0 -1.0 -2.0 -3.0 -3.0 -2.0 -3.0 -4.0 0.0 -1.0 -1.0 -1.0 -4.0 -2.0 -4.0 -1.0 -3.0 -4.0 -1.0 -2.0 -3.0 -1.0 0.0 -1.0 -4.0 -1.0 -1.0 0.0 0.0 -2.0 0.0 -2.0 -2.0 -4.0 0.0 -1.0 -4.0 -4.0 0.0 -4.0 -3.0 -3.0 -2.0 -2.0 -2.0 0.0 0.0 -1.0 -1.0 -4.0 -4.0 -1.0 -3.0 -2.0 -1.0 -2.0 -4.0 -4.0 -1.0 -4.0 0.0 0.0 0.0 -4.0 -1.0 225.0 -3.0 -1.0 -3.0 -4.0 -3.0 -2.0 
0.0 0.0 0.0 0.0 -2.0 -2.0 -3.0 -1.0 0.0 0.0 0.0 -2.0 -1.0 -3.0 0.0 0.0 -2.0 -2.0 -4.0 -4.0 -4.0 -1.0 0.0 -1.0 -3.0 -4.0 -1.0 -2.0 -1.0 -1.0 -3.0 -3.0 -3.0 0.0 0.0 -2.0 -2.0 -4.0 -1.0 -1.0 -4.0 -4.0 -1.0 -4.0 -4.0 -2.0 -3.0 -4.0 -1.0 -2.0 -3.0 -4.0 -4.0 -3.0 -1.0 -3.0 -1.0 -3.0 -2.0 -3.0 -3.0 -4.0 -4.0 -1.0 -1.0 -1.0 0.0 0.0 0.0 -1.0 -3.0 -2.0 -1.0 -4.0 -4.0 -3.0 -4.0 -3.0 -1.0 0.0 -1.0 -4.0 0.0 -1.0 -3.0 -4.0 0.0 -2.0 -4.0 -2.0 0.0 -1.0 -4.0 -1.0 0.0 -3.0 -1.0 0.0 -3.0 -1.0 -4.0 -1.0 -4.0 -1.0 0.0 -1.0 -1.0 0.0 -4.0 217.0 -1.0 0.0 0.0 -4.0 -2.0 
-4.0 -3.0 -1.0 -3.0 -1.0 -3.0 0.0 -3.0 -1.0 -3.0 -1.0 -2.0 0.0 0.0 -1.0 0.0 -1.0 -3.0 -3.0 -1.0 0.0 0.0 -4.0 -3.0 -4.0 -2.0 0.0 -1.0 -2.0 -4.0 -2.0 -4.0 -4.0 -4.0 0.0 -3.0 -4.0 -3.0 -1.0 -2.0 0.0 -3.0 -4.0 -1.0 -3.0 -3.0 -2.0 0.0 -2.0 -4.0 -3.0 -3.0 -1.0 -3.0 0.0 0.0 0.0 -4.0 -2.0 -3.0 -2.0 -1.0 -2.0 -4.0 0.0 -3.0 -2.0 -3.0 -3.0 -4.0 -1.0 -3.0 -3.0 -4.0 -2.0 -1.0 -3.0 -1.0 -2.0 -3.0 0.0 -4.0 0.0 -3.0 -4.0 -3.0 0.0 -2.0 -4.0 0.0 0.0 -2.0 -1.0 0.0 0.0 0.0 -3.0 -4.0 -3.0 -4.0 -3.0 -3.0 -3.0 -2.0 -2.0 -4.0 -4.0 -4.0 0.0 0.0 242.0 -4.0 -1.0 -4.0 -2.0 
-3.0 -4.0 0.0 -1.0 -3.0 -4.0 -1.0 -2.0 -4.0 -4.0 -1.0 -4.0 -3.0 -4.0 -1.0 -1.0 -3.0 0.0 0.0 0.0 -2.0 -4.0 -2.0 -2.0 -2.0 -1.0 -2.0 -3.0 -1.0 -3.0 -2.0 -2.0 -1.0 -3.0 0.0 -3.0 -3.0 0.0 0.0 -1.0 -2.0 -3.0 -1.0 -4.0 -3.0 -4.0 -3.0 -4.0 -1.0 -1.0 -1.0 -4.0 0.0 -3.0 -2.0 -4.0 -1.0 -1.0 -2.0 -4.0 -2.0 -4.0 -4.0 -2.0 -3.0 -1.0 -1.0 -1.0 0.0 -1.0 -3.0 -1.0 0.0 -4.0 -1.0 -1.0 -4.0 -3.0 0.0 -4.0 -1.0 -3.0 -3.0 -4.0 -1.0 -3.0 0.0 -1.0 -2.0 -4.0 -1.0 -2.0 -4.0 -4.0 -3.0 0.0 0.0 -4.0 -3.0 -3.0 -1.0 -4.0 -1.0 -3.0 -2.0 -2.0 -3.0 0.0 -1.0 -3.0 -4.0 243.0 -1.0 -4.0 0.0 
-4.0 -4.0 0.0 -3.0 0.0 -2.0 -4.0 -3.0 -1.0 -1.0 -3.0 -2.0 -4.0 -3.0 0.0 0.0 -4.0 0.0 -1.0 0.0 -3.0 -2.0 -1.0 -2.0 0.0 -3.0 -4.0 -1.0 -4.0 -3.0 -2.0 -4.0 -3.0 0.0 -1.0 -1.0 -4.0 -1.0 -2.0 0.0 -4.0 -3.0 -4.0 -3.0 -1.0 -3.0 -1.0 -4.0 -2.0 -1.0 0.0 -2.0 -4.0 0.0 -4.0 -4.0 -3.0 -1.0 -3.0 -1.0 -3.0 -2.0 -1.0 -1.0 -3.0 -4.0 -1.0 -3.0 -2.0 -4.0 0.0 -4.0 -1.0 0.0 -1.0 -2.0 0.0 -1.0 -1.0 0.0 -3.0 -1.0 0.0 -2.0 -1.0 -3.0 -4.0 -2.0 -1.0 -3.0 -3.0 -4.0 -3.0 0.0 -1.0 -3.0 0.0 0.0 -4.0 -4.0 0.0 -3.0 0.0 -4.0 -4.0 -2.0 0.0 0.0 -1.0 -1.0 -3.0 0.0 224.0 -1.0 -1.0 
-4.0 0.0 -3.0 -1.0 -4.0 -3.0 -4.0 -1.0 -1.0 0.0 -3.0 -3.0 -3.0 -1.0 0.0 -3.0 -2.0 -3.0 -3.0 -1.0 -1.0 0.0 -1.0 -1.0 -1.0 0.0 -2.0 -2.0 -4.0 -4.0 0.0 0.0 -4.0 -3.0 -1.0 0.0 -4.0 -3.0 -4.0 -2.0 -4.0 -4.0 -2.0 -2.0 -1.0 0.0 -4.0 -4.0 0.0 -1.0 -2.0 -3.0 -2.0 -4.0 -3.0 0.0 -3.0 0.0 -3.0 -2.0 -3.0 -2.0 -3.0 -2.0 0.0 -1.0 -4.0 -4.0 -1.0 -3.0 0.0 -4.0 -2.0 -4.0 -2.0 -2.0 -2.0 0.0 -4.0 -4.0 -3.0 -3.0 -2.0 -2.0 0.0 -2.0 0.0 -3.0 -3.0 -1.0 0.0 -2.0 -2.0 -1.0 -4.0 -4.0 0.0 -3.0 -1.0 -3.0 -4.0 -2.0 -4.0 -4.0 -3.0 -3.0 -2.0 -2.0 0.0 -3.0 -3.0 -2.0 -4.0 250.0 -4.0 
-1.0 -4.0 -3.0 -1.0 -4.0 -1.0 -4.0 -3.0 -3.0 -1.0 -2.0 -4.0 -2.0 -4.0 -1.0 -2.0 -3.0 -4.0 -2.0 0.0 0.0 -3.0 -2.0 -1.0 -3.0 0.0 -1.0 -3.0 -3.0 -1.0 0.0 0.0 -4.0 0.0 0.0 -3.0 -2.0 0.0 -3.0 0.0 -4.0 -4.0 -3.0 -2.0 -4.0 -4.0 -1.0 -2.0 -3.0 0.0 0.0 -3.0 -2.0 0.0 -1.0 -3.0 -1.0 -4.0 -1.0 -1.0 -3.0 -1.0 -2.0 -2.0 0.0 -3.0 -2.0 -3.0 -4.0 -4.0 -4.0 -4.0 -3.0 -2.0 -1.0 -2.0 0.0 -4.0 -4.0 0.0 -4.0 0.0 0.0 -4.0 -2.0 -1.0 0.0 -2.0 -1.0 0.0 -2.0 -4.0 -4.0 -3.0 0.0 -1.0 -4.0 0.0 -1.0 -4.0 0.0 0.0 -1.0 -2.0 -3.0 -1.0 -4.0 -4.0 -4.0 0.0 -2.0 0.0 0.0 -1.0 228.0 
