32.999986 -1.0 -4.0 -4.0 -1.0 -2.0 -1.0 0.0 -3.0 -1.0 -4.0 0.0 -4.0 -4.0 -4.0 
-4.0 42.0 -4.0 -1.0 -4.0 -4.0 -2.0 -4.0 -4.0 -2.0 -3.0 -2.0 0.0 -4.0 -4.0 
-3.0 0.0 36.0 -3.0 -3.0 -3.0 -3.0 -3.0 -4.0 -2.0 -4.0 -4.0 -2.0 -2.0 0.0 
-1.0 -3.0 -2.0 28.0 -1.0 -4.0 -1.0 -4.0 -2.0 -2.0 0.0 -4.0 -1.0 0.0 -3.0 
-2.0 -2.0 -1.0 -4.0 23.0 -1.0 0.0 -2.0 0.0 -2.0 0.0 0.0 -2.0 -3.0 -4.0 
-4.0 -1.0 -3.0 -3.0 -1.0 26.0 -2.0 -1.0 0.0 -2.0 -1.0 -2.0 -1.0 -4.0 -1.0 
-1.0 0.0 -3.0 -2.0 -3.0 0.0 23.0 -2.0 -3.0 -4.0 0.0 -1.0 -1.0 -2.0 -1.0 
-2.0 -3.0 -1.0 -4.0 -4.0 -2.0 0.0 32.0 -3.0 -3.0 -2.0 0.0 -2.0 -2.0 -4.0 
0.0 -3.0 -2.0 -1.0 -3.0 -2.0 -1.0 -4.0 30.0 -3.0 -4.0 -4.0 -2.0 0.0 -1.0 
-4.0 -1.0 -4.0 -1.0 -3.0 0.0 -3.0 0.0 -1.0 27.0 -4.0 -1.0 0.0 -2.0 -3.0 
-4.0 0.0 -1.0 -2.0 -4.0 -2.0 -2.0 -3.0 -2.0 -3.0 32.0 -4.0 0.0 -2.0 -3.0 
-2.0 -3.0 -3.0 -2.0 -1.0 0.0 -4.0 -2.0 -2.0 -2.0 -4.0 29.0 -3.0 -1.0 0.0 
-1.0 -4.0 -1.0 -1.0 0.0 0.0 -2.0 -4.0 -1.0 0.0 0.0 -3.0 22.0 -2.0 -3.0 
-4.0 -3.0 -2.0 0.0 -4.0 -4.0 0.0 -1.0 -1.0 -2.0 -4.0 -1.0 0.0 27.0 -1.0 
-2.0 -4.0 -3.0 -3.0 -3.0 -4.0 -4.0 0.0 -3.0 -2.0 -1.0 0.0 -4.0 0.0 33.0 
